9.562508635699399747e+03 1.157696574145705526e+01
9.562764566928384738e+03 7.817302029096351745e+00
9.563020498157367911e+03 1.056131423849917894e+01
9.563276429386351083e+03 1.162675914608822048e+01
9.563532360615336074e+03 7.746844918599435914e+00
9.563788291844319247e+03 7.964591992686752775e+00
9.564044223073302419e+03 1.049877886981132669e+01
9.564300154302287410e+03 1.340056775901942565e+01
9.564556085531270583e+03 9.896013045682755305e+00
9.564812016760253755e+03 1.027704826544145966e+01
9.565067947989238746e+03 9.644224895155627308e+00
9.565323879218221919e+03 7.537088761075088073e+00
9.565579810447205091e+03 6.447666253679710913e+00
9.565835741676190082e+03 8.635843523256772514e+00
9.566091672905171436e+03 5.267224112859346441e+00
9.566347604134156427e+03 1.376105829538284020e+01
9.566603535363141418e+03 1.088185614709011162e+01
9.566859466592122772e+03 4.420687165749498604e+00
9.567115397821107763e+03 1.082708369091831457e+01
9.567371329050090935e+03 8.733026191220737644e+00
9.567627260279074108e+03 6.812545126938388762e+00
9.567883191508059099e+03 1.212312067919243574e+01
9.568139122737042271e+03 1.154091137791783694e+01
9.568395053966025444e+03 1.075434136706295796e+01
9.568650985195010435e+03 1.341033412382579293e+01
9.568906916423993607e+03 9.300658114877666804e+00
9.569162847652976780e+03 9.365090481998645799e+00
9.569418778881961771e+03 1.115854063045981093e+01
9.569674710110944943e+03 9.716073322808341572e+00
9.569930641339928115e+03 9.671046881620116054e+00
9.570186572568913107e+03 1.087024310870972599e+01
9.570442503797894460e+03 8.287853783548648323e+00
9.570698435026879451e+03 1.254994104820884360e+01
9.570954366255864443e+03 8.501802636910364086e+00
9.571210297484845796e+03 7.881454735321303140e+00
9.571466228713830787e+03 8.171678662764053414e+00
9.571722159942813960e+03 7.009486637908058704e+00
9.571978091171797132e+03 8.984415515905027405e+00
9.572234022400782123e+03 1.140589886193433422e+01
9.572489953629765296e+03 8.847580271453857392e+00
9.572745884858748468e+03 9.233855853897351196e+00
9.573001816087733459e+03 8.568567966006835235e+00
9.573257747316716632e+03 1.073839672811312873e+01
9.573513678545699804e+03 1.144819158771520762e+01
9.573769609774684795e+03 4.930159046010617274e+00
9.574025541003667968e+03 8.718082286111984658e+00
9.574281472232651140e+03 7.715177325310598633e+00
9.574537403461636131e+03 5.777518947463100574e+00
9.574793334690619304e+03 1.330575336985385348e+01
9.575049265919602476e+03 1.206580268763364572e+01
9.575305197148587467e+03 1.233339055545596175e+01
9.575561128377570640e+03 9.728469716865543404e+00
9.575817059606553812e+03 1.566807303926405837e+01
9.576072990835536984e+03 8.581246763578198156e+00
9.576328922064521976e+03 9.470440884387782532e+00
9.576584853293505148e+03 7.779862167876204992e+00
9.576840784522488320e+03 1.025461090456964541e+01
9.577096715751473312e+03 5.886576934846036835e+00
9.577352646980456484e+03 9.508696579622741396e+00
9.577608578209439656e+03 1.243792840537478739e+01
9.577864509438424648e+03 9.914950127166759941e+00
9.578120440667407820e+03 1.179023673890622526e+01
9.578376371896390992e+03 6.252066257359533807e+00
9.578632303125375984e+03 1.218426376456668336e+01
9.578888234354359156e+03 1.114767088643471560e+01
9.579144165583342328e+03 8.039712483491948447e+00
9.579400096812327320e+03 9.637268765566764372e+00
9.579656028041310492e+03 1.280754059638965003e+01
9.579911959270293664e+03 6.320402703222985252e+00
9.580167890499278656e+03 5.480589048758855775e+00
9.580423821728260009e+03 9.723123360316384023e+00
9.580679752957245000e+03 1.279347493950425374e+01
9.580935684186228173e+03 8.520747795682055425e+00
9.581191615415211345e+03 7.755133620719969478e+00
9.581447546644196336e+03 1.300395319678635708e+01
9.581703477873179509e+03 1.164967138986629536e+01
9.581959409102162681e+03 1.095948503912554095e+01
9.582215340331147672e+03 1.118832783796616326e+01
9.582471271560130845e+03 1.055202757751693809e+01
9.582727202789114017e+03 8.219353671799433769e+00
9.582983134018099008e+03 9.752306051198303294e+00
9.583239065247082181e+03 8.475524207461658577e+00
9.583494996476065353e+03 9.128235644649695502e+00
9.583750927705050344e+03 1.127210301684410432e+01
9.584006858934033517e+03 7.028481394139473259e+00
9.584262790163016689e+03 1.578504487199719897e+01
9.584518721392001680e+03 1.081914296191972014e+01
9.584774652620983034e+03 8.308198528978564923e+00
9.585030583849968025e+03 1.152543601891325409e+01
9.585286515078953016e+03 8.353392154543865189e+00
9.585542446307934370e+03 9.137158075263428714e+00
9.585798377536919361e+03 1.089301867489869657e+01
9.586054308765902533e+03 8.468757331397675614e+00
9.586310239994885706e+03 1.074402484917251854e+01
9.586566171223870697e+03 1.036190644481481904e+01
9.586822102452853869e+03 7.735794618055152227e+00
9.587078033681837042e+03 9.571474495394854287e+00
9.587333964910822033e+03 8.690593662825472521e+00
9.587589896139805205e+03 1.206556528634341596e+01
9.587845827368788377e+03 1.182617150353575575e+01
9.588101758597773369e+03 1.072174503339025797e+01
9.588357689826756541e+03 1.023091536011249936e+01
9.588613621055739713e+03 9.998770481548529432e+00
9.588869552284724705e+03 1.281291507819405062e+01
9.589125483513707877e+03 9.169095149809514567e+00
9.589381414742691049e+03 1.410503859009802241e+01
9.589637345971676041e+03 1.391379014335995912e+01
9.589893277200659213e+03 1.319258267377370153e+01
9.590149208429642385e+03 1.615049293367714967e+01
9.590405139658625558e+03 1.454006353297020659e+01
9.590661070887610549e+03 1.518871354448096511e+01
9.590917002116593721e+03 1.656734645088617341e+01
9.591172933345576894e+03 1.567935074923099847e+01
9.591428864574561885e+03 1.916642773907155117e+01
9.591684795803545057e+03 2.057571777000169178e+01
9.591940727032528230e+03 2.452606093226237149e+01
9.592196658261513221e+03 2.461796849573246604e+01
9.592452589490496393e+03 2.938334289143953271e+01
9.592708520719479566e+03 3.249921220410569589e+01
9.592964451948464557e+03 3.609627016791673526e+01
9.593220383177447729e+03 3.404060623861217749e+01
9.593476314406430902e+03 3.715017733828889845e+01
9.593732245635415893e+03 4.419584626199728206e+01
9.593988176864399065e+03 4.447357874853306470e+01
9.594244108093382238e+03 5.546182032912756199e+01
9.594500039322365410e+03 5.827591494385609394e+01
9.594755970551348582e+03 5.715462172062355961e+01
9.595011901780333574e+03 6.657132768861953309e+01
9.595267833009316746e+03 6.731624637081981177e+01
9.595523764238299918e+03 7.056784657149292173e+01
9.595779695467284910e+03 7.049362356641671568e+01
9.596035626696268082e+03 7.853887459860264642e+01
9.596291557925251254e+03 8.080710368298161939e+01
9.596547489154236246e+03 7.905573887310346493e+01
9.596803420383219418e+03 8.351600419270799591e+01
9.597059351612202590e+03 8.709631691258680064e+01
9.597315282841187582e+03 8.315280745259840955e+01
9.597571214070170754e+03 8.811472101018738101e+01
9.597827145299153926e+03 8.597736485807104145e+01
9.598083076528138918e+03 8.768170960889089827e+01
9.598339007757122090e+03 8.576424320642910004e+01
9.598594938986105262e+03 8.765922231133515652e+01
9.598850870215090254e+03 8.440766474210138881e+01
9.599106801444071607e+03 8.527449707417369495e+01
9.599362732673056598e+03 8.657373057693287421e+01
9.599618663902039771e+03 8.408703778262194817e+01
9.599874595131022943e+03 7.861825339018166403e+01
9.600130526360007934e+03 8.294788185926111623e+01
9.600386457588991107e+03 8.187543283856074083e+01
9.600642388817974279e+03 7.892396789608648078e+01
9.600898320046959270e+03 8.384248671409561382e+01
9.601154251275942443e+03 8.191548792268562806e+01
9.601410182504925615e+03 8.213848529534350007e+01
9.601666113733910606e+03 8.359643588541069903e+01
9.601922044962893779e+03 8.575116846040285168e+01
9.602177976191876951e+03 9.003100882383250791e+01
9.602433907420861942e+03 8.595417163588170695e+01
9.602689838649845115e+03 8.342990074064974237e+01
9.602945769878828287e+03 8.488617281070071385e+01
9.603201701107813278e+03 8.482628553125719861e+01
9.603457632336796451e+03 9.020655305604614682e+01
9.603713563565779623e+03 8.733033799310048551e+01
9.603969494794762795e+03 8.767527722744659968e+01
9.604225426023747787e+03 8.847395471002592160e+01
9.604481357252730959e+03 8.902551770477151649e+01
9.604737288481714131e+03 8.718526977936907940e+01
9.604993219710699123e+03 8.277938607304206187e+01
9.605249150939682295e+03 8.548710047728935990e+01
9.605505082168665467e+03 8.075714900245465344e+01
9.605761013397650459e+03 7.539834084730624397e+01
9.606016944626633631e+03 7.434888238854119891e+01
9.606272875855616803e+03 6.952577777444585649e+01
9.606528807084601794e+03 6.655801924538350534e+01
9.606784738313584967e+03 6.131074003608813427e+01
9.607040669542568139e+03 6.278499526523505381e+01
9.607296600771553130e+03 5.341125293853507827e+01
9.607552532000536303e+03 4.881609692702902237e+01
9.607808463229519475e+03 4.758870170769692010e+01
9.608064394458502647e+03 4.396391549058920845e+01
9.608320325687487639e+03 3.918739830894916309e+01
9.608576256916470811e+03 3.645586283016879747e+01
9.608832188145453983e+03 2.938047545373889236e+01
9.609088119374437156e+03 2.936625065218469288e+01
9.609344050603422147e+03 2.971911427926669091e+01
9.609599981832405319e+03 2.184022264837716065e+01
9.609855913061388492e+03 2.086577542678173103e+01
9.610111844290373483e+03 2.169772117151453017e+01
9.610367775519356655e+03 1.990307800844528785e+01
9.610623706748339828e+03 1.608746016259584621e+01
9.610879637977324819e+03 1.723745359713751668e+01
9.611135569206307991e+03 1.427767052382621138e+01
9.611391500435291164e+03 1.748358066171505953e+01
9.611647431664276155e+03 1.145154219789611361e+01
9.611903362893259327e+03 1.382674747278861815e+01
9.612159294122242500e+03 1.355179114681428665e+01
9.612415225351227491e+03 1.010978098090264687e+01
9.612671156580210663e+03 8.889307955827653984e+00
9.612927087809193836e+03 1.011483648670263946e+01
9.613183019038178827e+03 1.164337592925905973e+01
9.613438950267160180e+03 1.051870490758230581e+01
9.613694881496145172e+03 1.221733345430187789e+01
9.613950812725128344e+03 1.318598331226140452e+01
9.614206743954111516e+03 1.083366381938419032e+01
9.614462675183096508e+03 1.169206773601779226e+01
9.614718606412079680e+03 8.130817576428949423e+00
9.614974537641062852e+03 9.762506988822581278e+00
9.615230468870047844e+03 1.140246259145267338e+01
9.615486400099031016e+03 1.297376232681790142e+01
9.615742331328014188e+03 6.755093650201627220e+00
9.615998262556999180e+03 1.206769622921805052e+01
9.616254193785982352e+03 1.290469580858598420e+01
9.616510125014965524e+03 1.108954686787911115e+01
9.616766056243950516e+03 1.228595728071170079e+01
9.617021987472933688e+03 1.124651780767922560e+01
9.617277918701916860e+03 8.577479742278720565e+00
9.617533849930901852e+03 1.024636396835928842e+01
9.617789781159885024e+03 1.072040188996826693e+01
9.618045712388868196e+03 6.895088152079857480e+00
9.618301643617851369e+03 1.058618045940464647e+01
9.618557574846836360e+03 1.077923009508567986e+01
9.618813506075819532e+03 8.308385559156821643e+00
9.619069437304802705e+03 1.348531448737679739e+01
9.619325368533787696e+03 8.433358197765599584e+00
9.619581299762770868e+03 1.218911042218347873e+01
9.619837230991754041e+03 8.955390765275907938e+00
9.620093162220737213e+03 6.941688080924116377e+00
9.620349093449722204e+03 1.281046614889839930e+01
9.620605024678705377e+03 1.261332227835317354e+01
9.620860955907688549e+03 1.078576353967449108e+01
9.621116887136673540e+03 9.993648975838656412e+00
9.621372818365656713e+03 1.228931999455799406e+01
9.621628749594639885e+03 8.061437057365331782e+00
9.621884680823624876e+03 9.602016247056536002e+00
9.622140612052608049e+03 8.648760178236258866e+00
9.622396543281591221e+03 9.041297141172124796e+00
9.622652474510574393e+03 1.058465620771178095e+01
9.622908405739559385e+03 9.243720938901770268e+00
9.623164336968542557e+03 8.452947679362821987e+00
9.623420268197525729e+03 5.669122291437275862e+00
9.623676199426510721e+03 6.722899220315879276e+00
9.623932130655493893e+03 8.164884575487338481e+00
9.624188061884477065e+03 1.041607777516999356e+01
9.624443993113462056e+03 1.151112544531885717e+01
9.624699924342445229e+03 8.133833943097515728e+00
9.624955855571428401e+03 1.086010758202362503e+01
9.625211786800413392e+03 1.104473968386829519e+01
9.625467718029396565e+03 1.121661421434455796e+01
9.625723649258379737e+03 8.571474844484615829e+00
9.625979580487364728e+03 9.590955115851029333e+00
9.626235511716347901e+03 1.006171382353081967e+01
9.626491442945331073e+03 8.891166593717594324e+00
9.626747374174316064e+03 7.396364707559635931e+00
9.627003305403297418e+03 1.113042550501199734e+01
9.627259236632282409e+03 9.523501794499891204e+00
9.627515167861267400e+03 1.077191923493461978e+01
9.627771099090248754e+03 8.942869614565454484e+00
9.628027030319233745e+03 9.213841643532242998e+00
9.628282961548216917e+03 1.227455872300016537e+01
9.628538892777200090e+03 1.102482608348010551e+01
9.628794824006185081e+03 9.479825103371711137e+00
9.629050755235168253e+03 1.179796224032386753e+01
9.629306686464151426e+03 1.324177327469468146e+01
9.629562617693136417e+03 9.129441668418170508e+00
9.629818548922119589e+03 7.405313069889370325e+00
9.630074480151102762e+03 9.366734869021977161e+00
9.630330411380087753e+03 1.021797248568522498e+01
9.630586342609070925e+03 9.758109650888284747e+00
9.630842273838054098e+03 9.687400784916805563e+00
9.631098205067039089e+03 1.012133773075422738e+01
9.631354136296022261e+03 1.133810338254982675e+01
9.631610067525005434e+03 9.877751519081748199e+00
9.631865998753990425e+03 1.069622663312519784e+01
9.632121929982973597e+03 1.028380324031438242e+01
9.632377861211956770e+03 5.604150733742971013e+00
9.632633792440939942e+03 6.840110215240143177e+00
9.632889723669924933e+03 9.841935769592183192e+00
9.633145654898908106e+03 1.201212637693520513e+01
9.633401586127891278e+03 9.048599286838761913e+00
9.633657517356874450e+03 8.314414010077051387e+00
9.633913448585859442e+03 9.091313424539608334e+00
9.634169379814842614e+03 1.169305411672794648e+01
9.634425311043825786e+03 8.932157938534745156e+00
9.634681242272810778e+03 1.315432775920868025e+01
9.634937173501793950e+03 8.908132956634416288e+00
9.635193104730777122e+03 1.117038716809421928e+01
9.635449035959762114e+03 9.534166970965770815e+00
9.635704967188745286e+03 1.054293485803167307e+01
9.635960898417728458e+03 7.499753037661786692e+00
9.636216829646713450e+03 8.691482148172687161e+00
9.636472760875696622e+03 7.857712571789422284e+00
9.636728692104679794e+03 1.215955932110360749e+01
9.636984623333662967e+03 9.292814869722963778e+00
9.637240554562647958e+03 1.024769474937079750e+01
9.637496485791631130e+03 1.190269017667666773e+01
9.637752417020614303e+03 1.017611455648263075e+01
9.638008348249599294e+03 1.181754013383221391e+01
9.638264279478582466e+03 8.536861346275799178e+00
9.638520210707565639e+03 9.387317267682712796e+00
9.638776141936550630e+03 1.125033721528814823e+01
9.639032073165533802e+03 9.759424101707553589e+00
9.639288004394516975e+03 1.041763182839218160e+01
