6.682582080000000133e+03 -4.668473971285251878e-01
6.682760932799999864e+03 1.398467791373968083e+01
6.682939785599999595e+03 8.962162775745451171e+00
6.683118638400000236e+03 3.462831830016183332e+00
6.683297491199999968e+03 1.065140640932794369e+01
6.683476343999999699e+03 1.019410484832695651e+01
6.683655196800000340e+03 3.427540342369749027e+00
6.683834049600000071e+03 1.337361640779361061e+01
6.684012902399999803e+03 5.997990044707100843e+00
6.684191755200000443e+03 8.357651931083037056e+00
6.684370608000000175e+03 9.435398233463724083e+00
6.684549460799999906e+03 1.206841527998394525e+01
6.684728313599999638e+03 7.369189344839611522e+00
6.684907166400000278e+03 8.229336059221417088e+00
6.685086019200000010e+03 1.088561726416035214e-01
6.685264871999999741e+03 1.283711745521038239e+01
6.685443724800000382e+03 9.989370119462922304e+00
6.685622577600000113e+03 8.282243519523369457e+00
6.685801430399999845e+03 1.323947279384558939e+01
6.685980283200000486e+03 9.033788796096940743e+00
6.686159136000000217e+03 5.937993306813061700e+00
6.686337988799999948e+03 8.920342547397993371e+00
6.686516841600000589e+03 1.369320072258614118e+01
6.686695694399999411e+03 9.647728481652123378e+00
6.686874547200000052e+03 8.466852385263159420e+00
6.687053399999999783e+03 6.629638213221403120e+00
6.687232252799999515e+03 1.142508099536306787e+01
6.687411105600000155e+03 1.483745641868068610e+01
6.687589958399999887e+03 9.920599293206459279e+00
6.687768811199999618e+03 1.443084970730121519e+01
6.687947664000000259e+03 1.568381653512937923e+01
6.688126516799999990e+03 1.751630221540233023e+01
6.688305369599999722e+03 1.400365718045358321e+01
6.688484222400000363e+03 1.664733841321057639e+01
6.688663075199999184e+03 5.009271879978193454e+00
6.688841927999999825e+03 9.711938611661805609e+00
6.689020780800000466e+03 7.083588308712645443e+00
6.689199633599999288e+03 6.799714091819392792e+00
6.689378486399999929e+03 7.892873708807297994e+00
6.689557339200000570e+03 8.287401119898195390e+00
6.689736191999999392e+03 1.257059416895354076e+01
6.689915044800000032e+03 7.449143139257916602e+00
6.690093897599999764e+03 1.534639460416666168e+01
6.690272750399999495e+03 1.496525452617815688e+01
6.690451603200000136e+03 1.607565817838666078e+01
6.690630455999999867e+03 1.088093412730558640e+01
6.690809308799999599e+03 1.259497913650403866e+01
6.690988161600000240e+03 1.158303490377652523e+01
6.691167014399999971e+03 1.548382621580242891e+01
6.691345867199999702e+03 8.804201788130427531e+00
6.691524720000000343e+03 8.099676976207952350e+00
6.691703572800000074e+03 1.223018234124546133e+01
6.691882425599999806e+03 7.621009256035897295e+00
6.692061278399999537e+03 1.454076324608553783e+01
6.692240131200000178e+03 5.285242267660076543e+00
6.692418983999999909e+03 1.553707308767352657e+01
6.692597836799999641e+03 8.618507660398393000e+00
6.692776689600000282e+03 4.869866220875528562e+00
6.692955542400000013e+03 1.639347118022218197e+01
6.693134395199999744e+03 9.549519770990499978e+00
6.693313248000000385e+03 1.412796923997276011e+01
6.693492100800000117e+03 8.986237558095956146e+00
6.693670953599999848e+03 9.569906103647781492e+00
6.693849806400000489e+03 5.403536080686531129e+00
6.694028659199999311e+03 1.684368471718959981e+00
6.694207511999999952e+03 8.421213160298973932e+00
6.694386364800000592e+03 6.569759756789304461e+00
6.694565217599999414e+03 1.655563993179401905e+01
6.694744070400000055e+03 1.106912222482292130e+01
6.694922923200000696e+03 6.616570353447698949e+00
6.695101775999999518e+03 9.695855873229437094e+00
6.695280628800000159e+03 8.403019985512740320e+00
6.695459481599999890e+03 1.525252119359642933e+01
6.695638334399999621e+03 5.189222650821890603e+00
6.695817187200000262e+03 1.023243628612362421e+01
6.695996039999999994e+03 1.093167563332273318e+01
6.696174892799999725e+03 6.184082744574680213e+00
6.696353745600000366e+03 4.021288969361303423e+00
6.696532598399999188e+03 6.961641449641781776e+00
6.696711451199999829e+03 9.577112010320602664e+00
6.696890304000000469e+03 1.478296431574306169e+01
6.697069156799999291e+03 6.814974180102675305e+00
6.697248009599999932e+03 7.635383605421626640e+00
6.697426862399999663e+03 1.009375085211579481e+01
6.697605715199999395e+03 1.441380219462597267e+01
6.697784568000000036e+03 2.974619173780481240e+00
6.697963420799999767e+03 6.541089287273917918e+00
6.698142273599999498e+03 6.166157143701859411e+00
6.698321126400000139e+03 8.867571577858488041e+00
6.698499979199999871e+03 1.067625618849703528e+01
6.698678831999999602e+03 8.616268756260474504e+00
6.698857684800000243e+03 1.031298680966937198e+01
6.699036537599999974e+03 7.525426304087735829e+00
6.699215390399999706e+03 1.470749445150549306e+01
6.699394243199999437e+03 9.059189534744410466e+00
6.699573096000000078e+03 9.283638964509909997e+00
6.699751948799999809e+03 7.590943638727726039e+00
6.699930801599999540e+03 1.161594276077275900e+01
6.700109654400000181e+03 5.904210490445455761e+00
6.700288507199999913e+03 1.037765846527937974e+01
6.700467359999999644e+03 1.294156109428529788e+01
6.700646212800000285e+03 6.892828383747175103e+00
6.700825065600000016e+03 9.633666105847090932e+00
6.701003918399999748e+03 1.169051698170530784e+01
6.701182771200000388e+03 1.648758723344877453e+01
6.701361623999999210e+03 1.684208636673878345e+01
6.701540476799999851e+03 2.635134791550800415e+01
6.701719329600000492e+03 1.994376145107310450e+01
6.701898182399999314e+03 2.088735452987645402e+01
6.702077035199999955e+03 2.317819725342929615e+01
6.702255888000000596e+03 3.344642703687485152e+01
6.702434740799999418e+03 2.756874674182052942e+01
6.702613593600000058e+03 3.260192940417516638e+01
6.702792446399999790e+03 4.452522272252110014e+01
6.702971299199999521e+03 4.205409008389687386e+01
6.703150152000000162e+03 4.845139092223706001e+01
6.703329004799999893e+03 4.958945076201603541e+01
6.703507857599999625e+03 5.146700369728885249e+01
6.703686710400000266e+03 6.087050008970953741e+01
6.703865563199999997e+03 7.749196105726170458e+01
6.704044415999999728e+03 8.071433041346395498e+01
6.704223268800000369e+03 8.940209492443591444e+01
6.704402121600000100e+03 9.829557752908112889e+01
6.704580974399999832e+03 1.064008706930683275e+02
6.704759827199999563e+03 1.155825827536913266e+02
6.704938679999999295e+03 1.256306447179394326e+02
6.705117532799999935e+03 1.371039465658711833e+02
6.705296385599999667e+03 1.434575389364075022e+02
6.705475238399999398e+03 1.472300011195623028e+02
6.705654091200000039e+03 1.681305296190481613e+02
6.705832943999999770e+03 1.708129753235378132e+02
6.706011796799999502e+03 1.770338221914718986e+02
6.706190649600000143e+03 1.868567818717079092e+02
6.706369502399999874e+03 1.812250976931834998e+02
6.706548355199999605e+03 1.904397741298967617e+02
6.706727207999999337e+03 2.005059738725867930e+02
6.706906060799999977e+03 2.038512483156607118e+02
6.707084913599999709e+03 2.016657118338117982e+02
6.707263766399999440e+03 2.066025442036469713e+02
6.707442619200000081e+03 2.131342347103455097e+02
6.707621471999999812e+03 2.118051734311075336e+02
6.707800324799999544e+03 2.057744002368147562e+02
6.707979177600000185e+03 2.048521524743356963e+02
6.708158030399999916e+03 2.052932498694869423e+02
6.708336883199999647e+03 2.056632999515458948e+02
6.708515736000000288e+03 2.060902488985270793e+02
6.708694588799999110e+03 1.942935906218438049e+02
6.708873441599999751e+03 2.060543756498568371e+02
6.709052294400000392e+03 2.057249471937693954e+02
6.709231147199999214e+03 1.994560337247857262e+02
6.709409999999999854e+03 2.024575893066920287e+02
6.709588852800000495e+03 2.016999848115113707e+02
6.709767705599999317e+03 2.065385831103867815e+02
6.709946558399999958e+03 2.080904361236311502e+02
6.710125411199999689e+03 2.034432553712168499e+02
6.710304263999999421e+03 2.091666425992052609e+02
6.710483116800000062e+03 1.964857490554189781e+02
6.710661969599999793e+03 1.984210512268904836e+02
6.710840822399999524e+03 2.081250385808506849e+02
6.711019675200000165e+03 2.054763955793487185e+02
6.711198527999999897e+03 2.067879233515429007e+02
6.711377380799999628e+03 2.055115992095603872e+02
6.711556233600000269e+03 2.068066102533187234e+02
6.711735086400000000e+03 2.031015267488305938e+02
6.711913939199999731e+03 1.987603038761334346e+02
6.712092791999999463e+03 1.997604684783931930e+02
6.712271644800000104e+03 1.939084273426265383e+02
6.712450497599999835e+03 1.874920797608235432e+02
6.712629350399999566e+03 1.837642277336737493e+02
6.712808203200000207e+03 1.798525249955701781e+02
6.712987055999999939e+03 1.639828487327481241e+02
6.713165908799999670e+03 1.632838452830480946e+02
6.713344761600000311e+03 1.520285405785581077e+02
6.713523614400000042e+03 1.434372149529495744e+02
6.713702467199999774e+03 1.306901530256990043e+02
6.713881320000000414e+03 1.274559885134630264e+02
6.714060172799999236e+03 1.215128043686674175e+02
6.714239025599999877e+03 1.050630122511721112e+02
6.714417878399999609e+03 9.569233183348515581e+01
6.714596731199999340e+03 8.635086573780307617e+01
6.714775583999999981e+03 8.231057228074372745e+01
6.714954436799999712e+03 7.749897383850029087e+01
6.715133289599999443e+03 6.783771998962880900e+01
6.715312142400000084e+03 5.857141452133436843e+01
6.715490995199999816e+03 4.560498996127707727e+01
6.715669847999999547e+03 4.986183219878681427e+01
6.715848700800000188e+03 4.752687465423066016e+01
6.716027553599999010e+03 3.056191722569039371e+01
6.716206406399999651e+03 3.254043144148907629e+01
6.716385259200000291e+03 3.202673165713456171e+01
6.716564111999999113e+03 2.300769912775671600e+01
6.716742964799999754e+03 2.052557483150681250e+01
6.716921817600000395e+03 2.950012535548790282e+01
6.717100670399999217e+03 1.632052245263111701e+01
6.717279523199999858e+03 2.146554807271188281e+01
6.717458375999999589e+03 1.265884947912612191e+01
6.717637228799999320e+03 1.508957923105232446e+01
6.717816081599999961e+03 1.380984754729180075e+01
6.717994934399999693e+03 1.378830568684321989e+01
6.718173787199999424e+03 1.012131205893152597e+01
6.718352640000000065e+03 1.082243313985577338e+01
6.718531492799999796e+03 1.884934609582249010e+01
6.718710345599999528e+03 1.193269294866630048e+01
6.718889198400000168e+03 1.849676627273116480e+01
6.719068051199999900e+03 1.270100065789517352e+01
6.719246903999999631e+03 1.142373243544206041e+01
6.719425756799999363e+03 8.722652500751079785e+00
6.719604609600000003e+03 4.768571577805340134e+00
6.719783462399999735e+03 6.970319703010574131e+00
6.719962315199999466e+03 6.433039943485384882e+00
6.720141168000000107e+03 1.570158946577780590e+01
6.720320020799999838e+03 7.147703692185348956e+00
6.720498873599999570e+03 4.009658043418428797e+00
6.720677726400000211e+03 8.949909033078494502e+00
6.720856579199999942e+03 3.864880736006056416e+00
6.721035431999999673e+03 7.626139072990762102e+00
6.721214284800000314e+03 9.688049037453799528e+00
6.721393137599999136e+03 1.171624872580882126e+01
6.721571990399999777e+03 1.206249337482145023e+01
6.721750843200000418e+03 1.040319505686759172e+01
6.721929695999999240e+03 6.364812706315939650e+00
6.722108548799999880e+03 1.028764476525643978e+01
6.722287401600000521e+03 1.044717210898274473e+01
6.722466254399999343e+03 7.754586898054077082e+00
6.722645107199999984e+03 7.451893650933449464e+00
6.722823959999999715e+03 7.650409347719382858e+00
6.723002812799999447e+03 1.470814992285395384e+01
6.723181665600000088e+03 1.889460201872768152e+01
6.723360518399998909e+03 4.827868180127458331e+00
6.723539371199999550e+03 4.029900143848880845e+00
6.723718224000000191e+03 1.335873864322012672e+01
6.723897076799999013e+03 7.244166455428398876e+00
6.724075929599999654e+03 1.350946466075233943e+01
6.724254782400000295e+03 4.771431834133207595e+00
6.724433635199999117e+03 6.021798768725524553e+00
6.724612487999999757e+03 7.640655470438931118e+00
6.724791340799999489e+03 7.612515510799222618e+00
6.724970193599999220e+03 1.348825215123714827e+01
6.725149046399999861e+03 1.195298341355966087e+01
6.725327899199999592e+03 2.624349630281630041e+00
6.725506751999999324e+03 1.560024306080891066e+01
6.725685604799999965e+03 7.612922205914674834e+00
6.725864457599999696e+03 1.983061003476304762e+00
6.726043310399999427e+03 3.580687998668587113e+00
6.726222163200000068e+03 1.428424031716958176e+01
6.726401015999999800e+03 1.214008362637496852e+01
6.726579868799999531e+03 1.449275787833467888e+01
6.726758721599999262e+03 1.433447221947338335e+01
6.726937574399999903e+03 7.352070387335485790e+00
6.727116427199999634e+03 9.705360990325370807e+00
6.727295279999999366e+03 9.824729565207878323e+00
6.727474132800000007e+03 1.193441231228145405e+01
6.727652985599999738e+03 1.048829034713961050e+01
6.727831838399999469e+03 8.391807793969341844e+00
6.728010691200000110e+03 1.093675176371799473e+01
6.728189543999999842e+03 8.654337486388957501e+00
6.728368396799999573e+03 1.180800886232283808e+01
6.728547249600000214e+03 1.466008314644318844e+01
6.728726102399999036e+03 1.174866221024039881e+01
6.728904955199999677e+03 1.309858646597540499e+01
6.729083808000000317e+03 1.025998226967129412e+01
6.729262660799999139e+03 7.075016866312173747e+00
6.729441513599999780e+03 9.131078030109781807e+00
6.729620366400000421e+03 1.760980643380302979e+01
6.729799219199999243e+03 6.403394113538467991e+00
6.729978071999999884e+03 1.102684387422551815e+01
6.730156924799999615e+03 6.182162481309074309e+00
6.730335777599999346e+03 8.718443657399994606e+00
6.730514630399999987e+03 9.856850412831077435e+00
6.730693483199999719e+03 1.525279499506036807e+01
6.730872335999999450e+03 1.720920427298236177e+01
6.731051188800000091e+03 4.186574373439341912e+00
6.731230041599999822e+03 2.149495942445932783e+00
6.731408894399999554e+03 7.959817486187189317e+00
6.731587747200000194e+03 1.121499189555926002e+01
6.731766599999999926e+03 7.701301350524489386e+00
6.731945452799999657e+03 6.813489623498147907e+00
6.732124305599999389e+03 1.154867527305902897e+01
6.732303158399999120e+03 7.668353852688928107e+00
6.732482011199999761e+03 1.155119907794802714e+01
6.732660863999999492e+03 4.712900738504711029e+00
6.732839716799999223e+03 7.557967336796056479e+00
6.733018569599999864e+03 7.164029486694532878e+00
6.733197422399999596e+03 1.327018896960628602e+01
6.733376275199999327e+03 8.252522708827898512e+00
6.733555127999999968e+03 1.193162269301867084e+01
6.733733980799999699e+03 5.080406505777420811e+00
6.733912833599999431e+03 1.057366066592301301e+01
6.734091686399999162e+03 1.018360443034471707e+01
6.734270539199999803e+03 4.590994115448449264e+00
6.734449391999999534e+03 7.112016780831063478e+00
6.734628244799999266e+03 7.423159192145574181e+00
6.734807097599999906e+03 8.915907865370421348e+00
6.734985950399999638e+03 1.287103180481089026e+01
6.735164803199999369e+03 8.094433342991095515e+00
6.735343656000000010e+03 1.480309736542633381e+01
6.735522508799999741e+03 1.574977587843489601e+01
6.735701361599999473e+03 1.301337048328129242e+01
6.735880214400000114e+03 5.880777837343443615e+00
6.736059067199998935e+03 1.173319930468736416e+01
6.736237919999999576e+03 1.382265244497041046e+01
