8.910109440000000177e+03 6.618425388036632384e+00
8.910347910399999819e+03 1.298338566519657178e+01
8.910586380799999461e+03 1.121534366256132031e+01
8.910824851199999102e+03 1.634047038868941826e+01
8.911063321600000563e+03 1.218298500275395746e+01
8.911301791999998386e+03 1.320244490799447945e+01
8.911540262399999847e+03 1.200455563292722161e+01
8.911778732799999489e+03 1.185445118836331702e+01
8.912017203199999130e+03 1.044044211851481130e+01
8.912255673599998772e+03 1.187916828800235969e+01
8.912494144000000233e+03 1.377733055928493222e+01
8.912732614399999875e+03 5.247510359000587599e+00
8.912971084799999517e+03 1.398683337549688943e+01
8.913209555199999159e+03 5.956012961925329918e+00
8.913448025599998800e+03 4.044850968098603339e+00
8.913686496000000261e+03 8.804606573955192417e+00
8.913924966399999903e+03 1.407921523866284197e+01
8.914163436799999545e+03 8.775798055141569520e+00
8.914401907199999187e+03 9.571648389714344063e+00
8.914640377600000647e+03 4.282379893362946888e+00
8.914878847999998470e+03 1.262372666430508161e+01
8.915117318399999931e+03 1.080631156524635728e+01
8.915355788799999573e+03 9.486279521604714660e+00
8.915594259199999215e+03 1.550229978027134869e+01
8.915832729599998856e+03 8.632941723392514533e+00
8.916071199999998498e+03 5.490961196891862350e+00
8.916309670399999959e+03 1.044144447537864728e+01
8.916548140799999601e+03 1.406284058164876782e+01
8.916786611199999243e+03 1.101298915107936338e+01
8.917025081599998884e+03 1.002248244926218845e+01
8.917263552000000345e+03 7.083120824476819344e+00
8.917502022399998168e+03 9.505241088778243252e+00
8.917740492799999629e+03 8.698866071554386181e+00
8.917978963199999271e+03 1.389144479365154794e+01
8.918217433599998913e+03 -2.950506017642169354e-01
8.918455903999998554e+03 2.102202823504364204e+01
8.918694374400000015e+03 3.263982895052556010e+00
8.918932844799999657e+03 9.616890165020331338e+00
8.919171315199999299e+03 7.220039431090810922e+00
8.919409785599998941e+03 5.143789102726527673e+00
8.919648255999998582e+03 1.049932190491860418e+01
8.919886726400000043e+03 1.101812613045464317e+01
8.920125196799999685e+03 1.179228143168380782e+01
8.920363667199999327e+03 1.280147102827272754e+01
8.920602137599998969e+03 1.033849657387666987e+01
8.920840608000000429e+03 1.250507418640719948e+01
8.921079078399998252e+03 8.194736383138957692e+00
8.921317548799999713e+03 8.131159285712046270e+00
8.921556019199999355e+03 1.207409292592325301e+01
8.921794489599998997e+03 1.644369987648888554e+01
8.922032959999998639e+03 8.600481698118427332e+00
8.922271430400000099e+03 9.684629698501119321e+00
8.922509900799999741e+03 1.163228020167574783e+01
8.922748371199999383e+03 8.794935192997188622e+00
8.922986841599999025e+03 9.304530693969336852e+00
8.923225311999998667e+03 5.198059480325759374e+00
8.923463782400000127e+03 9.321888611162048477e+00
8.923702252799999769e+03 3.266376682088095507e+00
8.923940723199999411e+03 1.577769080923835077e+01
8.924179193599999053e+03 1.515946720274520843e+01
8.924417664000000514e+03 7.699667539886563716e+00
8.924656134399998336e+03 6.864415736426447978e+00
8.924894604799999797e+03 4.317864271948153920e+00
8.925133075199999439e+03 6.986560181332944097e+00
8.925371545599999081e+03 2.914603833242034980e+00
8.925610015999998723e+03 1.325827506583396520e+01
8.925848486400000183e+03 7.415760068595421473e+00
8.926086956799999825e+03 1.460625725516305096e+01
8.926325427199999467e+03 1.077497673082300089e+01
8.926563897599999109e+03 8.377509983455063036e+00
8.926802367999998751e+03 1.406724790732985575e+01
8.927040838400000212e+03 1.027662165537118177e+01
8.927279308799999853e+03 6.266522346258833309e+00
8.927517779199999495e+03 9.122955366045543357e+00
8.927756249599999137e+03 3.643866251098753395e+00
8.927994720000000598e+03 1.050375670558718610e+01
8.928233190399998421e+03 1.153428635593667906e+01
8.928471660799999881e+03 1.186117236648471085e+01
8.928710131199999523e+03 6.621247913509846761e+00
8.928948601599999165e+03 6.522480822136675016e+00
8.929187071999998807e+03 1.213995467275406703e+01
8.929425542399998449e+03 1.187003525369297918e+01
8.929664012799999909e+03 9.354168646527732278e+00
8.929902483199999551e+03 1.438793290120755941e+01
8.930140953599999193e+03 6.589182877803068550e+00
8.930379423999998835e+03 1.169270124405311506e+01
8.930617894400000296e+03 3.597519678699890200e+00
8.930856364799998119e+03 1.369049704563539649e+01
8.931094835199999579e+03 1.236173306619834555e+01
8.931333305599999221e+03 1.237385031659485790e+01
8.931571775999998863e+03 9.942734505560119729e+00
8.931810246399998505e+03 7.738356808047436530e+00
8.932048716799999966e+03 1.053246399380928189e+01
8.932287187199999607e+03 1.660367688736983993e+01
8.932525657599999249e+03 1.217393731276156998e+01
8.932764127999998891e+03 9.967762844853893967e+00
8.933002598399998533e+03 1.184073377168393648e+01
8.933241068799999994e+03 4.302601968452656855e+00
8.933479539199999635e+03 6.390700683953200567e+00
8.933718009599999277e+03 1.105357951674612060e+01
8.933956479999998919e+03 1.368058200945268865e+01
8.934194950400000380e+03 1.493415300882272945e+01
8.934433420799998203e+03 1.743328153831124538e+01
8.934671891199999664e+03 1.284304598124125363e+01
8.934910361599999305e+03 1.990904913866421921e+01
8.935148831999998947e+03 2.001771887722728849e+01
8.935387302399998589e+03 2.212966984315755425e+01
8.935625772800000050e+03 3.013485568504285084e+01
8.935864243199999692e+03 2.363348518757523564e+01
8.936102713599999333e+03 3.684424144055032002e+01
8.936341183999998975e+03 2.917131550986810140e+01
8.936579654399998617e+03 4.239740808621853319e+01
8.936818124800000078e+03 3.973780059121151709e+01
8.937056595199999720e+03 4.506735010240607409e+01
8.937295065599999361e+03 5.081754377526497279e+01
8.937533535999999003e+03 5.825878178571935706e+01
8.937772006400000464e+03 6.188398281625360653e+01
8.938010476799998287e+03 7.021690452961856010e+01
8.938248947199999748e+03 8.023691340551930296e+01
8.938487417599999389e+03 8.199047734625106898e+01
8.938725887999999031e+03 9.570176487503049145e+01
8.938964358399998673e+03 9.321552182201800463e+01
8.939202828800000134e+03 1.059476470763493978e+02
8.939441299199999776e+03 1.178627851662750601e+02
8.939679769599999418e+03 1.209583566473377232e+02
8.939918239999999059e+03 1.345449891485794467e+02
8.940156710399998701e+03 1.345412767504461726e+02
8.940395180800000162e+03 1.478284581942881175e+02
8.940633651199997985e+03 1.655594423896507976e+02
8.940872121599999446e+03 1.658666355127297436e+02
8.941110591999999087e+03 1.728790107182687734e+02
8.941349062399998729e+03 1.751167171084409233e+02
8.941587532799998371e+03 1.878809654407709786e+02
8.941826003199999832e+03 1.894259904644687253e+02
8.942064473599999474e+03 1.928053775435706712e+02
8.942302943999999115e+03 1.985736989859820483e+02
8.942541414399998757e+03 2.002006244636129964e+02
8.942779884799998399e+03 2.081632504709171769e+02
8.943018355199999860e+03 2.035657188518456167e+02
8.943256825599999502e+03 2.174711744614937459e+02
8.943495295999999144e+03 2.249962685978898094e+02
8.943733766399998785e+03 2.178635886757318190e+02
8.943972236800000246e+03 2.156492765538852154e+02
8.944210707199998069e+03 2.174314897614573567e+02
8.944449177599999530e+03 2.206589132390432439e+02
8.944687647999999172e+03 2.204563189888488921e+02
8.944926118399998813e+03 2.137431070453764050e+02
8.945164588799998455e+03 2.157885443235864500e+02
8.945403059199999916e+03 2.149952997278168141e+02
8.945641529599999558e+03 2.133279112889731834e+02
8.945879999999999200e+03 2.111640512137252017e+02
8.946118470399998841e+03 2.066241488197858587e+02
8.946356940799998483e+03 2.143826628730653567e+02
8.946595411199999944e+03 2.136711493958657684e+02
8.946833881599999586e+03 2.124004224966683978e+02
8.947072351999999228e+03 2.152510213482278516e+02
8.947310822399998870e+03 2.092749493419061650e+02
8.947549292800000330e+03 2.193323692854186220e+02
8.947787763199998153e+03 2.134086348321914670e+02
8.948026233599999614e+03 2.170414718729566630e+02
8.948264703999999256e+03 2.135989336238561691e+02
8.948503174399998898e+03 2.107850999686696696e+02
8.948741644799998539e+03 2.075986496190324146e+02
8.948980115200000000e+03 2.111677168290351290e+02
8.949218585599999642e+03 1.992977751384423186e+02
8.949457055999999284e+03 1.978245560404333787e+02
8.949695526399998926e+03 1.878545117362350823e+02
8.949933996799998567e+03 1.966675957244854374e+02
8.950172467200000028e+03 1.838074257665924449e+02
8.950410937599999670e+03 1.773498492457257782e+02
8.950649407999999312e+03 1.791510009302065214e+02
8.950887878399998954e+03 1.622266388669963249e+02
8.951126348800000414e+03 1.603068052473010141e+02
8.951364819199998237e+03 1.541803235045831002e+02
8.951603289599999698e+03 1.414856794122652275e+02
8.951841759999999340e+03 1.370818040459119231e+02
8.952080230399998982e+03 1.270189152304105420e+02
8.952318700799998624e+03 1.178790248817412589e+02
8.952557171199998265e+03 1.110940800168708478e+02
8.952795641599999726e+03 9.386732569509496216e+01
8.953034111999999368e+03 8.634147718143020711e+01
8.953272582399999010e+03 9.002965811206962599e+01
8.953511052799998652e+03 7.346071208290668153e+01
8.953749523200000112e+03 7.391552148933303101e+01
8.953987993599997935e+03 5.802819490464363383e+01
8.954226463999999396e+03 5.714088364030106959e+01
8.954464934399999038e+03 5.149639011540803324e+01
8.954703404799998680e+03 4.314555749600724965e+01
8.954941875199998321e+03 4.367152097404830613e+01
8.955180345599999782e+03 3.936745628713598677e+01
8.955418815999999424e+03 3.399544655243094837e+01
8.955657286399999066e+03 2.869704661610722951e+01
8.955895756799998708e+03 2.421050209625305172e+01
8.956134227199998350e+03 1.731928373013980149e+01
8.956372697599999810e+03 1.515849286402833229e+01
8.956611167999999452e+03 1.422724356343177554e+01
8.956849638399999094e+03 1.445986840459855749e+01
8.957088108799998736e+03 1.757237128430232787e+01
8.957326579200000197e+03 1.618860528598021276e+01
8.957565049599998019e+03 1.279636353039408192e+01
8.957803519999999480e+03 1.936608462915367213e+01
8.958041990399999122e+03 1.638287235540030196e+01
8.958280460799998764e+03 1.429661185799943723e+01
8.958518931199998406e+03 6.673091661514227724e+00
8.958757401599999866e+03 9.120188026889529453e+00
8.958995871999999508e+03 9.681774122773493474e+00
8.959234342399999150e+03 9.837889599074999936e+00
8.959472812799998792e+03 1.422656448587869882e+01
8.959711283199998434e+03 1.086594241448146470e+01
8.959949753599999895e+03 1.077372395437383901e+01
8.960188223999999536e+03 6.257673727711686951e+00
8.960426694399999178e+03 1.402234379123030017e+01
8.960665164799998820e+03 1.129439921705036376e+01
8.960903635200000281e+03 1.128677389130304221e+01
8.961142105599998104e+03 1.250349475161453761e+01
8.961380575999999564e+03 1.478173094723958769e+01
8.961619046399999206e+03 5.913177939712534581e+00
8.961857516799998848e+03 6.284757496241018870e+00
8.962095987199998490e+03 7.315265447421543499e+00
8.962334457599999951e+03 9.898847800618918669e+00
8.962572927999999592e+03 7.492028986939432755e+00
8.962811398399999234e+03 1.711925999062697201e+01
8.963049868799998876e+03 7.360450100044444000e+00
8.963288339199998518e+03 1.204488205723052374e+01
8.963526809599999979e+03 5.748663423742285339e+00
8.963765279999997801e+03 8.312247817159027719e+00
8.964003750399999262e+03 9.290098092239814420e+00
8.964242220799998904e+03 1.168898528860803410e+01
8.964480691199998546e+03 1.299669099490972712e+01
8.964719161599998188e+03 1.253348998903414646e+01
8.964957631999999649e+03 1.011863439786774066e+01
8.965196102399999290e+03 7.555426386416091766e+00
8.965434572799998932e+03 1.401743503296751925e+01
8.965673043199998574e+03 1.148715873985406688e+01
8.965911513599998216e+03 8.166844530417373349e+00
8.966149983999999677e+03 1.063691998877607503e+01
8.966388454399999318e+03 5.581432785117601547e+00
8.966626924799998960e+03 8.613622486123505340e+00
8.966865395199998602e+03 1.275830508075955372e+01
8.967103865600000063e+03 1.890202860981256094e+01
8.967342335999997886e+03 1.187403367026624856e+01
8.967580806399999346e+03 1.129957017882592574e+01
8.967819276799998988e+03 1.177549517122829315e+01
8.968057747199998630e+03 7.536281650351922323e+00
8.968296217599998272e+03 5.085560938691211064e+00
8.968534687999999733e+03 7.757375383649248946e+00
8.968773158399999375e+03 1.041790685981147568e+01
8.969011628799999016e+03 7.549693076284897941e+00
8.969250099199998658e+03 1.102369435613287152e+01
8.969488569599998300e+03 8.243278971275264766e+00
8.969727039999999761e+03 9.248015816613778028e+00
8.969965510399999403e+03 6.390888557594454511e+00
8.970203980799999044e+03 6.052253350307802648e+00
8.970442451199998686e+03 1.556954684538431621e+01
8.970680921600000147e+03 7.767319975090621220e+00
8.970919391999997970e+03 8.629003782243158227e+00
8.971157862399999431e+03 1.009192862179606109e+01
8.971396332799999072e+03 3.329532808813038258e+00
8.971634803199998714e+03 9.348876816912513377e+00
8.971873273599998356e+03 1.118548076097810373e+01
8.972111743999999817e+03 1.054451201530154414e+01
8.972350214399999459e+03 1.182784293643857865e+01
8.972588684799999101e+03 5.967088804232360211e+00
8.972827155199998742e+03 6.746569727244050796e+00
8.973065625599998384e+03 1.121684850019089552e+01
8.973304095999999845e+03 1.016607592869088705e+01
8.973542566399999487e+03 7.229022621201762533e+00
8.973781036799999129e+03 1.276341953853846789e+01
8.974019507199998770e+03 4.459732665038944610e+00
8.974257977600000231e+03 1.750708320185120925e+01
8.974496447999998054e+03 8.459877122107277714e+00
8.974734918399999515e+03 1.502589187299221152e+01
8.974973388799999157e+03 1.308500215598276739e+01
8.975211859199998798e+03 1.451562983454054390e+01
8.975450329599998440e+03 8.283664707332611954e+00
8.975688799999999901e+03 1.040661290070890743e+01
8.975927270399999543e+03 1.208113250621160084e+01
8.976165740799999185e+03 -1.648136110159486023e+00
8.976404211199998826e+03 1.533994350146503649e+01
8.976642681599998468e+03 1.165478907568607525e+01
8.976881151999999929e+03 7.779782821463046005e+00
8.977119622399997752e+03 9.103427779549894794e+00
8.977358092799999213e+03 5.965335922877257779e+00
8.977596563199998855e+03 7.858480417767347959e+00
8.977835033599998496e+03 9.955751686497896102e+00
8.978073503999998138e+03 1.234566657904674258e+01
8.978311974399999599e+03 9.964444439819589050e+00
8.978550444799999241e+03 1.121582449582370877e+01
8.978788915199998883e+03 8.964898794145703675e-02
8.979027385599998524e+03 1.066341125222147923e+01
8.979265855999998166e+03 9.706598562250452034e+00
8.979504326399999627e+03 1.080874200404909224e+01
8.979742796799999269e+03 1.054395376717908483e+01
8.979981267199998911e+03 8.585608753761011513e+00
8.980219737599998552e+03 1.272612011575397517e+01
8.980458208000000013e+03 1.790599145453113650e+01
8.980696678399997836e+03 1.407603888658214331e+01
8.980935148799999297e+03 1.387499048213921427e+01
8.981173619199998939e+03 1.138456251698803534e+01
8.981412089599998581e+03 1.042300368798019683e+01
8.981650559999998222e+03 8.434419496838515329e+00
