5.712956465183026921e+03 9.464708352288688786e+00
5.713109366897940163e+03 1.024846918930484030e+01
5.713262268612851585e+03 9.470271730720504877e+00
5.713415170327764827e+03 7.797353118296204144e+00
5.713568072042678068e+03 9.987452161871953393e+00
5.713720973757589491e+03 1.048441837039714386e+01
5.713873875472502732e+03 8.831787718253666597e+00
5.714026777187415064e+03 8.621209080457136409e+00
5.714179678902327396e+03 7.060072701974395848e+00
5.714332580617240637e+03 1.279517441469302952e+01
5.714485482332152969e+03 1.030349301381763993e+01
5.714638384047065301e+03 1.312403269635177949e+01
5.714791285761977633e+03 1.280802869034402214e+01
5.714944187476890875e+03 1.084454933887632677e+01
5.715097089191803207e+03 8.162558779122015551e+00
5.715249990906715539e+03 6.447133188952928862e+00
5.715402892621628780e+03 8.773659014241276921e+00
5.715555794336541112e+03 8.620930673541646883e+00
5.715708696051453444e+03 1.217673488482766153e+01
5.715861597766366685e+03 1.002670021449001680e+01
5.716014499481278108e+03 7.216085371461836928e+00
5.716167401196191349e+03 9.411672918062878423e+00
5.716320302911104591e+03 1.131068188801608798e+01
5.716473204626016013e+03 8.885964203864039845e+00
5.716626106340929255e+03 9.846223388756556005e+00
5.716779008055841587e+03 8.824923658057324261e+00
5.716931909770753919e+03 1.284626479368678353e+01
5.717084811485667160e+03 9.861224027260851344e+00
5.717237713200578582e+03 1.082318320194308647e+01
5.717390614915491824e+03 7.594337215277816355e+00
5.717543516630404156e+03 8.289622053476042751e+00
5.717696418345316488e+03 1.171238448331840409e+01
5.717849320060229729e+03 1.022212634094102768e+01
5.718002221775142061e+03 7.855453779238415812e+00
5.718155123490054393e+03 8.443217944292529253e+00
5.718308025204967635e+03 8.927923289549010377e+00
5.718460926919879967e+03 9.468456118486932027e+00
5.718613828634792299e+03 1.107278763679062195e+01
5.718766730349704630e+03 9.702438060401416209e+00
5.718919632064617872e+03 9.389930859567785504e+00
5.719072533779530204e+03 1.077474702857943711e+01
5.719225435494442536e+03 1.064323659109756015e+01
5.719378337209355777e+03 9.980733185809077312e+00
5.719531238924268109e+03 9.247007924241284371e+00
5.719684140639180441e+03 7.860237563384872672e+00
5.719837042354093683e+03 6.897929207403423746e+00
5.719989944069005105e+03 9.407381230917787107e+00
5.720142845783918347e+03 1.226447813561483535e+01
5.720295747498831588e+03 1.223791834098417297e+01
5.720448649213743010e+03 9.976253465158075429e+00
5.720601550928656252e+03 9.797353545191214153e+00
5.720754452643568584e+03 1.109389120742211787e+01
5.720907354358480916e+03 1.100884837661406834e+01
5.721060256073394157e+03 1.284378465167509908e+01
5.721213157788306489e+03 7.115084876901231148e+00
5.721366059503218821e+03 8.570492578181037047e+00
5.721518961218131153e+03 1.093161167437870418e+01
5.721671862933044395e+03 1.036450496720722292e+01
5.721824764647956727e+03 9.439030920448621131e+00
5.721977666362869059e+03 9.377805510307055670e+00
5.722130568077782300e+03 9.023985304531096929e+00
5.722283469792694632e+03 8.895091926991181452e+00
5.722436371507606964e+03 8.997938673281264954e+00
5.722589273222520205e+03 1.264738985719200492e+01
5.722742174937431628e+03 1.187258109721353527e+01
5.722895076652344869e+03 1.009354872346006005e+01
5.723047978367258111e+03 1.217600934036057225e+01
5.723200880082169533e+03 1.156459519908053935e+01
5.723353781797082775e+03 1.020347880650750128e+01
5.723506683511995107e+03 9.693964032703258127e+00
5.723659585226907438e+03 1.184640535870411071e+01
5.723812486941820680e+03 9.574457996710210139e+00
5.723965388656733012e+03 1.243527670268105467e+01
5.724118290371645344e+03 1.013494176695993509e+01
5.724271192086557676e+03 8.773139727052541303e+00
5.724424093801470917e+03 7.181857787944323057e+00
5.724576995516383249e+03 1.082711316110469468e+01
5.724729897231295581e+03 9.698901264881374829e+00
5.724882798946207913e+03 9.820930089297972287e+00
5.725035700661121155e+03 8.764656211807428932e+00
5.725188602376033487e+03 1.035140771908736390e+01
5.725341504090945818e+03 1.105319565131799031e+01
5.725494405805858150e+03 8.757009196584085942e+00
5.725647307520771392e+03 1.158181385866287449e+01
5.725800209235683724e+03 1.035792978755108962e+01
5.725953110950596056e+03 1.212251911718344388e+01
5.726106012665509297e+03 9.835229445853892472e+00
5.726258914380421629e+03 6.862649691348405412e+00
5.726411816095333961e+03 9.624428573459020697e+00
5.726564717810247203e+03 1.023617168953517087e+01
5.726717619525158625e+03 1.163534421656077456e+01
5.726870521240071866e+03 7.732979629690643009e+00
5.727023422954985108e+03 8.035759254559769360e+00
5.727176324669896530e+03 1.018200952616915345e+01
5.727329226384809772e+03 9.380821184667690105e+00
5.727482128099722104e+03 9.996664523193089735e+00
5.727635029814634436e+03 1.144863735414765848e+01
5.727787931529547677e+03 1.275631315940303168e+01
5.727940833244460009e+03 9.015399375081001310e+00
5.728093734959372341e+03 1.137214196711517999e+01
5.728246636674284673e+03 1.118253511115211118e+01
5.728399538389197915e+03 9.783846593401115399e+00
5.728552440104110246e+03 9.520808203333414710e+00
5.728705341819022578e+03 5.702738129349206098e+00
5.728858243533935820e+03 7.295644175520195063e+00
5.729011145248848152e+03 1.009138468569583402e+01
5.729164046963760484e+03 8.392635371353463825e+00
5.729316948678673725e+03 8.917297036722713344e+00
5.729469850393585148e+03 1.056532699369346595e+01
5.729622752108498389e+03 1.071169302894275255e+01
5.729775653823411631e+03 1.305120877653479283e+01
5.729928555538323053e+03 9.198539155055133421e+00
5.730081457253236294e+03 7.340389157607216220e+00
5.730234358968148626e+03 9.849513875620731440e+00
5.730387260683060958e+03 6.966889537187174852e+00
5.730540162397974200e+03 9.191478848718450223e+00
5.730693064112886532e+03 1.145284554943899913e+01
5.730845965827798864e+03 9.700784255122083977e+00
5.730998867542711196e+03 1.025311555131640340e+01
5.731151769257624437e+03 1.453786440919731149e+01
5.731304670972536769e+03 1.264052638494791125e+01
5.731457572687449101e+03 1.181565329205716885e+01
5.731610474402362343e+03 1.225750690114662511e+01
5.731763376117274674e+03 1.309855804609762586e+01
5.731916277832187006e+03 1.707041711173817689e+01
5.732069179547099338e+03 1.961522550414239774e+01
5.732222081262011670e+03 2.485423858885186732e+01
5.732374982976924912e+03 2.658080392315489959e+01
5.732527884691837244e+03 3.721012398474265126e+01
5.732680786406749576e+03 3.722094803687399178e+01
5.732833688121662817e+03 3.844640798735495224e+01
5.732986589836575149e+03 4.712404972705732575e+01
5.733139491551487481e+03 4.812131545474020555e+01
5.733292393266400722e+03 5.115083967977687252e+01
5.733445294981312145e+03 5.411810224907981137e+01
5.733598196696225386e+03 5.531930457620821784e+01
5.733751098411138628e+03 5.515852234518712294e+01
5.733904000126050050e+03 5.536394824506435697e+01
5.734056901840963292e+03 5.811130036478555638e+01
5.734209803555875624e+03 5.179347058573563345e+01
5.734362705270787956e+03 5.416467758805801935e+01
5.734515606985701197e+03 4.753113051958236213e+01
5.734668508700613529e+03 4.225322367988371042e+01
5.734821410415525861e+03 3.926510938503695058e+01
5.734974312130438193e+03 3.522653661270206982e+01
5.735127213845351434e+03 2.929729656763467105e+01
5.735280115560263766e+03 2.999501587075021192e+01
5.735433017275176098e+03 2.738240423242918808e+01
5.735585918990089340e+03 2.569192008887695167e+01
5.735738820705001672e+03 2.889672324162482653e+01
5.735891722419914004e+03 2.178766642793923225e+01
5.736044624134827245e+03 2.310026680577217562e+01
5.736197525849738668e+03 2.450536390433294542e+01
5.736350427564651909e+03 2.619330040992211650e+01
5.736503329279565151e+03 3.174518787041861145e+01
5.736656230994476573e+03 3.502743204874906979e+01
5.736809132709389814e+03 3.498239348822087180e+01
5.736962034424302146e+03 4.190233748794435797e+01
5.737114936139214478e+03 4.530028568588412696e+01
5.737267837854127720e+03 4.834676279047324954e+01
5.737420739569040052e+03 5.109331886894619856e+01
5.737573641283952384e+03 5.087753682822582846e+01
5.737726542998864716e+03 5.482284001509943039e+01
5.737879444713777957e+03 5.725388655220967848e+01
5.738032346428690289e+03 5.642390226542683251e+01
5.738185248143602621e+03 5.332929640682926475e+01
5.738338149858515862e+03 5.376720552358224836e+01
5.738491051573428194e+03 4.837273987658508645e+01
5.738643953288340526e+03 4.969041464172037337e+01
5.738796855003253768e+03 4.603902677500966689e+01
5.738949756718165190e+03 3.964817815597702122e+01
5.739102658433078432e+03 3.638426992866565968e+01
5.739255560147991673e+03 2.752364228731804019e+01
5.739408461862903096e+03 2.935531119539560052e+01
5.739561363577816337e+03 2.361613245516729265e+01
5.739714265292728669e+03 2.268241369737110702e+01
5.739867167007641001e+03 2.073675544044774810e+01
5.740020068722554242e+03 1.525160455532771664e+01
5.740172970437465665e+03 1.478746133616752267e+01
5.740325872152378906e+03 1.223007345806135859e+01
5.740478773867292148e+03 1.396340656991502627e+01
5.740631675582203570e+03 1.236372584232951333e+01
5.740784577297116812e+03 1.031884278899399199e+01
5.740937479012029144e+03 9.467177645930716423e+00
5.741090380726941476e+03 8.703647353737869352e+00
5.741243282441854717e+03 1.149070956616452399e+01
5.741396184156767049e+03 8.575688430134935203e+00
5.741549085871679381e+03 1.065575530639024926e+01
5.741701987586591713e+03 1.368315197381633652e+01
5.741854889301504954e+03 9.678852721534619619e+00
5.742007791016417286e+03 1.182403162172399824e+01
5.742160692731329618e+03 1.217692290992878235e+01
5.742313594446242860e+03 8.325269678919553940e+00
5.742466496161155192e+03 7.447816001997153990e+00
5.742619397876067524e+03 1.137930034718255712e+01
5.742772299590980765e+03 9.210647216320488440e+00
5.742925201305892188e+03 8.381502304588627439e+00
5.743078103020805429e+03 1.253547967385291884e+01
5.743231004735718670e+03 1.171220567304041005e+01
5.743383906450630093e+03 8.725024761832889553e+00
5.743536808165543334e+03 6.220935604760721382e+00
5.743689709880455666e+03 1.164320305057308325e+01
5.743842611595367998e+03 9.910769899118557547e+00
5.743995513310281240e+03 9.908632703586386370e+00
5.744148415025193572e+03 1.083072248346848987e+01
5.744301316740105904e+03 9.090194948262286800e+00
5.744454218455018236e+03 8.655779364425271183e+00
5.744607120169931477e+03 8.720205840101387551e+00
5.744760021884843809e+03 1.063158199180497832e+01
5.744912923599756141e+03 1.003054617326025877e+01
5.745065825314669382e+03 1.047764859422776240e+01
5.745218727029581714e+03 9.073242517814925634e+00
5.745371628744494046e+03 8.302597919258698056e+00
5.745524530459407288e+03 9.279357460203723207e+00
5.745677432174318710e+03 7.947305692726784443e+00
5.745830333889231952e+03 8.503751372404781961e+00
5.745983235604145193e+03 1.070648822846700732e+01
5.746136137319056616e+03 1.228303427136657433e+01
5.746289039033969857e+03 8.925480628504470104e+00
5.746441940748882189e+03 9.730010499074545294e+00
5.746594842463794521e+03 1.000356482399901026e+01
5.746747744178707762e+03 1.081214045176408511e+01
5.746900645893620094e+03 1.124172274602654475e+01
5.747053547608532426e+03 9.896043357238308857e+00
5.747206449323445668e+03 1.085143914934237408e+01
5.747359351038357090e+03 8.401195137338977048e+00
5.747512252753270332e+03 1.190656353433158010e+01
5.747665154468182664e+03 9.793211331330100577e+00
5.747818056183094996e+03 8.128459263827066295e+00
5.747970957898008237e+03 7.943814249038424258e+00
5.748123859612920569e+03 1.028549038649794944e+01
5.748276761327832901e+03 1.086197231571472877e+01
5.748429663042745233e+03 1.124711860363386862e+01
5.748582564757658474e+03 1.020981099854731688e+01
5.748735466472570806e+03 9.376970431962098118e+00
5.748888368187483138e+03 1.037812614764674102e+01
5.749041269902396380e+03 1.044777248250880497e+01
5.749194171617308712e+03 8.529382902734125693e+00
5.749347073332221044e+03 8.723041244611257738e+00
5.749499975047134285e+03 1.111858231267066799e+01
5.749652876762045707e+03 7.964611075678643459e+00
5.749805778476958949e+03 7.922830145233918486e+00
5.749958680191872190e+03 8.625994711695092576e+00
5.750111581906783613e+03 9.215122429033486995e+00
5.750264483621696854e+03 7.723019175376959922e+00
5.750417385336609186e+03 9.261969404131464856e+00
5.750570287051521518e+03 1.180101408161158361e+01
5.750723188766434760e+03 9.265257218199280942e+00
5.750876090481347092e+03 1.174931034852927958e+01
5.751028992196259424e+03 1.063764879500191540e+01
5.751181893911171755e+03 9.490234770222729210e+00
5.751334795626084997e+03 9.377042539486232897e+00
5.751487697340997329e+03 1.107017763803030874e+01
5.751640599055909661e+03 7.213351055603933304e+00
5.751793500770822902e+03 1.144061989192326756e+01
5.751946402485735234e+03 1.073478636460556146e+01
5.752099304200647566e+03 9.605240549461550259e+00
5.752252205915560808e+03 9.104215553584763754e+00
5.752405107630472230e+03 1.143619223027567600e+01
5.752558009345385472e+03 1.408131898568086982e+01
5.752710911060298713e+03 6.849951854976263022e+00
5.752863812775210135e+03 1.126050527652584954e+01
5.753016714490123377e+03 1.047648126112670930e+01
5.753169616205035709e+03 1.078927855857778262e+01
5.753322517919948041e+03 1.063783404180353820e+01
5.753475419634861282e+03 9.150532739050776243e+00
5.753628321349773614e+03 7.134813807632975013e+00
5.753781223064685946e+03 9.183243327771128506e+00
5.753934124779598278e+03 8.361863035935956034e+00
5.754087026494511520e+03 9.493866483405989598e+00
5.754239928209423852e+03 9.816283539457192120e+00
5.754392829924336183e+03 1.087826637448180200e+01
5.754545731639249425e+03 1.146869692950664188e+01
5.754698633354161757e+03 7.843173280978502859e+00
5.754851535069074089e+03 1.046586709979177421e+01
5.755004436783987330e+03 5.561317662972433240e+00
5.755157338498898753e+03 1.001348482092476289e+01
5.755310240213811994e+03 1.222057363954188247e+01
5.755463141928724326e+03 7.856135902307705976e+00
5.755616043643636658e+03 1.107731878166142003e+01
5.755768945358549900e+03 1.111771535985357495e+01
5.755921847073462231e+03 1.083933851404070481e+01
5.756074748788374563e+03 7.845018422663335045e+00
5.756227650503287805e+03 1.078709910140935868e+01
5.756380552218199227e+03 1.147473268919822686e+01
5.756533453933112469e+03 8.210669244884250872e+00
5.756686355648025710e+03 8.311312079346162562e+00
5.756839257362937133e+03 1.363444728464883582e+01
5.756992159077850374e+03 1.066228294433859780e+01
5.757145060792762706e+03 1.387896811074221048e+01
5.757297962507675038e+03 9.385627438805769884e+00
5.757450864222588280e+03 1.147730842874730506e+01
5.757603765937500611e+03 1.235953129803769812e+01
5.757756667652412943e+03 1.033222159160172815e+01
5.757909569367325275e+03 1.128518106775183938e+01
5.758062471082238517e+03 7.377342013333957560e+00
5.758215372797150849e+03 9.695817740374920390e+00
5.758368274512063181e+03 1.005440553950931104e+01
5.758521176226976422e+03 1.059266031789268681e+01
5.758674077941888754e+03 1.268411415421432231e+01
5.758826979656801086e+03 9.126306847573784964e+00
