1.039512767999999960e+04 9.744045608756492172e+00
1.039540589546666706e+04 1.030399099672803587e+01
1.039568411093333270e+04 9.843374398036459638e+00
1.039596232639999835e+04 9.900205962892263400e+00
1.039624054186666581e+04 9.599504900170474642e+00
1.039651875733333145e+04 1.022938968123329317e+01
1.039679697279999891e+04 1.106288830593403993e+01
1.039707518826666637e+04 1.034025628043209011e+01
1.039735340373333202e+04 1.010127544571520453e+01
1.039763161919999948e+04 9.257909356862535688e+00
1.039790983466666694e+04 9.589379134202982158e+00
1.039818805013333258e+04 1.065653813260074223e+01
1.039846626560000004e+04 9.931748930257654706e+00
1.039874448106666568e+04 1.036514528622527287e+01
1.039902269653333133e+04 8.931354086519553093e+00
1.039930091199999879e+04 9.559341500767240873e+00
1.039957912746666625e+04 1.000652864601992853e+01
1.039985734293333189e+04 9.641520238233905360e+00
1.040013555839999935e+04 1.058971915382805307e+01
1.040041377386666682e+04 1.006168145123047353e+01
1.040069198933333246e+04 1.011245497713555253e+01
1.040097020479999992e+04 1.031189836510707813e+01
1.040124842026666556e+04 1.004519617689613931e+01
1.040152663573333302e+04 9.816074798353268349e+00
1.040180485119999867e+04 9.553674162365528133e+00
1.040208306666666431e+04 1.028538881624390910e+01
1.040236128213333177e+04 1.106732530472673126e+01
1.040263949759999923e+04 1.029288283165419671e+01
1.040291771306666487e+04 1.006982966398589419e+01
1.040319592853333234e+04 9.473176608376050467e+00
1.040347414399999980e+04 9.859062294163468465e+00
1.040375235946666544e+04 1.041721279998095007e+01
1.040403057493333290e+04 9.980228751062742987e+00
1.040430879039999854e+04 9.273509917740435426e+00
1.040458700586666600e+04 9.452266650425794836e+00
1.040486522133333165e+04 9.387255622839285607e+00
1.040514343679999911e+04 1.052906892295249364e+01
1.040542165226666475e+04 9.430042520717924148e+00
1.040569986773333221e+04 9.658045922995757593e+00
1.040597808319999967e+04 9.853723457960523291e+00
1.040625629866666532e+04 1.029232316892112387e+01
1.040653451413333278e+04 9.156857837265803823e+00
1.040681272960000024e+04 1.024848396423823793e+01
1.040709094506666588e+04 1.039296668959966041e+01
1.040736916053333152e+04 9.703752344732750501e+00
1.040764737599999899e+04 9.671297430089934366e+00
1.040792559146666463e+04 9.624973110096368245e+00
1.040820380693333209e+04 9.821771974698808805e+00
1.040848202239999955e+04 9.895543114952475960e+00
1.040876023786666519e+04 1.007561446056310572e+01
1.040903845333333265e+04 9.121043108808091660e+00
1.040931666880000012e+04 1.049640492346074439e+01
1.040959488426666576e+04 9.613910851753773912e+00
1.040987309973333322e+04 9.780233714229838782e+00
1.041015131519999886e+04 9.762520695354856670e+00
1.041042953066666450e+04 9.881313861329724446e+00
1.041070774613333197e+04 9.376861166259953251e+00
1.041098596159999943e+04 1.013123647481388190e+01
1.041126417706666507e+04 1.053360892617259559e+01
1.041154239253333253e+04 1.031747627138508427e+01
1.041182060799999999e+04 1.001352448340236556e+01
1.041209882346666564e+04 1.011948890217338892e+01
1.041237703893333310e+04 1.011135810357296805e+01
1.041265525439999874e+04 1.032543242174521225e+01
1.041293346986666620e+04 9.948614240102118700e+00
1.041321168533333184e+04 9.785754680034786546e+00
1.041348990079999930e+04 9.856441470836104557e+00
1.041376811626666495e+04 1.023768617469447051e+01
1.041404633173333241e+04 9.822744807292490776e+00
1.041432454719999987e+04 1.033861610142909981e+01
1.041460276266666551e+04 9.193979017829015277e+00
1.041488097813333297e+04 9.408624106111343366e+00
1.041515919360000044e+04 1.003826561248625637e+01
1.041543740906666608e+04 1.005574715997000901e+01
1.041571562453333172e+04 9.791048040500593075e+00
1.041599383999999918e+04 1.006156616536246418e+01
1.041627205546666482e+04 1.008396046057764472e+01
1.041655027093333229e+04 9.650423162327516735e+00
1.041682848639999793e+04 9.536567627732209118e+00
1.041710670186666539e+04 9.053277006904316693e+00
1.041738491733333285e+04 1.035346629226808624e+01
1.041766313279999849e+04 1.051270425915840967e+01
1.041794134826666595e+04 1.037536606592811772e+01
1.041821956373333342e+04 9.283279163579186033e+00
1.041849777919999906e+04 1.014682493436106903e+01
1.041877599466666470e+04 1.042336403309919568e+01
1.041905421013333216e+04 9.745550416934886329e+00
1.041933242559999780e+04 9.965228741537492496e+00
1.041961064106666527e+04 9.736626284509398488e+00
1.041988885653333273e+04 1.045959096683339595e+01
1.042016707199999837e+04 9.495046101828483742e+00
1.042044528746666583e+04 9.853706623195249037e+00
1.042072350293333329e+04 1.046193183976278362e+01
1.042100171839999894e+04 1.044166220055894811e+01
1.042127993386666640e+04 9.598092115710208816e+00
1.042155814933333204e+04 1.004913912897502826e+01
1.042183636479999768e+04 9.782903539443184471e+00
1.042211458026666514e+04 1.013457312949598510e+01
1.042239279573333260e+04 1.006835542635959335e+01
1.042267101119999825e+04 9.828951175102304205e+00
1.042294922666666571e+04 1.065485755728480655e+01
1.042322744213333317e+04 1.073454457316732302e+01
1.042350565759999881e+04 1.035290674581749926e+01
1.042378387306666627e+04 1.008328614540571166e+01
1.042406208853333192e+04 1.063106733047924912e+01
1.042434030399999938e+04 1.093540566060030450e+01
1.042461851946666502e+04 1.157890657493614839e+01
1.042489673493333248e+04 1.207061855224680436e+01
1.042517495039999812e+04 1.130523582818886474e+01
1.042545316586666559e+04 1.193317100445341694e+01
1.042573138133333305e+04 1.265279871912769849e+01
1.042600959679999869e+04 1.262789814121371279e+01
1.042628781226666615e+04 1.345670327565324165e+01
1.042656602773333361e+04 1.317824417646863999e+01
1.042684424319999926e+04 1.430837762143141489e+01
1.042712245866666490e+04 1.465786240901588755e+01
1.042740067413333236e+04 1.509034212573853395e+01
1.042767888959999800e+04 1.575490087176893717e+01
1.042795710506666546e+04 1.661487833167929296e+01
1.042823532053333292e+04 1.732269387565088792e+01
1.042851353599999857e+04 1.923567745475686408e+01
1.042879175146666603e+04 2.008257716556214234e+01
1.042906996693333349e+04 2.066242052881469604e+01
1.042934818239999913e+04 2.165329710423786835e+01
1.042962639786666659e+04 2.245625021171007418e+01
1.042990461333333224e+04 2.325310817423157062e+01
1.043018282879999788e+04 2.515102041041431136e+01
1.043046104426666534e+04 2.609755906358308764e+01
1.043073925973333098e+04 2.712825732274007962e+01
1.043101747519999844e+04 2.800276417296035802e+01
1.043129569066666591e+04 2.920897431745506623e+01
1.043157390613333155e+04 2.984661905246744240e+01
1.043185212159999901e+04 3.133819666259557124e+01
1.043213033706666647e+04 3.114130601847799795e+01
1.043240855253333211e+04 3.177671183527338528e+01
1.043268676799999957e+04 3.272238942714609777e+01
1.043296498346666522e+04 3.290456511227190362e+01
1.043324319893333086e+04 3.267127642654338615e+01
1.043352141439999832e+04 3.346298987265938507e+01
1.043379962986666578e+04 3.375134990618906983e+01
1.043407784533333142e+04 3.405924070704939055e+01
1.043435606079999889e+04 3.423107254674275168e+01
1.043463427626666635e+04 3.316601648099635469e+01
1.043491249173333199e+04 3.353137192808151923e+01
1.043519070719999945e+04 3.323310413266900554e+01
1.043546892266666509e+04 3.346816149725078304e+01
1.043574713813333256e+04 3.385277530632355791e+01
1.043602535359999820e+04 3.250106477970596330e+01
1.043630356906666566e+04 3.275073433784989163e+01
1.043658178453333130e+04 3.248289396171647780e+01
1.043685999999999876e+04 3.302798817085354699e+01
1.043713821546666622e+04 3.203479721903599398e+01
1.043741643093333187e+04 3.298402974650569064e+01
1.043769464639999933e+04 3.283091786995087347e+01
1.043797286186666679e+04 3.283180679756174669e+01
1.043825107733333243e+04 3.241088366700316215e+01
1.043852929279999807e+04 3.345786031956252060e+01
1.043880750826666554e+04 3.351999026849728835e+01
1.043908572373333118e+04 3.358346304259557513e+01
1.043936393919999864e+04 3.442827599982739173e+01
1.043964215466666610e+04 3.343264620037946599e+01
1.043992037013333174e+04 3.386487720208538121e+01
1.044019858559999921e+04 3.345244904921475637e+01
1.044047680106666667e+04 3.285456706468626464e+01
1.044075501653333231e+04 3.241488598475950056e+01
1.044103323199999977e+04 3.241627633356046090e+01
1.044131144746666541e+04 3.268413220830128552e+01
1.044158966293333106e+04 3.149414654243186718e+01
1.044186787839999852e+04 2.975833457619982525e+01
1.044214609386666598e+04 2.994658349783657059e+01
1.044242430933333162e+04 2.889474959289347922e+01
1.044270252479999908e+04 2.783048683442969917e+01
1.044298074026666654e+04 2.762015716522492070e+01
1.044325895573333219e+04 2.491783482294411911e+01
1.044353717119999965e+04 2.537694044378240577e+01
1.044381538666666529e+04 2.408506591324223933e+01
1.044409360213333275e+04 2.242479827685698268e+01
1.044437181759999839e+04 2.061602413846345172e+01
1.044465003306666404e+04 2.054399035776879145e+01
1.044492824853333150e+04 1.907058447773048115e+01
1.044520646399999896e+04 1.839676130195172732e+01
1.044548467946666460e+04 1.770349957941663632e+01
1.044576289493333206e+04 1.726219444665012048e+01
1.044604111039999952e+04 1.554249793902827825e+01
1.044631932586666517e+04 1.424381986150658719e+01
1.044659754133333263e+04 1.357344592347032908e+01
1.044687575679999827e+04 1.387012866625906149e+01
1.044715397226666573e+04 1.329061480572054776e+01
1.044743218773333138e+04 1.294728547059714252e+01
1.044771040319999884e+04 1.211357154081504639e+01
1.044798861866666448e+04 1.211850983086331723e+01
1.044826683413333194e+04 1.102092813159253737e+01
1.044854504959999940e+04 1.154258907336559403e+01
1.044882326506666504e+04 1.142999095980516167e+01
1.044910148053333251e+04 1.040567000176151957e+01
1.044937969599999997e+04 1.046656462157679890e+01
1.044965791146666561e+04 1.002414007798359386e+01
1.044993612693333125e+04 1.054090996902075439e+01
1.045021434239999871e+04 1.044773324458688002e+01
1.045049255786666436e+04 1.026032147884579260e+01
1.045077077333333182e+04 9.736929802123201583e+00
1.045104898879999928e+04 1.021698282870279151e+01
1.045132720426666492e+04 1.031637168909944435e+01
1.045160541973333238e+04 1.016029612789830594e+01
1.045188363519999984e+04 1.021090530454399570e+01
1.045216185066666549e+04 1.025481163291348707e+01
1.045244006613333295e+04 1.006291402359354237e+01
1.045271828159999859e+04 9.676035886692698540e+00
1.045299649706666423e+04 9.578082378064333824e+00
1.045327471253333169e+04 9.677487864531428841e+00
1.045355292799999916e+04 9.903726346668991098e+00
1.045383114346666480e+04 1.012235112824327921e+01
1.045410935893333226e+04 1.007455398396634294e+01
1.045438757439999972e+04 9.117244603444680351e+00
1.045466578986666536e+04 9.627572525059759911e+00
1.045494400533333283e+04 1.052881056251225900e+01
1.045522222079999847e+04 1.072433863643267138e+01
1.045550043626666593e+04 9.738970278661991387e+00
1.045577865173333157e+04 9.816191190789467669e+00
1.045605686719999903e+04 9.578286362562399958e+00
1.045633508266666468e+04 9.486216534550854007e+00
1.045661329813333214e+04 9.939759927444987042e+00
1.045689151359999960e+04 9.834267942525155348e+00
1.045716972906666524e+04 9.661518930278077733e+00
1.045744794453333270e+04 9.491338523278335160e+00
1.045772615999999834e+04 1.088644954094304040e+01
1.045800437546666581e+04 1.009366211275078484e+01
1.045828259093333145e+04 9.970043293014120067e+00
1.045856080639999891e+04 8.892414222388367762e+00
1.045883902186666455e+04 1.002619551854317592e+01
1.045911723733333201e+04 1.058380571105898227e+01
1.045939545279999766e+04 1.049543387070387723e+01
1.045967366826666512e+04 1.047928823697416334e+01
1.045995188373333258e+04 1.070848539726422288e+01
1.046023009919999822e+04 1.012663161697871494e+01
1.046050831466666568e+04 1.010966549639324796e+01
1.046078653013333314e+04 1.013953249442416649e+01
1.046106474559999879e+04 9.631879626793278248e+00
1.046134296106666443e+04 9.886954882430075031e+00
1.046162117653333189e+04 1.037697679313080812e+01
1.046189939199999753e+04 9.036375211583193234e+00
1.046217760746666499e+04 9.769441097006595243e+00
1.046245582293333246e+04 1.023834897908525754e+01
1.046273403839999810e+04 9.845513268181134592e+00
1.046301225386666556e+04 9.706611502449415951e+00
1.046329046933333302e+04 9.516808582765476032e+00
1.046356868479999866e+04 1.018922599417824415e+01
1.046384690026666613e+04 9.513297562044863653e+00
1.046412511573333177e+04 9.891900358733440868e+00
1.046440333119999741e+04 9.814232438124440350e+00
1.046468154666666487e+04 9.376543411133138051e+00
1.046495976213333233e+04 9.136314799053998570e+00
1.046523797759999798e+04 9.874105087319058782e+00
1.046551619306666544e+04 9.361861357061465938e+00
1.046579440853333290e+04 1.004074508544524669e+01
1.046607262399999854e+04 9.659816292339872490e+00
1.046635083946666600e+04 9.749502714066228037e+00
1.046662905493333164e+04 1.036360306063324721e+01
1.046690727039999911e+04 9.886179816967390011e+00
1.046718548586666475e+04 1.118915876226097517e+01
1.046746370133333221e+04 9.756303050447307612e+00
1.046774191679999785e+04 1.047991161283938588e+01
1.046802013226666531e+04 1.018541800748589132e+01
1.046829834773333278e+04 9.307299350398025695e+00
1.046857656319999842e+04 1.041862818870773033e+01
1.046885477866666588e+04 9.961741005213109901e+00
1.046913299413333334e+04 9.729057762360035611e+00
1.046941120959999898e+04 1.013914609992127680e+01
1.046968942506666463e+04 9.594204334099588394e+00
1.046996764053333209e+04 1.012830293014879146e+01
1.047024585599999773e+04 9.902321153736300730e+00
1.047052407146666519e+04 9.449022762074898552e+00
1.047080228693333265e+04 1.039925550103043328e+01
1.047108050239999830e+04 9.931968270513298336e+00
1.047135871786666576e+04 9.562214551918806649e+00
1.047163693333333322e+04 1.014411917562544652e+01
1.047191514879999886e+04 9.749615166668840871e+00
1.047219336426666632e+04 9.715851851282105045e+00
1.047247157973333196e+04 9.652148922991806046e+00
1.047274979519999761e+04 9.651907367751279665e+00
1.047302801066666507e+04 1.051825739186532260e+01
1.047330622613333071e+04 9.401002010867340886e+00
1.047358444159999817e+04 9.286911080971576027e+00
1.047386265706666563e+04 9.633421098581543163e+00
1.047414087253333128e+04 1.064553245604925280e+01
1.047441908799999874e+04 9.839612758495057676e+00
1.047469730346666620e+04 1.025414132224753416e+01
1.047497551893333184e+04 9.286638994204372111e+00
1.047525373439999930e+04 1.034794642572492940e+01
1.047553194986666495e+04 1.030101486923303256e+01
1.047581016533333059e+04 1.025549708111675962e+01
1.047608838079999805e+04 1.004370631091263988e+01
1.047636659626666551e+04 1.011891264025685366e+01
1.047664481173333115e+04 1.001149874023934672e+01
1.047692302719999861e+04 1.077836065685079880e+01
1.047720124266666608e+04 1.010545486363114520e+01
1.047747945813333172e+04 1.002740046808786545e+01
1.047775767359999918e+04 9.325694933247232754e+00
1.047803588906666482e+04 1.004958644779103771e+01
1.047831410453333228e+04 1.069449186562405529e+01
1.047859231999999793e+04 1.041724760470742872e+01
