7.959520506910305812e+03 8.890619510837625583e+00
7.959733535723461500e+03 8.894103941661876789e+00
7.959946564536617188e+03 9.657052385137259165e+00
7.960159593349772877e+03 1.036242232161071186e+01
7.960372622162928565e+03 9.622624817782433837e+00
7.960585650976084253e+03 9.082117858211773864e+00
7.960798679789239941e+03 9.296151600059097575e+00
7.961011708602396538e+03 1.079950951513870905e+01
7.961224737415551317e+03 1.065683441156062905e+01
7.961437766228707005e+03 1.064215591169537056e+01
7.961650795041863603e+03 1.044962568200739383e+01
7.961863823855018381e+03 9.982480593480202558e+00
7.962076852668174979e+03 9.757221291311360289e+00
7.962289881481330667e+03 1.045183721477765637e+01
7.962502910294486355e+03 9.334534021234395240e+00
7.962715939107642043e+03 9.391314306668283152e+00
7.962928967920797731e+03 9.562573194815433553e+00
7.963141996733953420e+03 1.072517281193709948e+01
7.963355025547109108e+03 1.047681257145341505e+01
7.963568054360265705e+03 1.034676822736466129e+01
7.963781083173420484e+03 1.010523169279675137e+01
7.963994111986576172e+03 9.126881389693865643e+00
7.964207140799732770e+03 9.748761985914407902e+00
7.964420169612887548e+03 9.774547036860553817e+00
7.964633198426044146e+03 1.002335286698417427e+01
7.964846227239198925e+03 1.052923437685587515e+01
7.965059256052354613e+03 1.063448758951981077e+01
7.965272284865511210e+03 1.048999898146785448e+01
7.965485313678665989e+03 9.705040171649383041e+00
7.965698342491822586e+03 1.033075225910337913e+01
7.965911371304978275e+03 1.063621039193248841e+01
7.966124400118133963e+03 9.631502160672329893e+00
7.966337428931289651e+03 9.299133966995661638e+00
7.966550457744445339e+03 9.588085283980250395e+00
7.966763486557601027e+03 9.187195798674776981e+00
7.966976515370756715e+03 9.876858527090693229e+00
7.967189544183913313e+03 1.019876217977081723e+01
7.967402572997068091e+03 1.050608773193499168e+01
7.967615601810223779e+03 9.834273482106162589e+00
7.967828630623380377e+03 9.384275929303628416e+00
7.968041659436535156e+03 1.011699149942839604e+01
7.968254688249691753e+03 9.319597843186775421e+00
7.968467717062847441e+03 8.693258553795219612e+00
7.968680745876003130e+03 9.579829499973465445e+00
7.968893774689158818e+03 9.272483199096507533e+00
7.969106803502314506e+03 9.864499996352339650e+00
7.969319832315470194e+03 1.066757235718742614e+01
7.969532861128625882e+03 9.866776909483627733e+00
7.969745889941782480e+03 9.932424787595172333e+00
7.969958918754937258e+03 1.052512274677756920e+01
7.970171947568092946e+03 1.019514104758466466e+01
7.970384976381249544e+03 1.087540383204713734e+01
7.970598005194404323e+03 1.029664281200773779e+01
7.970811034007560920e+03 1.059165993005854745e+01
7.971024062820716608e+03 9.207441336515136854e+00
7.971237091633871387e+03 1.040062261250874265e+01
7.971450120447027984e+03 1.050925062051961056e+01
7.971663149260183673e+03 9.825846755324127102e+00
7.971876178073339361e+03 9.260214917423176928e+00
7.972089206886495049e+03 9.526259060159162573e+00
7.972302235699651646e+03 1.153664474728998535e+01
7.972515264512806425e+03 1.186139329683813415e+01
7.972728293325962113e+03 1.024430335204525733e+01
7.972941322139118711e+03 9.297921437616684770e+00
7.973154350952273489e+03 1.033669937268834715e+01
7.973367379765430087e+03 1.022953456417545581e+01
7.973580408578585775e+03 1.064542839093169313e+01
7.973793437391740554e+03 9.612049097017425936e+00
7.974006466204897151e+03 9.864439935805449977e+00
7.974219495018052839e+03 9.960448933414950190e+00
7.974432523831208528e+03 1.110938779199522664e+01
7.974645552644364216e+03 1.071682202789413374e+01
7.974858581457520813e+03 9.567798787088452883e+00
7.975071610270675592e+03 8.494674344232819863e+00
7.975284639083831280e+03 1.085587699243178150e+01
7.975497667896987878e+03 1.100788036532218150e+01
7.975710696710142656e+03 9.316217407423742713e+00
7.975923725523299254e+03 9.380982068183154610e+00
7.976136754336454032e+03 1.012909727816498950e+01
7.976349783149609721e+03 9.577927027212767896e+00
7.976562811962766318e+03 9.662215994050736612e+00
7.976775840775921097e+03 9.394397788631463797e+00
7.976988869589077694e+03 9.024818705753190784e+00
7.977201898402233383e+03 9.400892179537438054e+00
7.977414927215388161e+03 8.650741776927109328e+00
7.977627956028544759e+03 9.973960818497973335e+00
7.977840984841700447e+03 1.054090703189913469e+01
7.978054013654856135e+03 1.037612539367052733e+01
7.978267042468011823e+03 1.051050729423620922e+01
7.978480071281168421e+03 9.029507149409322864e+00
7.978693100094323199e+03 1.084703635122816934e+01
7.978906128907478887e+03 9.235885319639280056e+00
7.979119157720635485e+03 9.632864168401098937e+00
7.979332186533790264e+03 1.074281179946100195e+01
7.979545215346946861e+03 9.210879655683404721e+00
7.979758244160102549e+03 1.051199542578891766e+01
7.979971272973257328e+03 9.231116573514697166e+00
7.980184301786413926e+03 9.664489664364255717e+00
7.980397330599569614e+03 1.063998845262812054e+01
7.980610359412725302e+03 1.010681183303651487e+01
7.980823388225880990e+03 1.074045902969645816e+01
7.981036417039037588e+03 1.014923851369556118e+01
7.981249445852192366e+03 9.015636989384411493e+00
7.981462474665348054e+03 9.650922773113192576e+00
7.981675503478504652e+03 1.061297099009078693e+01
7.981888532291659430e+03 9.713976282395421435e+00
7.982101561104816028e+03 9.618893351705711581e+00
7.982314589917971716e+03 9.694863943106486914e+00
7.982527618731126495e+03 1.098789991566881596e+01
7.982740647544283092e+03 1.053188246982253418e+01
7.982953676357438781e+03 9.652463702670985413e+00
7.983166705170594469e+03 9.410715351061833545e+00
7.983379733983750157e+03 9.779862786217814019e+00
7.983592762796906754e+03 9.575999439868180474e+00
7.983805791610061533e+03 1.106231583075050118e+01
7.984018820423217221e+03 9.181121974282408615e+00
7.984231849236373819e+03 9.796659290854805135e+00
7.984444878049528597e+03 1.129527398139816796e+01
7.984657906862685195e+03 9.605762558404043361e+00
7.984870935675840883e+03 9.687897357111770802e+00
7.985083964488995662e+03 1.025472249445979855e+01
7.985296993302152259e+03 9.868990033006021179e+00
7.985510022115307947e+03 9.894461721231209594e+00
7.985723050928463636e+03 8.665312281891837998e+00
7.985936079741619324e+03 1.115428409387346242e+01
7.986149108554774102e+03 1.088385650912270819e+01
7.986362137367930700e+03 1.115858442073465540e+01
7.986575166181086388e+03 1.212542178757622580e+01
7.986788194994242076e+03 1.311649490456393785e+01
7.987001223807397764e+03 1.491965016746972417e+01
7.987214252620554362e+03 1.894283233870933358e+01
7.987427281433709140e+03 2.099731619683301886e+01
7.987640310246864829e+03 2.777198638245826245e+01
7.987853339060021426e+03 3.137805993548735373e+01
7.988066367873176205e+03 3.767175414084763929e+01
7.988279396686332802e+03 3.979126610796915742e+01
7.988492425499488490e+03 4.188945028749041199e+01
7.988705454312643269e+03 4.214408839987853383e+01
7.988918483125799867e+03 3.921413780752111933e+01
7.989131511938955555e+03 3.599436738719494855e+01
7.989344540752111243e+03 3.066804011765707827e+01
7.989557569565266931e+03 2.650504189236231412e+01
7.989770598378423529e+03 2.175748161728552432e+01
7.989983627191578307e+03 1.765139120775541670e+01
7.990196656004733995e+03 1.619846380394969643e+01
7.990409684817890593e+03 1.282247640057848237e+01
7.990622713631045372e+03 1.133421597301361672e+01
7.990835742444201969e+03 1.007233798347455789e+01
7.991048771257357657e+03 9.584992823490127378e+00
7.991261800070512436e+03 1.002940765490626163e+01
7.991474828883669034e+03 1.008611558609625902e+01
7.991687857696824722e+03 1.029549422186941676e+01
7.991900886509980410e+03 1.014381989529545436e+01
7.992113915323136098e+03 1.097529340742726767e+01
7.992326944136291786e+03 1.146801611259851406e+01
7.992539972949447474e+03 1.297716960803448494e+01
7.992753001762603162e+03 1.367598190822491055e+01
7.992966030575759760e+03 1.777989007110474873e+01
7.993179059388914538e+03 2.085187651825030031e+01
7.993392088202071136e+03 2.535775060592751373e+01
7.993605117015226824e+03 3.046543617158869210e+01
7.993818145828381603e+03 3.618951523084766819e+01
7.994031174641538200e+03 4.027490231006167676e+01
7.994244203454693888e+03 4.198148483208414206e+01
7.994457232267849577e+03 4.267960875759121819e+01
7.994670261081005265e+03 4.089901117902073935e+01
7.994883289894160953e+03 3.611669899130625794e+01
7.995096318707316641e+03 3.113881169630647605e+01
7.995309347520472329e+03 2.731766395274770431e+01
7.995522376333628927e+03 2.221319310953880333e+01
7.995735405146783705e+03 1.823041628532319436e+01
7.995948433959940303e+03 1.592245993188237208e+01
7.996161462773095991e+03 1.383308423994925640e+01
7.996374491586250770e+03 1.220523036537626638e+01
7.996587520399407367e+03 1.044104268075615849e+01
7.996800549212563055e+03 9.520680183838674537e+00
7.997013578025718743e+03 1.041966973785146422e+01
7.997226606838874432e+03 1.072036420583742711e+01
7.997439635652029210e+03 9.675476720126464869e+00
7.997652664465185808e+03 9.406098205300645887e+00
7.997865693278341496e+03 8.627145407401897614e+00
7.998078722091497184e+03 9.849564418907466035e+00
7.998291750904652872e+03 9.609678660839588105e+00
7.998504779717808560e+03 1.027625308472523002e+01
7.998717808530964248e+03 1.006766023151725165e+01
7.998930837344119936e+03 1.049483915338219120e+01
7.999143866157276534e+03 9.661342057439913589e+00
7.999356894970431313e+03 1.033779931918989980e+01
7.999569923783587910e+03 1.121095991071716114e+01
7.999782952596743598e+03 1.059969007631680071e+01
7.999995981409898377e+03 9.789193441516506056e+00
8.000209010223054975e+03 1.074463681629110923e+01
8.000422039036210663e+03 9.059589118964346710e+00
8.000635067849366351e+03 1.025234139785756327e+01
8.000848096662522039e+03 1.012361255042213770e+01
8.001061125475677727e+03 9.351358043602512993e+00
8.001274154288833415e+03 1.083394760330532236e+01
8.001487183101989103e+03 1.065405465880893843e+01
8.001700211915145701e+03 9.400563858854580346e+00
8.001913240728300480e+03 1.083174205719064176e+01
8.002126269541456168e+03 9.990877806916039106e+00
8.002339298354612765e+03 1.039288795832110068e+01
8.002552327167767544e+03 9.494917002861662070e+00
8.002765355980924141e+03 1.011343895316510277e+01
8.002978384794079830e+03 1.024838997021831055e+01
8.003191413607235518e+03 1.018250852676571583e+01
8.003404442420391206e+03 9.804613109976969554e+00
8.003617471233546894e+03 1.026648698307911722e+01
8.003830500046702582e+03 9.141739151665968066e+00
8.004043528859858270e+03 1.015217489171986998e+01
8.004256557673014868e+03 1.016551489392454855e+01
8.004469586486169646e+03 9.755736094457693852e+00
8.004682615299325334e+03 9.520403803639803542e+00
8.004895644112481932e+03 8.664944972885820107e+00
8.005108672925636711e+03 9.171241672440110904e+00
8.005321701738793308e+03 1.020008643544806581e+01
8.005534730551948996e+03 1.066091965327271929e+01
8.005747759365104685e+03 1.032449369629137514e+01
8.005960788178260373e+03 1.031472208889266540e+01
8.006173816991416061e+03 1.052119788892744623e+01
8.006386845804571749e+03 1.094404969470591027e+01
8.006599874617727437e+03 1.015328303169109958e+01
8.006812903430884035e+03 8.554486615229709656e+00
8.007025932244038813e+03 9.661261232980745461e+00
8.007238961057194501e+03 9.238160353473158892e+00
8.007451989870350189e+03 1.048650192460315544e+01
8.007665018683505878e+03 1.072959190483770264e+01
8.007878047496662475e+03 1.007199333753414550e+01
8.008091076309817254e+03 1.054809991300612104e+01
8.008304105122972942e+03 1.012821729295740170e+01
8.008517133936129540e+03 9.284627487318314110e+00
8.008730162749284318e+03 1.017771574912632104e+01
8.008943191562440916e+03 1.026859885236601322e+01
8.009156220375596604e+03 9.140234630354093781e+00
8.009369249188752292e+03 8.429926521560570762e+00
8.009582278001907980e+03 1.034233387691987538e+01
8.009795306815063668e+03 9.234192392740414590e+00
8.010008335628219356e+03 9.865575240744259844e+00
8.010221364441375044e+03 9.753424508096271595e+00
8.010434393254531642e+03 9.509741733271006581e+00
8.010647422067686421e+03 1.076938769802178442e+01
8.010860450880842109e+03 9.331687609064912792e+00
8.011073479693998706e+03 9.345054662503748943e+00
8.011286508507153485e+03 1.015798964022490125e+01
8.011499537320310083e+03 1.043824930830249897e+01
8.011712566133465771e+03 1.043729446441403219e+01
8.011925594946620549e+03 1.012166725525046118e+01
8.012138623759777147e+03 9.326676698496923379e+00
8.012351652572932835e+03 9.401067513434925971e+00
8.012564681386088523e+03 1.031871084637528035e+01
8.012777710199244211e+03 1.047654276246234417e+01
8.012990739012400809e+03 9.942106168229969398e+00
8.013203767825555587e+03 9.671369912300361804e+00
8.013416796638711276e+03 1.101189372054673754e+01
8.013629825451867873e+03 9.643622104706498277e+00
8.013842854265022652e+03 7.886381005658962273e+00
8.014055883078179249e+03 1.067953873306465162e+01
8.014268911891334938e+03 1.007090297050589811e+01
8.014481940704489716e+03 9.267974822844221805e+00
8.014694969517646314e+03 9.343836061832668349e+00
8.014907998330802002e+03 1.039885744659426692e+01
8.015121027143957690e+03 1.029219106798275973e+01
8.015334055957113378e+03 1.013207911797321970e+01
8.015547084770269976e+03 1.035194759096476602e+01
8.015760113583424754e+03 1.077367599346496796e+01
8.015973142396580442e+03 9.878199125422222338e+00
8.016186171209737040e+03 8.920290619740658400e+00
8.016399200022891819e+03 9.199711259951715903e+00
8.016612228836048416e+03 9.385585974605838544e+00
8.016825257649204104e+03 1.095563085170323347e+01
8.017038286462358883e+03 1.013536092618546114e+01
8.017251315275515481e+03 9.856368278343367706e+00
8.017464344088671169e+03 1.126996153081531560e+01
8.017677372901826857e+03 1.012080157857208462e+01
8.017890401714982545e+03 1.008557437689210623e+01
8.018103430528139143e+03 1.026820461335523582e+01
8.018316459341293921e+03 1.087344960520853299e+01
8.018529488154449609e+03 9.670110008244154898e+00
8.018742516967605297e+03 1.073829128277456668e+01
8.018955545780760986e+03 1.040010616695250789e+01
8.019168574593917583e+03 9.861600242029361141e+00
8.019381603407072362e+03 1.044177312303421168e+01
8.019594632220228050e+03 9.899513635089920882e+00
8.019807661033384647e+03 9.530347393991675631e+00
8.020020689846539426e+03 9.793411133514394962e+00
8.020233718659696024e+03 9.938786321167478732e+00
8.020446747472851712e+03 1.096966221208271719e+01
8.020659776286006490e+03 9.675903623102746209e+00
8.020872805099163088e+03 9.480184340217984840e+00
8.021085833912318776e+03 8.763184644241244214e+00
8.021298862725474464e+03 1.047999280201283590e+01
8.021511891538630152e+03 9.941826064176524369e+00
8.021724920351786750e+03 9.871285941246320306e+00
8.021937949164941529e+03 9.701296266614599872e+00
8.022150977978097217e+03 1.108310813101240022e+01
8.022364006791253814e+03 1.009506991332890813e+01
8.022577035604408593e+03 1.075201290525850339e+01
8.022790064417565191e+03 9.654963214382206615e+00
8.023003093230720879e+03 1.037669791172644196e+01
8.023216122043875657e+03 1.072407192802842424e+01
8.023429150857032255e+03 9.770878132043360864e+00
