4.285162657107178347e+03 9.156284772366444003e+00
4.285277345311603312e+03 1.030684024009230448e+01
4.285392033516028278e+03 9.764268105579759549e+00
4.285506721720453243e+03 1.042741924142831955e+01
4.285621409924879117e+03 1.008048423748167721e+01
4.285736098129304082e+03 9.768578655830374657e+00
4.285850786333729047e+03 9.995398717830642710e+00
4.285965474538154922e+03 9.286837633478294052e+00
4.286080162742578977e+03 9.988665707649502679e+00
4.286194850947004852e+03 9.778716752844385240e+00
4.286309539151429817e+03 9.530920266897576099e+00
4.286424227355854782e+03 1.071287878404851490e+01
4.286538915560280657e+03 1.025812951395412220e+01
4.286653603764705622e+03 9.173469857621714851e+00
4.286768291969130587e+03 1.037975582675718655e+01
4.286882980173555552e+03 1.081173382722887233e+01
4.286997668377981427e+03 9.045179040205505672e+00
4.287112356582406392e+03 9.866112106602052734e+00
4.287227044786831357e+03 9.511616300622097953e+00
4.287341732991256322e+03 1.104513833870405115e+01
4.287456421195681287e+03 1.012322630616767327e+01
4.287571109400107161e+03 9.651067343863386938e+00
4.287685797604532127e+03 9.926027599282674529e+00
4.287800485808957092e+03 9.115102300340026886e+00
4.287915174013382057e+03 9.963934669869992433e+00
4.288029862217807022e+03 1.028287322065837905e+01
4.288144550422232896e+03 9.928670434256025246e+00
4.288259238626657861e+03 9.673136773155983192e+00
4.288373926831082827e+03 1.052738809425633271e+01
4.288488615035507792e+03 1.049380374696737483e+01
4.288603303239933666e+03 1.025619255728543600e+01
4.288717991444358631e+03 9.282657719995322410e+00
4.288832679648783596e+03 9.732683493780106332e+00
4.288947367853208561e+03 9.530582829975383419e+00
4.289062056057633527e+03 1.007113291142916545e+01
4.289176744262059401e+03 1.015782698721449684e+01
4.289291432466484366e+03 1.119554326321197202e+01
4.289406120670909331e+03 1.013648482830924635e+01
4.289520808875334296e+03 1.011412437428534439e+01
4.289635497079760171e+03 9.704743156938175019e+00
4.289750185284185136e+03 9.431362656328952099e+00
4.289864873488610101e+03 1.122505059405939676e+01
4.289979561693035976e+03 9.905871391245302249e+00
4.290094249897460031e+03 9.926714635623172356e+00
4.290208938101885906e+03 1.138692636893306265e+01
4.290323626306310871e+03 9.949613191224257136e+00
4.290438314510735836e+03 1.097339470926875471e+01
4.290553002715161711e+03 9.675536840493348834e+00
4.290667690919586676e+03 1.076924471329922284e+01
4.290782379124011641e+03 1.011316507975489642e+01
4.290897067328436606e+03 9.761922166946707335e+00
4.291011755532862480e+03 9.124369249817295469e+00
4.291126443737287445e+03 1.046080522224321285e+01
4.291241131941712410e+03 1.065870662199689178e+01
4.291355820146137376e+03 1.056807538334763308e+01
4.291470508350562341e+03 9.458801502717388843e+00
4.291585196554988215e+03 9.719427812407213096e+00
4.291699884759413180e+03 1.042318185011824383e+01
4.291814572963838145e+03 9.243796383293476637e+00
4.291929261168263110e+03 1.034391158738118399e+01
4.292043949372688985e+03 1.075116633870010396e+01
4.292158637577113950e+03 1.087585919817494506e+01
4.292273325781538915e+03 9.215697171116524089e+00
4.292388013985964790e+03 1.047989945609388762e+01
4.292502702190388845e+03 1.017162170384620445e+01
4.292617390394814720e+03 9.491881612892079545e+00
4.292732078599239685e+03 9.458992244148298312e+00
4.292846766803664650e+03 9.849749421243714664e+00
4.292961455008090525e+03 9.041806680811841801e+00
4.293076143212515490e+03 9.064510180348081647e+00
4.293190831416940455e+03 1.054521825970566162e+01
4.293305519621365420e+03 1.001279277941540435e+01
4.293420207825791294e+03 1.043698488783920730e+01
4.293534896030216260e+03 1.051915307616177842e+01
4.293649584234641225e+03 9.782285515509903107e+00
4.293764272439066190e+03 1.057053474672832039e+01
4.293878960643491155e+03 9.268129027742768145e+00
4.293993648847917029e+03 9.739428531210839068e+00
4.294108337052341085e+03 1.070083882577365841e+01
4.294223025256766960e+03 9.914037203720214464e+00
4.294337713461191925e+03 1.005305408966087022e+01
4.294452401665616890e+03 9.711565687007498227e+00
4.294567089870042764e+03 1.015033803906081999e+01
4.294681778074467729e+03 9.950827633481004852e+00
4.294796466278892694e+03 9.868073516194302286e+00
4.294911154483317659e+03 9.611036414258940397e+00
4.295025842687743534e+03 1.033656178473583864e+01
4.295140530892168499e+03 1.010681304407478720e+01
4.295255219096593464e+03 9.826647912086196257e+00
4.295369907301018429e+03 1.137422787421770032e+01
4.295484595505443394e+03 9.989527115835459270e+00
4.295599283709869269e+03 1.096440997166653908e+01
4.295713971914294234e+03 1.043832166390343019e+01
4.295828660118719199e+03 1.006306506168859372e+01
4.295943348323144164e+03 1.124521506481720579e+01
4.296058036527570039e+03 1.085428802320470787e+01
4.296172724731995004e+03 1.019689407066933207e+01
4.296287412936419969e+03 9.387908155358097417e+00
4.296402101140845843e+03 1.014853543895251242e+01
4.296516789345269899e+03 9.549783002955969380e+00
4.296631477549695774e+03 1.145715879003532933e+01
4.296746165754120739e+03 1.028335253084838641e+01
4.296860853958545704e+03 1.016450420610872207e+01
4.296975542162971578e+03 1.111088228086097374e+01
4.297090230367396543e+03 1.073267850854170824e+01
4.297204918571821509e+03 1.101305549480716373e+01
4.297319606776246474e+03 1.055592702863877541e+01
4.297434294980672348e+03 1.243271225499507437e+01
4.297548983185097313e+03 1.157935310515486194e+01
4.297663671389522278e+03 1.096250455746944397e+01
4.297778359593947243e+03 1.247866335409395155e+01
4.297893047798372208e+03 1.343402561853655008e+01
4.298007736002798083e+03 1.386535482707391687e+01
4.298122424207223048e+03 1.349352410433963101e+01
4.298237112411648013e+03 1.407895989509600021e+01
4.298351800616072978e+03 1.457284661303247830e+01
4.298466488820498853e+03 1.639368110533946066e+01
4.298581177024923818e+03 1.625485092534166043e+01
4.298695865229348783e+03 1.835251262972368380e+01
4.298810553433774658e+03 2.013651044777172316e+01
4.298925241638198713e+03 2.058408859650716849e+01
4.299039929842624588e+03 2.228870467867174199e+01
4.299154618047049553e+03 2.267160087103182420e+01
4.299269306251474518e+03 2.446239776239848496e+01
4.299383994455900392e+03 2.633441491351473118e+01
4.299498682660324448e+03 2.742766291255730593e+01
4.299613370864750323e+03 2.856480460809371991e+01
4.299728059069175288e+03 3.078209663378753547e+01
4.299842747273600253e+03 3.177723805632230025e+01
4.299957435478025218e+03 3.364586262137938633e+01
4.300072123682451092e+03 3.515035305077570627e+01
4.300186811886876058e+03 3.685169934430530958e+01
4.300301500091301023e+03 3.714726971360961016e+01
4.300416188295726897e+03 3.830919799353854671e+01
4.300530876500150953e+03 3.876280607869033190e+01
4.300645564704576827e+03 3.936616685217313716e+01
4.300760252909001792e+03 4.058515082185930822e+01
4.300874941113426758e+03 4.012308941135153617e+01
4.300989629317852632e+03 4.080421729956321997e+01
4.301104317522277597e+03 4.024795348638780723e+01
4.301219005726702562e+03 4.123026983898441955e+01
4.301333693931127527e+03 3.966972969625763312e+01
4.301448382135553402e+03 4.031889778127728619e+01
4.301563070339978367e+03 3.949052626018588796e+01
4.301677758544403332e+03 3.934969834292288482e+01
4.301792446748828297e+03 4.002794774436506486e+01
4.301907134953253262e+03 3.919767916102215111e+01
4.302021823157679137e+03 3.842262070011872055e+01
4.302136511362104102e+03 3.863538882944545350e+01
4.302251199566529067e+03 3.926214939189256370e+01
4.302365887770954032e+03 3.888692399831215596e+01
4.302480575975379907e+03 3.896709738995190264e+01
4.302595264179804872e+03 3.934927315863157560e+01
4.302709952384229837e+03 3.966936561544908102e+01
4.302824640588655711e+03 3.928800077113339739e+01
4.302939328793079767e+03 3.940415537429593229e+01
4.303054016997505641e+03 3.969709246063618480e+01
4.303168705201930607e+03 3.983642340492397693e+01
4.303283393406355572e+03 3.991460359631276589e+01
4.303398081610781446e+03 4.026286682296381514e+01
4.303512769815206411e+03 4.099752122643678121e+01
4.303627458019631376e+03 4.157712129949153024e+01
4.303742146224056341e+03 4.152214143925652934e+01
4.303856834428482216e+03 4.055680567925482904e+01
4.303971522632907181e+03 4.081524289204689637e+01
4.304086210837332146e+03 3.937804715356963925e+01
4.304200899041757111e+03 3.860419993055134569e+01
4.304315587246182076e+03 3.847646179224506824e+01
4.304430275450607951e+03 3.693788162884247583e+01
4.304544963655032916e+03 3.571755933579339626e+01
4.304659651859457881e+03 3.500792767746919054e+01
4.304774340063882846e+03 3.283840209557186540e+01
4.304889028268308721e+03 3.278088865600147983e+01
4.305003716472733686e+03 3.054810724128076060e+01
4.305118404677158651e+03 2.895506079593572935e+01
4.305233092881583616e+03 2.779543930282223485e+01
4.305347781086008581e+03 2.596412719015265580e+01
4.305462469290434456e+03 2.511048798782605473e+01
4.305577157494859421e+03 2.332004385270540681e+01
4.305691845699284386e+03 2.179200246063589930e+01
4.305806533903709351e+03 1.972171276494768932e+01
4.305921222108134316e+03 1.948365246240351212e+01
4.306035910312560191e+03 1.853975865459801753e+01
4.306150598516985156e+03 1.670413379613324878e+01
4.306265286721410121e+03 1.609810678562733344e+01
4.306379974925835086e+03 1.457025801433650081e+01
4.306494663130260960e+03 1.466716839398112882e+01
4.306609351334685925e+03 1.370559690474334147e+01
4.306724039539110890e+03 1.370904026299956691e+01
4.306838727743536765e+03 1.266847656192394567e+01
4.306953415947960821e+03 1.246650670124320115e+01
4.307068104152386695e+03 1.177617013063821005e+01
4.307182792356811660e+03 1.168744214833287565e+01
4.307297480561236625e+03 1.155336799827101402e+01
4.307412168765662500e+03 1.004103047714061070e+01
4.307526856970087465e+03 1.012560177716026644e+01
4.307641545174512430e+03 1.077618416900888931e+01
4.307756233378937395e+03 1.089564904224685016e+01
4.307870921583363270e+03 1.003553993182730864e+01
4.307985609787788235e+03 9.343252422384622946e+00
4.308100297992213200e+03 1.002999537915602701e+01
4.308214986196638165e+03 1.069718501940636557e+01
4.308329674401063130e+03 1.040054896871475876e+01
4.308444362605489005e+03 9.923251257374301915e+00
4.308559050809913970e+03 9.820524885257487568e+00
4.308673739014338935e+03 9.230526843007716309e+00
4.308788427218763900e+03 1.025140273601036967e+01
4.308903115423189774e+03 1.021621398537751269e+01
4.309017803627614740e+03 1.015705151993230260e+01
4.309132491832039705e+03 8.737641468122486543e+00
4.309247180036465579e+03 1.050780099325758066e+01
4.309361868240889635e+03 1.021785216475955949e+01
4.309476556445315509e+03 1.005541584863273741e+01
4.309591244649740474e+03 1.027453062042413201e+01
4.309705932854165439e+03 1.054074429303226523e+01
4.309820621058591314e+03 9.947203800811209362e+00
4.309935309263016279e+03 9.936107946150615433e+00
4.310049997467441244e+03 9.118008190795345413e+00
4.310164685671866209e+03 1.068785848556226803e+01
4.310279373876292084e+03 9.768183161794629754e+00
4.310394062080716139e+03 1.015881997553015381e+01
4.310508750285142014e+03 1.051847446588806534e+01
4.310623438489566979e+03 9.760171852806788451e+00
4.310738126693991944e+03 1.101618769725237534e+01
4.310852814898417819e+03 9.413879207485120304e+00
4.310967503102841874e+03 8.914370390455964355e+00
4.311082191307267749e+03 9.792674353514188468e+00
4.311196879511692714e+03 9.922390814698271555e+00
4.311311567716117679e+03 1.032804626568298367e+01
4.311426255920543554e+03 9.538416350429603341e+00
4.311540944124968519e+03 9.739566634433984404e+00
4.311655632329393484e+03 9.893037993844961520e+00
4.311770320533818449e+03 9.402901825919764534e+00
4.311885008738244323e+03 9.911722174053052115e+00
4.311999696942669289e+03 1.016841707194555511e+01
4.312114385147094254e+03 8.797627590797148400e+00
4.312229073351519219e+03 8.940734462815038697e+00
4.312343761555944184e+03 1.001876890905555761e+01
4.312458449760370058e+03 9.519386233551040633e+00
4.312573137964795023e+03 1.022445019648253783e+01
4.312687826169219989e+03 1.002209651422019654e+01
4.312802514373644954e+03 9.477542217291169635e+00
4.312917202578070828e+03 9.694921988446123962e+00
4.313031890782495793e+03 1.105911330422188321e+01
4.313146578986920758e+03 1.027625515780680843e+01
4.313261267191346633e+03 9.329092813090131386e+00
4.313375955395770688e+03 1.031891546500234114e+01
4.313490643600196563e+03 9.890827916032597145e+00
4.313605331804621528e+03 1.051037723755244002e+01
4.313720020009046493e+03 9.725299856414180155e+00
4.313834708213472368e+03 1.048776742201851775e+01
4.313949396417897333e+03 1.110700609294219454e+01
4.314064084622322298e+03 1.054567729066696913e+01
4.314178772826747263e+03 9.303871017495925599e+00
4.314293461031173138e+03 9.836716821249273934e+00
4.314408149235598103e+03 1.037627224552870864e+01
4.314522837440023068e+03 1.035006698025660654e+01
4.314637525644448033e+03 9.555739812109470321e+00
4.314752213848872998e+03 9.963735948626160521e+00
4.314866902053298872e+03 9.813019787014903628e+00
4.314981590257723838e+03 1.059414290895709954e+01
4.315096278462148803e+03 8.960383334818246226e+00
4.315210966666573768e+03 9.870803019387759392e+00
4.315325654870999642e+03 9.225192936910959318e+00
4.315440343075424607e+03 9.781224458318540371e+00
4.315555031279849572e+03 9.994262825195667332e+00
4.315669719484274538e+03 1.019526411640706520e+01
4.315784407688699503e+03 9.867636702381034297e+00
4.315899095893125377e+03 9.274536798176926666e+00
4.316013784097550342e+03 1.051707817969321468e+01
4.316128472301975307e+03 1.075385846015055868e+01
4.316243160506400272e+03 1.081991779876169879e+01
4.316357848710826147e+03 1.004808848446243452e+01
4.316472536915251112e+03 9.821671084926464346e+00
4.316587225119676077e+03 1.057823413952073466e+01
4.316701913324101952e+03 1.047362657814738363e+01
4.316816601528526007e+03 1.080945696015650981e+01
4.316931289732951882e+03 1.035522080702610737e+01
4.317045977937376847e+03 9.158441015241375993e+00
4.317160666141801812e+03 1.016829993489485595e+01
4.317275354346227687e+03 1.011934612468311023e+01
4.317390042550651742e+03 9.939866474072832858e+00
4.317504730755077617e+03 1.100340440234682582e+01
4.317619418959502582e+03 9.692446682276399272e+00
4.317734107163927547e+03 1.059854342150810069e+01
4.317848795368353422e+03 9.762598198235957980e+00
4.317963483572778387e+03 9.904791439612324666e+00
4.318078171777203352e+03 1.003176282368964856e+01
4.318192859981628317e+03 1.020418825184405520e+01
4.318307548186054191e+03 1.029932666856353585e+01
4.318422236390479156e+03 1.039756871040994568e+01
4.318536924594904121e+03 1.026614316449030717e+01
4.318651612799329087e+03 1.017098803599724377e+01
4.318766301003754052e+03 1.057507167863972874e+01
4.318880989208179926e+03 9.965650461153268580e+00
4.318995677412604891e+03 1.067198561858880979e+01
4.319110365617029856e+03 1.005875325804799125e+01
4.319225053821454821e+03 1.087434048541308051e+01
4.319339742025880696e+03 1.020813586460828404e+01
4.319454430230305661e+03 9.524885382506690590e+00
4.319569118434730626e+03 9.863824250356952206e+00
