7.821770738757296385e+03 9.831698628996276668e+00
7.821980080832086969e+03 1.113868643960582006e+01
7.822189422906876644e+03 7.265290220060418136e+00
7.822398764981667227e+03 1.131315070957418456e+01
7.822608107056458721e+03 8.881776116480690320e+00
7.822817449131248395e+03 9.939590210810658633e+00
7.823026791206038979e+03 1.130915530397306235e+01
7.823236133280829563e+03 5.962944655963675622e+00
7.823445475355619237e+03 9.104636779028718152e+00
7.823654817430410731e+03 1.164664197334374762e+01
7.823864159505201314e+03 8.123287220812796861e+00
7.824073501579990989e+03 9.272509401322091449e+00
7.824282843654781573e+03 8.529894487212992260e+00
7.824492185729572157e+03 1.158654722808700832e+01
7.824701527804362740e+03 8.637895274947110735e+00
7.824910869879153324e+03 1.076346490951515200e+01
7.825120211953943908e+03 7.596142694293582132e+00
7.825329554028733583e+03 8.680471459810091162e+00
7.825538896103525076e+03 1.039641547363405572e+01
7.825748238178315660e+03 9.354075891807967835e+00
7.825957580253105334e+03 1.086641838936217042e+01
7.826166922327895918e+03 1.222147906858803346e+01
7.826376264402686502e+03 1.171694114270210108e+01
7.826585606477477086e+03 8.853228107601610830e+00
7.826794948552267670e+03 1.178133584760060160e+01
7.827004290627057344e+03 8.033832679594450354e+00
7.827213632701847928e+03 1.032335804978352201e+01
7.827422974776638512e+03 1.189898066237642382e+01
7.827632316851429096e+03 9.434190212025516331e+00
7.827841658926219679e+03 6.937519439225944495e+00
7.828051001001010263e+03 1.067979424799145605e+01
7.828260343075799938e+03 8.591954276048316075e+00
7.828469685150590522e+03 5.692503329196109796e+00
7.828679027225382015e+03 1.125440901953713535e+01
7.828888369300171689e+03 9.188348159627832246e+00
7.829097711374962273e+03 1.022455252250989588e+01
7.829307053449752857e+03 1.160005662427091622e+01
7.829516395524543441e+03 7.629726988177553793e+00
7.829725737599334025e+03 1.064664952516901764e+01
7.829935079674124609e+03 9.308473619967259083e+00
7.830144421748914283e+03 9.215191659509303079e+00
7.830353763823704867e+03 7.801312581469582952e+00
7.830563105898496360e+03 1.030476274675852011e+01
7.830772447973286035e+03 1.091593364795878607e+01
7.830981790048076618e+03 1.256182428482809676e+01
7.831191132122867202e+03 1.155633630298220105e+01
7.831400474197656877e+03 6.961438953542318231e+00
7.831609816272448370e+03 1.322391833744695333e+01
7.831819158347238954e+03 1.129942885492030236e+01
7.832028500422028628e+03 1.040809323829461164e+01
7.832237842496819212e+03 1.001818216233654013e+01
7.832447184571610705e+03 9.582296813696453697e+00
7.832656526646400380e+03 1.037822226815807447e+01
7.832865868721190964e+03 1.229684642594159882e+01
7.833075210795981548e+03 1.106498917775582491e+01
7.833284552870771222e+03 1.160534079592648382e+01
7.833493894945562715e+03 1.061630140038848147e+01
7.833703237020353299e+03 1.100455428779998712e+01
7.833912579095142974e+03 1.056788451858968436e+01
7.834121921169933557e+03 7.857742158307486235e+00
7.834331263244724141e+03 8.821323846238115607e+00
7.834540605319514725e+03 1.058852068821228798e+01
7.834749947394305309e+03 9.782100734183691415e+00
7.834959289469095893e+03 1.013106624824831314e+01
7.835168631543885567e+03 9.370133739255955163e+00
7.835377973618677061e+03 1.140641920657233754e+01
7.835587315693467644e+03 1.248233640556644630e+01
7.835796657768257319e+03 9.182986410639541575e+00
7.836005999843047903e+03 7.464995696121692781e+00
7.836215341917838487e+03 9.109345515073789201e+00
7.836424683992629070e+03 1.232913458868427448e+01
7.836634026067419654e+03 1.025651164641142543e+01
7.836843368142210238e+03 1.040747144910268496e+01
7.837052710216999913e+03 1.192606657763652933e+01
7.837262052291790496e+03 8.625312782046574256e+00
7.837471394366581990e+03 8.901951575744821099e+00
7.837680736441371664e+03 9.249786606399624134e+00
7.837890078516162248e+03 8.270787903357888382e+00
7.838099420590951922e+03 7.679564391833062942e+00
7.838308762665742506e+03 8.924198292965062507e+00
7.838518104740534000e+03 1.154363659477875004e+01
7.838727446815323674e+03 7.746025864348220047e+00
7.838936788890114258e+03 9.957917563028653163e+00
7.839146130964904842e+03 8.299481246323672678e+00
7.839355473039695426e+03 1.129337218739047621e+01
7.839564815114486009e+03 1.116360759031714345e+01
7.839774157189276593e+03 9.897629705640111908e+00
7.839983499264066268e+03 1.124557545113992596e+01
7.840192841338856852e+03 9.272774061781985822e+00
7.840402183413648345e+03 9.638334485251723649e+00
7.840611525488438019e+03 1.068093388014380807e+01
7.840820867563228603e+03 1.175957996422873109e+01
7.841030209638019187e+03 7.306656507209945417e+00
7.841239551712808861e+03 1.212846680606558181e+01
7.841448893787600355e+03 9.186200906468245719e+00
7.841658235862390939e+03 9.969285190790673212e+00
7.841867577937180613e+03 1.246568202108292311e+01
7.842076920011971197e+03 1.198883107723212760e+01
7.842286262086762690e+03 1.050723021438030536e+01
7.842495604161552365e+03 9.843971375212090535e+00
7.842704946236342948e+03 9.185881096283834424e+00
7.842914288311133532e+03 8.419282671830904619e+00
7.843123630385923207e+03 9.987213324728118735e+00
7.843332972460714700e+03 9.656878882206132886e+00
7.843542314535505284e+03 9.917966342763143928e+00
7.843751656610294958e+03 9.339680913902755677e+00
7.843960998685085542e+03 1.085105267692400943e+01
7.844170340759876126e+03 8.753540737294157381e+00
7.844379682834666710e+03 6.865827454921419992e+00
7.844589024909457294e+03 1.136412781313393694e+01
7.844798366984247878e+03 1.080591811643938982e+01
7.845007709059037552e+03 9.483134512768220503e+00
7.845217051133829045e+03 9.620113943953269242e+00
7.845426393208619629e+03 8.275206998492363297e+00
7.845635735283409304e+03 9.926082461769139442e+00
7.845845077358199887e+03 9.176549204713722929e+00
7.846054419432990471e+03 9.501538251918741906e+00
7.846263761507781055e+03 1.175115458209358899e+01
7.846473103582571639e+03 8.516823218020780573e+00
7.846682445657362223e+03 1.015837763120500981e+01
7.846891787732151897e+03 9.377500102845731433e+00
7.847101129806942481e+03 1.138323259970326085e+01
7.847310471881733974e+03 9.330387146622522110e+00
7.847519813956523649e+03 1.007047068255342026e+01
7.847729156031314233e+03 1.242860135733985949e+01
7.847938498106103907e+03 1.300124183928255484e+01
7.848147840180894491e+03 8.255915294559342144e+00
7.848357182255685984e+03 9.422758307734827810e+00
7.848566524330475659e+03 1.347693073988527601e+01
7.848775866405266243e+03 1.299901490799749659e+01
7.848985208480056826e+03 1.554144901176108107e+01
7.849194550554847410e+03 2.013672994833563479e+01
7.849403892629637994e+03 2.305970486788087115e+01
7.849613234704428578e+03 3.038864375866918266e+01
7.849822576779218252e+03 3.421305236813665118e+01
7.850031918854008836e+03 3.841533537898386186e+01
7.850241260928800330e+03 4.127059211688498408e+01
7.850450603003590004e+03 4.023004287792751654e+01
7.850659945078380588e+03 3.849072709211064591e+01
7.850869287153171172e+03 3.478623683769465202e+01
7.851078629227960846e+03 3.257372781307046949e+01
7.851287971302752339e+03 2.512265346912078456e+01
7.851497313377542923e+03 2.007305562602644855e+01
7.851706655452332598e+03 1.638205736040214688e+01
7.851915997527123181e+03 1.197864207412949789e+01
7.852125339601914675e+03 1.393580478390223831e+01
7.852334681676704349e+03 7.996761174805051553e+00
7.852544023751494933e+03 1.276561600060712465e+01
7.852753365826285517e+03 8.955992832643126178e+00
7.852962707901075191e+03 1.258293720930245385e+01
7.853172049975866685e+03 1.109122984691908087e+01
7.853381392050657269e+03 9.537761358865841643e+00
7.853590734125446943e+03 9.204808123552313148e+00
7.853800076200237527e+03 7.512160241445476672e+00
7.854009418275028111e+03 1.229394689121738438e+01
7.854218760349818695e+03 1.200951021430558185e+01
7.854428102424609278e+03 7.532416348287478414e+00
7.854637444499399862e+03 1.937086598187421771e+01
7.854846786574189537e+03 1.935748667123513655e+01
7.855056128648981030e+03 2.680279303077281128e+01
7.855265470723771614e+03 2.560948228979817998e+01
7.855474812798561288e+03 3.369488306085415275e+01
7.855684154873351872e+03 3.983333662335959957e+01
7.855893496948142456e+03 4.093843022688556488e+01
7.856102839022933040e+03 4.398709148804458380e+01
7.856312181097723624e+03 3.783885534350518043e+01
7.856521523172514208e+03 3.488645103662961588e+01
7.856730865247303882e+03 3.030203362123657485e+01
7.856940207322094466e+03 2.454738729842212663e+01
7.857149549396885959e+03 2.093301713983438361e+01
7.857358891471675634e+03 1.995927491209892679e+01
7.857568233546466217e+03 1.141746831380678273e+01
7.857777575621256801e+03 1.015022679252242099e+01
7.857986917696046476e+03 1.380777721177719286e+01
7.858196259770837969e+03 1.159387897513775556e+01
7.858405601845628553e+03 1.192836519009214058e+01
7.858614943920418227e+03 1.135446785856601259e+01
7.858824285995208811e+03 1.187709887558227884e+01
7.859033628069999395e+03 6.475014348857088819e+00
7.859242970144789979e+03 9.299129647151893607e+00
7.859452312219580563e+03 8.959384859623479969e+00
7.859661654294370237e+03 1.155953153890872009e+01
7.859870996369160821e+03 1.121211502186725539e+01
7.860080338443952314e+03 9.708860962985578880e+00
7.860289680518741989e+03 1.045430913843529730e+01
7.860499022593532573e+03 1.139811432130735014e+01
7.860708364668323156e+03 8.922841704584390854e+00
7.860917706743112831e+03 9.362846807098224033e+00
7.861127048817904324e+03 1.024428850270948566e+01
7.861336390892694908e+03 1.083986256924609393e+01
7.861545732967484582e+03 9.928723727030131840e+00
7.861755075042275166e+03 1.086683825597634545e+01
7.861964417117066660e+03 7.794953678979862133e+00
7.862173759191856334e+03 9.221861586318190973e+00
7.862383101266646918e+03 1.143985192150826435e+01
7.862592443341437502e+03 8.681372101000777164e+00
7.862801785416227176e+03 1.277866787733548470e+01
7.863011127491018669e+03 9.041802710219695172e+00
7.863220469565809253e+03 1.141192208293182730e+01
7.863429811640598928e+03 1.137894114010451219e+01
7.863639153715389511e+03 8.448758181458906336e+00
7.863848495790180095e+03 9.016101991934084126e+00
7.864057837864970679e+03 9.468825151981134169e+00
7.864267179939761263e+03 1.136737030631114642e+01
7.864476522014551847e+03 1.060242529933431399e+01
7.864685864089341521e+03 1.289301415783638660e+01
7.864895206164132105e+03 9.909213358276545591e+00
7.865104548238923599e+03 1.052940746619850820e+01
7.865313890313713273e+03 1.184025177086747149e+01
7.865523232388503857e+03 8.094197310083586672e+00
7.865732574463294441e+03 9.264042086991910452e+00
7.865941916538085025e+03 1.175646743570640318e+01
7.866151258612875608e+03 8.467551659753942417e+00
7.866360600687666192e+03 1.140164470548029563e+01
7.866569942762455867e+03 9.432799721970587470e+00
7.866779284837246450e+03 9.899196920144776257e+00
7.866988626912037944e+03 9.962948843685660805e+00
7.867197968986827618e+03 9.205544720501507072e+00
7.867407311061618202e+03 1.193309423082156684e+01
7.867616653136408786e+03 9.943978212466946687e+00
7.867825995211198460e+03 7.832260651803066409e+00
7.868035337285989954e+03 1.015436573401430209e+01
7.868244679360780538e+03 9.514825556580914778e+00
7.868454021435570212e+03 1.137672018604134649e+01
7.868663363510360796e+03 1.270825438763727533e+01
7.868872705585151380e+03 8.778522527284684074e+00
7.869082047659941964e+03 8.262479973964087065e+00
7.869291389734732547e+03 7.264435294456010439e+00
7.869500731809522222e+03 9.795283127352718111e+00
7.869710073884312806e+03 1.259423577628783342e+01
7.869919415959104299e+03 8.932741076934192392e+00
7.870128758033893973e+03 9.796880779096079905e+00
7.870338100108684557e+03 1.098754038406028855e+01
7.870547442183475141e+03 1.033028853431633820e+01
7.870756784258264815e+03 1.145746675774499579e+01
7.870966126333056309e+03 1.199151756033700345e+01
7.871175468407846893e+03 8.276225843308299801e+00
7.871384810482636567e+03 1.175947911708121296e+01
7.871594152557427151e+03 8.658823520480572355e+00
7.871803494632218644e+03 1.164439740662866463e+01
7.872012836707008319e+03 1.057709117846060920e+01
7.872222178781798902e+03 9.236622753196360947e+00
7.872431520856589486e+03 1.053000633036595879e+01
7.872640862931379161e+03 1.130390894296666460e+01
7.872850205006170654e+03 1.085583176719343790e+01
7.873059547080961238e+03 1.051232845494088686e+01
7.873268889155750912e+03 1.005392876676301839e+01
7.873478231230541496e+03 1.021773758139616461e+01
7.873687573305332080e+03 1.097439652672866650e+01
7.873896915380122664e+03 1.114634370158652033e+01
7.874106257454913248e+03 9.637070501438968151e+00
7.874315599529703832e+03 1.190309076615199402e+01
7.874524941604493506e+03 8.365811132914167558e+00
7.874734283679284090e+03 1.100573420375339673e+01
7.874943625754075583e+03 8.959128687428854931e+00
7.875152967828865258e+03 1.207211071838311689e+01
7.875362309903655841e+03 1.002293685613625307e+01
7.875571651978446425e+03 8.492260745613123163e+00
7.875780994053237009e+03 8.088278550643465792e+00
7.875990336128027593e+03 9.086438550171440198e+00
7.876199678202818177e+03 9.046918312757844305e+00
7.876409020277607851e+03 1.107018210931227031e+01
7.876618362352398435e+03 1.148735382986878584e+01
7.876827704427189929e+03 1.305553618291726714e+01
7.877037046501979603e+03 9.992605702445780835e+00
7.877246388576770187e+03 8.833142663504856884e+00
7.877455730651560771e+03 1.142894600198114752e+01
7.877665072726350445e+03 1.122056489206027763e+01
7.877874414801141938e+03 1.038570625417824012e+01
7.878083756875932522e+03 9.748092686711466115e+00
7.878293098950722197e+03 1.095387634227466656e+01
7.878502441025512780e+03 1.100929296066938079e+01
7.878711783100304274e+03 1.061549150390787943e+01
7.878921125175093948e+03 8.068579169779290794e+00
7.879130467249884532e+03 9.104767125466716848e+00
7.879339809324675116e+03 1.029082819542171556e+01
7.879549151399464790e+03 8.825747174336353140e+00
7.879758493474256284e+03 8.196380650747368435e+00
7.879967835549045958e+03 1.169286377832696466e+01
7.880177177623836542e+03 9.577647563380129014e+00
7.880386519698627126e+03 6.978554368615965231e+00
7.880595861773416800e+03 9.998384214859633801e+00
7.880805203848208293e+03 1.174516910382707024e+01
7.881014545922998877e+03 9.969488420381122040e+00
7.881223887997788552e+03 8.532825210338705446e+00
7.881433230072579136e+03 1.130175757698443917e+01
7.881642572147370629e+03 1.089644784683044598e+01
7.881851914222160303e+03 1.174449824605765258e+01
7.882061256296950887e+03 1.069164454743581061e+01
7.882270598371741471e+03 8.304024054212812089e+00
7.882479940446531145e+03 8.069589053437407955e+00
7.882689282521322639e+03 1.241577578852379204e+01
7.882898624596113223e+03 1.025252510536951256e+01
7.883107966670902897e+03 1.122443517458471263e+01
7.883317308745693481e+03 7.903146521858083418e+00
7.883526650820484065e+03 7.878475774888119787e+00
7.883735992895274649e+03 8.258363194142587460e+00
7.883945334970065232e+03 1.047845800613457534e+01
7.884154677044855816e+03 1.030077401031701889e+01
7.884364019119645491e+03 1.040979367760806618e+01
7.884573361194436075e+03 8.819842618297565551e+00
