6.853059952964399599e+03 9.510665024127264999e+00
6.853243368438610560e+03 8.198142741409292000e+00
6.853426783912820611e+03 7.733944124420824906e+00
6.853610199387031571e+03 1.055850734366259225e+01
6.853793614861242531e+03 8.251109044386863545e+00
6.853977030335452582e+03 1.084582996679226596e+01
6.854160445809663543e+03 1.184862368016335843e+01
6.854343861283874503e+03 9.148351657077901322e+00
6.854527276758085463e+03 9.146109341828779549e+00
6.854710692232296424e+03 1.178924142186387236e+01
6.854894107706507384e+03 1.001894444969199505e+01
6.855077523180717435e+03 8.872801527654154086e+00
6.855260938654928395e+03 8.653201217315727334e+00
6.855444354129139356e+03 1.055794499887309890e+01
6.855627769603349407e+03 9.965265436302592761e+00
6.855811185077560367e+03 7.500912930636737030e+00
6.855994600551771327e+03 1.164674986609882978e+01
6.856178016025982288e+03 8.744566975783254037e+00
6.856361431500193248e+03 6.993867705837626403e+00
6.856544846974404209e+03 1.121884625735995833e+01
6.856728262448614259e+03 9.922889968827544038e+00
6.856911677922825220e+03 1.258485763483875175e+01
6.857095093397036180e+03 9.485541488628660645e+00
6.857278508871246231e+03 1.141025443338110357e+01
6.857461924345457192e+03 1.273165915906892387e+01
6.857645339819668152e+03 1.050806390305116622e+01
6.857828755293879112e+03 1.108213132492413244e+01
6.858012170768090073e+03 9.757315120043585921e+00
6.858195586242300124e+03 9.291309287958060992e+00
6.858379001716511084e+03 8.206489684161386577e+00
6.858562417190722044e+03 1.085605920639162036e+01
6.858745832664932095e+03 7.700375979237632507e+00
6.858929248139143056e+03 1.050542708411767912e+01
6.859112663613354925e+03 1.201266712903557021e+01
6.859296079087564976e+03 9.395988119516649917e+00
6.859479494561775937e+03 1.091138719811295132e+01
6.859662910035986897e+03 9.890244649061395776e+00
6.859846325510196948e+03 1.011559825904131671e+01
6.860029740984407908e+03 1.229226775280529793e+01
6.860213156458618869e+03 9.495028509874813949e+00
6.860396571932828920e+03 1.097672378411243344e+01
6.860579987407040790e+03 8.558292126716436243e+00
6.860763402881251750e+03 9.183819740181158764e+00
6.860946818355461801e+03 1.064019665647465018e+01
6.861130233829672761e+03 1.116134238600851880e+01
6.861313649303883722e+03 1.020059276420895955e+01
6.861497064778093772e+03 8.979456222804415688e+00
6.861680480252304733e+03 8.816977780403778553e+00
6.861863895726515693e+03 1.141668542632605110e+01
6.862047311200726654e+03 1.262338489170882028e+01
6.862230726674937614e+03 9.975177527423651824e+00
6.862414142149148574e+03 1.187140129241878128e+01
6.862597557623358625e+03 7.459357961282173655e+00
6.862780973097569586e+03 9.971874762774362466e+00
6.862964388571780546e+03 9.099813114300397743e+00
6.863147804045990597e+03 9.030898830168013092e+00
6.863331219520201557e+03 8.247509700097154450e+00
6.863514634994412518e+03 1.018873401342807128e+01
6.863698050468623478e+03 9.149598755285930807e+00
6.863881465942834438e+03 9.503528725977314906e+00
6.864064881417045399e+03 1.064282322383021651e+01
6.864248296891255450e+03 1.255259912672322109e+01
6.864431712365466410e+03 9.278423677590112106e+00
6.864615127839677371e+03 9.322199167180158952e+00
6.864798543313887421e+03 8.448625590809912822e+00
6.864981958788098382e+03 9.930774195668451654e+00
6.865165374262310252e+03 1.068991722753308338e+01
6.865348789736520303e+03 8.056209721720307471e+00
6.865532205210731263e+03 9.768814140217825681e+00
6.865715620684942223e+03 1.021545274588815921e+01
6.865899036159152274e+03 7.616197216241777923e+00
6.866082451633363235e+03 1.142405883393857913e+01
6.866265867107574195e+03 9.429906912200591407e+00
6.866449282581784246e+03 1.160704229923504194e+01
6.866632698055996116e+03 9.160361275638505774e+00
6.866816113530207076e+03 9.579529020894735680e+00
6.866999529004417127e+03 1.233689077845459003e+01
6.867182944478628087e+03 1.080869912193841209e+01
6.867366359952838138e+03 9.049385534227962324e+00
6.867549775427049099e+03 7.484645616452861638e+00
6.867733190901260059e+03 9.849219071171644302e+00
6.867916606375470110e+03 1.115517746979159952e+01
6.868100021849681980e+03 1.124758492533051779e+01
6.868283437323892940e+03 8.435984011733150822e+00
6.868466852798102991e+03 8.119667919996551575e+00
6.868650268272313951e+03 9.096832395751517808e+00
6.868833683746524912e+03 1.095503357064084149e+01
6.869017099220734963e+03 1.086495845916143033e+01
6.869200514694945923e+03 1.043284860830114624e+01
6.869383930169156883e+03 1.038152710326155415e+01
6.869567345643367844e+03 8.313836954110474409e+00
6.869750761117578804e+03 1.023591903335886144e+01
6.869934176591789765e+03 8.842284786064075419e+00
6.870117592065999816e+03 9.439386577813522194e+00
6.870301007540210776e+03 1.035485764096553574e+01
6.870484423014421736e+03 9.088197529697993104e+00
6.870667838488631787e+03 1.024923378021652276e+01
6.870851253962842748e+03 1.004459194136306799e+01
6.871034669437053708e+03 9.541268316786116088e+00
6.871218084911264668e+03 1.022236355953992160e+01
6.871401500385475629e+03 1.082327959855901156e+01
6.871584915859686589e+03 8.004692180302425797e+00
6.871768331333896640e+03 7.373280543396466769e+00
6.871951746808107600e+03 1.020489496230834447e+01
6.872135162282318561e+03 1.030574790778512373e+01
6.872318577756528612e+03 7.652530213708736540e+00
6.872501993230739572e+03 1.082525958888164830e+01
6.872685408704951442e+03 9.808416167244239148e+00
6.872868824179161493e+03 1.063287572798252434e+01
6.873052239653372453e+03 8.187960121775301303e+00
6.873235655127583414e+03 1.040474464315654224e+01
6.873419070601793464e+03 1.381271829552188635e+01
6.873602486076004425e+03 1.108430209229980079e+01
6.873785901550215385e+03 1.183402762868224301e+01
6.873969317024425436e+03 1.670370216120803519e+01
6.874152732498637306e+03 1.243028929793463000e+01
6.874336147972848266e+03 1.597933541263799029e+01
6.874519563447058317e+03 1.341624903729687546e+01
6.874702978921269278e+03 1.955685132671242243e+01
6.874886394395480238e+03 1.869150507601255029e+01
6.875069809869690289e+03 1.952590718788591317e+01
6.875253225343901249e+03 2.190386733055017743e+01
6.875436640818112210e+03 2.384338290003459448e+01
6.875620056292323170e+03 2.726921933079677274e+01
6.875803471766534130e+03 2.816639640408078549e+01
6.875986887240744181e+03 3.270633954350197570e+01
6.876170302714955142e+03 3.502571354696110006e+01
6.876353718189166102e+03 3.579162676730121717e+01
6.876537133663376153e+03 3.846683344905815005e+01
6.876720549137587113e+03 4.264036353619729169e+01
6.876903964611798074e+03 4.657057481355669637e+01
6.877087380086009034e+03 4.805957845464725864e+01
6.877270795560219995e+03 4.571638406441987001e+01
6.877454211034430955e+03 5.020659266535170673e+01
6.877637626508641006e+03 5.242265629760318291e+01
6.877821041982851966e+03 5.474058016962051454e+01
6.878004457457062927e+03 5.384254546100331851e+01
6.878187872931272977e+03 5.288689675350605057e+01
6.878371288405483938e+03 5.602361092374659535e+01
6.878554703879694898e+03 5.340762149039653650e+01
6.878738119353905859e+03 5.214373206853192499e+01
6.878921534828116819e+03 5.383313860664452477e+01
6.879104950302327779e+03 5.273447024342414124e+01
6.879288365776537830e+03 5.121981608457031143e+01
6.879471781250748791e+03 4.633990368232203849e+01
6.879655196724959751e+03 4.615161424848501071e+01
6.879838612199169802e+03 4.258386916743989303e+01
6.880022027673380762e+03 4.404549155665961280e+01
6.880205443147592632e+03 4.438450931027384172e+01
6.880388858621802683e+03 4.105088121759749242e+01
6.880572274096013643e+03 4.326204403595610160e+01
6.880755689570224604e+03 4.174273231938535389e+01
6.880939105044434655e+03 4.188122903731422042e+01
6.881122520518645615e+03 4.621423734146809181e+01
6.881305935992856575e+03 4.470415265588716380e+01
6.881489351467066626e+03 4.525438151398407882e+01
6.881672766941278496e+03 4.884061298197704559e+01
6.881856182415489457e+03 4.751889501432708585e+01
6.882039597889699508e+03 5.078980478673688737e+01
6.882223013363910468e+03 5.282776114710306103e+01
6.882406428838121428e+03 5.212793702000691098e+01
6.882589844312331479e+03 5.455789546844861349e+01
6.882773259786542440e+03 5.443624563999563293e+01
6.882956675260753400e+03 5.729372277681898140e+01
6.883140090734964360e+03 5.319041850199042187e+01
6.883323506209175321e+03 5.393730215784476201e+01
6.883506921683386281e+03 5.434436519542202149e+01
6.883690337157596332e+03 5.257073010197925811e+01
6.883873752631807292e+03 5.141359901557344614e+01
6.884057168106018253e+03 4.557399379121613237e+01
6.884240583580228304e+03 4.436160536940732158e+01
6.884423999054439264e+03 4.017219755226895472e+01
6.884607414528650224e+03 3.959960593888777680e+01
6.884790830002861185e+03 3.420260131893984834e+01
6.884974245477072145e+03 3.514804113464956714e+01
6.885157660951283106e+03 3.297226531728349386e+01
6.885341076425493156e+03 3.050911794599799975e+01
6.885524491899704117e+03 2.794899517829357904e+01
6.885707907373914168e+03 2.718332093086331724e+01
6.885891322848125128e+03 2.139170559757729251e+01
6.886074738322336088e+03 1.941945154492240988e+01
6.886258153796547049e+03 1.796506240895831041e+01
6.886441569270758009e+03 1.794171334140886387e+01
6.886624984744968970e+03 1.777586402942386812e+01
6.886808400219179020e+03 1.430798803777520689e+01
6.886991815693389981e+03 1.385396912604071673e+01
6.887175231167600941e+03 1.320662314792033243e+01
6.887358646641810992e+03 1.449738899910583889e+01
6.887542062116021953e+03 1.425544783620354572e+01
6.887725477590233822e+03 1.016851757540536205e+01
6.887908893064443873e+03 9.264482938856993144e+00
6.888092308538654834e+03 1.061339701906233479e+01
6.888275724012865794e+03 9.928833982182867501e+00
6.888459139487075845e+03 1.225723828414201222e+01
6.888642554961286805e+03 1.042647081579484336e+01
6.888825970435497766e+03 9.383970048761259619e+00
6.889009385909707817e+03 1.149248935637004720e+01
6.889192801383919686e+03 1.075916623388938120e+01
6.889376216858130647e+03 9.895154074403679445e+00
6.889559632332340698e+03 1.035800455360005934e+01
6.889743047806551658e+03 7.947636956506716643e+00
6.889926463280762619e+03 9.917818988622588705e+00
6.890109878754972669e+03 1.019762932706852787e+01
6.890293294229183630e+03 1.047976809712136692e+01
6.890476709703394590e+03 6.410587394458575616e+00
6.890660125177605551e+03 7.777526861765615251e+00
6.890843540651816511e+03 1.218013393741200545e+01
6.891026956126027471e+03 1.365769851710852834e+01
6.891210371600237522e+03 9.334152611703512292e+00
6.891393787074448483e+03 8.540862214050735091e+00
6.891577202548659443e+03 1.106498557239359570e+01
6.891760618022869494e+03 1.228024106874856969e+01
6.891944033497080454e+03 1.137118991954469216e+01
6.892127448971292324e+03 1.075380302254171028e+01
6.892310864445502375e+03 9.223290086310120373e+00
6.892494279919713335e+03 1.015882659517208708e+01
6.892677695393924296e+03 8.965823895407309507e+00
6.892861110868134347e+03 1.008295534220879830e+01
6.893044526342345307e+03 1.013047886045853829e+01
6.893227941816556267e+03 9.649054805743613628e+00
6.893411357290766318e+03 7.584729877697105493e+00
6.893594772764978188e+03 1.070321014059766540e+01
6.893778188239189149e+03 1.081625857395319024e+01
6.893961603713399199e+03 1.092996846054116311e+01
6.894145019187610160e+03 9.711080215573149488e+00
6.894328434661820211e+03 9.029254893888913003e+00
6.894511850136031171e+03 8.841590486957004558e+00
6.894695265610242132e+03 1.201772782148490748e+01
6.894878681084452182e+03 1.000882618527012013e+01
6.895062096558664052e+03 1.049700853835028802e+01
6.895245512032875013e+03 9.016899280482890688e+00
6.895428927507085064e+03 1.204225759112974004e+01
6.895612342981296024e+03 9.391991989943631935e+00
6.895795758455506984e+03 1.061255824888118227e+01
6.895979173929717035e+03 8.542048565118449233e+00
6.896162589403927996e+03 1.180474194987478320e+01
6.896346004878138956e+03 8.902738622980825411e+00
6.896529420352349916e+03 9.993685347735034696e+00
6.896712835826560877e+03 7.995951632347409799e+00
6.896896251300771837e+03 8.675725238305876275e+00
6.897079666774981888e+03 7.755368411830443343e+00
6.897263082249192848e+03 1.070493804306123131e+01
6.897446497723403809e+03 9.188683805843282926e+00
6.897629913197613860e+03 9.210599867910149285e+00
6.897813328671824820e+03 1.112479306372392074e+01
6.897996744146035780e+03 1.114258901038996719e+01
6.898180159620246741e+03 1.113516551433751545e+01
6.898363575094457701e+03 1.106889027065541065e+01
6.898546990568668662e+03 1.366343412791427170e+01
6.898730406042878712e+03 8.031435127303053534e+00
6.898913821517089673e+03 8.367355585931381512e+00
6.899097236991300633e+03 8.955069191631373826e+00
6.899280652465510684e+03 1.109199246417511731e+01
6.899464067939721645e+03 9.656790735454887198e+00
6.899647483413933514e+03 9.412938805166826128e+00
6.899830898888143565e+03 8.791641523724971208e+00
6.900014314362354526e+03 1.256599546509275100e+01
6.900197729836565486e+03 9.459797469608023590e+00
6.900381145310775537e+03 1.099121332663126616e+01
6.900564560784986497e+03 1.018755136789448912e+01
6.900747976259197458e+03 1.212545750441076642e+01
6.900931391733407509e+03 1.141367957570684943e+01
6.901114807207619378e+03 8.637418354364282180e+00
6.901298222681830339e+03 1.057391711781696841e+01
6.901481638156040390e+03 1.280263560433404812e+01
6.901665053630251350e+03 1.108760412708882193e+01
6.901848469104462310e+03 1.018005892026715387e+01
6.902031884578672361e+03 1.090317246940293572e+01
6.902215300052883322e+03 1.080894365445843164e+01
6.902398715527094282e+03 8.096081963432048667e+00
6.902582131001305243e+03 7.192754228457895138e+00
6.902765546475516203e+03 1.122941781774083125e+01
6.902948961949727163e+03 1.311986237138529177e+01
6.903132377423937214e+03 7.690437196887399907e+00
6.903315792898148175e+03 9.835821311390990473e+00
6.903499208372359135e+03 9.075128522690754096e+00
6.903682623846569186e+03 1.082236443739104992e+01
6.903866039320780146e+03 8.220260735268624330e+00
6.904049454794991107e+03 1.090337726209097724e+01
6.904232870269202067e+03 1.306159881273835310e+01
6.904416285743413027e+03 1.054015990813830506e+01
6.904599701217623078e+03 1.177140368083001221e+01
6.904783116691834039e+03 1.036835791733865086e+01
6.904966532166044999e+03 1.023410347958169275e+01
6.905149947640255050e+03 5.183646990117837916e+00
6.905333363114466010e+03 1.006641625143159402e+01
6.905516778588676971e+03 9.196606266350345393e+00
6.905700194062887931e+03 1.138674836265837165e+01
6.905883609537098891e+03 8.682384144297335737e+00
6.906067025011309852e+03 1.115240523457491939e+01
6.906250440485519903e+03 8.991336847816905120e+00
6.906433855959730863e+03 1.080978476978189384e+01
6.906617271433941823e+03 9.524419123424545219e+00
6.906800686908151874e+03 1.089546806949459423e+01
6.906984102382362835e+03 9.760806070285054759e+00
6.907167517856574705e+03 9.231887018483217133e+00
6.907350933330784756e+03 1.005772349514178288e+01
6.907534348804995716e+03 1.002937533879702237e+01
6.907717764279206676e+03 6.716491765185722329e+00
6.907901179753416727e+03 1.049187833980145257e+01
6.908084595227627688e+03 1.052794042837308908e+01
