5.576069810470503398e+03 9.876645623532279927e+00
5.576219048547441162e+03 1.010648110034657421e+01
5.576368286624378015e+03 8.872512212207787741e+00
5.576517524701316688e+03 7.310136595316907737e+00
5.576666762778254451e+03 9.773689481104787191e+00
5.576816000855191305e+03 1.061418027166391198e+01
5.576965238932129978e+03 9.645832650528296526e+00
5.577114477009067741e+03 1.011988902271986568e+01
5.577263715086004595e+03 9.428754098790628646e+00
5.577412953162943268e+03 8.758245364292424284e+00
5.577562191239881031e+03 7.782127891005578668e+00
5.577711429316818794e+03 1.002625594836493050e+01
5.577860667393756557e+03 1.101154553904382816e+01
5.578009905470694321e+03 1.052048507557578105e+01
5.578159143547632084e+03 9.560654776248149744e+00
5.578308381624569847e+03 1.045069617749053315e+01
5.578457619701507610e+03 9.801842667322192781e+00
5.578606857778445374e+03 9.484291666205450611e+00
5.578756095855383137e+03 1.028528305564021039e+01
5.578905333932320900e+03 9.946995617836551062e+00
5.579054572009258663e+03 1.044867123906321815e+01
5.579203810086196427e+03 1.017768240592507922e+01
5.579353048163134190e+03 1.083486962880070337e+01
5.579502286240071953e+03 1.182655247927528208e+01
5.579651524317009716e+03 1.005247551323525279e+01
5.579800762393947480e+03 8.970390895333803627e+00
5.579950000470885243e+03 9.819090102340489068e+00
5.580099238547823006e+03 9.484061053054210433e+00
5.580248476624760769e+03 1.056404969561168627e+01
5.580397714701698533e+03 1.114520497120470566e+01
5.580546952778636296e+03 9.389882241546153807e+00
5.580696190855574059e+03 9.919795527029492632e+00
5.580845428932511822e+03 9.997605417143647699e+00
5.580994667009450495e+03 1.032693973437012502e+01
5.581143905086387349e+03 1.087837244388157742e+01
5.581293143163325112e+03 9.162755581325281895e+00
5.581442381240263785e+03 1.136106762992697661e+01
5.581591619317200639e+03 9.448943039253361320e+00
5.581740857394138402e+03 1.115243241069580904e+01
5.581890095471077075e+03 1.074314210490846655e+01
5.582039333548013929e+03 9.164862247900837033e+00
5.582188571624952601e+03 1.010651878793274605e+01
5.582337809701890365e+03 8.526019458047159105e+00
5.582487047778827218e+03 1.024147956011564631e+01
5.582636285855765891e+03 1.128011123427086382e+01
5.582785523932703654e+03 1.011341158661479334e+01
5.582934762009640508e+03 9.886970005389779104e+00
5.583084000086579181e+03 9.956746221037638733e+00
5.583233238163516944e+03 1.084600815219062397e+01
5.583382476240453798e+03 9.290289382229657278e+00
5.583531714317392471e+03 9.989692110087345256e+00
5.583680952394330234e+03 9.674874778140155840e+00
5.583830190471267997e+03 8.917254255671643648e+00
5.583979428548205760e+03 9.705483750611124449e+00
5.584128666625143524e+03 1.200629968864029706e+01
5.584277904702081287e+03 1.035777079311629656e+01
5.584427142779019050e+03 9.227096769461832437e+00
5.584576380855956813e+03 8.278689069449502114e+00
5.584725618932894577e+03 9.354777124690787815e+00
5.584874857009832340e+03 1.085089394124733886e+01
5.585024095086770103e+03 9.050136917978273132e+00
5.585173333163707866e+03 1.355576189042238866e+01
5.585322571240645630e+03 1.050757918951603465e+01
5.585471809317583393e+03 1.037432547682781170e+01
5.585621047394521156e+03 8.816159140512780823e+00
5.585770285471458919e+03 1.002862504098461471e+01
5.585919523548397592e+03 9.007452680509810961e+00
5.586068761625334446e+03 9.615025173389163626e+00
5.586217999702272209e+03 8.447125605013171779e+00
5.586367237779210882e+03 9.716960013266511709e+00
5.586516475856147736e+03 9.964353559179613740e+00
5.586665713933085499e+03 1.056448185990397093e+01
5.586814952010024172e+03 9.659971485826634563e+00
5.586964190086961025e+03 1.117106698446545821e+01
5.587113428163899698e+03 1.005892434589459583e+01
5.587262666240837461e+03 9.654726789029151490e+00
5.587411904317774315e+03 1.024426520312672650e+01
5.587561142394712988e+03 9.537298566446837711e+00
5.587710380471649842e+03 1.062280524166346041e+01
5.587859618548587605e+03 8.814633016618351746e+00
5.588008856625526278e+03 1.053380659569707234e+01
5.588158094702463131e+03 9.146977812196707802e+00
5.588307332779400895e+03 8.602865619739716863e+00
5.588456570856339567e+03 1.174731785413143825e+01
5.588605808933276421e+03 1.032776694759737524e+01
5.588755047010215094e+03 9.571945814819454057e+00
5.588904285087152857e+03 7.954401061842326648e+00
5.589053523164089711e+03 7.947304797660997622e+00
5.589202761241028384e+03 9.782019878086281039e+00
5.589351999317966147e+03 8.843570575892780283e+00
5.589501237394903001e+03 1.043631774012778202e+01
5.589650475471841673e+03 1.126820577947542112e+01
5.589799713548779437e+03 9.407125256501997157e+00
5.589948951625717200e+03 1.055962395010259414e+01
5.590098189702654963e+03 9.960529287572464696e+00
5.590247427779592726e+03 9.112708220181970020e+00
5.590396665856530490e+03 9.686748433876450903e+00
5.590545903933468253e+03 1.098006391434384454e+01
5.590695142010406016e+03 8.457165721268445679e+00
5.590844380087343779e+03 1.017030724969950839e+01
5.590993618164281543e+03 1.070462148611768072e+01
5.591142856241219306e+03 9.128533012806085978e+00
5.591292094318157069e+03 1.074586664187978258e+01
5.591441332395094832e+03 9.373840951663824583e+00
5.591590570472032596e+03 9.995055492882904957e+00
5.591739808548970359e+03 8.555758060794401487e+00
5.591889046625908122e+03 9.269471532689294690e+00
5.592038284702846795e+03 1.036043019197607684e+01
5.592187522779783649e+03 9.647076863310225292e+00
5.592336760856721412e+03 9.310393190531833341e+00
5.592485998933660085e+03 1.067465171177447125e+01
5.592635237010596938e+03 1.082971932565370388e+01
5.592784475087534702e+03 1.024361028689590292e+01
5.592933713164473374e+03 1.035658061691514042e+01
5.593082951241410228e+03 1.010070539371733389e+01
5.593232189318347992e+03 1.188013018677497890e+01
5.593381427395286664e+03 1.225311233801178901e+01
5.593530665472223518e+03 1.266052416818673088e+01
5.593679903549162191e+03 1.103824923992906193e+01
5.593829141626099954e+03 1.408709268146704829e+01
5.593978379703036808e+03 1.562861338272044698e+01
5.594127617779975481e+03 1.729488770786959506e+01
5.594276855856913244e+03 1.893091919689176450e+01
5.594426093933850098e+03 2.216470613055181360e+01
5.594575332010788770e+03 2.422137853777370964e+01
5.594724570087725624e+03 2.726002753615553331e+01
5.594873808164664297e+03 3.051145198952897886e+01
5.595023046241602060e+03 3.361792309816203783e+01
5.595172284318538914e+03 3.826792780016661766e+01
5.595321522395477587e+03 4.126110828747141568e+01
5.595470760472415350e+03 4.444548188197369853e+01
5.595619998549352204e+03 4.698254700885727431e+01
5.595769236626290876e+03 5.329641331617190048e+01
5.595918474703228640e+03 5.375020632888282535e+01
5.596067712780166403e+03 5.525865369293721585e+01
5.596216950857104166e+03 5.626848272972906528e+01
5.596366188934041929e+03 5.613746752434320086e+01
5.596515427010979693e+03 5.661964258494286639e+01
5.596664665087917456e+03 5.728040163441431076e+01
5.596813903164855219e+03 5.326152999206937011e+01
5.596963141241792982e+03 5.444713840310871689e+01
5.597112379318730746e+03 5.124769873545037768e+01
5.597261617395668509e+03 4.894967952049774595e+01
5.597410855472606272e+03 4.586628220503987308e+01
5.597560093549544035e+03 4.320016860666760294e+01
5.597709331626481799e+03 4.172953981193247586e+01
5.597858569703419562e+03 3.947229003046474816e+01
5.598007807780357325e+03 3.589191067757917608e+01
5.598157045857295088e+03 3.370642701772421646e+01
5.598306283934232852e+03 3.378911152017868602e+01
5.598455522011170615e+03 3.203503436809717897e+01
5.598604760088109288e+03 3.287307913075081700e+01
5.598753998165046141e+03 3.223632482565866297e+01
5.598903236241983905e+03 3.594395163419653016e+01
5.599052474318922577e+03 3.737684959326784195e+01
5.599201712395859431e+03 3.868768225698275387e+01
5.599350950472797194e+03 4.312264436226121234e+01
5.599500188549735867e+03 4.628562336182044135e+01
5.599649426626672721e+03 4.700362383733723703e+01
5.599798664703611394e+03 5.243765925061411792e+01
5.599947902780549157e+03 5.331825666320178669e+01
5.600097140857486011e+03 5.512105003856313346e+01
5.600246378934424683e+03 5.750809671995878603e+01
5.600395617011362447e+03 5.672682225933041167e+01
5.600544855088299300e+03 5.820543032897363389e+01
5.600694093165237973e+03 5.677043149173434955e+01
5.600843331242175736e+03 5.580418367480413622e+01
5.600992569319113500e+03 5.396836018744752295e+01
5.601141807396051263e+03 5.116622424352520682e+01
5.601291045472989026e+03 4.750290447101799884e+01
5.601440283549926789e+03 4.350596345677479349e+01
5.601589521626864553e+03 3.967552218984441481e+01
5.601738759703802316e+03 3.844468483218792443e+01
5.601887997780740079e+03 3.345829595814959134e+01
5.602037235857677842e+03 3.013111905310423921e+01
5.602186473934615606e+03 2.703734759669989174e+01
5.602335712011553369e+03 2.328282762558280083e+01
5.602484950088491132e+03 2.197678378075207561e+01
5.602634188165428895e+03 2.076013011679676978e+01
5.602783426242366659e+03 1.701053211430000189e+01
5.602932664319304422e+03 1.544243799599801825e+01
5.603081902396242185e+03 1.283834297814073899e+01
5.603231140473179948e+03 1.273275510339168193e+01
5.603380378550117712e+03 1.156689656374945585e+01
5.603529616627055475e+03 1.242433350819390192e+01
5.603678854703993238e+03 1.090054044771131636e+01
5.603828092780931001e+03 1.115703467730715204e+01
5.603977330857868765e+03 1.031460019393369087e+01
5.604126568934806528e+03 1.115167452589132147e+01
5.604275807011744291e+03 1.063431819933085265e+01
5.604425045088682054e+03 1.084460804308401016e+01
5.604574283165619818e+03 1.120535197014171658e+01
5.604723521242558490e+03 9.330334219530071138e+00
5.604872759319495344e+03 1.034878715779893987e+01
5.605021997396433107e+03 9.261781858491957564e+00
5.605171235473371780e+03 9.633956992204595338e+00
5.605320473550308634e+03 9.060648698109504906e+00
5.605469711627246397e+03 1.096744289740275313e+01
5.605618949704185070e+03 9.449412308142877137e+00
5.605768187781121924e+03 1.029784327008352385e+01
5.605917425858060597e+03 1.001401727415414555e+01
5.606066663934998360e+03 8.777046925302112612e+00
5.606215902011935214e+03 9.810146759314966047e+00
5.606365140088873886e+03 9.895697659559344217e+00
5.606514378165811650e+03 1.102194608553480037e+01
5.606663616242748503e+03 9.231108503708313151e+00
5.606812854319687176e+03 9.505206482631139764e+00
5.606962092396624939e+03 1.011597750842456556e+01
5.607111330473562703e+03 8.147516598517837494e+00
5.607260568550500466e+03 1.040884779282231598e+01
5.607409806627438229e+03 9.262978577510214251e+00
5.607559044704375992e+03 1.033238428049206625e+01
5.607708282781313756e+03 1.067820783992632450e+01
5.607857520858251519e+03 1.002891375137454943e+01
5.608006758935189282e+03 9.781336565745530010e+00
5.608155997012127045e+03 8.405776122599286637e+00
5.608305235089064809e+03 9.909027644329654549e+00
5.608454473166002572e+03 1.040976271684956878e+01
5.608603711242940335e+03 1.088308641287236256e+01
5.608752949319878098e+03 1.034931540261297478e+01
5.608902187396815862e+03 1.023706470410774827e+01
5.609051425473753625e+03 9.522053405254146341e+00
5.609200663550691388e+03 9.484204038263422731e+00
5.609349901627629151e+03 8.605546064229629977e+00
5.609499139704566915e+03 1.012218789739307034e+01
5.609648377781504678e+03 1.039178605460984350e+01
5.609797615858442441e+03 9.636476393298098131e+00
5.609946853935380204e+03 9.408461618978135377e+00
5.610096092012317968e+03 9.082613846574940197e+00
5.610245330089255731e+03 9.567416508062642322e+00
5.610394568166193494e+03 9.789769832000091654e+00
5.610543806243131257e+03 1.034057505288923551e+01
5.610693044320069021e+03 9.987493872578941279e+00
5.610842282397007693e+03 1.058346899425195708e+01
5.610991520473944547e+03 1.003093033616055507e+01
5.611140758550882310e+03 9.630517590056044241e+00
5.611289996627820983e+03 9.932148916438872988e+00
5.611439234704757837e+03 1.109652251527760214e+01
5.611588472781695600e+03 9.735641988132544000e+00
5.611737710858634273e+03 1.110283948858292291e+01
5.611886948935571127e+03 1.104090693861531669e+01
5.612036187012509799e+03 8.717404854101408418e+00
5.612185425089447563e+03 1.015009973917057096e+01
5.612334663166384416e+03 8.965332314403150704e+00
5.612483901243323089e+03 1.165827895679110782e+01
5.612633139320260852e+03 9.122535050342566620e+00
5.612782377397197706e+03 9.870568499549142061e+00
5.612931615474136379e+03 1.207988613528847566e+01
5.613080853551074142e+03 9.700846471638056912e+00
5.613230091628011905e+03 9.127278238839842572e+00
5.613379329704949669e+03 9.139418127551312665e+00
5.613528567781887432e+03 1.025872064502865832e+01
5.613677805858825195e+03 9.694576990021152696e+00
5.613827043935762958e+03 1.021031372805493476e+01
5.613976282012700722e+03 9.700680114048331859e+00
5.614125520089638485e+03 9.995920209121734956e+00
5.614274758166576248e+03 8.888028879758016032e+00
5.614423996243514011e+03 9.240570800011672858e+00
5.614573234320451775e+03 9.219197923068369604e+00
5.614722472397389538e+03 8.825289326126082301e+00
5.614871710474327301e+03 1.103324653812767053e+01
5.615020948551265064e+03 8.986824769062019769e+00
5.615170186628202828e+03 1.066905593674580111e+01
5.615319424705140591e+03 1.040698952201310412e+01
5.615468662782078354e+03 1.028624587051686845e+01
5.615617900859016117e+03 8.490265862499606797e+00
5.615767138935954790e+03 9.498194666399747632e+00
5.615916377012891644e+03 1.039523837249120497e+01
5.616065615089829407e+03 1.025293574918644879e+01
5.616214853166768080e+03 1.012813243792294315e+01
5.616364091243704934e+03 8.943159231429536504e+00
5.616513329320642697e+03 1.061236022970358839e+01
5.616662567397581370e+03 1.037547283552762956e+01
5.616811805474518223e+03 9.226744111391958825e+00
5.616961043551456896e+03 9.833190977532863641e+00
5.617110281628394659e+03 8.899906759035969728e+00
5.617259519705331513e+03 9.795830013031645578e+00
5.617408757782270186e+03 1.032128867589153387e+01
5.617557995859207040e+03 9.342396066657023823e+00
5.617707233936144803e+03 1.046766839017588957e+01
5.617856472013083476e+03 9.794269533782873793e+00
5.618005710090020330e+03 1.079904078783143184e+01
5.618154948166959002e+03 1.023524392825503782e+01
5.618304186243896766e+03 9.414968820199755228e+00
5.618453424320833619e+03 1.123654679712532989e+01
5.618602662397772292e+03 9.068594903377382721e+00
5.618751900474710055e+03 1.083635906537340787e+01
5.618901138551646909e+03 9.456644810374019272e+00
5.619050376628585582e+03 8.976336942154143017e+00
5.619199614705523345e+03 8.835356582654730673e+00
5.619348852782461108e+03 1.106281260281356538e+01
5.619498090859398872e+03 1.055770559473878834e+01
5.619647328936336635e+03 9.677891662991484623e+00
5.619796567013274398e+03 1.045758545561058561e+01
5.619945805090212161e+03 1.088631174938828394e+01
5.620095043167149925e+03 1.100862493288694210e+01
5.620244281244087688e+03 1.083570815317606950e+01
5.620393519321025451e+03 9.839268733940299327e+00
5.620542757397963214e+03 9.247345522111430682e+00
5.620691995474900978e+03 9.331922142236045659e+00
5.620841233551838741e+03 9.398697724752510752e+00
