8.910109440000000177e+03 7.573578221280103939e+00
8.910347910399999819e+03 1.141784708699087680e+01
8.910586380799999461e+03 9.093894377070549595e+00
8.910824851199999102e+03 9.791776314286090965e+00
8.911063321600000563e+03 1.199322211886784650e+01
8.911301791999998386e+03 1.936079424133417604e+00
8.911540262399999847e+03 1.092812891845975187e+01
8.911778732799999489e+03 1.163431598239668041e+01
8.912017203199999130e+03 6.273489565352866393e+00
8.912255673599998772e+03 7.032126087407770676e+00
8.912494144000000233e+03 6.116206050637858382e+00
8.912732614399999875e+03 6.455800850478272679e+00
8.912971084799999517e+03 1.785710410798234804e+01
8.913209555199999159e+03 1.444751037934238092e+01
8.913448025599998800e+03 1.311323767401847995e+01
8.913686496000000261e+03 1.107565973457311870e+01
8.913924966399999903e+03 9.682764749539217064e+00
8.914163436799999545e+03 9.512825293756424827e+00
8.914401907199999187e+03 7.233422827019123424e+00
8.914640377600000647e+03 9.247961718351024984e+00
8.914878847999998470e+03 4.522618134751387409e+00
8.915117318399999931e+03 1.210282158621632220e+01
8.915355788799999573e+03 1.496864468454664987e+01
8.915594259199999215e+03 1.340761534707486469e+01
8.915832729599998856e+03 1.002417653355329108e+01
8.916071199999998498e+03 1.184901577306641229e+01
8.916309670399999959e+03 9.075134091497679023e+00
8.916548140799999601e+03 9.405641630923812002e+00
8.916786611199999243e+03 1.059910371851128019e+01
8.917025081599998884e+03 7.784651922925396761e+00
8.917263552000000345e+03 1.453252352961077243e+01
8.917502022399998168e+03 3.763273054318647226e+00
8.917740492799999629e+03 1.230186981407123348e+01
8.917978963199999271e+03 4.154556536259048194e+00
8.918217433599998913e+03 1.467492611305647898e+01
8.918455903999998554e+03 7.205471439189373939e+00
8.918694374400000015e+03 9.216371785686709117e+00
8.918932844799999657e+03 9.183863063687821793e+00
8.919171315199999299e+03 5.145194714931196955e+00
8.919409785599998941e+03 1.279083507067799808e+01
8.919648255999998582e+03 8.370249811340539026e+00
8.919886726400000043e+03 9.994246710282334689e+00
8.920125196799999685e+03 1.121055869524924020e+01
8.920363667199999327e+03 9.814271265741036032e+00
8.920602137599998969e+03 4.576031264234499574e+00
8.920840608000000429e+03 1.090988974744130680e+01
8.921079078399998252e+03 1.049456875891855390e+01
8.921317548799999713e+03 1.105053813909891325e+01
8.921556019199999355e+03 8.891505209679124277e+00
8.921794489599998997e+03 7.369177157571371595e+00
8.922032959999998639e+03 6.988546184497987035e+00
8.922271430400000099e+03 1.132978711239901415e+01
8.922509900799999741e+03 4.520226767040162130e+00
8.922748371199999383e+03 1.643653513628348151e+01
8.922986841599999025e+03 9.352551948042712837e+00
8.923225311999998667e+03 5.874280054983558763e+00
8.923463782400000127e+03 1.505873608751323189e+01
8.923702252799999769e+03 8.393164555601307697e+00
8.923940723199999411e+03 8.260235581234912416e+00
8.924179193599999053e+03 9.773221996488148378e+00
8.924417664000000514e+03 7.450277665222623469e+00
8.924656134399998336e+03 7.929288699314406053e+00
8.924894604799999797e+03 4.227020502601881446e+00
8.925133075199999439e+03 1.263478589896538651e+01
8.925371545599999081e+03 1.477679246069387986e+01
8.925610015999998723e+03 1.450368538192002887e+01
8.925848486400000183e+03 9.477816181307346710e+00
8.926086956799999825e+03 1.675338272100929160e+01
8.926325427199999467e+03 1.108749447388069420e+01
8.926563897599999109e+03 1.386863682909087991e+01
8.926802367999998751e+03 6.619011546678754243e+00
8.927040838400000212e+03 1.248992898900255888e+01
8.927279308799999853e+03 8.867512101094746413e+00
8.927517779199999495e+03 1.398422077171061595e+01
8.927756249599999137e+03 1.254641334310525380e+01
8.927994720000000598e+03 1.433765127817464347e+01
8.928233190399998421e+03 8.862383200396793725e+00
8.928471660799999881e+03 1.171431053553261670e+01
8.928710131199999523e+03 9.436795868531977050e+00
8.928948601599999165e+03 9.616553413885791102e+00
8.929187071999998807e+03 1.164607731780781208e+01
8.929425542399998449e+03 1.410048402058203365e+01
8.929664012799999909e+03 9.599361779015364249e+00
8.929902483199999551e+03 1.206914184338297780e+01
8.930140953599999193e+03 1.287216494800604316e+01
8.930379423999998835e+03 1.342529593536334076e+01
8.930617894400000296e+03 1.467831501220121915e+01
8.930856364799998119e+03 1.548591557661650064e+01
8.931094835199999579e+03 7.362036551254568906e+00
8.931333305599999221e+03 6.797122169988018214e+00
8.931571775999998863e+03 1.015682423643418097e+01
8.931810246399998505e+03 1.031312895024635878e+01
8.932048716799999966e+03 9.980955706235000946e+00
8.932287187199999607e+03 1.036150151995961544e+01
8.932525657599999249e+03 7.841048939661805051e+00
8.932764127999998891e+03 6.114162698971169263e+00
8.933002598399998533e+03 9.964198585576719225e+00
8.933241068799999994e+03 1.160103377458680285e+01
8.933479539199999635e+03 9.911471537046407931e+00
8.933718009599999277e+03 1.002543814204993389e+01
8.933956479999998919e+03 2.322791311075709686e+00
8.934194950400000380e+03 7.791607613767729035e+00
8.934433420799998203e+03 9.407573211364526955e+00
8.934671891199999664e+03 1.158376190345155266e+01
8.934910361599999305e+03 1.713413275507688027e+01
8.935148831999998947e+03 1.181450882372558553e+01
8.935387302399998589e+03 1.697612302453919142e+01
8.935625772800000050e+03 1.170565942305785612e+01
8.935864243199999692e+03 1.034943845468941781e+01
8.936102713599999333e+03 1.165535297877057808e+01
8.936341183999998975e+03 1.037746448500672258e+01
8.936579654399998617e+03 1.099376998296104446e+01
8.936818124800000078e+03 1.677644257963235930e+01
8.937056595199999720e+03 1.631412923236297274e+01
8.937295065599999361e+03 1.720298050848556670e+01
8.937533535999999003e+03 2.068561587117400080e+01
8.937772006400000464e+03 2.529001165417047758e+01
8.938010476799998287e+03 3.108101975074175627e+01
8.938248947199999748e+03 2.979807664340841100e+01
8.938487417599999389e+03 4.547066807799368604e+01
8.938725887999999031e+03 4.315922134037542435e+01
8.938964358399998673e+03 5.545015867101643892e+01
8.939202828800000134e+03 6.342552246470580712e+01
8.939441299199999776e+03 6.710308334346862580e+01
8.939679769599999418e+03 7.612060953454063394e+01
8.939918239999999059e+03 8.734644583431392562e+01
8.940156710399998701e+03 1.086062113661640041e+02
8.940395180800000162e+03 1.107563258609850010e+02
8.940633651199997985e+03 1.243238245351974598e+02
8.940872121599999446e+03 1.357366719150668644e+02
8.941110591999999087e+03 1.530549902687215535e+02
8.941349062399998729e+03 1.635300891165338157e+02
8.941587532799998371e+03 1.678891727566550571e+02
8.941826003199999832e+03 1.718422382759113418e+02
8.942064473599999474e+03 1.760773221082089321e+02
8.942302943999999115e+03 1.855362849395224600e+02
8.942541414399998757e+03 1.883186693435104360e+02
8.942779884799998399e+03 1.933268753665304871e+02
8.943018355199999860e+03 1.811843097653776624e+02
8.943256825599999502e+03 1.850005415558433128e+02
8.943495295999999144e+03 1.808454888077382066e+02
8.943733766399998785e+03 1.750796788901394905e+02
8.943972236800000246e+03 1.682699238145654306e+02
8.944210707199998069e+03 1.634472632885633914e+02
8.944449177599999530e+03 1.562352400825296002e+02
8.944687647999999172e+03 1.437807526476262581e+02
8.944926118399998813e+03 1.460983171768523334e+02
8.945164588799998455e+03 1.304707276990899629e+02
8.945403059199999916e+03 1.365052602223410645e+02
8.945641529599999558e+03 1.330577515682422813e+02
8.945879999999999200e+03 1.298631033009388034e+02
8.946118470399998841e+03 1.378403286977907953e+02
8.946356940799998483e+03 1.312835941337006034e+02
8.946595411199999944e+03 1.300808176055992931e+02
8.946833881599999586e+03 1.405051665997640384e+02
8.947072351999999228e+03 1.481727565308271721e+02
8.947310822399998870e+03 1.501299243059409321e+02
8.947549292800000330e+03 1.616411795882076490e+02
8.947787763199998153e+03 1.737954812935253699e+02
8.948026233599999614e+03 1.767737555300863335e+02
8.948264703999999256e+03 1.824015688548201410e+02
8.948503174399998898e+03 1.799751234024978999e+02
8.948741644799998539e+03 1.888229505645349775e+02
8.948980115200000000e+03 1.833683691686979955e+02
8.949218585599999642e+03 1.884595314024514892e+02
8.949457055999999284e+03 1.798677424491803549e+02
8.949695526399998926e+03 1.785261312518032355e+02
8.949933996799998567e+03 1.768217883884255173e+02
8.950172467200000028e+03 1.687029218680430063e+02
8.950410937599999670e+03 1.593877203524209278e+02
8.950649407999999312e+03 1.473267841926388542e+02
8.950887878399998954e+03 1.380939467123732243e+02
8.951126348800000414e+03 1.297614929036370768e+02
8.951364819199998237e+03 1.178746986693511047e+02
8.951603289599999698e+03 9.883066241957949671e+01
8.951841759999999340e+03 9.306949711958358762e+01
8.952080230399998982e+03 7.817112172641327561e+01
8.952318700799998624e+03 6.664229672455711295e+01
8.952557171199998265e+03 6.671416218518436381e+01
8.952795641599999726e+03 5.314723871918651099e+01
8.953034111999999368e+03 4.731343196904264659e+01
8.953272582399999010e+03 4.033595875665173480e+01
8.953511052799998652e+03 3.339704323663119112e+01
8.953749523200000112e+03 2.932087843967177676e+01
8.953987993599997935e+03 2.796243177149595027e+01
8.954226463999999396e+03 1.865299036234301866e+01
8.954464934399999038e+03 1.385300626220485576e+01
8.954703404799998680e+03 1.945449886554381180e+01
8.954941875199998321e+03 1.397390611246371250e+01
8.955180345599999782e+03 1.421363347756688711e+01
8.955418815999999424e+03 8.247619779303370535e+00
8.955657286399999066e+03 1.093199297324401087e+01
8.955895756799998708e+03 5.198099687892492327e+00
8.956134227199998350e+03 1.056057678547083789e+01
8.956372697599999810e+03 1.903310050746046045e+01
8.956611167999999452e+03 1.552417816305175435e+01
8.956849638399999094e+03 1.236320994473605417e+01
8.957088108799998736e+03 6.095551488609028290e+00
8.957326579200000197e+03 9.081884162141303563e+00
8.957565049599998019e+03 8.182715346497975162e+00
8.957803519999999480e+03 7.786144761471947007e+00
8.958041990399999122e+03 4.918393438161787756e+00
8.958280460799998764e+03 1.447883799535624405e+00
8.958518931199998406e+03 1.250858749527799318e+01
8.958757401599999866e+03 8.902432639292200633e+00
8.958995871999999508e+03 1.000371988823069636e+01
8.959234342399999150e+03 5.012649380808480437e+00
8.959472812799998792e+03 1.410489645209118770e+01
8.959711283199998434e+03 9.089959410254255801e+00
8.959949753599999895e+03 4.161294678821756854e+00
8.960188223999999536e+03 1.287344085238132507e+01
8.960426694399999178e+03 9.606614578383025460e+00
8.960665164799998820e+03 1.634108272076130675e+01
8.960903635200000281e+03 1.265590582832235889e+01
8.961142105599998104e+03 8.260347332035678392e+00
8.961380575999999564e+03 3.076374106998511770e+00
8.961619046399999206e+03 1.577843394449840986e+01
8.961857516799998848e+03 8.643129569481622809e+00
8.962095987199998490e+03 1.105762962700258178e+01
8.962334457599999951e+03 4.995806570694285575e+00
8.962572927999999592e+03 6.274226863889783345e+00
8.962811398399999234e+03 4.953983430208581673e+00
8.963049868799998876e+03 1.009218328678769439e+01
8.963288339199998518e+03 1.003958301444419909e+01
8.963526809599999979e+03 1.000530587272117522e+01
8.963765279999997801e+03 1.625730883456451892e+01
8.964003750399999262e+03 6.020131627158082921e+00
8.964242220799998904e+03 8.054911158668325299e+00
8.964480691199998546e+03 8.526682597850641088e+00
8.964719161599998188e+03 8.150369665750677228e+00
8.964957631999999649e+03 1.047873845621279543e+01
8.965196102399999290e+03 6.492541273844097738e+00
8.965434572799998932e+03 1.323355219252491288e+01
8.965673043199998574e+03 6.374889926423247033e+00
8.965911513599998216e+03 7.542628613124195525e+00
8.966149983999999677e+03 1.084540119477105158e+01
8.966388454399999318e+03 9.300339532167752665e+00
8.966626924799998960e+03 8.092843602078138687e+00
8.966865395199998602e+03 8.313252087470829110e+00
8.967103865600000063e+03 7.629975004170011843e+00
8.967342335999997886e+03 1.167986570078286945e+01
8.967580806399999346e+03 1.439710082498431731e+01
8.967819276799998988e+03 1.356480979830070055e+01
8.968057747199998630e+03 1.606169580591176427e+00
8.968296217599998272e+03 9.085949686204969566e+00
8.968534687999999733e+03 1.020318544535390259e+01
8.968773158399999375e+03 1.099323398646913930e+01
8.969011628799999016e+03 1.629117652719908804e+01
8.969250099199998658e+03 7.007568357583872753e+00
8.969488569599998300e+03 9.290548989749847664e+00
8.969727039999999761e+03 1.685708497371349068e+01
8.969965510399999403e+03 1.095813628543165663e+01
8.970203980799999044e+03 1.431937562011240139e+01
8.970442451199998686e+03 8.863462271857921237e+00
8.970680921600000147e+03 7.237229993094908664e+00
8.970919391999997970e+03 1.083008869453990108e+01
8.971157862399999431e+03 9.068569002204068141e+00
8.971396332799999072e+03 1.187567980566086590e+01
8.971634803199998714e+03 1.260984358640772030e+01
8.971873273599998356e+03 7.782232759948289669e+00
8.972111743999999817e+03 1.086930783738539752e+01
8.972350214399999459e+03 1.181472148375524078e+01
8.972588684799999101e+03 9.326885026545904012e+00
8.972827155199998742e+03 1.041672424762497862e+01
8.973065625599998384e+03 7.235716077818874936e+00
8.973304095999999845e+03 1.016535522329064811e+01
8.973542566399999487e+03 1.208091738124718617e+01
8.973781036799999129e+03 4.406414596696330399e+00
8.974019507199998770e+03 1.035778029096779207e+01
8.974257977600000231e+03 1.109417864879999449e+01
8.974496447999998054e+03 1.401215398636982812e+01
8.974734918399999515e+03 5.200724827848294041e+00
8.974973388799999157e+03 6.667819891875545579e+00
8.975211859199998798e+03 1.032444192851790099e+01
8.975450329599998440e+03 1.085162088053403728e+01
8.975688799999999901e+03 1.221767274671994841e+01
8.975927270399999543e+03 9.314609564405939679e+00
8.976165740799999185e+03 1.065916178284545168e+01
8.976404211199998826e+03 4.584473588973370539e+00
8.976642681599998468e+03 5.375567781851351867e+00
8.976881151999999929e+03 1.374802285939322566e+01
8.977119622399997752e+03 1.154704109851615534e+01
8.977358092799999213e+03 1.015918221056161386e+01
8.977596563199998855e+03 1.176153358556064532e+01
8.977835033599998496e+03 1.378791589739899948e+01
8.978073503999998138e+03 1.161026520746492707e+01
8.978311974399999599e+03 1.237017164742851350e+01
8.978550444799999241e+03 1.432110027806359476e+01
8.978788915199998883e+03 9.835390914710147925e+00
8.979027385599998524e+03 4.877909905114906408e+00
8.979265855999998166e+03 9.956071792134517651e+00
8.979504326399999627e+03 1.071550642481609117e+01
8.979742796799999269e+03 1.904205829279481321e+01
8.979981267199998911e+03 8.558878269102454084e+00
8.980219737599998552e+03 1.205797450800891291e+01
8.980458208000000013e+03 1.326466469802898729e+01
8.980696678399997836e+03 1.130420259790047943e+01
8.980935148799999297e+03 1.332638875421525348e+01
8.981173619199998939e+03 1.623522597055972128e+01
8.981412089599998581e+03 1.185850305485045730e+01
8.981650559999998222e+03 1.375196835764524472e+01
