1.075308597928334711e+04 1.021837090704765849e+01
1.075337377515521439e+04 9.501993469091067013e+00
1.075366157102707984e+04 9.409916674068096398e+00
1.075394936689894712e+04 1.002456912051377635e+01
1.075423716277081439e+04 9.895029489428983638e+00
1.075452495864267985e+04 1.013423808874568977e+01
1.075481275451454712e+04 9.794269930818845893e+00
1.075510055038641440e+04 9.687920817638239868e+00
1.075538834625828167e+04 1.013843167858199656e+01
1.075567614213014895e+04 9.761021649475695838e+00
1.075596393800201622e+04 1.032911954072667804e+01
1.075625173387388168e+04 9.707719575475810103e+00
1.075653952974574895e+04 9.406772701942545112e+00
1.075682732561761622e+04 9.940098676188949156e+00
1.075711512148948168e+04 1.014935626730546758e+01
1.075740291736134895e+04 9.830042766738316118e+00
1.075769071323321623e+04 9.805273232862159460e+00
1.075797850910508350e+04 1.045038161651298481e+01
1.075826630497695078e+04 9.574916567060755668e+00
1.075855410084881805e+04 9.890243241646787808e+00
1.075884189672068351e+04 1.005206037535994845e+01
1.075912969259255078e+04 9.529727178946863830e+00
1.075941748846441806e+04 9.874435289984972997e+00
1.075970528433628351e+04 1.020543952427910561e+01
1.075999308020815079e+04 9.978732245666247280e+00
1.076028087608001806e+04 9.902686163773628536e+00
1.076056867195188534e+04 9.980087361035659299e+00
1.076085646782375261e+04 1.021326254633392949e+01
1.076114426369561806e+04 1.000449621206875328e+01
1.076143205956748534e+04 1.017424425802586541e+01
1.076171985543935261e+04 1.034132180347648422e+01
1.076200765131121807e+04 9.911924801184396117e+00
1.076229544718308534e+04 1.016207444114292180e+01
1.076258324305495444e+04 9.995568844815519327e+00
1.076287103892681989e+04 9.791707442277358453e+00
1.076315883479868717e+04 1.014444488833177793e+01
1.076344663067055444e+04 1.037961496995882804e+01
1.076373442654241990e+04 9.737413222909665933e+00
1.076402222241428717e+04 1.001051133298440021e+01
1.076431001828615445e+04 9.878773621501785840e+00
1.076459781415802172e+04 9.846019030437048514e+00
1.076488561002988899e+04 1.030395005057999924e+01
1.076517340590175627e+04 1.012040736261352514e+01
1.076546120177362172e+04 1.045149260347739428e+01
1.076574899764548900e+04 1.004990841480563191e+01
1.076603679351735627e+04 9.876796697528178015e+00
1.076632458938922173e+04 9.777629523433214231e+00
1.076661238526108900e+04 1.026600578038070921e+01
1.076690018113295628e+04 1.005503040377564083e+01
1.076718797700482355e+04 9.778715569219704307e+00
1.076747577287669083e+04 9.408581898252176501e+00
1.076776356874855810e+04 1.010368272332052619e+01
1.076805136462042356e+04 1.035135155499014559e+01
1.076833916049229083e+04 9.850222231668753992e+00
1.076862695636415810e+04 9.562684063971698123e+00
1.076891475223602356e+04 1.051736219047604770e+01
1.076920254810789083e+04 1.071251291146456452e+01
1.076949034397975811e+04 1.016171471830783979e+01
1.076977813985162538e+04 9.635125472832783089e+00
1.077006593572349266e+04 9.902825448982524037e+00
1.077035373159535993e+04 9.744905100867260472e+00
1.077064152746722539e+04 9.842662089167587780e+00
1.077092932333909266e+04 9.991520272267422342e+00
1.077121711921095994e+04 1.036792353311634507e+01
1.077150491508282539e+04 1.035707168233085085e+01
1.077179271095469267e+04 9.871045271096839713e+00
1.077208050682655994e+04 1.043497454341846264e+01
1.077236830269842721e+04 1.003400082414233019e+01
1.077265609857029449e+04 9.192654298241375699e+00
1.077294389444216176e+04 9.512870961925326441e+00
1.077323169031402722e+04 9.824336378249867607e+00
1.077351948618589449e+04 9.848856868961540556e+00
1.077380728205776177e+04 1.020163079752942892e+01
1.077409507792962722e+04 1.001534437162976232e+01
1.077438287380149450e+04 9.622970966634582624e+00
1.077467066967336359e+04 9.832655107384939086e+00
1.077495846554522905e+04 9.391336545184701734e+00
1.077524626141709632e+04 1.020338530088453410e+01
1.077553405728896178e+04 9.900652439602449562e+00
1.077582185316082905e+04 9.937681460054879068e+00
1.077610964903269632e+04 9.495802121098664728e+00
1.077639744490456178e+04 1.002484477923187356e+01
1.077668524077643087e+04 1.008183294734842406e+01
1.077697303664829815e+04 1.003549580447007372e+01
1.077726083252016360e+04 9.614695938439382417e+00
1.077754862839203088e+04 1.022455503784792796e+01
1.077783642426389815e+04 1.024836183216183905e+01
1.077812422013576361e+04 9.412470564760157643e+00
1.077841201600763088e+04 1.014408748950786610e+01
1.077869981187949816e+04 9.536591161340387757e+00
1.077898760775136543e+04 9.627807103146366785e+00
1.077927540362323271e+04 9.854319199467713730e+00
1.077956319949509998e+04 1.028111768413694982e+01
1.077985099536696544e+04 1.008070769990602500e+01
1.078013879123883271e+04 9.817713607070174930e+00
1.078042658711069998e+04 9.840819802727802212e+00
1.078071438298256544e+04 1.009186589743121942e+01
1.078100217885443271e+04 1.039490627073251794e+01
1.078128997472629999e+04 1.043999484378428733e+01
1.078157777059816726e+04 1.028793262525910990e+01
1.078186556647003454e+04 1.012541049576840990e+01
1.078215336234190181e+04 1.013149499603239434e+01
1.078244115821376727e+04 9.913350149950234780e+00
1.078272895408563454e+04 1.020138611675510987e+01
1.078301674995750182e+04 9.692666532241648980e+00
1.078330454582936727e+04 1.004011541777405370e+01
1.078359234170123455e+04 1.027690654139347437e+01
1.078388013757310182e+04 1.016998945735142179e+01
1.078416793344496909e+04 1.050536333385250387e+01
1.078445572931683637e+04 1.069903534662483402e+01
1.078474352518870364e+04 1.019426882394522593e+01
1.078503132106056910e+04 1.103945316954466627e+01
1.078531911693243637e+04 1.138673513220905775e+01
1.078560691280430365e+04 1.124170100408271367e+01
1.078589470867616910e+04 1.141592730431121794e+01
1.078618250454803638e+04 1.179237279122689230e+01
1.078647030041990365e+04 1.217310124132011850e+01
1.078675809629177093e+04 1.226204585516122059e+01
1.078704589216363820e+04 1.302818400031442536e+01
1.078733368803550547e+04 1.384121405636482471e+01
1.078762148390737093e+04 1.399119974197259175e+01
1.078790927977923820e+04 1.450638502008573028e+01
1.078819707565110548e+04 1.500630427264302647e+01
1.078848487152297093e+04 1.629022351462746343e+01
1.078877266739483821e+04 1.680440905394683071e+01
1.078906046326670548e+04 1.729611239596813377e+01
1.078934825913857276e+04 1.782005749680896756e+01
1.078963605501044003e+04 1.861586561854617017e+01
1.078992385088230549e+04 1.974123539235994329e+01
1.079021164675417276e+04 2.058175386482845681e+01
1.079049944262604004e+04 2.148032304366996215e+01
1.079078723849790731e+04 2.219692522632104570e+01
1.079107503436977458e+04 2.235242654206276569e+01
1.079136283024164186e+04 2.328147091025290649e+01
1.079165062611350731e+04 2.292455945954408136e+01
1.079193842198537459e+04 2.366834935876023849e+01
1.079222621785724186e+04 2.412971294309018688e+01
1.079251401372910732e+04 2.402972634948881492e+01
1.079280180960097459e+04 2.382933348320172939e+01
1.079308960547284187e+04 2.372895685166403013e+01
1.079337740134470914e+04 2.376582790687132984e+01
1.079366519721657642e+04 2.312509416690960862e+01
1.079395299308844369e+04 2.312152240068760989e+01
1.079424078896030915e+04 2.287837494317870934e+01
1.079452858483217642e+04 2.286297228238329282e+01
1.079481638070404370e+04 2.190741998678302238e+01
1.079510417657590915e+04 2.195891743592413192e+01
1.079539197244777642e+04 2.158139011067784452e+01
1.079567976831964370e+04 2.181232870432317128e+01
1.079596756419151097e+04 2.197011931299805099e+01
1.079625536006337825e+04 2.160536369480588093e+01
1.079654315593524552e+04 2.209624977571184345e+01
1.079683095180711098e+04 2.210658212609434869e+01
1.079711874767897825e+04 2.181336674544900234e+01
1.079740654355084553e+04 2.246270172752078409e+01
1.079769433942271098e+04 2.247439649455608901e+01
1.079798213529457826e+04 2.241854769319519036e+01
1.079826993116644553e+04 2.306489841775379546e+01
1.079855772703831281e+04 2.291763009090771064e+01
1.079884552291018008e+04 2.320715935364113136e+01
1.079913331878204735e+04 2.325549661925581191e+01
1.079942111465391281e+04 2.410080703641035171e+01
1.079970891052578008e+04 2.400300851899345034e+01
1.079999670639764736e+04 2.384020170496875224e+01
1.080028450226951281e+04 2.455419717588468131e+01
1.080057229814138009e+04 2.329410586000490824e+01
1.080086009401324736e+04 2.317432086133340263e+01
1.080114788988511464e+04 2.215799116413675662e+01
1.080143568575698191e+04 2.248143952267824730e+01
1.080172348162884919e+04 2.185664312564519207e+01
1.080201127750071464e+04 2.118210155968187891e+01
1.080229907337258192e+04 2.017099883029184682e+01
1.080258686924444919e+04 1.955106486907812524e+01
1.080287466511631465e+04 1.853828712905418996e+01
1.080316246098818374e+04 1.825623337510311472e+01
1.080345025686005101e+04 1.696279517668611803e+01
1.080373805273191647e+04 1.673478394364684263e+01
1.080402584860378374e+04 1.556500372368099860e+01
1.080431364447564920e+04 1.566981100874403943e+01
1.080460144034751647e+04 1.492739632345623413e+01
1.080488923621938375e+04 1.380072201167343238e+01
1.080517703209125102e+04 1.307493666571577151e+01
1.080546482796311830e+04 1.321494666256702644e+01
1.080575262383498557e+04 1.255549666235909179e+01
1.080604041970685103e+04 1.219401739062158896e+01
1.080632821557871830e+04 1.147589461574825087e+01
1.080661601145058557e+04 1.162522765103758537e+01
1.080690380732245103e+04 1.121732934656850489e+01
1.080719160319431830e+04 1.062016837860655549e+01
1.080747939906618558e+04 1.043576182223269022e+01
1.080776719493805285e+04 1.078452579942445411e+01
1.080805499080992013e+04 9.879978348902671570e+00
1.080834278668178740e+04 1.052327023908912551e+01
1.080863058255365286e+04 1.027079536577619834e+01
1.080891837842552013e+04 1.043219414158600422e+01
1.080920617429738741e+04 1.009323656554696136e+01
1.080949397016925286e+04 1.019914847355578580e+01
1.080978176604112014e+04 1.007477063067443801e+01
1.081006956191298741e+04 1.042430256388783327e+01
1.081035735778485468e+04 1.005769916794967322e+01
1.081064515365672196e+04 9.722728282493692475e+00
1.081093294952858923e+04 9.585988459431339592e+00
1.081122074540045469e+04 9.714848070686278092e+00
1.081150854127232196e+04 1.011322953657878365e+01
1.081179633714418924e+04 9.960732745381573494e+00
1.081208413301605469e+04 1.046679689781982425e+01
1.081237192888792197e+04 1.019446472486024824e+01
1.081265972475978924e+04 9.697635172468537235e+00
1.081294752063165652e+04 9.705048611498261479e+00
1.081323531650352379e+04 9.808189625112230914e+00
1.081352311237539107e+04 9.888914515624900758e+00
1.081381090824725652e+04 9.911718792898779995e+00
1.081409870411912379e+04 1.014256127007566732e+01
1.081438649999099107e+04 9.846242033423949991e+00
1.081467429586285652e+04 1.037821377003846912e+01
1.081496209173472380e+04 9.568661174993097873e+00
1.081524988760659107e+04 1.015577111548918587e+01
1.081553768347845835e+04 1.015179362770974869e+01
1.081582547935032562e+04 1.000673290288672845e+01
1.081611327522219290e+04 1.031958815977382038e+01
1.081640107109405835e+04 1.018286707826234760e+01
1.081668886696592563e+04 1.037796991308828431e+01
1.081697666283779290e+04 1.014445329798759055e+01
1.081726445870966018e+04 1.032282865054317078e+01
1.081755225458152745e+04 1.027522616007124867e+01
1.081784005045339291e+04 9.860090283869411110e+00
1.081812784632526018e+04 9.821621073042406280e+00
1.081841564219712745e+04 1.012592301811193174e+01
1.081870343806899291e+04 9.855577483378192838e+00
1.081899123394086018e+04 9.641942723764991285e+00
1.081927902981272746e+04 1.003764726408302188e+01
1.081956682568459473e+04 9.948788243942205511e+00
1.081985462155646201e+04 1.013698843683515527e+01
1.082014241742832928e+04 9.625766859776719642e+00
1.082043021330019474e+04 1.034992091258912872e+01
1.082071800917206201e+04 9.939461934227644235e+00
1.082100580504392929e+04 1.005962302646660866e+01
1.082129360091579474e+04 1.014437430776901827e+01
1.082158139678766202e+04 1.002995801038325752e+01
1.082186919265952929e+04 9.345858901949302577e+00
1.082215698853139656e+04 9.929779350928596315e+00
1.082244478440326384e+04 1.005776104129574300e+01
1.082273258027513111e+04 9.492931181697890963e+00
1.082302037614699657e+04 9.733530767511030746e+00
1.082330817201886384e+04 9.736292319576259402e+00
1.082359596789073112e+04 1.029264998316297586e+01
1.082388376376259657e+04 1.025515862023050140e+01
1.082417155963446385e+04 1.010922419145972206e+01
1.082445935550633112e+04 9.972610123833552720e+00
1.082474715137819840e+04 1.037270395644011245e+01
1.082503494725006567e+04 9.932618785150259200e+00
1.082532274312193294e+04 9.749975931000653517e+00
1.082561053899379840e+04 1.025355512943344749e+01
1.082589833486566567e+04 1.044350671722102497e+01
1.082618613073753295e+04 9.838554602573566399e+00
1.082647392660939840e+04 1.011444050225736291e+01
1.082676172248126568e+04 9.727549176166107259e+00
1.082704951835313295e+04 9.939324050239218167e+00
1.082733731422500023e+04 1.001843081681771963e+01
1.082762511009686750e+04 1.039309209060014894e+01
1.082791290596873478e+04 9.962604950979072171e+00
1.082820070184060023e+04 9.482748172484791738e+00
1.082848849771246751e+04 1.001203246495650490e+01
1.082877629358433478e+04 9.621659865974340420e+00
1.082906408945620024e+04 1.012651323970432315e+01
1.082935188532806751e+04 9.859196856551674770e+00
1.082963968119993660e+04 9.619293297408916033e+00
1.082992747707180206e+04 9.634643246526762184e+00
1.083021527294366933e+04 9.878767778166544389e+00
1.083050306881553661e+04 9.911724268855966358e+00
1.083079086468740206e+04 1.027945716228126827e+01
1.083107866055926934e+04 1.008186926002932005e+01
1.083136645643113661e+04 1.020689549898031423e+01
1.083165425230300389e+04 9.865381603244447462e+00
1.083194204817487116e+04 9.221945852016483869e+00
1.083222984404673844e+04 1.045862809467664256e+01
1.083251763991860389e+04 9.663539451070228381e+00
1.083280543579047117e+04 1.019025585037278603e+01
1.083309323166233662e+04 9.840360749103769678e+00
1.083338102753420389e+04 1.019508306603662007e+01
1.083366882340607117e+04 1.000698676696592671e+01
1.083395661927793844e+04 1.004767237983666028e+01
1.083424441514980572e+04 9.974783626648310531e+00
1.083453221102167299e+04 1.039805038212834454e+01
1.083482000689353845e+04 9.894814558860613118e+00
1.083510780276540572e+04 9.518720276865012764e+00
1.083539559863727300e+04 9.389266491808877291e+00
1.083568339450913845e+04 9.979050447736115714e+00
1.083597119038100573e+04 1.024310761989432983e+01
1.083625898625287300e+04 1.018579662570597577e+01
1.083654678212474028e+04 1.005202017259714609e+01
1.083683457799660755e+04 9.918476043433585687e+00
1.083712237386847482e+04 9.661566596787599437e+00
1.083741016974034028e+04 1.023111295648118713e+01
1.083769796561220755e+04 1.039234859574334457e+01
1.083798576148407483e+04 1.029081172120222831e+01
1.083827355735594028e+04 9.587518171257380928e+00
1.083856135322780756e+04 9.702146363051125988e+00
1.083884914909967483e+04 1.002586617579394179e+01
1.083913694497154211e+04 9.711513270418167920e+00
1.083942474084340938e+04 1.032023450836414469e+01
