1.112379883010473532e+04 9.678908087981106689e+00
1.112409654774494993e+04 7.364982839071140930e+00
1.112439426538516454e+04 9.075126672609087564e+00
1.112469198302538098e+04 8.593453090040673814e+00
1.112498970066559559e+04 1.101062886429022925e+01
1.112528741830581021e+04 7.540435556420629126e+00
1.112558513594602482e+04 1.094549154175287597e+01
1.112588285358624125e+04 8.261645233639345776e+00
1.112618057122645587e+04 1.108275500635423683e+01
1.112647828886667048e+04 9.610123978253577448e+00
1.112677600650688692e+04 9.855141060236977779e+00
1.112707372414709971e+04 7.528682742727085930e+00
1.112737144178731614e+04 1.168054437656001809e+01
1.112766915942753076e+04 1.209159307337804101e+01
1.112796687706774537e+04 1.128643786679158012e+01
1.112826459470796181e+04 9.140527338406746694e+00
1.112856231234817642e+04 9.055472898116409652e+00
1.112886002998839103e+04 9.850651052031489385e+00
1.112915774762860565e+04 8.805679567423609910e+00
1.112945546526882208e+04 1.157150142257702541e+01
1.112975318290903670e+04 1.091488730524604911e+01
1.113005090054925131e+04 7.855216913900214593e+00
1.113034861818946774e+04 1.110095037753318081e+01
1.113064633582968054e+04 1.191023685797339660e+01
1.113094405346989697e+04 9.129423501777788275e+00
1.113124177111011159e+04 9.888877372595450410e+00
1.113153948875032620e+04 9.332645885317463197e+00
1.113183720639054263e+04 8.621883052993869256e+00
1.113213492403075543e+04 1.247976530697211217e+01
1.113243264167097186e+04 8.634170493656633028e+00
1.113273035931118648e+04 1.423189853247209058e+01
1.113302807695140109e+04 8.440622999041249130e+00
1.113332579459161570e+04 9.528103880941342751e+00
1.113362351223183214e+04 1.253109307294203134e+01
1.113392122987204675e+04 9.173720033176177679e+00
1.113421894751226137e+04 1.015377399847417905e+01
1.113451666515247780e+04 8.756749445155435296e+00
1.113481438279269059e+04 8.811508085578434901e+00
1.113511210043290703e+04 9.415725965505568951e+00
1.113540981807312164e+04 1.094077680505700201e+01
1.113570753571333626e+04 7.925821402737701860e+00
1.113600525335355269e+04 7.483033221232377130e+00
1.113630297099376730e+04 8.366734795062939156e+00
1.113660068863398192e+04 1.033675256716178836e+01
1.113689840627419653e+04 1.225025095366328642e+01
1.113719612391441296e+04 1.096126074717784071e+01
1.113749384155462758e+04 1.022387455033815051e+01
1.113779155919484219e+04 9.594952912603492479e+00
1.113808927683505863e+04 1.142240625533383103e+01
1.113838699447527142e+04 1.045191679022063980e+01
1.113868471211548786e+04 1.233117415988923149e+01
1.113898242975570247e+04 1.142928941726401249e+01
1.113928014739591708e+04 9.822307902366702592e+00
1.113957786503613352e+04 8.662468438941470339e+00
1.113987558267634813e+04 7.621174178759317464e+00
1.114017330031656275e+04 9.021114932145501086e+00
1.114047101795677736e+04 7.532264596578305493e+00
1.114076873559699379e+04 1.098868056027166418e+01
1.114106645323720659e+04 8.572594660133201927e+00
1.114136417087742302e+04 7.920987489669931492e+00
1.114166188851763764e+04 8.022232841422079375e+00
1.114195960615785225e+04 1.317934130439033069e+01
1.114225732379806868e+04 1.097897426012591104e+01
1.114255504143828330e+04 1.147937351296977759e+01
1.114285275907849791e+04 1.188638177984383049e+01
1.114315047671871253e+04 9.050923276401103834e+00
1.114344819435892896e+04 7.326277543207153187e+00
1.114374591199914357e+04 1.077163254480605303e+01
1.114404362963935819e+04 1.007904345796777434e+01
1.114434134727957462e+04 8.950000413443010672e+00
1.114463906491978742e+04 9.288141378146580251e+00
1.114493678256000385e+04 1.055983805379040241e+01
1.114523450020021846e+04 1.014113894908354219e+01
1.114553221784043308e+04 9.853624514482365981e+00
1.114582993548064951e+04 1.067116587748913403e+01
1.114612765312086412e+04 1.022145627804718870e+01
1.114642537076107874e+04 1.449297639087339817e+01
1.114672308840129335e+04 1.041749324981596025e+01
1.114702080604150797e+04 7.081140599753304343e+00
1.114731852368172440e+04 6.335391524404647257e+00
1.114761624132193901e+04 7.457176798798787587e+00
1.114791395896215363e+04 9.692233673419011097e+00
1.114821167660236824e+04 1.337155838849271561e+01
1.114850939424258468e+04 9.530353644585094486e+00
1.114880711188279929e+04 1.287356939206504691e+01
1.114910482952301390e+04 6.656951851462860503e+00
1.114940254716322852e+04 1.035923363651073537e+01
1.114970026480344313e+04 7.434795546119246978e+00
1.114999798244365957e+04 1.355793172306051453e+01
1.115029570008387418e+04 9.203236197847205702e+00
1.115059341772408879e+04 1.038374196455654364e+01
1.115089113536430341e+04 7.604998927019158472e+00
1.115118885300451984e+04 7.461570161358208608e+00
1.115148657064473446e+04 1.043349667690171856e+01
1.115178428828494907e+04 9.639749843101164117e+00
1.115208200592516550e+04 8.723199515737409371e+00
1.115237972356537830e+04 1.109697625833499757e+01
1.115267744120559473e+04 9.049162613469038163e+00
1.115297515884580935e+04 1.249725891296967006e+01
1.115327287648602396e+04 1.143188479056708395e+01
1.115357059412624039e+04 1.163299360652754366e+01
1.115386831176645501e+04 1.025900691362615014e+01
1.115416602940666962e+04 1.277569261512355325e+01
1.115446374704688424e+04 1.190482906154813847e+01
1.115476146468710067e+04 1.131776610813937012e+01
1.115505918232731528e+04 9.986852659113109709e+00
1.115535689996752990e+04 1.348970968626984046e+01
1.115565461760774633e+04 1.156446949325244589e+01
1.115595233524795913e+04 1.272007759628250056e+01
1.115625005288817556e+04 1.704229233431761870e+01
1.115654777052839017e+04 1.674800732889794475e+01
1.115684548816860479e+04 2.011366216993355494e+01
1.115714320580882122e+04 2.338814338346593402e+01
1.115744092344903584e+04 2.475803772076440978e+01
1.115773864108925045e+04 2.500198634589675706e+01
1.115803635872946506e+04 2.883400029031831480e+01
1.115833407636968150e+04 3.380371032316655544e+01
1.115863179400989429e+04 3.714359358288833590e+01
1.115892951165011073e+04 4.170890036299547177e+01
1.115922722929032534e+04 4.499536295707112998e+01
1.115952494693053995e+04 5.036000815150568855e+01
1.115982266457075639e+04 5.256387261953340584e+01
1.116012038221097100e+04 6.107160461065395651e+01
1.116041809985118562e+04 6.081788479517089741e+01
1.116071581749140023e+04 6.643766962011740418e+01
1.116101353513161484e+04 6.946293619616777448e+01
1.116131125277183128e+04 7.950109591203235482e+01
1.116160897041204589e+04 8.488387280125650136e+01
1.116190668805226051e+04 8.566629364736618868e+01
1.116220440569247512e+04 9.117872190595100790e+01
1.116250212333269155e+04 9.692290648363257333e+01
1.116279984097290617e+04 9.697545546531566174e+01
1.116309755861312078e+04 1.049296271930572999e+02
1.116339527625333722e+04 1.069479188997484016e+02
1.116369299389355001e+04 1.098319852384029360e+02
1.116399071153376644e+04 1.147381960280752367e+02
1.116428842917398106e+04 1.161543095260752949e+02
1.116458614681419567e+04 1.159469644361986269e+02
1.116488386445441211e+04 1.136663305010335989e+02
1.116518158209462672e+04 1.196533132445928942e+02
1.116547929973484133e+04 1.177708197150034835e+02
1.116577701737505595e+04 1.182215466084477811e+02
1.116607473501527238e+04 1.168086272001210375e+02
1.116637245265548700e+04 1.193354772048656400e+02
1.116667017029570161e+04 1.149779773644566916e+02
1.116696788793591622e+04 1.122829317526320381e+02
1.116726560557613084e+04 1.146666453208840295e+02
1.116756332321634727e+04 1.112232658892527581e+02
1.116786104085656189e+04 1.107757745546984580e+02
1.116815875849677650e+04 1.120650506139882481e+02
1.116845647613699111e+04 1.100593755042060025e+02
1.116875419377720755e+04 1.142945751658932920e+02
1.116905191141742216e+04 1.150563759156755168e+02
1.116934962905763678e+04 1.130428280840808952e+02
1.116964734669785321e+04 1.163379128067042814e+02
1.116994506433806600e+04 1.146706537714467800e+02
1.117024278197828244e+04 1.182131533011251889e+02
1.117054049961849705e+04 1.197502405966443035e+02
1.117083821725871167e+04 1.175050443987744302e+02
1.117113593489892810e+04 1.177244750862513314e+02
1.117143365253914271e+04 1.163094825689902194e+02
1.117173137017935733e+04 1.161462130040274445e+02
1.117202908781957194e+04 1.184064788010853704e+02
1.117232680545978837e+04 1.166946243153775953e+02
1.117262452310000299e+04 1.130145329093349034e+02
1.117292224074021760e+04 1.113868097225344798e+02
1.117321995838043404e+04 1.087350459224994950e+02
1.117351767602064683e+04 1.091866651099699936e+02
1.117381539366086326e+04 1.029533875021387672e+02
1.117411311130107788e+04 1.018864152616691285e+02
1.117441082894129249e+04 9.533247721263927588e+01
1.117470854658150893e+04 9.391833273640916957e+01
1.117500626422172354e+04 8.762417215991702335e+01
1.117530398186193815e+04 8.252844750219540515e+01
1.117560169950215277e+04 7.702823575557188462e+01
1.117589941714236920e+04 7.449830056772114517e+01
1.117619713478258200e+04 6.779194935631613816e+01
1.117649485242279843e+04 6.296813797041833993e+01
1.117679257006301305e+04 5.897778178648739811e+01
1.117709028770322766e+04 5.594358903300628327e+01
1.117738800534344409e+04 4.789195033897635767e+01
1.117768572298365689e+04 4.500218641684344334e+01
1.117798344062387332e+04 3.937742085675056103e+01
1.117828115826408794e+04 3.992328435926921770e+01
1.117857887590430255e+04 3.394126934716339861e+01
1.117887659354451898e+04 3.380531886705637135e+01
1.117917431118473360e+04 2.699116419479335960e+01
1.117947202882494821e+04 2.335168185254580564e+01
1.117976974646516283e+04 2.248735952871258448e+01
1.118006746410537926e+04 1.981021211584073427e+01
1.118036518174559387e+04 2.129244272098629054e+01
1.118066289938580849e+04 1.885593614170849008e+01
1.118096061702602492e+04 1.444020510776266697e+01
1.118125833466623772e+04 1.866806404631747895e+01
1.118155605230645415e+04 1.249676300040505517e+01
1.118185376994666876e+04 1.418909267591750201e+01
1.118215148758688338e+04 1.133379080020681684e+01
1.118244920522709981e+04 1.261684569757131946e+01
1.118274692286731442e+04 1.052617611807435871e+01
1.118304464050752904e+04 9.714060327922210192e+00
1.118334235814774365e+04 1.295503673003707945e+01
1.118364007578796009e+04 1.438564964462700857e+01
1.118393779342817470e+04 5.656615393568467098e+00
1.118423551106838931e+04 1.037506827075630333e+01
1.118453322870860393e+04 1.291518097155361744e+01
1.118483094634881854e+04 1.226449846293359869e+01
1.118512866398903498e+04 8.643337062149301531e+00
1.118542638162924959e+04 1.228124881001550683e+01
1.118572409926946420e+04 9.914927673612668357e+00
1.118602181690967882e+04 9.833988397873108411e+00
1.118631953454989525e+04 1.154013664058195587e+01
1.118661725219010987e+04 1.044822164575772128e+01
1.118691496983032448e+04 1.137919838948453233e+01
1.118721268747054091e+04 6.141850124470209948e+00
1.118751040511075371e+04 8.178149427180471776e+00
1.118780812275097014e+04 1.215531377301442895e+01
1.118810584039118476e+04 1.042631735118545677e+01
1.118840355803139937e+04 1.242388906812983862e+01
1.118870127567161580e+04 1.239700071029173856e+01
1.118899899331183042e+04 9.937420012262810687e+00
1.118929671095204503e+04 8.451494376432510336e+00
1.118959442859225965e+04 1.221497917914582310e+01
1.118989214623247608e+04 1.262366001240077296e+01
1.119018986387269069e+04 6.747647736671596341e+00
1.119048758151290531e+04 1.334212104134447507e+01
1.119078529915311992e+04 7.354258607173488116e+00
1.119108301679333454e+04 9.340178377905880680e+00
1.119138073443355097e+04 9.655591310915257353e+00
1.119167845207376558e+04 1.008763389203774352e+01
1.119197616971398020e+04 1.134625142000357023e+01
1.119227388735419663e+04 7.049990592741600892e+00
1.119257160499440943e+04 9.002435161838254984e+00
1.119286932263462586e+04 1.065555887007202251e+01
1.119316704027484047e+04 1.038448658826576043e+01
1.119346475791505509e+04 1.049605635308277130e+01
1.119376247555526970e+04 1.037304361924358176e+01
1.119406019319548614e+04 1.269731527126068293e+01
1.119435791083570075e+04 9.015244643352094300e+00
1.119465562847591536e+04 6.761856010426621211e+00
1.119495334611613180e+04 1.038153612702985207e+01
1.119525106375634459e+04 1.072420548313366240e+01
1.119554878139656103e+04 9.118617542749710481e+00
1.119584649903677564e+04 1.079600679356961379e+01
1.119614421667699025e+04 9.671510600046540063e+00
1.119644193431720669e+04 9.776857038085889684e+00
1.119673965195742130e+04 1.252718798071785145e+01
1.119703736959763592e+04 8.957893948400892370e+00
1.119733508723785053e+04 1.181790335838807948e+01
1.119763280487806696e+04 8.324684175199852376e+00
1.119793052251828158e+04 1.096604701719923192e+01
1.119822824015849619e+04 1.103040855485222949e+01
1.119852595779871262e+04 8.596833358348700216e+00
1.119882367543892542e+04 9.705034986402772290e+00
1.119912139307914185e+04 1.477027026034958368e+01
1.119941911071935647e+04 9.846032339974479797e+00
1.119971682835957108e+04 1.047664464743684043e+01
1.120001454599978752e+04 8.089511643495347570e+00
1.120031226364000213e+04 1.187494380552610984e+01
1.120060998128021674e+04 1.079013172443197455e+01
1.120090769892043136e+04 9.320530400943356497e+00
1.120120541656064779e+04 8.313320769964535728e+00
1.120150313420086059e+04 1.125468642764943894e+01
1.120180085184107702e+04 8.187317212272059663e+00
1.120209856948129163e+04 1.055447272391471003e+01
1.120239628712150625e+04 1.085631987862925385e+01
1.120269400476172268e+04 8.111035009751944358e+00
1.120299172240193730e+04 1.218763424277222640e+01
1.120328944004215191e+04 9.609546182142576498e+00
1.120358715768236652e+04 9.879550303718843907e+00
1.120388487532258296e+04 1.103108463088737956e+01
1.120418259296279757e+04 1.046021851115101953e+01
1.120448031060301219e+04 1.010356864292831602e+01
1.120477802824322862e+04 1.052917641926423897e+01
1.120507574588344141e+04 1.156321161563759681e+01
1.120537346352365785e+04 6.265219728004575828e+00
1.120567118116387246e+04 9.172335340085496114e+00
1.120596889880408708e+04 1.102327171024505148e+01
1.120626661644430351e+04 1.109744348885461029e+01
1.120656433408451630e+04 8.313074307160549736e+00
1.120686205172473274e+04 1.060604855085029996e+01
1.120715976936494735e+04 1.084329819672556106e+01
1.120745748700516197e+04 1.003034071415112471e+01
1.120775520464537840e+04 1.127142167306950249e+01
1.120805292228559301e+04 9.120467957749280430e+00
1.120835063992580763e+04 9.988770947141977885e+00
1.120864835756602224e+04 1.155542741115271355e+01
1.120894607520623867e+04 1.213282300552934068e+01
1.120924379284645329e+04 1.109428941620861053e+01
1.120954151048666790e+04 8.343571954817196712e+00
1.120983922812688434e+04 1.048022306399446535e+01
1.121013694576709713e+04 8.916511315174799890e+00
1.121043466340731356e+04 1.141415830215030525e+01
1.121073238104752818e+04 1.086634128708200642e+01
1.121103009868774279e+04 8.671559286934593658e+00
1.121132781632795741e+04 1.081298471949027906e+01
1.121162553396817384e+04 9.304679137370913011e+00
1.121192325160838845e+04 6.174838010292871715e+00
1.121222096924860307e+04 1.435149330844889981e+01
1.121251868688881950e+04 1.453107029777493331e+01
1.121281640452903230e+04 8.641885373696034378e+00
1.121311412216924873e+04 1.030526813189809765e+01
