7.889802244087817598e+03 9.186478514057382583e+00
7.890013406959579697e+03 1.185551817473534797e+01
7.890224569831341796e+03 1.052930062772618136e+01
7.890435732703104804e+03 1.145769380873588261e+01
7.890646895574867813e+03 1.080819703920458608e+01
7.890858058446629002e+03 1.073335837098510481e+01
7.891069221318392010e+03 1.019505163058708597e+01
7.891280384190155019e+03 9.236734245404706556e+00
7.891491547061917117e+03 1.010346130692233757e+01
7.891702709933680126e+03 1.000676242249486059e+01
7.891913872805442224e+03 1.011166491735729167e+01
7.892125035677204323e+03 9.296712730897018773e+00
7.892336198548967332e+03 9.877108316396498111e+00
7.892547361420730340e+03 9.560741512216198501e+00
7.892758524292491529e+03 1.108175372061452890e+01
7.892969687164254537e+03 1.152172268242102149e+01
7.893180850036017546e+03 1.162956226379029445e+01
7.893392012907779645e+03 1.159607375407770569e+01
7.893603175779542653e+03 8.642603342859120019e+00
7.893814338651304752e+03 6.253819183882557198e+00
7.894025501523066850e+03 1.080021885941877002e+01
7.894236664394829859e+03 8.757001619653127733e+00
7.894447827266592867e+03 9.511561332886456555e+00
7.894658990138354056e+03 1.131891568458750363e+01
7.894870153010117065e+03 8.906483165216702247e+00
7.895081315881879163e+03 1.136955259160650478e+01
7.895292478753642172e+03 1.080247190529453682e+01
7.895503641625405180e+03 1.017492637636173036e+01
7.895714804497166369e+03 7.482128853991929063e+00
7.895925967368929378e+03 7.833682637638920809e+00
7.896137130240692386e+03 9.514392284154203239e+00
7.896348293112454485e+03 9.202499226099458696e+00
7.896559455984216584e+03 9.314641725572901265e+00
7.896770618855979592e+03 1.060023854984549097e+01
7.896981781727741691e+03 1.178124602986401825e+01
7.897192944599504699e+03 8.967471537935196579e+00
7.897404107471267707e+03 1.070384149169030863e+01
7.897615270343028897e+03 1.338046905701601297e+01
7.897826433214791905e+03 1.143229967558697346e+01
7.898037596086554913e+03 1.083493291575260287e+01
7.898248758958317012e+03 7.518266827081011350e+00
7.898459921830079111e+03 1.131524227121512283e+01
7.898671084701842119e+03 8.384746071713445659e+00
7.898882247573604218e+03 9.253016736671680675e+00
7.899093410445367226e+03 1.006995080894113137e+01
7.899304573317130234e+03 1.137757570982822664e+01
7.899515736188891424e+03 8.835196728451846226e+00
7.899726899060654432e+03 1.035686387713672829e+01
7.899938061932417440e+03 9.346067437189315541e+00
7.900149224804179539e+03 8.773338852129352716e+00
7.900360387675941638e+03 1.104768312514738859e+01
7.900571550547704646e+03 1.119190930865340405e+01
7.900782713419466745e+03 8.575137815299918032e+00
7.900993876291229753e+03 1.261893321030009929e+01
7.901205039162991852e+03 9.549131388570030410e+00
7.901416202034753951e+03 1.154779682384335082e+01
7.901627364906516959e+03 8.907924284410844606e+00
7.901838527778279968e+03 1.032136525558088636e+01
7.902049690650042066e+03 6.574833698992577524e+00
7.902260853521804165e+03 9.779493449184535336e+00
7.902472016393567174e+03 1.076134070221110761e+01
7.902683179265329272e+03 1.001577882384212081e+01
7.902894342137092281e+03 1.117638252480753458e+01
7.903105505008854379e+03 1.190672315817286631e+01
7.903316667880616478e+03 1.075945691802022708e+01
7.903527830752379487e+03 9.702307162218424708e+00
7.903738993624142495e+03 9.736789252505914760e+00
7.903950156495904594e+03 9.315229644431390454e+00
7.904161319367666692e+03 7.210880827515572022e+00
7.904372482239429701e+03 8.658279954787273525e+00
7.904583645111191800e+03 7.937879976802696191e+00
7.904794807982954808e+03 8.380377779015336870e+00
7.905005970854716907e+03 8.862207740831081537e+00
7.905217133726479005e+03 8.729137460764077261e+00
7.905428296598242014e+03 1.072780448226975381e+01
7.905639459470005022e+03 1.224046552882389349e+01
7.905850622341766211e+03 1.162827915534123235e+01
7.906061785213529220e+03 9.791993029613442090e+00
7.906272948085291318e+03 8.109491235739392678e+00
7.906484110957054327e+03 1.171940568787043091e+01
7.906695273828817335e+03 1.092493802288936067e+01
7.906906436700578524e+03 1.099692507202438385e+01
7.907117599572341533e+03 8.196832055601621647e+00
7.907328762444104541e+03 8.211959423090332777e+00
7.907539925315866640e+03 1.090551494875053962e+01
7.907751088187628739e+03 9.796514409713342530e+00
7.907962251059391747e+03 1.023182196259755905e+01
7.908173413931153846e+03 1.082830387396293226e+01
7.908384576802916854e+03 1.220786319562543198e+01
7.908595739674679862e+03 7.178607954239420330e+00
7.908806902546441052e+03 1.066464595251029479e+01
7.909018065418204060e+03 9.702268680283637536e+00
7.909229228289967068e+03 8.707281207169028647e+00
7.909440391161729167e+03 8.649399891046124722e+00
7.909651554033491266e+03 1.066138386881548072e+01
7.909862716905254274e+03 1.334379833398222814e+01
7.910073879777016373e+03 9.987999695058933369e+00
7.910285042648779381e+03 1.039876165847897127e+01
7.910496205520542389e+03 1.013701768020867178e+01
7.910707368392303579e+03 1.040193381711723930e+01
7.910918531264066587e+03 1.212517694511877409e+01
7.911129694135829595e+03 1.098143549868980529e+01
7.911340857007591694e+03 1.061695616663583763e+01
7.911552019879353793e+03 1.014789562584058480e+01
7.911763182751116801e+03 1.117847250556957306e+01
7.911974345622878900e+03 1.064730352383342549e+01
7.912185508494641908e+03 1.314801673788436176e+01
7.912396671366404917e+03 1.213095728038817889e+01
7.912607834238166106e+03 1.099372955377863370e+01
7.912818997109929114e+03 1.172310160084596831e+01
7.913030159981692123e+03 1.183936476295381901e+01
7.913241322853454221e+03 1.159311197472329447e+01
7.913452485725216320e+03 1.226279426487110413e+01
7.913663648596979328e+03 1.256173542322666314e+01
7.913874811468741427e+03 1.367822318182054531e+01
7.914085974340504436e+03 1.532842129697352540e+01
7.914297137212266534e+03 1.667787202946885472e+01
7.914508300084028633e+03 1.832300306518654764e+01
7.914719462955791641e+03 2.117124489508966434e+01
7.914930625827554650e+03 2.066401426969135358e+01
7.915141788699316749e+03 2.598550660218468877e+01
7.915352951571078847e+03 3.381476591201437998e+01
7.915564114442841856e+03 3.556229420583188272e+01
7.915775277314603954e+03 3.591824642153088831e+01
7.915986440186366963e+03 4.391714329121039384e+01
7.916197603058128152e+03 4.838215281889821284e+01
7.916408765929891160e+03 5.273736895039851191e+01
7.916619928801654169e+03 5.807411444687335234e+01
7.916831091673416267e+03 6.289364128418655753e+01
7.917042254545179276e+03 6.830958398502933449e+01
7.917253417416941375e+03 7.599451934810011267e+01
7.917464580288703473e+03 7.959765874780040917e+01
7.917675743160466482e+03 8.337141938953314479e+01
7.917886906032229490e+03 8.751757468955327113e+01
7.918098068903990679e+03 9.088792762549152826e+01
7.918309231775753688e+03 9.165785856907480422e+01
7.918520394647516696e+03 9.142928959103878128e+01
7.918731557519278795e+03 9.727722498115778649e+01
7.918942720391041803e+03 9.433595499635995907e+01
7.919153883262803902e+03 9.026677014187622206e+01
7.919365046134566001e+03 8.913334616134071098e+01
7.919576209006329009e+03 8.634689851428318264e+01
7.919787371878092017e+03 8.423816253411607136e+01
7.919998534749853206e+03 7.926358982781164286e+01
7.920209697621616215e+03 7.364623600863917829e+01
7.920420860493379223e+03 7.510847736790317697e+01
7.920632023365141322e+03 6.907894449893136368e+01
7.920843186236903421e+03 6.761224608602896069e+01
7.921054349108666429e+03 6.859118446000231017e+01
7.921265511980428528e+03 6.575405706206012724e+01
7.921476674852191536e+03 6.611524792478759593e+01
7.921687837723954544e+03 6.406509889902817179e+01
7.921899000595715734e+03 6.669621007604891361e+01
7.922110163467478742e+03 6.921785338426101930e+01
7.922321326339241750e+03 6.986623259161068233e+01
7.922532489211003849e+03 7.196033620502019801e+01
7.922743652082765948e+03 7.707466371818209439e+01
7.922954814954528956e+03 8.129248590792798268e+01
7.923165977826291055e+03 8.328880861551304804e+01
7.923377140698054063e+03 8.675634049170238882e+01
7.923588303569817072e+03 8.797366667591735734e+01
7.923799466441578261e+03 8.940283149272264041e+01
7.924010629313341269e+03 9.405155404656842677e+01
7.924221792185104277e+03 9.119107102697500977e+01
7.924432955056866376e+03 8.908018133797300209e+01
7.924644117928628475e+03 9.058039251110285761e+01
7.924855280800391483e+03 8.880459071744689936e+01
7.925066443672153582e+03 8.615599824866897904e+01
7.925277606543916590e+03 8.304649959884311272e+01
7.925488769415679599e+03 7.894467350741854261e+01
7.925699932287440788e+03 7.378193168308756356e+01
7.925911095159203796e+03 7.111304777342128602e+01
7.926122258030966805e+03 6.402078964402710426e+01
7.926333420902728903e+03 6.050943768094109032e+01
7.926544583774491002e+03 5.282481516326036797e+01
7.926755746646254011e+03 4.779514279658641840e+01
7.926966909518016109e+03 4.251789249338685295e+01
7.927178072389779118e+03 3.703535163550263576e+01
7.927389235261540307e+03 3.201051720323901861e+01
7.927600398133303315e+03 3.006828250766691824e+01
7.927811561005066324e+03 2.681731667179014877e+01
7.928022723876828422e+03 2.447829403056181263e+01
7.928233886748591431e+03 2.102924453526934201e+01
7.928445049620353529e+03 1.818315815573469862e+01
7.928656212492115628e+03 1.676823726445924834e+01
7.928867375363878637e+03 1.581240812203829726e+01
7.929078538235641645e+03 1.439018056342769647e+01
7.929289701107402834e+03 1.612846764882958439e+01
7.929500863979165842e+03 1.149406538766141317e+01
7.929712026850928851e+03 1.434464724185897566e+01
7.929923189722690950e+03 1.015570479394173553e+01
7.930134352594453958e+03 1.005781260079880290e+01
7.930345515466216057e+03 8.950221622981718639e+00
7.930556678337978155e+03 9.298580349465561667e+00
7.930767841209741164e+03 1.236643970699275386e+01
7.930979004081504172e+03 1.170967094946725062e+01
7.931190166953265361e+03 8.562690309637723374e+00
7.931401329825028370e+03 1.140248311933833314e+01
7.931612492696791378e+03 1.116599069355059726e+01
7.931823655568553477e+03 9.813359417383365368e+00
7.932034818440316485e+03 1.212944715478188762e+01
7.932245981312078584e+03 1.146804252349841491e+01
7.932457144183840683e+03 7.605821273681003802e+00
7.932668307055603691e+03 9.741780976783411816e+00
7.932879469927366699e+03 1.214400632274046643e+01
7.933090632799127889e+03 1.007698798104159543e+01
7.933301795670890897e+03 1.041360488577853260e+01
7.933512958542653905e+03 6.912249844784685848e+00
7.933724121414416004e+03 7.967964151117655547e+00
7.933935284286178103e+03 1.206751978897227495e+01
7.934146447157941111e+03 7.885670760149963598e+00
7.934357610029703210e+03 9.070706461112052921e+00
7.934568772901466218e+03 9.735274850047776596e+00
7.934779935773229226e+03 1.090738152714267528e+01
7.934991098644990416e+03 1.045834220514323754e+01
7.935202261516753424e+03 1.019730973813355668e+01
7.935413424388516432e+03 1.031588530658027381e+01
7.935624587260278531e+03 1.137340865266177836e+01
7.935835750132040630e+03 9.180981539379773793e+00
7.936046913003803638e+03 7.977446194907212629e+00
7.936258075875565737e+03 8.819616782372797559e+00
7.936469238747328745e+03 1.141193323496552203e+01
7.936680401619091754e+03 1.070519684561543983e+01
7.936891564490852943e+03 1.244889032455198752e+01
7.937102727362615951e+03 9.740474794516808643e+00
7.937313890234378050e+03 8.560510586440257086e+00
7.937525053106141058e+03 1.098469582423584967e+01
7.937736215977903157e+03 8.584574849546662278e+00
7.937947378849665256e+03 9.469244427828108712e+00
7.938158541721428264e+03 9.019081898371666739e+00
7.938369704593191273e+03 1.052448986759962501e+01
7.938580867464952462e+03 1.103294128665590890e+01
7.938792030336715470e+03 1.088265384734291885e+01
7.939003193208478478e+03 9.476214538180466107e+00
7.939214356080240577e+03 9.139166559424896974e+00
7.939425518952003586e+03 8.825583363821234428e+00
7.939636681823765684e+03 1.054839595843285949e+01
7.939847844695527783e+03 1.235653769008839653e+01
7.940059007567290791e+03 1.316388713711132041e+01
7.940270170439053800e+03 8.694852847427776865e+00
7.940481333310814989e+03 7.317389460954446534e+00
7.940692496182577997e+03 9.711179652630974601e+00
7.940903659054341006e+03 1.148251182081099486e+01
7.941114821926103104e+03 9.670086628112423810e+00
7.941325984797866113e+03 1.102846737352053985e+01
7.941537147669628212e+03 8.630499376903227216e+00
7.941748310541390310e+03 8.347552158645065390e+00
7.941959473413153319e+03 1.303019861989237427e+01
7.942170636284916327e+03 7.490389751323425216e+00
7.942381799156677516e+03 1.036286751814821372e+01
7.942592962028440525e+03 8.084197008714257393e+00
7.942804124900203533e+03 1.204307841676630453e+01
7.943015287771965632e+03 1.152762305063100357e+01
7.943226450643728640e+03 7.294109643274989452e+00
7.943437613515490739e+03 9.793011535942808266e+00
7.943648776387252838e+03 9.857638736534108048e+00
7.943859939259015846e+03 9.926512351395750500e+00
7.944071102130778854e+03 6.984402336322929727e+00
7.944282265002540043e+03 1.024349075585228874e+01
7.944493427874303052e+03 1.295839998910000013e+01
7.944704590746066060e+03 1.215170832574426285e+01
7.944915753617828159e+03 1.305435342171939439e+01
7.945126916489591167e+03 8.688856027663444337e+00
7.945338079361353266e+03 1.111782177516925252e+01
7.945549242233115365e+03 9.592854551475737068e+00
7.945760405104878373e+03 1.000816547491137065e+01
7.945971567976641381e+03 1.237526617272311746e+01
7.946182730848402571e+03 9.188584933578738401e+00
7.946393893720165579e+03 1.155647269406742517e+01
7.946605056591928587e+03 8.908372770618793623e+00
7.946816219463690686e+03 1.141590244342056870e+01
7.947027382335453694e+03 9.183988948874052483e+00
7.947238545207215793e+03 1.058743230230973431e+01
7.947449708078977892e+03 7.717765415249107974e+00
7.947660870950740900e+03 1.169005629205650010e+01
7.947872033822503909e+03 9.900610612570028835e+00
7.948083196694265098e+03 1.000909057282767733e+01
7.948294359566028106e+03 9.438454761440862484e+00
7.948505522437790205e+03 8.645160032879269707e+00
7.948716685309553213e+03 8.246189188802290460e+00
7.948927848181315312e+03 9.592693459705127879e+00
7.949139011053077411e+03 1.118914472533132631e+01
7.949350173924840419e+03 1.111331395925926913e+01
7.949561336796603428e+03 1.441436663264381579e+01
7.949772499668365526e+03 6.131847412710310863e+00
7.949983662540127625e+03 1.153795237847225508e+01
7.950194825411890633e+03 1.009837866187221245e+01
7.950405988283652732e+03 9.262221019332454119e+00
7.950617151155415741e+03 1.026316353907204615e+01
7.950828314027177839e+03 7.879209845861470995e+00
7.951039476898939938e+03 9.016967266718936003e+00
7.951250639770702946e+03 1.106846927908083877e+01
7.951461802642465955e+03 1.094635362706109483e+01
7.951672965514228054e+03 8.968673800372092941e+00
7.951884128385990152e+03 8.571369696538758021e+00
7.952095291257753161e+03 9.591781234444530568e+00
7.952306454129515259e+03 1.018122432364913976e+01
7.952517617001278268e+03 9.225876005061014240e+00
7.952728779873040367e+03 1.339254116432099373e+01
7.952939942744802465e+03 1.192390668372517482e+01
7.953151105616565474e+03 1.112386600388002833e+01
