5.619592601708671282e+03 1.018311996360891492e+01
5.619743004630721771e+03 1.016687694830157263e+01
5.619893407552772260e+03 1.003122715780268415e+01
5.620043810474822749e+03 9.884928944728322620e+00
5.620194213396873238e+03 9.983595871975520453e+00
5.620344616318923727e+03 1.002420518543068795e+01
5.620495019240974216e+03 9.973264296161326925e+00
5.620645422163025614e+03 1.005221606687415914e+01
5.620795825085075194e+03 1.005583880915606976e+01
5.620946228007126592e+03 9.798975340611782769e+00
5.621096630929177081e+03 9.925724561518300959e+00
5.621247033851227570e+03 1.013158922877033241e+01
5.621397436773278059e+03 1.001667253204977648e+01
5.621547839695328548e+03 1.004229754731405322e+01
5.621698242617379037e+03 1.035628059745676488e+01
5.621848645539429526e+03 9.885147854101381526e+00
5.621999048461480925e+03 9.734291213651523833e+00
5.622149451383530504e+03 9.584745388547906586e+00
5.622299854305581903e+03 1.038010521544598674e+01
5.622450257227632392e+03 9.947332212394137230e+00
5.622600660149682881e+03 9.841158434630736807e+00
5.622751063071733370e+03 9.919071948902507430e+00
5.622901465993783859e+03 1.010099014284083196e+01
5.623051868915834348e+03 9.776497714131235028e+00
5.623202271837884837e+03 9.681020120441221621e+00
5.623352674759935326e+03 9.981287396973357318e+00
5.623503077681985815e+03 9.834937795804107097e+00
5.623653480604037213e+03 1.010176052259576451e+01
5.623803883526086793e+03 1.017977451077318385e+01
5.623954286448138191e+03 9.871858595392186686e+00
5.624104689370188680e+03 9.953786323842548356e+00
5.624255092292238260e+03 9.566755719538541314e+00
5.624405495214289658e+03 9.810766673679617966e+00
5.624555898136340147e+03 1.003577730406338198e+01
5.624706301058390636e+03 9.653754288725812316e+00
5.624856703980441125e+03 1.016206024121876794e+01
5.625007106902492524e+03 9.967604238759411928e+00
5.625157509824542103e+03 1.002223557514657415e+01
5.625307912746593502e+03 1.002196823062539366e+01
5.625458315668643991e+03 9.854299396241904319e+00
5.625608718590693570e+03 1.001459662451500421e+01
5.625759121512744969e+03 9.895671168858502398e+00
5.625909524434795458e+03 9.976052503887089529e+00
5.626059927356845947e+03 9.957250702842403101e+00
5.626210330278896436e+03 1.018528741030756102e+01
5.626360733200947834e+03 1.027159908589288584e+01
5.626511136122997414e+03 1.008159494270197243e+01
5.626661539045048812e+03 1.010611374696895304e+01
5.626811941967099301e+03 9.837455895385375015e+00
5.626962344889148881e+03 1.032310880813595944e+01
5.627112747811200279e+03 9.995367606556285978e+00
5.627263150733250768e+03 1.006062930501712849e+01
5.627413553655301257e+03 9.712528841484770581e+00
5.627563956577351746e+03 1.011373740644563668e+01
5.627714359499403145e+03 1.001061040251141065e+01
5.627864762421452724e+03 1.031064645479261266e+01
5.628015165343503213e+03 1.014695790784906215e+01
5.628165568265554612e+03 1.020512941815812802e+01
5.628315971187604191e+03 1.024718991409467428e+01
5.628466374109655590e+03 9.965516938017231041e+00
5.628616777031706079e+03 9.820203533733151247e+00
5.628767179953756568e+03 9.910963129546818351e+00
5.628917582875807057e+03 9.972886106512333981e+00
5.629067985797858455e+03 9.826743091437446509e+00
5.629218388719908035e+03 1.019865861276879926e+01
5.629368791641958524e+03 1.021821026452249193e+01
5.629519194564009922e+03 9.884536146244112587e+00
5.629669597486059502e+03 9.999853916926394248e+00
5.629820000408110900e+03 1.020876566956195397e+01
5.629970403330161389e+03 9.916682170122181006e+00
5.630120806252211878e+03 9.867674110968483348e+00
5.630271209174262367e+03 1.006484746246333017e+01
5.630421612096313766e+03 9.968046826539113781e+00
5.630572015018363345e+03 1.008720661092834803e+01
5.630722417940413834e+03 1.002593289697282586e+01
5.630872820862465232e+03 1.008486293845479054e+01
5.631023223784514812e+03 1.035665597483237654e+01
5.631173626706566210e+03 9.844091397408023525e+00
5.631324029628615790e+03 1.034900166670772137e+01
5.631474432550667188e+03 1.024935778681081011e+01
5.631624835472717677e+03 1.009310363215536555e+01
5.631775238394768166e+03 9.896240080487029189e+00
5.631925641316818655e+03 9.815539773434402093e+00
5.632076044238869144e+03 9.926475403542006859e+00
5.632226447160919633e+03 9.961548629378008002e+00
5.632376850082970122e+03 9.775684242633703391e+00
5.632527253005021521e+03 1.004625392337779743e+01
5.632677655927071100e+03 9.890889978033941432e+00
5.632828058849122499e+03 9.929983189316724079e+00
5.632978461771172988e+03 9.874686897788663487e+00
5.633128864693223477e+03 9.865003144360141363e+00
5.633279267615273966e+03 9.892424212069910183e+00
5.633429670537324455e+03 9.963946207293764346e+00
5.633580073459374944e+03 1.006234564893272498e+01
5.633730476381425433e+03 9.853070676407474693e+00
5.633880879303476831e+03 1.017571129436300659e+01
5.634031282225526411e+03 1.003742361376863279e+01
5.634181685147577809e+03 1.002425242076167144e+01
5.634332088069628298e+03 1.007408169060538583e+01
5.634482490991678787e+03 9.708523909174040512e+00
5.634632893913729276e+03 9.809136767469581741e+00
5.634783296835779765e+03 1.019535919491323739e+01
5.634933699757830254e+03 9.784618351479126730e+00
5.635084102679880743e+03 9.991790756622911829e+00
5.635234505601932142e+03 9.877661281254724202e+00
5.635384908523981721e+03 9.922650277581674061e+00
5.635535311446033120e+03 1.006360854201282962e+01
5.635685714368083609e+03 9.863432493066179418e+00
5.635836117290134098e+03 9.913026631762967611e+00
5.635986520212184587e+03 1.013391665943361808e+01
5.636136923134235076e+03 1.005511086870007276e+01
5.636287326056285565e+03 9.819228766894799065e+00
5.636437728978336054e+03 9.864305053667248302e+00
5.636588131900387452e+03 1.018914047743349549e+01
5.636738534822437032e+03 1.028847896665419981e+01
5.636888937744488430e+03 9.914323568890795357e+00
5.637039340666538919e+03 9.920117664427356985e+00
5.637189743588589408e+03 9.979570720447210164e+00
5.637340146510639897e+03 9.756953321108261079e+00
5.637490549432690386e+03 1.016487484879362491e+01
5.637640952354740875e+03 9.808831172601697901e+00
5.637791355276791364e+03 9.715883124565149132e+00
5.637941758198842763e+03 1.018576670113407090e+01
5.638092161120892342e+03 9.814637996892683347e+00
5.638242564042943741e+03 9.993785687645937443e+00
5.638392966964993320e+03 9.885233898964381538e+00
5.638543369887044719e+03 1.007347239588603749e+01
5.638693772809095208e+03 9.949473862043259231e+00
5.638844175731145697e+03 9.986734243290365853e+00
5.638994578653196186e+03 1.038180530713693628e+01
5.639144981575246675e+03 1.094355117371664576e+01
5.639295384497297164e+03 1.161681226804618738e+01
5.639445787419347653e+03 1.250346225663846944e+01
5.639596190341399051e+03 1.449154482155969959e+01
5.639746593263448631e+03 1.591205853371767098e+01
5.639896996185500029e+03 1.748687297356579151e+01
5.640047399107550518e+03 1.828810622278064102e+01
5.640197802029601007e+03 1.831113605234591546e+01
5.640348204951651496e+03 1.736936068103237574e+01
5.640498607873701985e+03 1.554720843507647210e+01
5.640649010795752474e+03 1.405805672535849027e+01
5.640799413717802963e+03 1.210656770321255138e+01
5.640949816639854362e+03 1.135835360234109892e+01
5.641100219561903941e+03 1.099400710641908319e+01
5.641250622483955340e+03 1.017321660030911268e+01
5.641401025406005829e+03 1.017497772441779524e+01
5.641551428328056318e+03 1.011836662527767849e+01
5.641701831250106807e+03 1.005902191625874664e+01
5.641852234172157296e+03 9.944740086811403756e+00
5.642002637094207785e+03 9.952663627784763989e+00
5.642153040016258274e+03 9.945747636248368551e+00
5.642303442938309672e+03 9.903051389178584074e+00
5.642453845860359252e+03 1.035716316942467508e+01
5.642604248782410650e+03 9.830072591227004608e+00
5.642754651704461139e+03 1.022810770401700786e+01
5.642905054626511628e+03 1.034300037176108944e+01
5.643055457548562117e+03 1.036103158398534596e+01
5.643205860470612606e+03 1.065219262956674129e+01
5.643356263392663095e+03 1.132581168321082465e+01
5.643506666314713584e+03 1.222818078077132853e+01
5.643657069236764983e+03 1.395983567916439938e+01
5.643807472158814562e+03 1.588610569502178471e+01
5.643957875080865961e+03 1.731241675781536316e+01
5.644108278002916450e+03 1.837168684148305786e+01
5.644258680924966939e+03 1.825648100183381217e+01
5.644409083847017428e+03 1.770216951413319251e+01
5.644559486769067917e+03 1.582675289967026622e+01
5.644709889691118406e+03 1.428334204963925380e+01
5.644860292613168895e+03 1.267159398556113103e+01
5.645010695535220293e+03 1.174376031711567592e+01
5.645161098457269873e+03 1.089353728280350708e+01
5.645311501379321271e+03 1.028851397753808250e+01
5.645461904301371760e+03 1.001455569863000683e+01
5.645612307223422249e+03 9.662066198567188735e+00
5.645762710145472738e+03 9.927069706112817471e+00
5.645913113067523227e+03 9.940199410178280459e+00
5.646063515989573716e+03 1.035525091219482974e+01
5.646213918911624205e+03 9.980313693455643786e+00
5.646364321833674694e+03 1.000093741886014520e+01
5.646514724755725183e+03 9.881468311652335856e+00
5.646665127677776582e+03 9.880881154603859073e+00
5.646815530599826161e+03 1.027868662282726930e+01
5.646965933521877560e+03 9.814598819489665615e+00
5.647116336443928049e+03 9.804214376156160426e+00
5.647266739365978538e+03 9.945034805738085737e+00
5.647417142288029027e+03 1.008860569960235054e+01
5.647567545210079516e+03 1.021637585953304495e+01
5.647717948132130005e+03 1.000104046957887682e+01
5.647868351054180494e+03 1.036814086922695921e+01
5.648018753976231892e+03 9.931067983178992975e+00
5.648169156898281472e+03 9.827797153201409230e+00
5.648319559820332870e+03 9.930532930003804992e+00
5.648469962742383359e+03 1.019740280453133252e+01
5.648620365664433848e+03 9.895902898755359445e+00
5.648770768586484337e+03 1.024323457061776566e+01
5.648921171508534826e+03 1.024566781704763230e+01
5.649071574430585315e+03 9.885949385950580037e+00
5.649221977352635804e+03 9.961074572827971707e+00
5.649372380274687202e+03 9.972198002645596304e+00
5.649522783196736782e+03 9.870938343045754237e+00
5.649673186118788180e+03 9.846211638471874750e+00
5.649823589040838669e+03 9.895585233037667905e+00
5.649973991962889158e+03 1.003013736186052540e+01
5.650124394884939647e+03 1.018251560210815931e+01
5.650274797806990136e+03 1.000578010690124664e+01
5.650425200729040625e+03 9.767633954411319763e+00
5.650575603651091114e+03 9.953203753545052379e+00
5.650726006573142513e+03 1.002009997599153834e+01
5.650876409495192092e+03 9.717189494428854601e+00
5.651026812417243491e+03 1.039548568072635604e+01
5.651177215339293980e+03 9.802003790892481305e+00
5.651327618261344469e+03 1.005354231382719199e+01
5.651478021183394958e+03 9.863766748440692567e+00
5.651628424105445447e+03 1.006203338014966420e+01
5.651778827027495936e+03 1.007692076523438196e+01
5.651929229949546425e+03 9.748184984408075238e+00
5.652079632871597823e+03 9.805854445486570370e+00
5.652230035793647403e+03 9.800433691547491222e+00
5.652380438715698801e+03 1.016393681191863152e+01
5.652530841637749290e+03 1.012789373904694834e+01
5.652681244559799779e+03 9.847042128312276432e+00
5.652831647481850268e+03 1.000766800844138338e+01
5.652982050403900757e+03 9.654442134680662591e+00
5.653132453325951246e+03 1.000894088517976854e+01
5.653282856248001735e+03 1.011966582470683917e+01
5.653433259170052224e+03 1.028028427180287885e+01
5.653583662092102713e+03 1.020454241902549519e+01
5.653734065014154112e+03 1.004641290165825396e+01
5.653884467936203691e+03 1.002161281178349661e+01
5.654034870858255090e+03 9.736676388712485419e+00
5.654185273780305579e+03 1.004925046191809557e+01
5.654335676702356068e+03 1.029311723473855622e+01
5.654486079624406557e+03 9.774372212122642622e+00
5.654636482546457046e+03 1.036883719611468635e+01
5.654786885468507535e+03 1.027981113620674591e+01
5.654937288390558024e+03 1.010455129123132068e+01
5.655087691312609422e+03 9.802697366496328613e+00
5.655238094234659002e+03 9.966054919224479391e+00
5.655388497156710400e+03 1.026344898113801563e+01
5.655538900078760889e+03 1.010700216074434188e+01
5.655689303000811378e+03 1.031801666976220844e+01
5.655839705922861867e+03 9.889370822452558940e+00
5.655990108844912356e+03 9.921213317901511175e+00
5.656140511766962845e+03 1.004223285992007142e+01
5.656290914689013334e+03 1.006177994699604561e+01
5.656441317611064733e+03 9.840942209255745254e+00
5.656591720533114312e+03 9.984575625082854344e+00
5.656742123455165711e+03 1.016692489756386131e+01
5.656892526377216200e+03 1.016155027015324919e+01
5.657042929299265779e+03 9.672622411093865225e+00
5.657193332221317178e+03 1.022077529001956187e+01
5.657343735143367667e+03 1.011528019167495884e+01
5.657494138065418156e+03 9.828835292037858551e+00
5.657644540987468645e+03 9.919355767291929027e+00
5.657794943909520043e+03 1.025942501412355057e+01
5.657945346831569623e+03 9.982501864002557568e+00
5.658095749753621021e+03 1.019614821637819091e+01
5.658246152675671510e+03 1.051821509357944073e+01
5.658396555597721090e+03 1.023911677202290171e+01
5.658546958519772488e+03 1.002591807992888029e+01
5.658697361441822977e+03 9.876684409537883624e+00
5.658847764363873466e+03 1.023278373153440590e+01
5.658998167285923955e+03 9.972842284793983936e+00
5.659148570207975354e+03 1.001042372581162176e+01
5.659298973130024933e+03 9.771604741530209637e+00
5.659449376052076332e+03 1.000921408660870959e+01
5.659599778974126821e+03 9.892667864779605580e+00
5.659750181896176400e+03 9.882225627134278767e+00
5.659900584818227799e+03 1.013597918685680455e+01
5.660050987740278288e+03 1.006174826596347316e+01
5.660201390662328777e+03 1.009327768944573478e+01
5.660351793584379266e+03 9.884460933400395888e+00
5.660502196506430664e+03 1.026969674127260745e+01
5.660652599428480244e+03 1.034132088686278372e+01
5.660803002350531642e+03 9.684060205478465022e+00
5.660953405272582131e+03 1.014575163777295508e+01
5.661103808194631711e+03 1.005872078072549236e+01
5.661254211116683109e+03 9.829596281359943788e+00
5.661404614038732689e+03 1.012555978306076199e+01
5.661555016960784087e+03 9.857711966556845340e+00
5.661705419882834576e+03 1.027128531829477964e+01
5.661855822804885065e+03 1.004847382726684479e+01
5.662006225726935554e+03 1.005209185679645856e+01
5.662156628648986043e+03 1.022440560497575746e+01
5.662307031571036532e+03 9.685817592161946266e+00
5.662457434493087021e+03 1.024221272065095256e+01
5.662607837415138420e+03 1.019446425935503875e+01
5.662758240337187999e+03 1.005195553044203827e+01
5.662908643259239398e+03 9.841060211674081515e+00
5.663059046181289887e+03 1.009837158123156442e+01
5.663209449103340376e+03 9.721383037294341278e+00
5.663359852025390865e+03 1.011964071769339313e+01
5.663510254947441354e+03 1.024469109961265723e+01
5.663660657869491843e+03 9.787938779880757778e+00
5.663811060791542332e+03 1.003476806155785184e+01
5.663961463713593730e+03 1.005411307392232700e+01
5.664111866635643310e+03 1.008632784106060321e+01
5.664262269557694708e+03 9.921432677414880885e+00
5.664412672479745197e+03 1.019060264931156645e+01
5.664563075401795686e+03 9.972795337626667589e+00
5.664713478323846175e+03 1.019400491318659974e+01
