8.910109440000000177e+03 9.886206969092631525e+00
8.910347910399999819e+03 9.979077772321963025e+00
8.910586380799999461e+03 1.010689227941040969e+01
8.910824851199999102e+03 1.031446635364807030e+01
8.911063321600000563e+03 1.032644538887328522e+01
8.911301791999998386e+03 9.855231929283670311e+00
8.911540262399999847e+03 1.002546748889186468e+01
8.911778732799999489e+03 1.001211796681043076e+01
8.912017203199999130e+03 9.880899915745120055e+00
8.912255673599998772e+03 9.885056062941730559e+00
8.912494144000000233e+03 9.888346017608563798e+00
8.912732614399999875e+03 1.003046493327389221e+01
8.912971084799999517e+03 1.029991423742413836e+01
8.913209555199999159e+03 1.005978529705546620e+01
8.913448025599998800e+03 9.989298701506223566e+00
8.913686496000000261e+03 1.005735237221478862e+01
8.913924966399999903e+03 1.014863744554417302e+01
8.914163436799999545e+03 9.766129854742514382e+00
8.914401907199999187e+03 9.786745926518060301e+00
8.914640377600000647e+03 1.001220934284606834e+01
8.914878847999998470e+03 9.801443178414013246e+00
8.915117318399999931e+03 9.894706454902522097e+00
8.915355788799999573e+03 1.006333317632654456e+01
8.915594259199999215e+03 1.012871414105107881e+01
8.915832729599998856e+03 1.006647976922538312e+01
8.916071199999998498e+03 1.011649252203813099e+01
8.916309670399999959e+03 9.957548832120201254e+00
8.916548140799999601e+03 9.923904872541269739e+00
8.916786611199999243e+03 9.949353750003208319e+00
8.917025081599998884e+03 1.013839941711472292e+01
8.917263552000000345e+03 1.006163243054522027e+01
8.917502022399998168e+03 9.961567012078702987e+00
8.917740492799999629e+03 9.732100433377485871e+00
8.917978963199999271e+03 1.022157218401331313e+01
8.918217433599998913e+03 9.849682989465952332e+00
8.918455903999998554e+03 9.810166950971849431e+00
8.918694374400000015e+03 1.013051614367272713e+01
8.918932844799999657e+03 1.007938743175036045e+01
8.919171315199999299e+03 9.777235943168658849e+00
8.919409785599998941e+03 1.029347465779540194e+01
8.919648255999998582e+03 1.005676943681732993e+01
8.919886726400000043e+03 9.838511456327358573e+00
8.920125196799999685e+03 9.976508118146076853e+00
8.920363667199999327e+03 1.017251656191682763e+01
8.920602137599998969e+03 1.012058140790085403e+01
8.920840608000000429e+03 1.021367290640335312e+01
8.921079078399998252e+03 1.022432468053333032e+01
8.921317548799999713e+03 1.002104471680419451e+01
8.921556019199999355e+03 9.989687362336187704e+00
8.921794489599998997e+03 1.000508885481711729e+01
8.922032959999998639e+03 1.018008099849319592e+01
8.922271430400000099e+03 1.010631399660629270e+01
8.922509900799999741e+03 9.942056952060520203e+00
8.922748371199999383e+03 1.020626432410652740e+01
8.922986841599999025e+03 9.889618855699856326e+00
8.923225311999998667e+03 9.983001775528240529e+00
8.923463782400000127e+03 9.892945325391073297e+00
8.923702252799999769e+03 9.827733745628771445e+00
8.923940723199999411e+03 1.007318039134965915e+01
8.924179193599999053e+03 9.965346422427833417e+00
8.924417664000000514e+03 1.019600436373305463e+01
8.924656134399998336e+03 1.005026185494741497e+01
8.924894604799999797e+03 9.934120968989281764e+00
8.925133075199999439e+03 9.820936862205989826e+00
8.925371545599999081e+03 1.025115128611455795e+01
8.925610015999998723e+03 9.843361969755246577e+00
8.925848486400000183e+03 9.930950230028948056e+00
8.926086956799999825e+03 1.007218735382352648e+01
8.926325427199999467e+03 1.000318415810653683e+01
8.926563897599999109e+03 1.016991306093090763e+01
8.926802367999998751e+03 1.025239941109180819e+01
8.927040838400000212e+03 1.003697453058063616e+01
8.927279308799999853e+03 1.000265186170445553e+01
8.927517779199999495e+03 1.003369279162524919e+01
8.927756249599999137e+03 1.010236796410424276e+01
8.927994720000000598e+03 1.038361996933386067e+01
8.928233190399998421e+03 9.919662555467738230e+00
8.928471660799999881e+03 9.721633598970814916e+00
8.928710131199999523e+03 9.936391669492529388e+00
8.928948601599999165e+03 9.910288715115010305e+00
8.929187071999998807e+03 1.014483356271964176e+01
8.929425542399998449e+03 1.028626125210019282e+01
8.929664012799999909e+03 9.896207968649425979e+00
8.929902483199999551e+03 1.004282345095704088e+01
8.930140953599999193e+03 9.942304646018113701e+00
8.930379423999998835e+03 9.983158336569587732e+00
8.930617894400000296e+03 1.006286035996615524e+01
8.930856364799998119e+03 1.005964463028058198e+01
8.931094835199999579e+03 1.035064728892375996e+01
8.931333305599999221e+03 1.014429891611730916e+01
8.931571775999998863e+03 9.819148516302405483e+00
8.931810246399998505e+03 9.819144804751449129e+00
8.932048716799999966e+03 9.747188875022851917e+00
8.932287187199999607e+03 1.008585272674040390e+01
8.932525657599999249e+03 9.863630900644768218e+00
8.932764127999998891e+03 1.011735836610909267e+01
8.933002598399998533e+03 1.012636132508480102e+01
8.933241068799999994e+03 9.914484388530627967e+00
8.933479539199999635e+03 1.000401435966210073e+01
8.933718009599999277e+03 9.829556419428133296e+00
8.933956479999998919e+03 1.021818161983418172e+01
8.934194950400000380e+03 9.828717760381451285e+00
8.934433420799998203e+03 1.039044299399256133e+01
8.934671891199999664e+03 1.032484224134596573e+01
8.934910361599999305e+03 1.060012173954756420e+01
8.935148831999998947e+03 1.062822287228933149e+01
8.935387302399998589e+03 1.060285594311752355e+01
8.935625772800000050e+03 1.059313907380386688e+01
8.935864243199999692e+03 1.060939511518291134e+01
8.936102713599999333e+03 1.109622010674200965e+01
8.936341183999998975e+03 1.107788541521819781e+01
8.936579654399998617e+03 1.117814048658738280e+01
8.936818124800000078e+03 1.119933295389488315e+01
8.937056595199999720e+03 1.135443129274250040e+01
8.937295065599999361e+03 1.171533618138214905e+01
8.937533535999999003e+03 1.196325640153521164e+01
8.937772006400000464e+03 1.212846699033894282e+01
8.938010476799998287e+03 1.237733442933631522e+01
8.938248947199999748e+03 1.280530410622490578e+01
8.938487417599999389e+03 1.309359310137497800e+01
8.938725887999999031e+03 1.332946360385764883e+01
8.938964358399998673e+03 1.355160521280227037e+01
8.939202828800000134e+03 1.432940219579877983e+01
8.939441299199999776e+03 1.443811210527637989e+01
8.939679769599999418e+03 1.473053504029072869e+01
8.939918239999999059e+03 1.527957409985047654e+01
8.940156710399998701e+03 1.578308203610060545e+01
8.940395180800000162e+03 1.612567128420785778e+01
8.940633651199997985e+03 1.635850398597369804e+01
8.940872121599999446e+03 1.681845381391492467e+01
8.941110591999999087e+03 1.704767319602009934e+01
8.941349062399998729e+03 1.713599580076932938e+01
8.941587532799998371e+03 1.771388473457599844e+01
8.941826003199999832e+03 1.795635775311491500e+01
8.942064473599999474e+03 1.805393312814783258e+01
8.942302943999999115e+03 1.822833076970085742e+01
8.942541414399998757e+03 1.857743220191757061e+01
8.942779884799998399e+03 1.855091366067152947e+01
8.943018355199999860e+03 1.876014599710982722e+01
8.943256825599999502e+03 1.880700747711077625e+01
8.943495295999999144e+03 1.857053919556869914e+01
8.943733766399998785e+03 1.914559808346672298e+01
8.943972236800000246e+03 1.876436748644986352e+01
8.944210707199998069e+03 1.881070454374017586e+01
8.944449177599999530e+03 1.888169035963510467e+01
8.944687647999999172e+03 1.895815378012384045e+01
8.944926118399998813e+03 1.882432158956281754e+01
8.945164588799998455e+03 1.885022852168719965e+01
8.945403059199999916e+03 1.889017794843036313e+01
8.945641529599999558e+03 1.908921325158804194e+01
8.945879999999999200e+03 1.888206116375917532e+01
8.946118470399998841e+03 1.898620094222955146e+01
8.946356940799998483e+03 1.881847281810171069e+01
8.946595411199999944e+03 1.882652019446048186e+01
8.946833881599999586e+03 1.884638917569969152e+01
8.947072351999999228e+03 1.872926527492098003e+01
8.947310822399998870e+03 1.864210823810325124e+01
8.947549292800000330e+03 1.877063003109216055e+01
8.947787763199998153e+03 1.880358196700110440e+01
8.948026233599999614e+03 1.875532467330184971e+01
8.948264703999999256e+03 1.906420744611229523e+01
8.948503174399998898e+03 1.871900051233036422e+01
8.948741644799998539e+03 1.859379892918908794e+01
8.948980115200000000e+03 1.865564544646298728e+01
8.949218585599999642e+03 1.815932858035225550e+01
8.949457055999999284e+03 1.832622296415839003e+01
8.949695526399998926e+03 1.812669791250568352e+01
8.949933996799998567e+03 1.759652030386563482e+01
8.950172467200000028e+03 1.756155046003974363e+01
8.950410937599999670e+03 1.730754846328424890e+01
8.950649407999999312e+03 1.703536018477025848e+01
8.950887878399998954e+03 1.651152598241177571e+01
8.951126348800000414e+03 1.623341775904332351e+01
8.951364819199998237e+03 1.575487655841637213e+01
8.951603289599999698e+03 1.523763370525872496e+01
8.951841759999999340e+03 1.520687199367489306e+01
8.952080230399998982e+03 1.480839757834917592e+01
8.952318700799998624e+03 1.454487679713904491e+01
8.952557171199998265e+03 1.392617048616184583e+01
8.952795641599999726e+03 1.382310179520893811e+01
8.953034111999999368e+03 1.314266866500432585e+01
8.953272582399999010e+03 1.314255082216041615e+01
8.953511052799998652e+03 1.293649502185192723e+01
8.953749523200000112e+03 1.246282878907556224e+01
8.953987993599997935e+03 1.218744889790342967e+01
8.954226463999999396e+03 1.178130846381412589e+01
8.954464934399999038e+03 1.184223451537014427e+01
8.954703404799998680e+03 1.166440643082235873e+01
8.954941875199998321e+03 1.127058374610452418e+01
8.955180345599999782e+03 1.131696507730195123e+01
8.955418815999999424e+03 1.109308358614213930e+01
8.955657286399999066e+03 1.070674557701820717e+01
8.955895756799998708e+03 1.078320719671514638e+01
8.956134227199998350e+03 1.047606989490806839e+01
8.956372697599999810e+03 1.041369737802137685e+01
8.956611167999999452e+03 1.030626592811838549e+01
8.956849638399999094e+03 1.014243846724417075e+01
8.957088108799998736e+03 1.006148627280877328e+01
8.957326579200000197e+03 1.034816854831166033e+01
8.957565049599998019e+03 1.019702030422320149e+01
8.957803519999999480e+03 1.026954772361997215e+01
8.958041990399999122e+03 1.042666387312404908e+01
8.958280460799998764e+03 1.029119695795863976e+01
8.958518931199998406e+03 9.795009354209820884e+00
8.958757401599999866e+03 1.034109850397109831e+01
8.958995871999999508e+03 1.005142812777167904e+01
8.959234342399999150e+03 1.019797008842340702e+01
8.959472812799998792e+03 1.000395846372527053e+01
8.959711283199998434e+03 1.012754181545795440e+01
8.959949753599999895e+03 1.029970568189863656e+01
8.960188223999999536e+03 9.971166011158338449e+00
8.960426694399999178e+03 1.000384895635277793e+01
8.960665164799998820e+03 1.002365581836274799e+01
8.960903635200000281e+03 1.002428264640878552e+01
8.961142105599998104e+03 9.884305516061575148e+00
8.961380575999999564e+03 9.842782679782212441e+00
8.961619046399999206e+03 9.940325227433643107e+00
8.961857516799998848e+03 9.916059836031719144e+00
8.962095987199998490e+03 1.020573549499638411e+01
8.962334457599999951e+03 1.001761958633656491e+01
8.962572927999999592e+03 9.834916047883252688e+00
8.962811398399999234e+03 1.000615626454911045e+01
8.963049868799998876e+03 1.005247005623870926e+01
8.963288339199998518e+03 9.673446879666528275e+00
8.963526809599999979e+03 9.957434446015577478e+00
8.963765279999997801e+03 1.000268613293116005e+01
8.964003750399999262e+03 9.823504521094813313e+00
8.964242220799998904e+03 9.984486547958209002e+00
8.964480691199998546e+03 9.762887546073867995e+00
8.964719161599998188e+03 9.923406597764918402e+00
8.964957631999999649e+03 9.970310533856999058e+00
8.965196102399999290e+03 1.022860497194747609e+01
8.965434572799998932e+03 9.985977891770303927e+00
8.965673043199998574e+03 9.857780986737479267e+00
8.965911513599998216e+03 1.005891720266978595e+01
8.966149983999999677e+03 9.964143573262878917e+00
8.966388454399999318e+03 9.771672166360870548e+00
8.966626924799998960e+03 9.934070399884035396e+00
8.966865395199998602e+03 9.905035701911113932e+00
8.967103865600000063e+03 1.006047084301821037e+01
8.967342335999997886e+03 9.885950859879336861e+00
8.967580806399999346e+03 9.867901038591551099e+00
8.967819276799998988e+03 1.036107042204944229e+01
8.968057747199998630e+03 9.931855302609100988e+00
8.968296217599998272e+03 1.003119404589207875e+01
8.968534687999999733e+03 9.957597534737027800e+00
8.968773158399999375e+03 9.992935415217525374e+00
8.969011628799999016e+03 9.747392053995984185e+00
8.969250099199998658e+03 9.944666748463211192e+00
8.969488569599998300e+03 9.909784878380033746e+00
8.969727039999999761e+03 1.015209726366757081e+01
8.969965510399999403e+03 9.863373447855773080e+00
8.970203980799999044e+03 1.001188436636058476e+01
8.970442451199998686e+03 1.001350863016667248e+01
8.970680921600000147e+03 1.005718958105105720e+01
8.970919391999997970e+03 9.929923916944035867e+00
8.971157862399999431e+03 9.775370150389022683e+00
8.971396332799999072e+03 1.041595745937912199e+01
8.971634803199998714e+03 1.016765919901257398e+01
8.971873273599998356e+03 9.901709147919767418e+00
8.972111743999999817e+03 9.674601212609619694e+00
8.972350214399999459e+03 1.002369928610641914e+01
8.972588684799999101e+03 9.977521027616440108e+00
8.972827155199998742e+03 1.005346792870541961e+01
8.973065625599998384e+03 1.004530543033003731e+01
8.973304095999999845e+03 9.858550730758899761e+00
8.973542566399999487e+03 1.013670657899054639e+01
8.973781036799999129e+03 9.729675299869255056e+00
8.974019507199998770e+03 1.029865017575829356e+01
8.974257977600000231e+03 1.017199336415920286e+01
8.974496447999998054e+03 1.005734563051096409e+01
8.974734918399999515e+03 9.887016812836897373e+00
8.974973388799999157e+03 1.015114810207353280e+01
8.975211859199998798e+03 1.026426056870349512e+01
8.975450329599998440e+03 1.031453498971701244e+01
8.975688799999999901e+03 1.007667142194901722e+01
8.975927270399999543e+03 1.013152668172550008e+01
8.976165740799999185e+03 1.003568469820498521e+01
8.976404211199998826e+03 9.788814241167013819e+00
8.976642681599998468e+03 1.018756666251212373e+01
8.976881151999999929e+03 9.764099385186325364e+00
8.977119622399997752e+03 9.970803234112215918e+00
8.977358092799999213e+03 9.996434338377078177e+00
8.977596563199998855e+03 9.913779747117777319e+00
8.977835033599998496e+03 9.984310090429179496e+00
8.978073503999998138e+03 1.009322826874089074e+01
8.978311974399999599e+03 9.924140010422611624e+00
8.978550444799999241e+03 1.012568672080365673e+01
8.978788915199998883e+03 9.879842997904169977e+00
8.979027385599998524e+03 9.971747115172243880e+00
8.979265855999998166e+03 1.001811905972711436e+01
8.979504326399999627e+03 9.860351684917977977e+00
8.979742796799999269e+03 9.968012404925330472e+00
8.979981267199998911e+03 9.919792388347296708e+00
8.980219737599998552e+03 1.019290456590863769e+01
8.980458208000000013e+03 1.018210372907066485e+01
8.980696678399997836e+03 9.864617129892296887e+00
8.980935148799999297e+03 9.957027845481157158e+00
8.981173619199998939e+03 1.017162183498534489e+01
8.981412089599998581e+03 9.981443597095038811e+00
8.981650559999998222e+03 9.908432532885377952e+00
