8.092352957833547407e+03 9.635648941200692263e+00
8.092569541777863378e+03 9.055372967534806250e+00
8.092786125722177530e+03 9.371366290411812017e+00
8.093002709666493502e+03 1.057721706730351130e+01
8.093219293610809473e+03 1.019379150696712522e+01
8.093435877555123625e+03 1.077300005809350125e+01
8.093652461499439596e+03 8.322654770683421077e+00
8.093869045443754658e+03 9.594268290056611193e+00
8.094085629388069719e+03 1.052848734405125697e+01
8.094302213332384781e+03 8.819808008902453977e+00
8.094518797276700752e+03 9.689364606716599937e+00
8.094735381221014904e+03 9.593794727041185411e+00
8.094951965165330876e+03 1.032036800867301451e+01
8.095168549109646847e+03 9.810015181351642966e+00
8.095385133053960999e+03 1.055178510193564811e+01
8.095601716998276970e+03 1.065721999882283377e+01
8.095818300942592032e+03 9.252262377498560397e+00
8.096034884886907093e+03 9.720691381922550889e+00
8.096251468831222155e+03 9.619930092871040728e+00
8.096468052775538126e+03 9.572739103586924259e+00
8.096684636719852278e+03 1.126778306497674009e+01
8.096901220664168250e+03 1.000709040489036106e+01
8.097117804608483311e+03 9.472945993180612589e+00
8.097334388552798373e+03 9.135047120038629842e+00
8.097550972497114344e+03 1.093988020252033344e+01
8.097767556441428496e+03 1.060960187331873428e+01
8.097984140385744467e+03 9.653916556440790941e+00
8.098200724330059529e+03 9.769548153874612950e+00
8.098417308274374591e+03 8.548827326861184517e+00
8.098633892218689653e+03 1.093215381932589381e+01
8.098850476163005624e+03 1.060898830161854711e+01
8.099067060107319776e+03 1.006424382962786623e+01
8.099283644051635747e+03 9.019587619112018118e+00
8.099500227995950809e+03 9.731053330406551183e+00
8.099716811940265870e+03 9.989564390555013773e+00
8.099933395884581842e+03 9.519204467823495719e+00
8.100149979828896903e+03 9.878960098153241276e+00
8.100366563773211965e+03 1.089024842650086988e+01
8.100583147717527027e+03 9.344783311334266429e+00
8.100799731661842998e+03 9.113767265880609258e+00
8.101016315606157150e+03 9.893262239849699213e+00
8.101232899550473121e+03 1.064756435300816761e+01
8.101449483494788183e+03 1.110895748952893314e+01
8.101666067439103244e+03 9.296627883675766313e+00
8.101882651383418306e+03 1.044054380503303037e+01
8.102099235327734277e+03 9.842659347277121995e+00
8.102315819272048429e+03 9.228768033764577439e+00
8.102532403216364401e+03 1.138923334769312312e+01
8.102748987160680372e+03 1.001875388354447161e+01
8.102965571104994524e+03 9.205509739308782358e+00
8.103182155049310495e+03 9.253516314093102935e+00
8.103398738993625557e+03 9.858432955128691333e+00
8.103615322937940618e+03 1.015309846203264321e+01
8.103831906882255680e+03 1.076309507161777290e+01
8.104048490826571651e+03 9.647510433428610810e+00
8.104265074770885803e+03 9.407407348103122402e+00
8.104481658715201775e+03 9.832224672200608140e+00
8.104698242659517746e+03 1.196315078395533327e+01
8.104914826603831898e+03 1.053133788381494895e+01
8.105131410548147869e+03 1.101527029539863278e+01
8.105347994492462931e+03 1.011699459524727729e+01
8.105564578436777992e+03 1.095423352053641963e+01
8.105781162381093054e+03 1.011128198307891068e+01
8.105997746325409025e+03 1.058607915616750539e+01
8.106214330269723177e+03 1.004426388782390589e+01
8.106430914214039149e+03 1.087103895671025278e+01
8.106647498158354210e+03 1.139440365756401441e+01
8.106864082102669272e+03 1.021714202301641627e+01
8.107080666046985243e+03 1.120225654809868487e+01
8.107297249991300305e+03 1.043548897245585216e+01
8.107513833935615366e+03 9.448044178975955276e+00
8.107730417879930428e+03 9.823170621250843837e+00
8.107947001824246399e+03 1.035078157140213939e+01
8.108163585768560552e+03 9.891466878626614445e+00
8.108380169712876523e+03 9.641874667144207933e+00
8.108596753657191584e+03 8.680578277580115909e+00
8.108813337601506646e+03 1.065679901799548901e+01
8.109029921545821708e+03 9.383690621819669175e+00
8.109246505490136769e+03 9.664028543834344731e+00
8.109463089434452741e+03 1.064709184191270452e+01
8.109679673378767802e+03 1.065070187445558503e+01
8.109896257323082864e+03 9.481369456942386975e+00
8.110112841267397926e+03 1.029815876116873241e+01
8.110329425211713897e+03 1.050541652724923836e+01
8.110546009156028049e+03 9.147266966726768089e+00
8.110762593100344020e+03 9.749797276196424889e+00
8.110979177044659082e+03 9.022626940056468925e+00
8.111195760988974143e+03 1.020874984069639346e+01
8.111412344933289205e+03 1.077562481512690162e+01
8.111628928877605176e+03 1.062518610644895922e+01
8.111845512821920238e+03 1.029076822649768097e+01
8.112062096766235300e+03 9.154876786666431343e+00
8.112278680710551271e+03 1.126230728310974527e+01
8.112495264654865423e+03 9.675248326954875466e+00
8.112711848599181394e+03 9.131585333517415748e+00
8.112928432543496456e+03 1.062988888441394408e+01
8.113145016487811517e+03 9.463398352265244284e+00
8.113361600432126579e+03 1.035047556211278952e+01
8.113578184376442550e+03 9.452016203142795447e+00
8.113794768320756702e+03 9.410958051729982898e+00
8.114011352265072674e+03 1.023013851839805710e+01
8.114227936209388645e+03 1.015452153165956695e+01
8.114444520153702797e+03 1.075506790193473527e+01
8.114661104098018768e+03 1.038362198792116509e+01
8.114877688042333830e+03 1.021329154845788700e+01
8.115094271986648891e+03 9.774004192143801006e+00
8.115310855930963953e+03 9.780467004151393695e+00
8.115527439875279924e+03 9.770922729664125228e+00
8.115744023819594076e+03 9.576393398298337800e+00
8.115960607763910048e+03 1.080211583268801334e+01
8.116177191708226019e+03 1.010706242828419299e+01
8.116393775652540171e+03 1.069405454732945593e+01
8.116610359596856142e+03 1.030207162273651633e+01
8.116826943541171204e+03 1.146510862278513976e+01
8.117043527485486266e+03 1.172757972925801262e+01
8.117260111429801327e+03 1.241956900208874970e+01
8.117476695374117298e+03 1.362134464159078107e+01
8.117693279318431451e+03 1.387327196966587195e+01
8.117909863262747422e+03 1.557569198394545751e+01
8.118126447207062483e+03 1.669814505895863732e+01
8.118343031151377545e+03 1.782489097661050081e+01
8.118559615095693516e+03 2.023151767860391104e+01
8.118776199040008578e+03 2.204462876840281638e+01
8.118992782984323640e+03 2.358695838123633592e+01
8.119209366928638701e+03 2.524388639347072072e+01
8.119425950872953763e+03 2.760445059794843559e+01
8.119642534817268825e+03 3.057881449449251932e+01
8.119859118761584796e+03 3.337505588541093715e+01
8.120075702705898948e+03 3.612297373948874935e+01
8.120292286650214919e+03 3.769484107851862120e+01
8.120508870594529981e+03 4.121718523234846288e+01
8.120725454538845042e+03 4.433742978253162192e+01
8.120942038483160104e+03 4.525171339319936692e+01
8.121158622427476075e+03 4.720775501848328304e+01
8.121375206371791137e+03 4.764559079439990086e+01
8.121591790316106199e+03 5.113507692938129878e+01
8.121808374260422170e+03 5.071335018319008725e+01
8.122024958204736322e+03 5.094958548042932733e+01
8.122241542149052293e+03 4.866544190079028454e+01
8.122458126093367355e+03 4.877648369142571738e+01
8.122674710037682416e+03 4.870940252295734751e+01
8.122891293981997478e+03 4.612085258372074037e+01
8.123107877926313449e+03 4.588125063756706368e+01
8.123324461870627601e+03 4.450785627086769836e+01
8.123541045814943573e+03 4.043685020871239288e+01
8.123757629759259544e+03 4.039528681583208680e+01
8.123974213703573696e+03 4.034269525189208849e+01
8.124190797647889667e+03 3.655532490715948768e+01
8.124407381592204729e+03 3.652727284788597473e+01
8.124623965536519790e+03 3.503664433275528722e+01
8.124840549480834852e+03 3.563861482472998432e+01
8.125057133425150823e+03 3.728734905535141309e+01
8.125273717369464975e+03 3.637543574817799197e+01
8.125490301313780947e+03 3.871457864068526078e+01
8.125706885258096918e+03 3.990373233427217059e+01
8.125923469202411070e+03 3.999250002049210195e+01
8.126140053146727041e+03 4.253969066980355507e+01
8.126356637091042103e+03 4.474206544286421661e+01
8.126573221035357165e+03 4.552546924254354366e+01
8.126789804979672226e+03 4.568746467308062620e+01
8.127006388923988197e+03 4.779178343744881374e+01
8.127222972868302350e+03 4.870518604190473155e+01
8.127439556812618321e+03 5.147689315808941757e+01
8.127656140756933382e+03 5.046675522945493242e+01
8.127872724701248444e+03 5.063055967209879782e+01
8.128089308645564415e+03 5.008615476556640544e+01
8.128305892589879477e+03 4.858016057111579045e+01
8.128522476534194539e+03 4.757601671077826921e+01
8.128739060478509600e+03 4.627414623001880045e+01
8.128955644422825571e+03 4.318716402645032559e+01
8.129172228367139724e+03 4.091900556953523704e+01
8.129388812311455695e+03 3.941116205396131278e+01
8.129605396255770756e+03 3.541400603710351902e+01
8.129821980200085818e+03 3.280136966743270222e+01
8.130038564144400880e+03 3.207468537200859515e+01
8.130255148088716851e+03 2.810749213314570483e+01
8.130471732033031913e+03 2.491695651432829095e+01
8.130688315977346974e+03 2.219901055615326513e+01
8.130904899921662036e+03 2.161363628517434776e+01
8.131121483865977098e+03 2.027032463050603184e+01
8.131338067810293069e+03 1.813093187897468539e+01
8.131554651754607221e+03 1.583651578053329345e+01
8.131771235698923192e+03 1.526637949186776488e+01
8.131987819643238254e+03 1.276667820676105691e+01
8.132204403587553315e+03 1.448708925237853506e+01
8.132420987531868377e+03 1.289072130872832922e+01
8.132637571476184348e+03 1.159485377765585312e+01
8.132854155420498500e+03 1.047657346570016657e+01
8.133070739364814472e+03 1.089183852207095526e+01
8.133287323309130443e+03 1.195986608003773277e+01
8.133503907253444595e+03 9.793382100105352706e+00
8.133720491197760566e+03 1.172012763899269672e+01
8.133937075142075628e+03 9.481954929546368760e+00
8.134153659086390689e+03 1.092018713281409426e+01
8.134370243030705751e+03 1.048360399731192416e+01
8.134586826975021722e+03 1.097926494138583209e+01
8.134803410919335874e+03 1.028614328366293051e+01
8.135019994863651846e+03 1.026016573146588229e+01
8.135236578807967817e+03 8.833796131110204897e+00
8.135453162752281969e+03 9.787381857408037789e+00
8.135669746696597940e+03 1.110006615269138663e+01
8.135886330640913002e+03 1.116439829559395314e+01
8.136102914585228064e+03 9.493881533631817859e+00
8.136319498529543125e+03 1.016792585277866223e+01
8.136536082473859096e+03 9.874532497798428565e+00
8.136752666418173249e+03 1.057969059683456514e+01
8.136969250362489220e+03 1.109426586723119890e+01
8.137185834306804281e+03 1.203813523012506081e+01
8.137402418251119343e+03 1.027832053953258296e+01
8.137619002195435314e+03 9.862253817817455470e+00
8.137835586139750376e+03 1.018506646266333071e+01
8.138052170084065438e+03 1.178602116416334056e+01
8.138268754028380499e+03 9.999350284645226239e+00
8.138485337972696470e+03 1.059132022704852183e+01
8.138701921917010623e+03 9.483742963012964822e+00
8.138918505861326594e+03 9.390814599104924554e+00
8.139135089805641655e+03 1.016254425397951167e+01
8.139351673749956717e+03 1.006051408860154162e+01
8.139568257694271779e+03 9.829803924042545660e+00
8.139784841638587750e+03 8.558559618777891842e+00
8.140001425582902812e+03 9.950331062163355611e+00
8.140218009527217873e+03 1.072904426770111286e+01
8.140434593471533844e+03 1.068778144590424262e+01
8.140651177415847997e+03 9.989138929396409239e+00
8.140867761360163968e+03 9.941734207180971339e+00
8.141084345304478120e+03 1.013340703859913461e+01
8.141300929248794091e+03 9.039721637360857542e+00
8.141517513193109153e+03 9.549960269782028277e+00
8.141734097137424214e+03 1.070523218302001034e+01
8.141950681081739276e+03 9.214371501846086332e+00
8.142167265026055247e+03 1.082286257084721903e+01
8.142383848970370309e+03 1.022275014781818925e+01
8.142600432914685371e+03 1.029449195432553665e+01
8.142817016859001342e+03 9.851457771609192449e+00
8.143033600803315494e+03 9.158867756240962166e+00
8.143250184747631465e+03 1.088246334385598324e+01
8.143466768691946527e+03 1.013110613467776133e+01
8.143683352636261588e+03 1.120813771352230859e+01
8.143899936580576650e+03 9.580489484967854352e+00
8.144116520524892621e+03 1.051949432315803179e+01
8.144333104469206774e+03 1.044227674542683992e+01
8.144549688413522745e+03 1.041954822334963993e+01
8.144766272357838716e+03 1.112835271203438303e+01
8.144982856302152868e+03 9.701704329519145631e+00
8.145199440246468839e+03 9.394830360973234207e+00
8.145416024190783901e+03 1.021243722086346217e+01
8.145632608135098963e+03 9.864100501903239504e+00
8.145849192079414024e+03 1.043728793214366846e+01
8.146065776023729995e+03 8.768115897207064080e+00
8.146282359968044148e+03 9.910512493738032447e+00
8.146498943912360119e+03 9.456449189644546394e+00
8.146715527856676090e+03 9.783479907177028423e+00
8.146932111800990242e+03 9.778577854787888768e+00
8.147148695745306213e+03 1.037605038028570625e+01
8.147365279689621275e+03 9.295941358714944869e+00
8.147581863633936337e+03 1.122164155242241002e+01
8.147798447578251398e+03 9.137469524778989438e+00
8.148015031522567369e+03 1.018714887854842566e+01
8.148231615466881522e+03 1.003981026127018339e+01
8.148448199411197493e+03 1.035687539484677799e+01
8.148664783355512554e+03 9.589524488686699044e+00
8.148881367299827616e+03 1.093868469654844944e+01
8.149097951244143587e+03 1.056205248906126926e+01
8.149314535188458649e+03 1.050285464224834087e+01
8.149531119132773711e+03 1.003032967592528379e+01
8.149747703077088772e+03 1.002098561374407026e+01
8.149964287021404743e+03 1.068401882932973557e+01
8.150180870965718896e+03 9.101882096325841331e+00
8.150397454910034867e+03 9.664695626695175790e+00
8.150614038854349928e+03 1.065606235959605463e+01
8.150830622798664990e+03 1.010163884439857718e+01
8.151047206742980052e+03 1.039699150276711315e+01
8.151263790687296023e+03 8.929111199117066633e+00
8.151480374631610175e+03 1.093726054858578678e+01
8.151696958575926146e+03 1.007679449986629905e+01
8.151913542520242117e+03 1.049190323973325789e+01
8.152130126464556270e+03 1.027579330936185720e+01
8.152346710408872241e+03 9.732641036136142176e+00
8.152563294353186393e+03 9.709130671500547649e+00
8.152779878297502364e+03 1.033252770340728688e+01
8.152996462241817426e+03 1.024832798891019792e+01
8.153213046186132487e+03 9.103205901843203662e+00
8.153429630130447549e+03 1.094781708787075303e+01
8.153646214074763520e+03 1.012920529020428795e+01
8.153862798019077673e+03 1.050930352503508836e+01
8.154079381963393644e+03 1.008760131449942321e+01
8.154295965907709615e+03 8.967356452337174488e+00
8.154512549852023767e+03 9.705114609496989786e+00
8.154729133796339738e+03 8.973109357432949906e+00
8.154945717740654800e+03 1.013600112679307941e+01
8.155162301684969862e+03 1.080080348539589963e+01
8.155378885629284923e+03 1.023591159733043199e+01
8.155595469573600894e+03 9.665620893701911243e+00
8.155812053517915047e+03 1.010313179071452261e+01
8.156028637462231018e+03 1.019356514831617133e+01
8.156245221406546989e+03 1.082935835005767267e+01
8.156461805350861141e+03 1.026855044354103796e+01
8.156678389295177112e+03 9.674468126386043920e+00
8.156894973239492174e+03 1.016274861916545369e+01
8.157111557183807236e+03 1.057263618074115108e+01
8.157328141128122297e+03 9.801202308444663558e+00
