4.136143140496896194e+03 9.994054124639943026e+00
4.136253840339116323e+03 9.993162834492268942e+00
4.136364540181336451e+03 9.987134348988144339e+00
4.136475240023556580e+03 9.989933758341413395e+00
4.136585939865776709e+03 1.001198680149241227e+01
4.136696639707996837e+03 1.002098692831418525e+01
4.136807339550216966e+03 1.001411035385017634e+01
4.136918039392437095e+03 1.000373848434709423e+01
4.137028739234657223e+03 9.994488800856593969e+00
4.137139439076877352e+03 9.975814373124981316e+00
4.137250138919097481e+03 1.000341352919864057e+01
4.137360838761316700e+03 9.984652612252462589e+00
4.137471538603536828e+03 9.997408892668445901e+00
4.137582238445757866e+03 9.996301043294712585e+00
4.137692938287977086e+03 1.006283629941658830e+01
4.137803638130197214e+03 1.000409357721003012e+01
4.137914337972417343e+03 1.002507287535408764e+01
4.138025037814637471e+03 9.996035988559842878e+00
4.138135737656857600e+03 1.005471127353908400e+01
4.138246437499077729e+03 9.956189011872758954e+00
4.138357137341297857e+03 1.000782377652209654e+01
4.138467837183517986e+03 9.973928922168507682e+00
4.138578537025738115e+03 9.912165693046773640e+00
4.138689236867958243e+03 9.973760382556799087e+00
4.138799936710178372e+03 1.006361860418196308e+01
4.138910636552397591e+03 1.000070350215824533e+01
4.139021336394617720e+03 9.968777574623381099e+00
4.139132036236838758e+03 1.002007202875151215e+01
4.139242736079057977e+03 9.998229748362920333e+00
4.139353435921278106e+03 9.942105687339095610e+00
4.139464135763498234e+03 1.006630256107107435e+01
4.139574835605718363e+03 9.943313304018358778e+00
4.139685535447938491e+03 9.988470948631738011e+00
4.139796235290158620e+03 9.943395313472450425e+00
4.139906935132378749e+03 1.001087150406767279e+01
4.140017634974598877e+03 9.978609304832799509e+00
4.140128334816819006e+03 1.002877452428317007e+01
4.140239034659039135e+03 1.000469129264630830e+01
4.140349734501259263e+03 1.000430000621015658e+01
4.140460434343479392e+03 1.000205354334721797e+01
4.140571134185698611e+03 9.958308241090254143e+00
4.140681834027919649e+03 1.000416820475196467e+01
4.140792533870139778e+03 9.945313130084633357e+00
4.140903233712358997e+03 1.003356482397789229e+01
4.141013933554579125e+03 1.003935046993599656e+01
4.141124633396799254e+03 9.948336405185772335e+00
4.141235333239019383e+03 9.964860013236494396e+00
4.141346033081239511e+03 9.977605481354922645e+00
4.141456732923459640e+03 1.002392736884506697e+01
4.141567432765679769e+03 9.930069927783790718e+00
4.141678132607899897e+03 9.940414007218972614e+00
4.141788832450120026e+03 1.000326341170231892e+01
4.141899532292340155e+03 1.000382544098055071e+01
4.142010232134560283e+03 1.003767122738800488e+01
4.142120931976780412e+03 1.001490371703843607e+01
4.142231631818999631e+03 1.001332430853424071e+01
4.142342331661220669e+03 1.000237636727828239e+01
4.142453031503440798e+03 1.004501359614893552e+01
4.142563731345660017e+03 9.998622596366741888e+00
4.142674431187880145e+03 9.965905627205692952e+00
4.142785131030101184e+03 1.000257599779318873e+01
4.142895830872320403e+03 9.985013613813569222e+00
4.143006530714540531e+03 1.005661106272477667e+01
4.143117230556760660e+03 9.969080975793346511e+00
4.143227930398980789e+03 9.946458953923693613e+00
4.143338630241200917e+03 1.002837646290713103e+01
4.143449330083421046e+03 9.985854281641390884e+00
4.143560029925641174e+03 9.984647074594677818e+00
4.143670729767861303e+03 1.000249691530423135e+01
4.143781429610081432e+03 1.003641540856358461e+01
4.143892129452301560e+03 1.006930654615926635e+01
4.144002829294521689e+03 1.000679143500740587e+01
4.144113529136741818e+03 9.993958247481542045e+00
4.144224228978961037e+03 1.006222422997076471e+01
4.144334928821181165e+03 9.978806769612660332e+00
4.144445628663402204e+03 1.002192393924156555e+01
4.144556328505621423e+03 1.000958324336800764e+01
4.144667028347841551e+03 9.980262163707372736e+00
4.144777728190061680e+03 1.003282705464709679e+01
4.144888428032281809e+03 9.999522721082842125e+00
4.144999127874501937e+03 1.000485559281977999e+01
4.145109827716722066e+03 9.961377544387968186e+00
4.145220527558942194e+03 1.002914787407207697e+01
4.145331227401162323e+03 9.942765741521141010e+00
4.145441927243381542e+03 9.996809364814808418e+00
4.145552627085602580e+03 9.985563062143349100e+00
4.145663326927822709e+03 1.001364098502393674e+01
4.145774026770041928e+03 1.000202621806711356e+01
4.145884726612262057e+03 1.001087441928849664e+01
4.145995426454483095e+03 9.937412998088435145e+00
4.146106126296702314e+03 9.989683823928082518e+00
4.146216826138922443e+03 1.006827453387283988e+01
4.146327525981142571e+03 1.001451600616572613e+01
4.146438225823362700e+03 1.004072806161191167e+01
4.146548925665582829e+03 1.000223461279809278e+01
4.146659625507802957e+03 1.000862689424625707e+01
4.146770325350023086e+03 9.985333927195979342e+00
4.146881025192243214e+03 9.994722768877615238e+00
4.146991725034463343e+03 9.930162085809659089e+00
4.147102424876683472e+03 1.002112814259438522e+01
4.147213124718903600e+03 1.000131642946694654e+01
4.147323824561123729e+03 9.990222500066703759e+00
4.147434524403342948e+03 1.005824184679489974e+01
4.147545224245563077e+03 9.936984201548655804e+00
4.147655924087784115e+03 9.988017692565398065e+00
4.147766623930003334e+03 9.984536630085996123e+00
4.147877323772223463e+03 1.005414913656706943e+01
4.147988023614443591e+03 1.004210175297315288e+01
4.148098723456663720e+03 9.994699469929923197e+00
4.148209423298883848e+03 1.000124328605203594e+01
4.148320123141103977e+03 1.003513100982964623e+01
4.148430822983324106e+03 1.001935035847015598e+01
4.148541522825544234e+03 9.970599538495028114e+00
4.148652222667764363e+03 1.002855899988152544e+01
4.148762922509984492e+03 1.005480898265513190e+01
4.148873622352204620e+03 9.984815440553690635e+00
4.148984322194424749e+03 9.989964266060612275e+00
4.149095022036643968e+03 1.000191869230332564e+01
4.149205721878865006e+03 1.001325408279438811e+01
4.149316421721085135e+03 9.985196549042298031e+00
4.149427121563304354e+03 9.950633735369345700e+00
4.149537821405524483e+03 9.986224732929798620e+00
4.149648521247744611e+03 1.001870441062749606e+01
4.149759221089964740e+03 9.995385633268242032e+00
4.149869920932184868e+03 1.006805402007206851e+01
4.149980620774404997e+03 9.975284468446199426e+00
4.150091320616625126e+03 1.003163412501894847e+01
4.150202020458845254e+03 9.992376137918165924e+00
4.150312720301065383e+03 1.000010107693303318e+01
4.150423420143285512e+03 1.001217895222194265e+01
4.150534119985505640e+03 1.009833743075467538e+01
4.150644819827724859e+03 1.032747652136583838e+01
4.150755519669944988e+03 1.057968795905905779e+01
4.150866219512166026e+03 1.086277848727131001e+01
4.150976919354385245e+03 1.115242807606511377e+01
4.151087619196605374e+03 1.150791839053880850e+01
4.151198319038825503e+03 1.168137681312190601e+01
4.151309018881045631e+03 1.164092629895491449e+01
4.151419718723265760e+03 1.143933259835230842e+01
4.151530418565485888e+03 1.116852737893282921e+01
4.151641118407706017e+03 1.079582170074149339e+01
4.151751818249926146e+03 1.046459383655331798e+01
4.151862518092146274e+03 1.027548067778461416e+01
4.151973217934366403e+03 1.018808787470099908e+01
4.152083917776586532e+03 1.003865300200722110e+01
4.152194617618806660e+03 9.998872997286319730e+00
4.152305317461025879e+03 1.003607965112632350e+01
4.152416017303246917e+03 1.000260295943004074e+01
4.152526717145467046e+03 1.001130072252216685e+01
4.152637416987686265e+03 9.989982402851842025e+00
4.152748116829906394e+03 1.001565661253844297e+01
4.152858816672126522e+03 9.951145693178050422e+00
4.152969516514346651e+03 1.003252116256109794e+01
4.153080216356566780e+03 9.986857792018398072e+00
4.153190916198786908e+03 1.003379902170243909e+01
4.153301616041007037e+03 1.005135060213455134e+01
4.153412315883227166e+03 1.007058621048649449e+01
4.153523015725447294e+03 1.019735403069934776e+01
4.153633715567667423e+03 1.027470567338094476e+01
4.153744415409887552e+03 1.045832915692360743e+01
4.153855115252107680e+03 1.087748956830354885e+01
4.153965815094326899e+03 1.113802645713111339e+01
4.154076514936547937e+03 1.149680619979703700e+01
4.154187214778768066e+03 1.167261396387644012e+01
4.154297914620987285e+03 1.162294151450909574e+01
4.154408614463207414e+03 1.151631258793134549e+01
4.154519314305428452e+03 1.121752850977387439e+01
4.154630014147647671e+03 1.084855788480785321e+01
4.154740713989867800e+03 1.057926245574002699e+01
4.154851413832087928e+03 1.031627662282798141e+01
4.154962113674308057e+03 1.018407172207755451e+01
4.155072813516528186e+03 1.005247316822468129e+01
4.155183513358748314e+03 1.000062548169390730e+01
4.155294213200968443e+03 9.966495635667984132e+00
4.155404913043188571e+03 9.936390654054340743e+00
4.155515612885408700e+03 1.004563110511335111e+01
4.155626312727628829e+03 9.954486809534127900e+00
4.155737012569848957e+03 9.996005317866886841e+00
4.155847712412068176e+03 1.000721701670191344e+01
4.155958412254288305e+03 1.001013411105371276e+01
4.156069112096508434e+03 9.978467130372987270e+00
4.156179811938728562e+03 9.991897223737886691e+00
4.156290511780948691e+03 1.000823142031727819e+01
4.156401211623168820e+03 1.005621760829886568e+01
4.156511911465388948e+03 1.003142040517964162e+01
4.156622611307609077e+03 9.982706154327566139e+00
4.156733311149829206e+03 1.001756425715012355e+01
4.156844010992049334e+03 1.000244071678027247e+01
4.156954710834269463e+03 1.004029207335803875e+01
4.157065410676489591e+03 9.967806645751435823e+00
4.157176110518708811e+03 9.919489582649164916e+00
4.157286810360929849e+03 9.973314507713727295e+00
4.157397510203149977e+03 9.948683714465598626e+00
4.157508210045369196e+03 1.001677318179638654e+01
4.157618909887589325e+03 1.004961994116743895e+01
4.157729609729810363e+03 1.001498699085176014e+01
4.157840309572029582e+03 1.001523965466601673e+01
4.157951009414249711e+03 9.985032760668955731e+00
4.158061709256469840e+03 1.002751154460536753e+01
4.158172409098689968e+03 1.000359270930767330e+01
4.158283108940910097e+03 1.000261803563115670e+01
4.158393808783130225e+03 9.958060686732196132e+00
4.158504508625350354e+03 9.956322191851363357e+00
4.158615208467570483e+03 9.963612883825938127e+00
4.158725908309790611e+03 1.003647062490445840e+01
4.158836608152010740e+03 9.956232802092994660e+00
4.158947307994230869e+03 1.001530538631500100e+01
4.159058007836450997e+03 1.002644961996563033e+01
4.159168707678670216e+03 1.005827311799607848e+01
4.159279407520890345e+03 1.005414065591993378e+01
4.159390107363111383e+03 9.982862901764494978e+00
4.159500807205330602e+03 9.966197361658100107e+00
4.159611507047550731e+03 1.005345863335179857e+01
4.159722206889770860e+03 1.008010738296652953e+01
4.159832906731990988e+03 1.002758975743648584e+01
4.159943606574211117e+03 1.001731320656126378e+01
4.160054306416431245e+03 9.985740595188380198e+00
4.160165006258651374e+03 1.000250517662940375e+01
4.160275706100871503e+03 1.003716199372852635e+01
4.160386405943091631e+03 9.957785633884105536e+00
4.160497105785311760e+03 9.977243817582658991e+00
4.160607805627531889e+03 9.920871938741598228e+00
4.160718505469752017e+03 1.001099248948583131e+01
4.160829205311971236e+03 1.001415077778898954e+01
4.160939905154192274e+03 1.000063723818752948e+01
4.161050604996411494e+03 9.998530150361290225e+00
4.161161304838631622e+03 9.971398385702071820e+00
4.161272004680851751e+03 9.998350842848198639e+00
4.161382704523071880e+03 1.004594642304016006e+01
4.161493404365292008e+03 9.970585237678298185e+00
4.161604104207512137e+03 9.984580033211974737e+00
4.161714804049732265e+03 9.988881538900326262e+00
4.161825503891952394e+03 9.948923029786604033e+00
4.161936203734172523e+03 1.002202191155633493e+01
4.162046903576392651e+03 9.992826806689796726e+00
4.162157603418612780e+03 9.964590730257899764e+00
4.162268303260832909e+03 1.001433681687586663e+01
4.162379003103052128e+03 9.987767104337336832e+00
4.162489702945273166e+03 9.982763165011744988e+00
4.162600402787493294e+03 9.997314854129379924e+00
4.162711102629712514e+03 9.955277749302947399e+00
4.162821802471932642e+03 9.951480649799918865e+00
4.162932502314152771e+03 1.002804102514422269e+01
4.163043202156372899e+03 9.998488825658826684e+00
4.163153901998593028e+03 9.991318762334010728e+00
4.163264601840813157e+03 1.002228421581630791e+01
4.163375301683033285e+03 1.001644088304943203e+01
4.163486001525253414e+03 9.990398314256372814e+00
4.163596701367473543e+03 9.966597152101844159e+00
4.163707401209693671e+03 1.000461652677292612e+01
4.163818101051913800e+03 9.978805695867535519e+00
4.163928800894133929e+03 1.001245714648977092e+01
4.164039500736353148e+03 1.004753409489703664e+01
4.164150200578574186e+03 1.005351839088090671e+01
4.164260900420794314e+03 9.967876982510263772e+00
4.164371600263013534e+03 9.986115106842701650e+00
4.164482300105233662e+03 9.990791413814674726e+00
4.164592999947454700e+03 9.975866890457449898e+00
4.164703699789673919e+03 9.997519026214234827e+00
4.164814399631894048e+03 1.000094453136552453e+01
4.164925099474114177e+03 1.006410372224880234e+01
4.165035799316334305e+03 1.001965265151731543e+01
4.165146499158554434e+03 9.972413432309869208e+00
4.165257199000774563e+03 1.003505374232605618e+01
4.165367898842994691e+03 1.004842474446536293e+01
4.165478598685214820e+03 1.000991018139044719e+01
4.165589298527434948e+03 9.972808949969834913e+00
4.165699998369655077e+03 1.004885878947914968e+01
4.165810698211875206e+03 9.991876332169274733e+00
4.165921398054095334e+03 1.004853651501880130e+01
4.166032097896314554e+03 9.987354587043359544e+00
4.166142797738534682e+03 9.964412743344537304e+00
4.166253497580755720e+03 9.981652542835144359e+00
4.166364197422974939e+03 1.005317873882209234e+01
4.166474897265195068e+03 1.005676856970954880e+01
4.166585597107415197e+03 1.000241745081567402e+01
4.166696296949635325e+03 9.981764577458074328e+00
4.166806996791855454e+03 9.995668681611190820e+00
4.166917696634075583e+03 1.004135842631269249e+01
4.167028396476295711e+03 1.003003157637915699e+01
4.167139096318515840e+03 9.939415966035079819e+00
4.167249796160735059e+03 1.000545758284096642e+01
4.167360496002956097e+03 9.994065332076786490e+00
4.167471195845176226e+03 1.003176764775902718e+01
4.167581895687395445e+03 1.002240490134481377e+01
4.167692595529615573e+03 1.005047974556938328e+01
4.167803295371836612e+03 1.004335227587200308e+01
4.167913995214055831e+03 1.000043518613813376e+01
4.168024695056275959e+03 9.991037411788664002e+00
4.168135394898496088e+03 9.945206178411934772e+00
4.168246094740716217e+03 9.989462840854109515e+00
4.168356794582936345e+03 9.998985573806036697e+00
4.168467494425156474e+03 1.001945755156035744e+01
4.168578194267376603e+03 1.000642663198432913e+01
4.168688894109596731e+03 1.001480210757760148e+01
4.168799593951816860e+03 1.002368815749393427e+01
4.168910293794036988e+03 1.002671169480522551e+01
4.169020993636257117e+03 1.002875459015384330e+01
4.169131693478477246e+03 9.994592300563612142e+00
4.169242393320696465e+03 1.008033064956590863e+01
4.169353093162916593e+03 9.955537622775958440e+00
