6.682582080000000133e+03 1.050162720832182828e+01
6.682760932799999864e+03 9.926899904375421357e+00
6.682939785599999595e+03 1.006057983482472551e+01
6.683118638400000236e+03 1.051597275189107172e+01
6.683297491199999968e+03 9.923328233820477351e+00
6.683476343999999699e+03 1.033055825283728701e+01
6.683655196800000340e+03 9.972776736787162477e+00
6.683834049600000071e+03 9.984099409450266194e+00
6.684012902399999803e+03 9.814247965372222993e+00
6.684191755200000443e+03 9.663025531519739530e+00
6.684370608000000175e+03 9.729197929595542860e+00
6.684549460799999906e+03 1.002007913401321559e+01
6.684728313599999638e+03 9.888230053756704052e+00
6.684907166400000278e+03 1.016828804484146254e+01
6.685086019200000010e+03 9.616388451395010861e+00
6.685264871999999741e+03 9.637873257349825806e+00
6.685443724800000382e+03 1.025661918813029594e+01
6.685622577600000113e+03 9.550994790752909580e+00
6.685801430399999845e+03 9.951597086071197751e+00
6.685980283200000486e+03 9.666261559768187794e+00
6.686159136000000217e+03 1.029080723237940731e+01
6.686337988799999948e+03 1.031403264039911249e+01
6.686516841600000589e+03 1.033666712812746447e+01
6.686695694399999411e+03 9.839525128762264927e+00
6.686874547200000052e+03 9.931001715324114798e+00
6.687053399999999783e+03 9.992048574739662570e+00
6.687232252799999515e+03 9.941792525483061027e+00
6.687411105600000155e+03 1.018500004862025143e+01
6.687589958399999887e+03 9.786267373620450627e+00
6.687768811199999618e+03 1.066687039857698238e+01
6.687947664000000259e+03 9.487237143969823094e+00
6.688126516799999990e+03 9.917589383618508947e+00
6.688305369599999722e+03 1.000206323004982067e+01
6.688484222400000363e+03 1.052479704831865703e+01
6.688663075199999184e+03 1.015242189524236593e+01
6.688841927999999825e+03 1.051824395631741282e+01
6.689020780800000466e+03 9.417850739138119209e+00
6.689199633599999288e+03 1.064106109885770302e+01
6.689378486399999929e+03 1.009881202516202059e+01
6.689557339200000570e+03 9.490814937170787502e+00
6.689736191999999392e+03 1.040711501601522393e+01
6.689915044800000032e+03 9.536462223446948272e+00
6.690093897599999764e+03 1.003334082919111303e+01
6.690272750399999495e+03 1.009414313170650068e+01
6.690451603200000136e+03 1.013846343109729098e+01
6.690630455999999867e+03 9.461532561166400512e+00
6.690809308799999599e+03 1.015377413880587909e+01
6.690988161600000240e+03 9.650734121713924196e+00
6.691167014399999971e+03 1.005632333272394519e+01
6.691345867199999702e+03 9.370238207327352242e+00
6.691524720000000343e+03 9.565765707962814446e+00
6.691703572800000074e+03 9.295316631305464483e+00
6.691882425599999806e+03 1.091126955800320708e+01
6.692061278399999537e+03 9.662147559348165160e+00
6.692240131200000178e+03 1.018104284282436112e+01
6.692418983999999909e+03 1.017185633703391012e+01
6.692597836799999641e+03 9.626460086544641470e+00
6.692776689600000282e+03 9.657018937177793916e+00
6.692955542400000013e+03 9.675821024659908787e+00
6.693134395199999744e+03 9.966495916406646671e+00
6.693313248000000385e+03 1.033872197949177263e+01
6.693492100800000117e+03 9.812415427984602090e+00
6.693670953599999848e+03 9.539819180514003349e+00
6.693849806400000489e+03 9.918477242997482790e+00
6.694028659199999311e+03 1.003848391555346531e+01
6.694207511999999952e+03 1.070116898349448498e+01
6.694386364800000592e+03 1.060385400340298112e+01
6.694565217599999414e+03 1.013177491898277616e+01
6.694744070400000055e+03 9.826146705058100395e+00
6.694922923200000696e+03 9.609755192643929078e+00
6.695101775999999518e+03 1.094862850744179283e+01
6.695280628800000159e+03 1.016132837780993903e+01
6.695459481599999890e+03 9.724208060926406105e+00
6.695638334399999621e+03 9.889773663071631304e+00
6.695817187200000262e+03 1.041644538421866528e+01
6.695996039999999994e+03 9.645820358468556677e+00
6.696174892799999725e+03 1.046784248311644205e+01
6.696353745600000366e+03 1.011285883436439192e+01
6.696532598399999188e+03 9.926953223471429055e+00
6.696711451199999829e+03 1.024214977026726814e+01
6.696890304000000469e+03 1.023125793319809418e+01
6.697069156799999291e+03 9.869771340499200463e+00
6.697248009599999932e+03 1.062496666091020536e+01
6.697426862399999663e+03 9.965315570602726325e+00
6.697605715199999395e+03 1.064908788435971410e+01
6.697784568000000036e+03 1.050815128473183435e+01
6.697963420799999767e+03 9.782732908459561116e+00
6.698142273599999498e+03 1.018628559789154941e+01
6.698321126400000139e+03 1.019342886877853793e+01
6.698499979199999871e+03 1.069959750766934903e+01
6.698678831999999602e+03 9.996020397609720831e+00
6.698857684800000243e+03 9.661200676812740085e+00
6.699036537599999974e+03 9.846159717879741535e+00
6.699215390399999706e+03 1.046552206797558782e+01
6.699394243199999437e+03 1.102488525587721391e+01
6.699573096000000078e+03 1.072788574242161097e+01
6.699751948799999809e+03 1.161964496491625098e+01
6.699930801599999540e+03 1.008188196902212397e+01
6.700109654400000181e+03 1.137664806195053124e+01
6.700288507199999913e+03 1.197499523543762479e+01
6.700467359999999644e+03 1.098276347628895344e+01
6.700646212800000285e+03 1.189265252620192825e+01
6.700825065600000016e+03 1.233250562216982082e+01
6.701003918399999748e+03 1.223891010871571261e+01
6.701182771200000388e+03 1.304062678142827281e+01
6.701361623999999210e+03 1.318782361116987190e+01
6.701540476799999851e+03 1.426846402068980169e+01
6.701719329600000492e+03 1.334403104863362088e+01
6.701898182399999314e+03 1.541662666251846758e+01
6.702077035199999955e+03 1.485546646195400733e+01
6.702255888000000596e+03 1.566281845374708581e+01
6.702434740799999418e+03 1.591782292234206153e+01
6.702613593600000058e+03 1.687630686465266194e+01
6.702792446399999790e+03 1.825115838083477726e+01
6.702971299199999521e+03 1.864866094682989228e+01
6.703150152000000162e+03 1.949940308841988212e+01
6.703329004799999893e+03 2.020015734893594583e+01
6.703507857599999625e+03 2.067651993138734667e+01
6.703686710400000266e+03 2.283642181285178197e+01
6.703865563199999997e+03 2.256097636581827359e+01
6.704044415999999728e+03 2.414768457545890357e+01
6.704223268800000369e+03 2.463528412946489610e+01
6.704402121600000100e+03 2.629096447921832436e+01
6.704580974399999832e+03 2.584989245108307898e+01
6.704759827199999563e+03 2.701488261905652166e+01
6.704938679999999295e+03 2.792949528937915105e+01
6.705117532799999935e+03 2.914892262595662942e+01
6.705296385599999667e+03 2.983363309113879325e+01
6.705475238399999398e+03 3.082062342601543747e+01
6.705654091200000039e+03 3.137845334225714922e+01
6.705832943999999770e+03 3.245950552192893923e+01
6.706011796799999502e+03 3.293645900732621357e+01
6.706190649600000143e+03 3.343337434593880886e+01
6.706369502399999874e+03 3.355513560041742949e+01
6.706548355199999605e+03 3.577715312677592863e+01
6.706727207999999337e+03 3.580134441415810898e+01
6.706906060799999977e+03 3.677369013378616103e+01
6.707084913599999709e+03 3.677380331309311856e+01
6.707263766399999440e+03 3.679376804505553622e+01
6.707442619200000081e+03 3.756010485896999285e+01
6.707621471999999812e+03 3.842007266528376164e+01
6.707800324799999544e+03 3.888876614921537112e+01
6.707979177600000185e+03 3.891007074267153598e+01
6.708158030399999916e+03 3.856675621265345910e+01
6.708336883199999647e+03 3.987472103427761283e+01
6.708515736000000288e+03 3.932340176176528956e+01
6.708694588799999110e+03 3.990184112847431663e+01
6.708873441599999751e+03 3.998204733221093221e+01
6.709052294400000392e+03 3.997277782252619716e+01
6.709231147199999214e+03 4.002620350641412728e+01
6.709409999999999854e+03 3.911790544206431264e+01
6.709588852800000495e+03 3.969332230189540667e+01
6.709767705599999317e+03 4.031629119155500263e+01
6.709946558399999958e+03 3.949779057028619178e+01
6.710125411199999689e+03 3.945177942903491441e+01
6.710304263999999421e+03 3.935537019276016224e+01
6.710483116800000062e+03 3.827314915318614652e+01
6.710661969599999793e+03 3.885827112234594694e+01
6.710840822399999524e+03 3.907896416460683753e+01
6.711019675200000165e+03 3.874159024119853001e+01
6.711198527999999897e+03 3.803764558464749967e+01
6.711377380799999628e+03 3.745760699827893347e+01
6.711556233600000269e+03 3.692153574817192663e+01
6.711735086400000000e+03 3.677182292228577865e+01
6.711913939199999731e+03 3.665884438099807596e+01
6.712092791999999463e+03 3.632291085692425270e+01
6.712271644800000104e+03 3.476340418577503755e+01
6.712450497599999835e+03 3.511216461621852858e+01
6.712629350399999566e+03 3.360410206814120926e+01
6.712808203200000207e+03 3.324057107694614643e+01
6.712987055999999939e+03 3.233022980052760431e+01
6.713165908799999670e+03 3.104482422138641695e+01
6.713344761600000311e+03 3.111456796525591173e+01
6.713523614400000042e+03 2.927165846664207294e+01
6.713702467199999774e+03 2.855625889819296503e+01
6.713881320000000414e+03 2.798836502114241043e+01
6.714060172799999236e+03 2.736951078967411632e+01
6.714239025599999877e+03 2.645533198028118704e+01
6.714417878399999609e+03 2.591714932754090839e+01
6.714596731199999340e+03 2.452899396184754011e+01
6.714775583999999981e+03 2.355085777167229111e+01
6.714954436799999712e+03 2.210942550980072951e+01
6.715133289599999443e+03 2.163267672681998732e+01
6.715312142400000084e+03 2.152141694502639524e+01
6.715490995199999816e+03 1.944268024554838092e+01
6.715669847999999547e+03 2.031907737595538066e+01
6.715848700800000188e+03 1.937627434127877635e+01
6.716027553599999010e+03 1.750836361417370313e+01
6.716206406399999651e+03 1.718487690138443469e+01
6.716385259200000291e+03 1.675500185687800681e+01
6.716564111999999113e+03 1.574939050241960281e+01
6.716742964799999754e+03 1.518072863776147230e+01
6.716921817600000395e+03 1.568297303232955819e+01
6.717100670399999217e+03 1.433901422030703543e+01
6.717279523199999858e+03 1.473995214482939353e+01
6.717458375999999589e+03 1.359600213582832495e+01
6.717637228799999320e+03 1.330404744995600730e+01
6.717816081599999961e+03 1.182206923084862282e+01
6.717994934399999693e+03 1.209538055630895315e+01
6.718173787199999424e+03 1.245059987590806472e+01
6.718352640000000065e+03 1.207467438109481250e+01
6.718531492799999796e+03 1.129152942845129282e+01
6.718710345599999528e+03 1.128976307055562422e+01
6.718889198400000168e+03 1.129238447845792592e+01
6.719068051199999900e+03 1.076202178058720804e+01
6.719246903999999631e+03 1.036418433347444434e+01
6.719425756799999363e+03 1.196532814284435808e+01
6.719604609600000003e+03 1.036586678785409532e+01
6.719783462399999735e+03 1.027269800215697160e+01
6.719962315199999466e+03 1.046767572018562120e+01
6.720141168000000107e+03 1.059270562394848980e+01
6.720320020799999838e+03 1.061025117318534150e+01
6.720498873599999570e+03 9.743592715978042662e+00
6.720677726400000211e+03 1.007702949435680040e+01
6.720856579199999942e+03 1.073032504360608996e+01
6.721035431999999673e+03 1.048728377437073611e+01
6.721214284800000314e+03 1.029595473516801540e+01
6.721393137599999136e+03 1.037357084650233574e+01
6.721571990399999777e+03 1.084716345573466079e+01
6.721750843200000418e+03 1.038101271392233649e+01
6.721929695999999240e+03 1.000731318677554427e+01
6.722108548799999880e+03 8.840313092066372391e+00
6.722287401600000521e+03 1.027126055405974370e+01
6.722466254399999343e+03 1.028361586526225047e+01
6.722645107199999984e+03 1.076541493564090857e+01
6.722823959999999715e+03 9.669750608676363157e+00
6.723002812799999447e+03 9.628092045499935026e+00
6.723181665600000088e+03 1.036409536430486256e+01
6.723360518399998909e+03 1.031131094385674629e+01
6.723539371199999550e+03 9.573331801043160283e+00
6.723718224000000191e+03 9.660624010908998471e+00
6.723897076799999013e+03 9.922978288550845960e+00
6.724075929599999654e+03 1.025820897308696189e+01
6.724254782400000295e+03 1.079190197966001463e+01
6.724433635199999117e+03 9.766552078149446814e+00
6.724612487999999757e+03 1.050295168775291366e+01
6.724791340799999489e+03 9.824338798070725076e+00
6.724970193599999220e+03 9.611155322021529557e+00
6.725149046399999861e+03 9.432059051246202586e+00
6.725327899199999592e+03 9.701891790446214969e+00
6.725506751999999324e+03 1.020237821583151394e+01
6.725685604799999965e+03 9.452531469759829719e+00
6.725864457599999696e+03 9.870817644038249128e+00
6.726043310399999427e+03 9.849155580916155728e+00
6.726222163200000068e+03 9.254154970316090356e+00
6.726401015999999800e+03 9.740089470820013418e+00
6.726579868799999531e+03 9.394024494695402794e+00
6.726758721599999262e+03 1.016435302850772437e+01
6.726937574399999903e+03 9.193724182819368096e+00
6.727116427199999634e+03 1.033104638495186478e+01
6.727295279999999366e+03 9.841132470266941823e+00
6.727474132800000007e+03 1.008666873615343462e+01
6.727652985599999738e+03 1.045321965145169685e+01
6.727831838399999469e+03 9.805025778373483547e+00
6.728010691200000110e+03 9.523758103826381216e+00
6.728189543999999842e+03 1.022982854542024533e+01
6.728368396799999573e+03 1.024142082261584541e+01
6.728547249600000214e+03 1.028862537205193384e+01
6.728726102399999036e+03 1.014545365677448707e+01
6.728904955199999677e+03 9.742371090815680645e+00
6.729083808000000317e+03 9.891459412505644977e+00
6.729262660799999139e+03 9.722126595583482356e+00
6.729441513599999780e+03 9.963971280578608258e+00
6.729620366400000421e+03 1.013838381561480517e+01
6.729799219199999243e+03 1.023336266120073645e+01
6.729978071999999884e+03 1.034474398691756214e+01
6.730156924799999615e+03 9.122029395277120756e+00
6.730335777599999346e+03 1.018686989015935396e+01
6.730514630399999987e+03 9.288911665448475574e+00
6.730693483199999719e+03 9.892985144434138789e+00
6.730872335999999450e+03 9.969089983933825394e+00
6.731051188800000091e+03 1.047303237223753669e+01
6.731230041599999822e+03 9.828654846359853536e+00
6.731408894399999554e+03 1.059394251050218472e+01
6.731587747200000194e+03 1.012025850283194117e+01
6.731766599999999926e+03 9.809413318367822043e+00
6.731945452799999657e+03 1.010985619755308562e+01
6.732124305599999389e+03 9.643164848090650665e+00
6.732303158399999120e+03 1.017477233428405192e+01
6.732482011199999761e+03 1.021373208343870687e+01
6.732660863999999492e+03 9.704246493972071619e+00
6.732839716799999223e+03 1.017365762604352497e+01
6.733018569599999864e+03 1.040033902193240678e+01
6.733197422399999596e+03 9.754702744728822594e+00
6.733376275199999327e+03 1.008182833332574724e+01
6.733555127999999968e+03 1.109008821782809484e+01
6.733733980799999699e+03 1.006268582221763097e+01
6.733912833599999431e+03 9.819993031563470254e+00
6.734091686399999162e+03 1.037599718042348762e+01
6.734270539199999803e+03 1.065538899459595612e+01
6.734449391999999534e+03 9.565768607313238192e+00
6.734628244799999266e+03 9.734175276405132138e+00
6.734807097599999906e+03 9.975842937949913392e+00
6.734985950399999638e+03 1.032958521684980369e+01
6.735164803199999369e+03 9.919776646728504232e+00
6.735343656000000010e+03 1.078731829630912564e+01
6.735522508799999741e+03 9.964427311980756485e+00
6.735701361599999473e+03 1.007731874862120414e+01
6.735880214400000114e+03 9.403325348258020355e+00
6.736059067199998935e+03 9.955815655272365561e+00
6.736237919999999576e+03 1.028266028214896011e+01
