3.712545599999999922e+03 8.882797413323304525e+00
3.712644962666666743e+03 8.786209294854431917e+00
3.712744325333333109e+03 1.483844280927240611e+01
3.712843687999999929e+03 1.128939124083659351e+01
3.712943050666666750e+03 8.228193467160178187e+00
3.713042413333333116e+03 7.018437568556869621e+00
3.713141775999999936e+03 9.532261283661041418e+00
3.713241138666666757e+03 1.079705295755721828e+01
3.713340501333333123e+03 8.540751839076108354e+00
3.713439863999999943e+03 9.784242202794249721e+00
3.713539226666666764e+03 1.097615770789937528e+01
3.713638589333333130e+03 6.849714392952295228e+00
3.713737951999999950e+03 4.665210145160499700e+00
3.713837314666666771e+03 1.218665030160986618e+01
3.713936677333333137e+03 1.044287121218138203e+01
3.714036039999999957e+03 6.970440005992990962e+00
3.714135402666666778e+03 1.286490582301006569e+01
3.714234765333333144e+03 1.116334643333496501e+01
3.714334127999999964e+03 9.099516089245417660e+00
3.714433490666666785e+03 7.925515745863851436e+00
3.714532853333333151e+03 1.007734956953422412e+01
3.714632215999999971e+03 9.726719165331328298e+00
3.714731578666666792e+03 1.030885789414448617e+01
3.714830941333333158e+03 7.019642993737889469e+00
3.714930303999999978e+03 1.263556322192041925e+01
3.715029666666666344e+03 1.325900075762296382e+01
3.715129029333333165e+03 1.241517440921914606e+01
3.715228391999999985e+03 1.008931216361736816e+01
3.715327754666666351e+03 1.090445314899396756e+01
3.715427117333333172e+03 1.166875452615723319e+01
3.715526479999999992e+03 7.098901497138287553e+00
3.715625842666666358e+03 1.298170345730950181e+01
3.715725205333333179e+03 9.217716229417041163e+00
3.715824567999999999e+03 1.015073687265464741e+01
3.715923930666666365e+03 1.192279456158120432e+01
3.716023293333333186e+03 1.131255314348338104e+01
3.716122656000000006e+03 9.245029407626242701e+00
3.716222018666666372e+03 1.333028955176224883e+01
3.716321381333333193e+03 1.126878354069887855e+01
3.716420744000000013e+03 8.327786912030502364e+00
3.716520106666666379e+03 1.264077951886143403e+01
3.716619469333333200e+03 1.071074787188676858e+01
3.716718832000000020e+03 1.046153634335209226e+01
3.716818194666666386e+03 1.200127217940464419e+01
3.716917557333333207e+03 1.125568176367451656e+01
3.717016920000000027e+03 7.421331158242672643e+00
3.717116282666666393e+03 5.704837156508995477e+00
3.717215645333333214e+03 9.732740503674786936e+00
3.717315008000000034e+03 5.420773363671486322e+00
3.717414370666666400e+03 1.092292519994442834e+01
3.717513733333333221e+03 1.113260785363377892e+01
3.717613096000000041e+03 8.031744716920057314e+00
3.717712458666666407e+03 1.126868838410301343e+01
3.717811821333333228e+03 8.924211953637591677e+00
3.717911184000000048e+03 1.158257168800493275e+01
3.718010546666666414e+03 7.679375124722865209e+00
3.718109909333333235e+03 1.127414594646552182e+01
3.718209272000000055e+03 6.367372463338652366e+00
3.718308634666666421e+03 1.175601757378162837e+01
3.718407997333333242e+03 1.137419582242423033e+01
3.718507360000000062e+03 1.294956420658298057e+01
3.718606722666666428e+03 1.139225797416050412e+01
3.718706085333333249e+03 6.694381881837639270e+00
3.718805448000000069e+03 9.750082077928071911e+00
3.718904810666666435e+03 9.318023275991413001e+00
3.719004173333333256e+03 1.239967832812556203e+01
3.719103536000000076e+03 8.882134989499835598e+00
3.719202898666666442e+03 1.131523708714109588e+01
3.719302261333333263e+03 7.496665792171500087e+00
3.719401624000000083e+03 1.051435281727856008e+01
3.719500986666666449e+03 1.190170862029992804e+01
3.719600349333333270e+03 1.256719705270094778e+01
3.719699712000000090e+03 1.132037338235886459e+01
3.719799074666666456e+03 1.208945849607049539e+01
3.719898437333333277e+03 7.968528811578848625e+00
3.719997800000000097e+03 1.170840701406311979e+01
3.720097162666666463e+03 1.029304904560658329e+01
3.720196525333333284e+03 1.273563499303922697e+01
3.720295887999999650e+03 9.903621656420943609e+00
3.720395250666666470e+03 8.164828729782724892e+00
3.720494613333333291e+03 9.498582586489700219e+00
3.720593975999999657e+03 9.911672552229703115e+00
3.720693338666666477e+03 8.309795113767911801e+00
3.720792701333333298e+03 1.168545091176600259e+01
3.720892063999999664e+03 9.496932069890215544e+00
3.720991426666666484e+03 1.197381080990130187e+01
3.721090789333333305e+03 1.118393392748480508e+01
3.721190151999999671e+03 9.113694942214440431e+00
3.721289514666666491e+03 5.735325111932727538e+00
3.721388877333333312e+03 1.044996108153467596e+01
3.721488239999999678e+03 1.170593985360739175e+01
3.721587602666666498e+03 1.005405298474431142e+01
3.721686965333333319e+03 1.163949852490343595e+01
3.721786327999999685e+03 1.103626301141513188e+01
3.721885690666666505e+03 9.562113550782685323e+00
3.721985053333333326e+03 1.088678777194204450e+01
3.722084415999999692e+03 1.094103934325509542e+01
3.722183778666666512e+03 8.802432952939366118e+00
3.722283141333333333e+03 9.208883555648247565e+00
3.722382503999999699e+03 1.129632252519662927e+01
3.722481866666666519e+03 1.040988537054032470e+01
3.722581229333333340e+03 1.158807456343713937e+01
3.722680591999999706e+03 8.888422712190203967e+00
3.722779954666666526e+03 1.152969135796472955e+01
3.722879317333333347e+03 8.960984847977039536e+00
3.722978679999999713e+03 1.200768225579857074e+01
3.723078042666666533e+03 1.031677585737588032e+01
3.723177405333333354e+03 8.702911723640529118e+00
3.723276767999999720e+03 1.050249551030513828e+01
3.723376130666666540e+03 1.271484754672029815e+01
3.723475493333333361e+03 1.121096783712108014e+01
3.723574855999999727e+03 9.200886397682367601e+00
3.723674218666666548e+03 9.880955942255722491e+00
3.723773581333333368e+03 9.790633753385639793e+00
3.723872943999999734e+03 7.336226250575018426e+00
3.723972306666666555e+03 1.037790542969146834e+01
3.724071669333333375e+03 9.212906048221178423e+00
3.724171031999999741e+03 1.151026905367644559e+01
3.724270394666666562e+03 8.923261611706475804e+00
3.724369757333333382e+03 7.503390070585172822e+00
3.724469119999999748e+03 1.226212587440724988e+01
3.724568482666666569e+03 7.298232936839358587e+00
3.724667845333333389e+03 1.037107671085144744e+01
3.724767207999999755e+03 7.120701706318406821e+00
3.724866570666666576e+03 9.418501100282146155e+00
3.724965933333332941e+03 1.242955578940424388e+01
3.725065295999999762e+03 7.837367101556575122e+00
3.725164658666666583e+03 1.044011640446116829e+01
3.725264021333332948e+03 1.135479723336143820e+01
3.725363383999999769e+03 1.661324662280052777e+01
3.725462746666666590e+03 2.069721724951840613e+01
3.725562109333332955e+03 2.988838340262365989e+01
3.725661471999999776e+03 4.159014871956205894e+01
3.725760834666666597e+03 6.020863403280273474e+01
3.725860197333332962e+03 8.441910427048289023e+01
3.725959559999999783e+03 1.011638855317171277e+02
3.726058922666666604e+03 1.095126140592468431e+02
3.726158285333332969e+03 1.099978121108323847e+02
3.726257647999999790e+03 9.794689273356910064e+01
3.726357010666666611e+03 8.053996357088873026e+01
3.726456373333332976e+03 5.495975307491593043e+01
3.726555735999999797e+03 3.553788641146807237e+01
3.726655098666666618e+03 2.634633140626372949e+01
3.726754461333332983e+03 1.877517374683358042e+01
3.726853823999999804e+03 1.321250993626269832e+01
3.726953186666666625e+03 1.011238131019312547e+01
3.727052549333332990e+03 1.170234650261090614e+01
3.727151911999999811e+03 9.867989821289285146e+00
3.727251274666666632e+03 1.102278208258486814e+01
3.727350637333332998e+03 7.004669826206575856e+00
3.727449999999999818e+03 7.484786511473103587e+00
3.727549362666666639e+03 1.321207262028572060e+01
3.727648725333333005e+03 9.644961928537025386e+00
3.727748087999999825e+03 9.165955910989481481e+00
3.727847450666666646e+03 1.302789890217080604e+01
3.727946813333333012e+03 1.149481063403437808e+01
3.728046175999999832e+03 1.305202331440087704e+01
3.728145538666666653e+03 1.965632744422096323e+01
3.728244901333333019e+03 2.206685058128101673e+01
3.728344263999999839e+03 3.824009419569908630e+01
3.728443626666666660e+03 5.382119938057312680e+01
3.728542989333333026e+03 7.482595912994693776e+01
3.728642351999999846e+03 9.679969491848044072e+01
3.728741714666666667e+03 1.089254168189900014e+02
3.728841077333333033e+03 1.080546622098818119e+02
3.728940439999999853e+03 9.908381455420672523e+01
3.729039802666666674e+03 7.921405271342845822e+01
3.729139165333333040e+03 5.811875862466134635e+01
3.729238527999999860e+03 4.098061483190826237e+01
3.729337890666666681e+03 2.823702440488297327e+01
3.729437253333333047e+03 1.618335130744345918e+01
3.729536615999999867e+03 1.472301571264464748e+01
3.729635978666666688e+03 1.225890754239519786e+01
3.729735341333333054e+03 1.172803729291089958e+01
3.729834703999999874e+03 1.148738567523102105e+01
3.729934066666666695e+03 1.277167984144201363e+01
3.730033429333333061e+03 1.217887652114499808e+01
3.730132791999999881e+03 1.077646559487063271e+01
3.730232154666666247e+03 1.078243856401813794e+01
3.730331517333333068e+03 9.398660132032693681e+00
3.730430879999999888e+03 1.137354643920424913e+01
3.730530242666666254e+03 9.871584272623840306e+00
3.730629605333333075e+03 9.758783148438114452e+00
3.730728967999999895e+03 1.042413528249596233e+01
3.730828330666666261e+03 8.842256720407505100e+00
3.730927693333333082e+03 1.090026836378182118e+01
3.731027055999999902e+03 9.890618459535156504e+00
3.731126418666666268e+03 9.113162387678116261e+00
3.731225781333333089e+03 1.133025806232113553e+01
3.731325143999999909e+03 9.142376450029988888e+00
3.731424506666666275e+03 1.067114223926832217e+01
3.731523869333333096e+03 1.166542946459727048e+01
3.731623231999999916e+03 1.097563009164213454e+01
3.731722594666666282e+03 9.391386557091673026e+00
3.731821957333333103e+03 9.689106812056476059e+00
3.731921319999999923e+03 1.117574190232570608e+01
3.732020682666666289e+03 9.181364171290278264e+00
3.732120045333333110e+03 8.983712961216728132e+00
3.732219407999999930e+03 1.026369138014830718e+01
3.732318770666666296e+03 6.600204038969539333e+00
3.732418133333333117e+03 1.169459520065154656e+01
3.732517495999999937e+03 1.306478790611319063e+01
3.732616858666666303e+03 1.011804322869810413e+01
3.732716221333333124e+03 9.783108408378575760e+00
3.732815583999999944e+03 1.155765525680749306e+01
3.732914946666666310e+03 6.595278438124964282e+00
3.733014309333333131e+03 1.115244987603886884e+01
3.733113671999999951e+03 1.027045576545951810e+01
3.733213034666666317e+03 9.795157877583518413e+00
3.733312397333333138e+03 6.240640339517607771e+00
3.733411759999999958e+03 8.404009082997664137e+00
3.733511122666666324e+03 6.123179807791068185e+00
3.733610485333333145e+03 9.578698856589682009e+00
3.733709847999999965e+03 8.460386625253072168e+00
3.733809210666666331e+03 9.734153966554467630e+00
3.733908573333333152e+03 1.077132626699414253e+01
3.734007935999999972e+03 1.102039770465133017e+01
3.734107298666666338e+03 9.314390152637475495e+00
3.734206661333333159e+03 7.013897110255745915e+00
3.734306023999999979e+03 9.386121646779702843e+00
3.734405386666666345e+03 9.394697677029048677e+00
3.734504749333333166e+03 9.569931703559587888e+00
3.734604111999999986e+03 9.572865626047454057e+00
3.734703474666666352e+03 1.032962118820016428e+01
3.734802837333333173e+03 1.144767348527030038e+01
3.734902199999999539e+03 1.143706188008519042e+01
3.735001562666666359e+03 9.599772587986658223e+00
3.735100925333333180e+03 1.171116566960001748e+01
3.735200287999999546e+03 9.326861429750735510e+00
3.735299650666666366e+03 9.153049774086099433e+00
3.735399013333333187e+03 8.706173158975211379e+00
3.735498375999999553e+03 1.400370597782406534e+01
3.735597738666666373e+03 9.762130812101286637e+00
3.735697101333333194e+03 9.925605889624343092e+00
3.735796463999999560e+03 1.395611041814022002e+01
3.735895826666666380e+03 9.508023352071356626e+00
3.735995189333333201e+03 9.952305029350140941e+00
3.736094551999999567e+03 1.114396348796555358e+01
3.736193914666666387e+03 1.109276963649901226e+01
3.736293277333333208e+03 6.476694034849580284e+00
3.736392639999999574e+03 7.793444791268225202e+00
3.736492002666666394e+03 8.199769379490394527e+00
3.736591365333333215e+03 1.040328815361485049e+01
3.736690727999999581e+03 1.130542430393201947e+01
3.736790090666666401e+03 6.507970270898088216e+00
3.736889453333333222e+03 1.501601427983960768e+01
3.736988815999999588e+03 1.028119907236600206e+01
3.737088178666666408e+03 8.727588903449120750e+00
3.737187541333333229e+03 1.091058235670233145e+01
3.737286903999999595e+03 1.225305361142441818e+01
3.737386266666666415e+03 9.222884484209133760e+00
3.737485629333333236e+03 1.211498766710429287e+01
3.737584991999999602e+03 1.004133078969273818e+01
3.737684354666666422e+03 6.144767286500176340e+00
3.737783717333333243e+03 1.274395927719946009e+01
3.737883079999999609e+03 1.123311175344900015e+01
3.737982442666666429e+03 9.212863318945839097e+00
3.738081805333333250e+03 7.242401534380379147e+00
3.738181167999999616e+03 9.014737340692192902e+00
3.738280530666666436e+03 1.155962579208412677e+01
3.738379893333333257e+03 7.832199204499463718e+00
3.738479255999999623e+03 1.429005259891935076e+01
3.738578618666666443e+03 1.007881943989026219e+01
3.738677981333333264e+03 8.687014574142764900e+00
3.738777343999999630e+03 5.105510631279598144e+00
3.738876706666666450e+03 1.063311153048175761e+01
3.738976069333333271e+03 9.310098358894183690e+00
3.739075431999999637e+03 8.394722943085001887e+00
3.739174794666666457e+03 7.082338494102511817e+00
3.739274157333333278e+03 6.862807643869974328e+00
3.739373519999999644e+03 1.059884332349018088e+01
3.739472882666666465e+03 8.949345181701728436e+00
3.739572245333333285e+03 1.129337564159239093e+01
3.739671607999999651e+03 1.095776080846883538e+01
3.739770970666666472e+03 1.195695708820829317e+01
3.739870333333333292e+03 9.920796521634009935e+00
3.739969695999999658e+03 9.696221795101452656e+00
3.740069058666666479e+03 1.195353296585443026e+01
3.740168421333332844e+03 9.443159863102387419e+00
3.740267783999999665e+03 1.039970047905680062e+01
3.740367146666666486e+03 1.189941925530397171e+01
3.740466509333332851e+03 1.116465602858784756e+01
3.740565871999999672e+03 9.994172436316366870e+00
3.740665234666666493e+03 7.552716486665872253e+00
3.740764597333332858e+03 8.460169311303774364e+00
3.740863959999999679e+03 9.492831988192881099e+00
3.740963322666666500e+03 1.128195308554845511e+01
3.741062685333332865e+03 9.385411139974962680e+00
3.741162047999999686e+03 1.008084909927695350e+01
3.741261410666666507e+03 1.025075504954528505e+01
3.741360773333332872e+03 1.148613774828949197e+01
3.741460135999999693e+03 8.268547870845651460e+00
3.741559498666666514e+03 7.814212538384076367e+00
3.741658861333332879e+03 1.094476283698294949e+01
3.741758223999999700e+03 1.066605708968535993e+01
3.741857586666666521e+03 1.103536509198888105e+01
3.741956949333332886e+03 6.510265923612880812e+00
3.742056311999999707e+03 7.536095354736170648e+00
3.742155674666666528e+03 8.010590087631427991e+00
3.742255037333332893e+03 1.126747053336203841e+01
3.742354399999999714e+03 1.234598698518226811e+01
