4.722081800693636978e+03 9.191274504785919675e+00
4.722208182613346253e+03 9.838120162364592858e+00
4.722334564533054618e+03 1.130642193514350424e+01
4.722460946452763892e+03 1.002820482212623610e+01
4.722587328372473166e+03 1.010966090701410991e+01
4.722713710292181531e+03 1.050639565962245570e+01
4.722840092211890806e+03 1.074283642543908712e+01
4.722966474131600080e+03 1.006560188776541764e+01
4.723092856051308445e+03 1.186014282190661540e+01
4.723219237971017719e+03 1.059290725124429144e+01
4.723345619890726994e+03 9.459353445763907686e+00
4.723472001810435358e+03 1.064816357600539121e+01
4.723598383730144633e+03 1.130703682915047281e+01
4.723724765649853907e+03 1.003762311294874010e+01
4.723851147569562272e+03 1.053473654805428694e+01
4.723977529489271546e+03 1.103578955255346017e+01
4.724103911408980821e+03 1.150776105365492086e+01
4.724230293328689186e+03 9.389614197575246735e+00
4.724356675248398460e+03 1.036088744617326007e+01
4.724483057168107734e+03 9.127792925820276793e+00
4.724609439087816099e+03 8.557764857446432671e+00
4.724735821007525374e+03 1.113679081177678398e+01
4.724862202927234648e+03 9.597508249462100238e+00
4.724988584846943013e+03 9.550923111872045013e+00
4.725114966766652287e+03 8.998383076229281130e+00
4.725241348686360652e+03 1.081930407198447952e+01
4.725367730606069927e+03 1.056425323545968276e+01
4.725494112525779201e+03 1.219620675660001297e+01
4.725620494445487566e+03 9.589066955694008243e+00
4.725746876365196840e+03 9.971567276208116226e+00
4.725873258284906115e+03 1.080729193677106181e+01
4.725999640204614479e+03 1.016071256643852649e+01
4.726126022124323754e+03 8.672454365229445017e+00
4.726252404044033028e+03 9.485820908668769036e+00
4.726378785963741393e+03 9.712182148205718235e+00
4.726505167883450667e+03 1.017866390612794802e+01
4.726631549803159942e+03 1.113271864836175951e+01
4.726757931722868307e+03 1.168293534106111053e+01
4.726884313642577581e+03 1.040528513649622688e+01
4.727010695562286855e+03 9.634369443995282722e+00
4.727137077481995220e+03 1.170379167560617439e+01
4.727263459401704495e+03 9.876005845342771039e+00
4.727389841321413769e+03 1.174993265258735597e+01
4.727516223241122134e+03 1.118273806947723337e+01
4.727642605160831408e+03 1.234918293400343359e+01
4.727768987080540683e+03 9.826640336352811644e+00
4.727895369000249048e+03 9.882217642479950825e+00
4.728021750919958322e+03 1.102693843009192420e+01
4.728148132839667596e+03 1.022678195964230241e+01
4.728274514759375961e+03 1.080800386360279930e+01
4.728400896679085236e+03 9.958902447249441181e+00
4.728527278598794510e+03 1.085330783080774353e+01
4.728653660518502875e+03 1.078700432851921676e+01
4.728780042438212149e+03 1.042743512949908080e+01
4.728906424357921424e+03 9.847710539531032481e+00
4.729032806277629788e+03 1.216546122530568041e+01
4.729159188197339063e+03 8.897731785455075482e+00
4.729285570117048337e+03 1.048508883057380814e+01
4.729411952036756702e+03 8.886816962151709021e+00
4.729538333956465976e+03 1.052649578017582854e+01
4.729664715876174341e+03 9.519648170647052154e+00
4.729791097795883616e+03 1.039316444712826026e+01
4.729917479715592890e+03 8.066799319267843771e+00
4.730043861635301255e+03 8.990077131477374195e+00
4.730170243555010529e+03 1.039674217189038430e+01
4.730296625474719804e+03 9.864129999498514323e+00
4.730423007394428168e+03 1.101057927574876949e+01
4.730549389314137443e+03 9.337718781278296021e+00
4.730675771233846717e+03 1.067410061673203003e+01
4.730802153153555082e+03 8.797700325294954382e+00
4.730928535073264356e+03 1.004370718238255833e+01
4.731054916992973631e+03 7.819358545503752644e+00
4.731181298912681996e+03 9.679561770654649067e+00
4.731307680832391270e+03 9.753668883515773658e+00
4.731434062752099635e+03 9.608050325768264344e+00
4.731560444671808909e+03 1.030796748029434795e+01
4.731686826591518184e+03 1.079273897354589451e+01
4.731813208511226549e+03 7.927162303158530321e+00
4.731939590430935823e+03 9.429848809708600399e+00
4.732065972350645097e+03 9.121579142305895616e+00
4.732192354270353462e+03 9.779670722599176358e+00
4.732318736190062737e+03 8.927743395943373628e+00
4.732445118109772011e+03 1.005215366881066252e+01
4.732571500029480376e+03 1.177180096100383722e+01
4.732697881949189650e+03 9.728377904938401599e+00
4.732824263868898925e+03 9.806570703769015296e+00
4.732950645788607289e+03 1.209815727516587458e+01
4.733077027708316564e+03 1.002375098018376676e+01
4.733203409628024929e+03 1.015546900738966229e+01
4.733329791547734203e+03 9.755567792799261895e+00
4.733456173467443477e+03 9.719692290682925062e+00
4.733582555387151842e+03 1.227765612144469998e+01
4.733708937306861117e+03 9.006334163429233541e+00
4.733835319226570391e+03 1.064809792376980724e+01
4.733961701146278756e+03 8.868184911628524958e+00
4.734088083065988030e+03 9.392860675390522829e+00
4.734214464985697305e+03 1.017733230393106325e+01
4.734340846905405670e+03 1.022580397463713098e+01
4.734467228825114944e+03 9.450307360660396228e+00
4.734593610744824218e+03 8.539599309358457901e+00
4.734719992664532583e+03 9.785180152914962903e+00
4.734846374584241858e+03 1.121107684347568245e+01
4.734972756503951132e+03 1.157613954567708170e+01
4.735099138423659497e+03 9.918466613572793023e+00
4.735225520343368771e+03 1.221254639721421853e+01
4.735351902263077136e+03 1.057929921181303001e+01
4.735478284182786410e+03 9.781294830379074767e+00
4.735604666102495685e+03 9.749145255623846040e+00
4.735731048022204050e+03 9.110615335062709264e+00
4.735857429941913324e+03 1.195904412556164331e+01
4.735983811861622598e+03 8.968105662022345825e+00
4.736110193781330963e+03 1.072163245805211318e+01
4.736236575701040238e+03 1.063332479095791605e+01
4.736362957620749512e+03 1.000889713004614201e+01
4.736489339540457877e+03 1.250273743323538511e+01
4.736615721460167151e+03 9.440737899177843673e+00
4.736742103379876426e+03 9.775263813969505833e+00
4.736868485299584790e+03 1.078606666935288594e+01
4.736994867219294065e+03 9.459718167794093802e+00
4.737121249139003339e+03 9.636702318981356541e+00
4.737247631058711704e+03 8.455939710432472722e+00
4.737374012978420978e+03 1.217826442477995919e+01
4.737500394898130253e+03 1.220681448521271761e+01
4.737626776817838618e+03 1.363575011244866531e+01
4.737753158737547892e+03 1.749493003348070985e+01
4.737879540657256257e+03 1.844415397517532185e+01
4.738005922576965531e+03 1.963560647153973093e+01
4.738132304496674806e+03 2.430573321519420205e+01
4.738258686416383171e+03 2.710770078360173585e+01
4.738385068336092445e+03 3.322613411872782052e+01
4.738511450255801719e+03 3.910438490792407151e+01
4.738637832175510084e+03 4.436291879541891348e+01
4.738764214095219359e+03 4.936622022215134820e+01
4.738890596014928633e+03 5.581620108987576856e+01
4.739016977934636998e+03 5.867874612805160695e+01
4.739143359854346272e+03 6.306583313566714821e+01
4.739269741774055547e+03 6.559222301584608772e+01
4.739396123693763911e+03 6.439722539969534409e+01
4.739522505613473186e+03 6.236494280880145169e+01
4.739648887533182460e+03 5.891467886905761731e+01
4.739775269452890825e+03 5.614378809507059032e+01
4.739901651372600099e+03 4.899456201095529195e+01
4.740028033292309374e+03 4.096282405480749134e+01
4.740154415212017739e+03 3.717668355087848653e+01
4.740280797131727013e+03 3.204631006257768888e+01
4.740407179051436287e+03 2.822580501531210473e+01
4.740533560971144652e+03 2.233971505657099854e+01
4.740659942890853927e+03 1.949158259058700082e+01
4.740786324810563201e+03 1.775521300698461147e+01
4.740912706730271566e+03 1.374471782679484022e+01
4.741039088649980840e+03 1.571697165296008869e+01
4.741165470569690115e+03 1.725716159409340378e+01
4.741291852489398480e+03 1.929426217444854075e+01
4.741418234409107754e+03 1.807730284827422196e+01
4.741544616328817028e+03 2.269088989800830802e+01
4.741670998248525393e+03 2.742377985506566063e+01
4.741797380168234668e+03 3.187541851037374485e+01
4.741923762087943942e+03 3.640224718403629822e+01
4.742050144007652307e+03 4.288523023849414528e+01
4.742176525927361581e+03 5.023109801389420426e+01
4.742302907847070855e+03 5.212453916639416462e+01
4.742429289766779220e+03 5.719724699343779406e+01
4.742555671686488495e+03 6.353392379291829428e+01
4.742682053606197769e+03 6.209135390197550208e+01
4.742808435525906134e+03 6.384299515890791099e+01
4.742934817445615408e+03 6.142221413007894171e+01
4.743061199365324683e+03 5.965364557367809795e+01
4.743187581285033048e+03 5.492085329541822603e+01
4.743313963204742322e+03 5.037797893504230728e+01
4.743440345124451596e+03 4.382456555280855071e+01
4.743566727044159961e+03 4.044280415518478122e+01
4.743693108963869236e+03 3.344405764657535229e+01
4.743819490883578510e+03 2.657284650391059344e+01
4.743945872803286875e+03 2.496385681028247916e+01
4.744072254722996149e+03 1.929620301321252640e+01
4.744198636642705424e+03 1.780873780433496734e+01
4.744325018562413788e+03 1.319830236524297540e+01
4.744451400482123063e+03 1.261211853579596998e+01
4.744577782401831428e+03 1.318070688647362587e+01
4.744704164321540702e+03 1.317434647057541319e+01
4.744830546241249976e+03 9.563353299162919541e+00
4.744956928160958341e+03 9.773961654117357511e+00
4.745083310080667616e+03 1.106262901297258239e+01
4.745209692000376890e+03 1.069046458779946107e+01
4.745336073920085255e+03 1.219270743467306062e+01
4.745462455839794529e+03 1.000152648034789848e+01
4.745588837759503804e+03 1.243598827171884480e+01
4.745715219679212169e+03 7.970194550790641763e+00
4.745841601598921443e+03 1.102347039403430884e+01
4.745967983518630717e+03 8.072338756455305742e+00
4.746094365438339082e+03 9.497415078716700876e+00
4.746220747358048357e+03 9.973164130394504667e+00
4.746347129277757631e+03 9.561256098001038595e+00
4.746473511197465996e+03 1.033341801196197984e+01
4.746599893117175270e+03 8.327299132349759603e+00
4.746726275036884545e+03 8.961679740193051913e+00
4.746852656956592909e+03 9.973953899042175664e+00
4.746979038876302184e+03 9.658576925987087947e+00
4.747105420796011458e+03 8.506135602173081622e+00
4.747231802715719823e+03 8.817562232163405511e+00
4.747358184635429097e+03 9.643673016287561239e+00
4.747484566555138372e+03 9.278785468004864256e+00
4.747610948474846737e+03 1.036512605532508680e+01
4.747737330394556011e+03 8.575802263482279031e+00
4.747863712314265285e+03 1.083979051136484095e+01
4.747990094233973650e+03 1.045274575336294731e+01
4.748116476153682925e+03 1.045713888915439149e+01
4.748242858073392199e+03 1.118961908033549157e+01
4.748369239993100564e+03 1.047504607726317438e+01
4.748495621912809838e+03 1.062691171818436153e+01
4.748622003832519113e+03 8.405620130455840666e+00
4.748748385752227477e+03 1.018307606886432382e+01
4.748874767671936752e+03 8.928911574163640452e+00
4.749001149591646026e+03 9.745861958648939449e+00
4.749127531511354391e+03 1.067033965508590931e+01
4.749253913431063665e+03 8.681290646235270358e+00
4.749380295350772940e+03 9.041423647221598969e+00
4.749506677270481305e+03 1.171553999896934251e+01
4.749633059190190579e+03 7.204090099258637636e+00
4.749759441109899853e+03 9.724813589358095811e+00
4.749885823029608218e+03 1.090808027458770013e+01
4.750012204949317493e+03 9.631760074908521929e+00
4.750138586869025858e+03 9.551393199111430476e+00
4.750264968788735132e+03 9.766081087411155437e+00
4.750391350708444406e+03 1.099243283741922639e+01
4.750517732628152771e+03 9.915914768764219289e+00
4.750644114547862046e+03 9.941158591383885579e+00
4.750770496467571320e+03 8.840229833599645204e+00
4.750896878387279685e+03 1.067338841949861106e+01
4.751023260306988959e+03 1.156424609260106173e+01
4.751149642226698234e+03 7.931922656926089665e+00
4.751276024146406598e+03 1.168210549041668678e+01
4.751402406066115873e+03 8.746024381441024786e+00
4.751528787985825147e+03 1.145541214200948410e+01
4.751655169905533512e+03 1.058693469620347827e+01
4.751781551825242786e+03 1.085547687473290779e+01
4.751907933744952061e+03 1.030389040725986227e+01
4.752034315664660426e+03 7.813739466693094826e+00
4.752160697584369700e+03 1.192655238818206342e+01
4.752287079504078065e+03 9.336786670101577812e+00
4.752413461423787339e+03 1.069441137441439871e+01
4.752539843343496614e+03 1.057771300806507853e+01
4.752666225263204979e+03 1.125046363430537788e+01
4.752792607182914253e+03 9.637851507519995309e+00
4.752918989102623527e+03 9.826980387939453720e+00
4.753045371022331892e+03 1.103197064911032932e+01
4.753171752942041167e+03 9.656741889143416913e+00
4.753298134861750441e+03 7.496837528491685276e+00
4.753424516781458806e+03 7.593985486173005839e+00
4.753550898701168080e+03 8.852774262348793499e+00
4.753677280620877355e+03 1.036347094959107196e+01
4.753803662540585719e+03 8.710272898850615064e+00
4.753930044460294994e+03 9.410285570453883253e+00
4.754056426380003359e+03 1.012521235730899427e+01
4.754182808299712633e+03 1.231921075190791193e+01
4.754309190219421907e+03 9.999586748483912046e+00
4.754435572139130272e+03 1.151136012640885653e+01
4.754561954058839547e+03 9.047508165592985208e+00
4.754688335978548821e+03 1.001954835966515844e+01
4.754814717898257186e+03 8.628031085291729241e+00
4.754941099817966460e+03 9.853992726603509666e+00
4.755067481737675735e+03 1.021541838968973259e+01
4.755193863657384099e+03 9.744320742590735662e+00
4.755320245577093374e+03 9.738311089077170024e+00
4.755446627496802648e+03 9.368854616495589482e+00
4.755573009416511013e+03 8.616046190279263328e+00
4.755699391336220287e+03 9.969750213137942296e+00
4.755825773255928652e+03 1.141767362452779722e+01
4.755952155175637927e+03 9.479290014503384043e+00
4.756078537095347201e+03 9.968617921950649219e+00
4.756204919015055566e+03 1.001644954931082765e+01
4.756331300934764840e+03 9.845980274249809483e+00
4.756457682854474115e+03 7.955085810419703307e+00
4.756584064774182480e+03 9.949434173994541553e+00
4.756710446693891754e+03 9.088849612751497276e+00
4.756836828613601028e+03 9.216200566202243039e+00
4.756963210533309393e+03 1.176944421263819507e+01
4.757089592453018668e+03 1.054848026271142025e+01
4.757215974372727942e+03 9.397501674734874300e+00
4.757342356292436307e+03 1.002673843522608621e+01
4.757468738212145581e+03 1.130463100803070731e+01
4.757595120131853946e+03 1.118096999072741404e+01
4.757721502051563220e+03 8.175030007465416304e+00
4.757847883971272495e+03 9.150639356995734275e+00
4.757974265890980860e+03 8.871386833508031700e+00
4.758100647810690134e+03 1.060031292280913640e+01
4.758227029730399408e+03 1.005746327271101315e+01
4.758353411650107773e+03 8.863137269693300624e+00
4.758479793569817048e+03 8.652197614555371175e+00
4.758606175489526322e+03 1.293446218909718581e+01
4.758732557409234687e+03 1.048190665479088146e+01
4.758858939328943961e+03 9.127265769720649402e+00
4.758985321248653236e+03 9.379183903823737012e+00
4.759111703168361601e+03 1.024222929968180118e+01
4.759238085088070875e+03 8.529504842657969377e+00
4.759364467007780149e+03 1.171689843494008798e+01
4.759490848927488514e+03 8.841051984763518945e+00
4.759617230847197789e+03 1.049050975973854705e+01
4.759743612766907063e+03 1.204273766262932810e+01
4.759869994686615428e+03 9.815900605410817548e+00
4.759996376606324702e+03 1.013729515139360693e+01
