4.320522788204903009e+03 4.938750842121621076e+00
4.320638422788793832e+03 1.670510963206713484e+01
4.320754057372683747e+03 5.697955823121585439e+00
4.320869691956573661e+03 1.216714325309099110e+01
4.320985326540464484e+03 5.331007744986540509e+00
4.321100961124354399e+03 1.205837779330039439e+01
4.321216595708245222e+03 6.291289048916700821e+00
4.321332230292136046e+03 4.360545663115682480e+00
4.321447864876025960e+03 1.492686494431738531e+01
4.321563499459916784e+03 1.618645127939056749e+01
4.321679134043806698e+03 1.175441206840832820e+01
4.321794768627697522e+03 8.079915824621409115e+00
4.321910403211587436e+03 4.842230756167141159e+00
4.322026037795478260e+03 4.249788678148734178e+00
4.322141672379368174e+03 2.238674065451697004e+00
4.322257306963258998e+03 1.663734807101807434e+01
4.322372941547149821e+03 8.164929974976818272e+00
4.322488576131039736e+03 5.563595300002648791e+00
4.322604210714930559e+03 1.383836750492891809e+01
4.322719845298820474e+03 -8.429313367224228415e+00
4.322835479882710388e+03 9.688619713810167511e+00
4.322951114466601211e+03 4.771985910743160808e+00
4.323066749050492035e+03 1.248457666913072828e+01
4.323182383634381949e+03 1.214253370289418754e+01
4.323298018218272773e+03 8.110289709192043617e+00
4.323413652802162687e+03 1.134110163791308423e+01
4.323529287386053511e+03 6.093654046142962244e+00
4.323644921969943425e+03 1.439466121699320311e+01
4.323760556553834249e+03 4.703321138563945958e+00
4.323876191137724163e+03 1.519312825961541513e+01
4.323991825721614987e+03 1.949675175001032201e+01
4.324107460305504901e+03 1.539408678756815263e+01
4.324223094889395725e+03 1.335585029492041187e+01
4.324338729473286548e+03 1.553178575904105152e+01
4.324454364057176463e+03 1.448236762450101622e+01
4.324569998641067286e+03 4.735469729002457662e+00
4.324685633224957201e+03 1.749897845082129422e+00
4.324801267808847115e+03 8.171216561482925300e+00
4.324916902392737938e+03 9.532157068601886607e+00
4.325032536976628762e+03 8.024952484541438835e+00
4.325148171560518676e+03 4.128165395301479634e+00
4.325263806144409500e+03 1.218763010368402711e+01
4.325379440728299414e+03 2.121745188221078138e+01
4.325495075312190238e+03 1.301901452876487575e+01
4.325610709896080152e+03 1.648401258948694093e+01
4.325726344479970976e+03 8.443265458125718936e+00
4.325841979063860890e+03 1.515167460356735951e+01
4.325957613647751714e+03 8.495521117077080575e+00
4.326073248231642538e+03 1.089730213841111350e+00
4.326188882815532452e+03 3.209911510830648851e+00
4.326304517399423275e+03 2.643241134109008961e+00
4.326420151983313190e+03 2.027369107619174926e+01
4.326535786567203104e+03 1.072758175867618924e+01
4.326651421151093928e+03 2.012337880437094739e+01
4.326767055734984751e+03 1.046183366186646246e+01
4.326882690318874666e+03 4.336150571013962285e+00
4.326998324902765489e+03 1.392911318064838255e+01
4.327113959486656313e+03 -6.844129447984581560e-01
4.327229594070546227e+03 8.391289806583616340e+00
4.327345228654436141e+03 3.222859801380983491e+00
4.327460863238326965e+03 1.165438158952008152e+01
4.327576497822216879e+03 1.177683092695052203e+01
4.327692132406107703e+03 5.702151272199870391e+00
4.327807766989998527e+03 1.050346578789913110e+01
4.327923401573888441e+03 7.445170708805054716e+00
4.328039036157779265e+03 1.302166454573985455e+01
4.328154670741669179e+03 1.467150590270892252e+01
4.328270305325560003e+03 1.000207338996854389e+01
4.328385939909449917e+03 6.912340431078440872e+00
4.328501574493340740e+03 1.009553310292108819e+01
4.328617209077230655e+03 1.108242601799825700e+01
4.328732843661121478e+03 2.152989669035001796e+01
4.328848478245012302e+03 5.982554019945417245e+00
4.328964112828902216e+03 7.084545721460317580e+00
4.329079747412793040e+03 1.856831964652923972e+01
4.329195381996682954e+03 1.033416353944743982e+01
4.329311016580572868e+03 1.389822200263925822e+01
4.329426651164463692e+03 5.517432600021155764e+00
4.329542285748353606e+03 1.457177131783997304e+01
4.329657920332244430e+03 6.327624181246597423e+00
4.329773554916135254e+03 1.366124509706446410e+01
4.329889189500025168e+03 1.768616225232437245e+01
4.330004824083915992e+03 9.032034511851410485e+00
4.330120458667805906e+03 8.233540781552948218e+00
4.330236093251696730e+03 7.706660061138263629e+00
4.330351727835586644e+03 7.723509347014013926e+00
4.330467362419477467e+03 5.654418477339027582e+00
4.330582997003367382e+03 -3.700616590779269188e+00
4.330698631587258205e+03 5.346505772652390576e+00
4.330814266171149029e+03 1.782603243718994790e+01
4.330929900755038943e+03 5.871007986685456537e+00
4.331045535338928858e+03 9.447850665465207243e+00
4.331161169922819681e+03 1.581690430090708333e+01
4.331276804506709595e+03 2.054431756627139904e+01
4.331392439090600419e+03 1.402671462874624631e+01
4.331508073674491243e+03 9.595211409296467764e+00
4.331623708258381157e+03 4.389020910625328398e+00
4.331739342842271981e+03 6.143640347442513416e+00
4.331854977426161895e+03 6.056886225320343264e+00
4.331970612010052719e+03 1.414396390883879207e+01
4.332086246593942633e+03 1.478003430063968793e+01
4.332201881177833457e+03 1.476239307161156233e+01
4.332317515761723371e+03 5.447924058222889165e+00
4.332433150345614195e+03 7.223438133280813744e+00
4.332548784929505018e+03 1.065782853239780437e+01
4.332664419513394932e+03 6.874318247668824711e-01
4.332780054097285756e+03 7.845884467150086472e+00
4.332895688681175670e+03 1.617732143258393052e+01
4.333011323265065585e+03 1.134091947865454841e+01
4.333126957848956408e+03 1.104601638581631384e+01
4.333242592432847232e+03 9.935532778874177851e+00
4.333358227016737146e+03 1.096113783541090747e+01
4.333473861600627970e+03 1.065396343659094036e+01
4.333589496184518794e+03 4.766099585902933811e+00
4.333705130768408708e+03 1.314736385925894524e+01
4.333820765352298622e+03 1.837671329738433457e+01
4.333936399936189446e+03 1.331032962864828662e+01
4.334052034520079360e+03 3.322270307182640892e+01
4.334167669103970184e+03 2.492149781684540244e+01
4.334283303687861007e+03 2.531721505115274340e+01
4.334398938271750922e+03 2.230440853084121144e+01
4.334514572855641745e+03 2.196082511453074915e+01
4.334630207439531659e+03 2.430463162046924808e+01
4.334745842023422483e+03 2.706268182089440444e+01
4.334861476607312397e+03 4.378352854140967310e+01
4.334977111191202312e+03 4.891376449592367237e+01
4.335092745775093135e+03 5.623951959121408350e+01
4.335208380358983959e+03 6.449497589307452472e+01
4.335324014942873873e+03 7.156181414974092547e+01
4.335439649526764697e+03 6.933393633667768086e+01
4.335555284110655521e+03 7.345162253368432914e+01
4.335670918694545435e+03 9.201195632386848899e+01
4.335786553278435349e+03 9.416463161646102265e+01
4.335902187862326173e+03 9.402441958823081336e+01
4.336017822446216087e+03 1.063741956548586813e+02
4.336133457030106911e+03 9.917621194718307720e+01
4.336249091613997734e+03 1.081162085706037175e+02
4.336364726197887649e+03 1.077828056754255215e+02
4.336480360781778472e+03 9.932998847320141067e+01
4.336595995365668387e+03 1.010209398973268407e+02
4.336711629949559210e+03 1.030443823023662304e+02
4.336827264533449124e+03 9.087487203107986034e+01
4.336942899117339948e+03 7.358236123053482913e+01
4.337058533701229862e+03 8.491191827678183301e+01
4.337174168285120686e+03 8.864804632078774205e+01
4.337289802869011510e+03 7.811329315445492227e+01
4.337405437452901424e+03 7.259711131051886923e+01
4.337521072036791338e+03 6.766646932516620438e+01
4.337636706620682162e+03 6.662486248645639364e+01
4.337752341204572076e+03 6.479027958787118280e+01
4.337867975788462900e+03 6.406525939106036560e+01
4.337983610372353724e+03 6.547752827819093113e+01
4.338099244956243638e+03 7.143826630850423953e+01
4.338214879540134461e+03 6.637976658046154910e+01
4.338330514124024376e+03 7.629260872536077898e+01
4.338446148707915199e+03 6.331803373658597422e+01
4.338561783291805114e+03 8.675603442373278540e+01
4.338677417875695937e+03 8.019845791435147930e+01
4.338793052459585851e+03 8.061319020551663073e+01
4.338908687043476675e+03 9.633709208011499925e+01
4.339024321627367499e+03 1.035290096269293372e+02
4.339139956211257413e+03 1.026822329371245104e+02
4.339255590795148237e+03 1.031897851982770078e+02
4.339371225379038151e+03 1.050111392778141948e+02
4.339486859962928065e+03 1.024800703006568483e+02
4.339602494546818889e+03 1.003587549292200976e+02
4.339718129130709713e+03 1.010463024402219503e+02
4.339833763714599627e+03 1.002987693699495821e+02
4.339949398298490451e+03 1.024675179433369721e+02
4.340065032882381274e+03 8.664543990962515352e+01
4.340180667466271188e+03 7.921890303478879503e+01
4.340296302050161103e+03 8.091060371257057682e+01
4.340411936634051926e+03 7.994085524718897773e+01
4.340527571217941841e+03 5.800000016148826631e+01
4.340643205801832664e+03 6.369471355746687635e+01
4.340758840385723488e+03 5.451466478153017903e+01
4.340874474969613402e+03 4.180447016106009528e+01
4.340990109553504226e+03 4.700214357748875216e+01
4.341105744137394140e+03 3.140485381241617091e+01
4.341221378721284964e+03 3.535180355741164249e+01
4.341337013305174878e+03 2.716723894655602933e+01
4.341452647889064792e+03 2.709693881354672129e+01
4.341568282472955616e+03 1.783204670109189394e+01
4.341683917056846440e+03 2.012036230173236717e+01
4.341799551640736354e+03 2.627560830388398827e+01
4.341915186224627178e+03 9.234131286351896506e+00
4.342030820808517092e+03 1.148618019055767370e+01
4.342146455392407915e+03 1.642240899437783241e+01
4.342262089976297830e+03 2.121925157826273889e+01
4.342377724560188653e+03 9.826868219517262304e+00
4.342493359144078568e+03 1.543736718603291180e+01
4.342608993727969391e+03 1.404033391275129716e+00
4.342724628311860215e+03 9.253363532642081779e+00
4.342840262895750129e+03 1.751388467188694875e+01
4.342955897479640953e+03 9.916916082433441915e+00
4.343071532063530867e+03 1.757492307952984589e+01
4.343187166647420781e+03 7.204987419486558409e+00
4.343302801231311605e+03 6.419094908896655127e+00
4.343418435815202429e+03 7.501345915717410939e+00
4.343534070399092343e+03 3.931809740217534710e+00
4.343649704982983167e+03 2.522235032243777297e+01
4.343765339566873990e+03 7.942878905133486711e+00
4.343880974150763905e+03 1.406514785708516335e+01
4.343996608734653819e+03 6.187798888271928810e+00
4.344112243318544643e+03 1.920499536890940107e+00
4.344227877902434557e+03 7.208485497064403447e+00
4.344343512486325380e+03 1.937182552196669860e+01
4.344459147070216204e+03 1.203888428796021692e+01
4.344574781654106118e+03 2.010407257286747296e+01
4.344690416237996942e+03 1.474630617988861125e+01
4.344806050821886856e+03 1.277856329122434076e+01
4.344921685405777680e+03 1.057618947459319081e+01
4.345037319989667594e+03 8.534232097038378484e+00
4.345152954573558418e+03 6.929470455474280755e+00
4.345268589157448332e+03 1.608158681498921538e+01
4.345384223741339156e+03 2.047158166873634144e+01
4.345499858325229980e+03 2.091046941222384703e+01
4.345615492909119894e+03 5.739361344378481000e+00
4.345731127493010717e+03 1.105183757018987478e+01
4.345846762076900632e+03 9.785787784010059553e+00
4.345962396660790546e+03 1.672687551221172342e+01
4.346078031244681370e+03 4.143271371501961120e+00
4.346193665828572193e+03 1.265268575050012778e+01
4.346309300412462107e+03 1.636427781913764790e+01
4.346424934996352931e+03 1.101186809011331036e+01
4.346540569580242845e+03 2.505563974663362004e+00
4.346656204164133669e+03 4.954931075717603051e+00
4.346771838748023583e+03 9.017731868256451122e+00
4.346887473331914407e+03 4.502849068580109027e+00
4.347003107915804321e+03 1.696956369819774224e+01
4.347118742499695145e+03 1.178325403977163610e+01
4.347234377083585059e+03 1.435121395172833125e+01
4.347350011667475883e+03 1.766772025396649326e+01
4.347465646251366707e+03 1.443362982162650354e-01
4.347581280835256621e+03 1.201021020329994471e+01
4.347696915419146535e+03 1.564920174937776487e+01
4.347812550003037359e+03 9.043324786099717016e+00
4.347928184586927273e+03 5.453596891371280009e+00
4.348043819170818097e+03 9.939243730770602525e+00
4.348159453754708920e+03 1.761523463636463305e+01
4.348275088338598835e+03 4.055956636518687652e+00
4.348390722922489658e+03 2.306874520909441983e+01
4.348506357506379572e+03 9.616267310081720865e-01
4.348621992090270396e+03 1.507961178475479258e+01
4.348737626674160310e+03 9.485939381580706709e+00
4.348853261258051134e+03 2.021676484605288948e+01
4.348968895841941048e+03 1.933181842159720532e+01
4.349084530425831872e+03 9.412519629855575332e+00
4.349200165009722696e+03 -1.061678743801905966e+00
4.349315799593612610e+03 1.093823380721129368e+01
4.349431434177503434e+03 1.551788686993388033e+01
4.349547068761393348e+03 3.166787598770457457e+00
4.349662703345283262e+03 1.748869242040099081e+00
4.349778337929174086e+03 4.234758159144293543e+00
4.349893972513064909e+03 1.029331840012016386e+01
4.350009607096954824e+03 8.070806305986220508e+00
4.350125241680845647e+03 1.797132187577018314e+01
4.350240876264736471e+03 1.060189311976111703e+01
4.350356510848626385e+03 1.384336936950899855e+01
4.350472145432516299e+03 5.390884882081379281e+00
4.350587780016407123e+03 1.410044996160928399e+01
4.350703414600297037e+03 7.319659707285662620e+00
4.350819049184187861e+03 1.299400499033205847e+01
4.350934683768078685e+03 -5.344789720239511155e-01
4.351050318351968599e+03 -2.318567688739605615e-01
4.351165952935859423e+03 4.384227879237943881e+00
4.351281587519749337e+03 9.965945294428101064e+00
4.351397222103640161e+03 9.992829531570460944e+00
4.351512856687530075e+03 7.087325413629525173e+00
4.351628491271420899e+03 1.177787102039855327e+01
4.351744125855310813e+03 9.430923810588579315e+00
4.351859760439201636e+03 1.772794897250881974e+01
4.351975395023092460e+03 1.454467275500325485e+01
4.352091029606982374e+03 3.053148982790047761e+00
4.352206664190873198e+03 4.714127218253272744e+00
4.352322298774763112e+03 1.553896095700179814e+01
4.352437933358653027e+03 7.891113897398571275e+00
4.352553567942543850e+03 2.343304889056074458e+01
4.352669202526433764e+03 2.342720268673900108e+01
4.352784837110324588e+03 1.078115716037688898e+01
4.352900471694215412e+03 1.400000195372171419e+01
4.353016106278105326e+03 1.504029439829567494e+01
4.353131740861996150e+03 1.021347470087135889e+01
4.353247375445886064e+03 1.095963707043145696e+01
4.353363010029776888e+03 1.368613265386178668e+00
4.353478644613666802e+03 7.475370015170957672e+00
4.353594279197557626e+03 1.051518463586238994e+01
4.353709913781447540e+03 3.221159629330269780e+00
4.353825548365338364e+03 1.831153054724276075e+01
4.353941182949229187e+03 1.412831184884348446e+01
4.354056817533119101e+03 5.685359798557486855e+00
4.354172452117009016e+03 1.407285683617250704e+01
4.354288086700899839e+03 1.229577111720139015e+01
4.354403721284789754e+03 5.970046238148629669e+00
4.354519355868680577e+03 1.438365344908229915e+01
4.354634990452571401e+03 8.389368373145854818e+00
4.354750625036461315e+03 1.501501705355173044e+01
4.354866259620352139e+03 1.432823330922027694e+01
4.354981894204242053e+03 8.662194428699971027e+00
4.355097528788132877e+03 6.774051951464025834e+00
4.355213163372022791e+03 5.286780817811123967e+00
