5.640825844396907087e+03 7.274841255834168408e+00
5.640976815606015407e+03 7.729637897906027177e+00
5.641127786815123727e+03 1.237891039302573759e+01
5.641278758024232047e+03 7.663332443007822903e+00
5.641429729233340368e+03 1.010654954905916370e+01
5.641580700442448688e+03 6.716058501009628756e+00
5.641731671651557008e+03 1.063297650230434677e+01
5.641882642860665328e+03 1.674903623599243474e+01
5.642033614069772739e+03 8.322235818606262825e+00
5.642184585278881968e+03 9.903010767252387936e+00
5.642335556487990289e+03 9.438520790200268351e+00
5.642486527697097699e+03 1.063737462036451298e+01
5.642637498906206019e+03 7.136821110191627682e+00
5.642788470115315249e+03 8.035350785034125920e+00
5.642939441324422660e+03 1.175409628872241186e+01
5.643090412533530980e+03 1.224693339000162062e+01
5.643241383742639300e+03 1.131365210822714396e+01
5.643392354951747620e+03 1.159052308838778877e+01
5.643543326160855941e+03 1.251080003189190393e+01
5.643694297369964261e+03 4.648926408353494466e+00
5.643845268579072581e+03 1.262634209649944239e+01
5.643996239788180901e+03 1.120982197218025789e+01
5.644147210997289221e+03 1.137928932615901623e+01
5.644298182206396632e+03 6.314581939529555044e+00
5.644449153415505862e+03 1.071545068053163519e+01
5.644600124624613272e+03 8.367508941130848754e+00
5.644751095833721592e+03 5.972089311285397883e+00
5.644902067042829913e+03 1.206543422185501058e+01
5.645053038251938233e+03 8.572828634499645162e+00
5.645204009461046553e+03 1.015428162633766718e+01
5.645354980670154873e+03 1.219793241160786401e+01
5.645505951879263193e+03 1.068489778048058803e+01
5.645656923088371514e+03 1.235296992490812329e+01
5.645807894297479834e+03 8.859066256601952460e+00
5.645958865506587244e+03 1.410302248004905756e+01
5.646109836715696474e+03 4.534688934271091654e+00
5.646260807924804794e+03 1.329294194219853509e+01
5.646411779133912205e+03 9.577687588471585300e+00
5.646562750343020525e+03 8.044452722315721616e+00
5.646713721552129755e+03 5.131085375572980389e+00
5.646864692761237166e+03 1.336202662556366150e+01
5.647015663970345486e+03 1.294612698777606852e+01
5.647166635179453806e+03 9.787831288849901057e+00
5.647317606388562126e+03 7.584323051301426588e+00
5.647468577597670446e+03 1.324635373286588447e+01
5.647619548806778766e+03 7.797231659269032278e+00
5.647770520015887087e+03 1.351127992662840782e+01
5.647921491224995407e+03 1.391283513516800241e+01
5.648072462434103727e+03 1.049682952233033895e+01
5.648223433643211138e+03 1.061973187750762904e+01
5.648374404852320367e+03 8.295033050186107815e+00
5.648525376061428688e+03 1.061560969568907886e+01
5.648676347270536098e+03 1.221056791976249123e+01
5.648827318479644418e+03 1.085017356947044398e+01
5.648978289688753648e+03 9.866489198045956144e+00
5.649129260897861059e+03 9.434307270414967306e+00
5.649280232106969379e+03 1.196091230401251515e+01
5.649431203316077699e+03 8.896733108921129229e+00
5.649582174525186019e+03 9.060334565733732859e+00
5.649733145734294339e+03 9.660500646140038228e+00
5.649884116943402660e+03 6.934330541005868653e+00
5.650035088152510980e+03 8.533815195099954565e+00
5.650186059361619300e+03 1.192266651240401387e+01
5.650337030570727620e+03 1.152117452911691409e+01
5.650488001779835031e+03 1.011024604604830479e+01
5.650638972988944261e+03 4.575180684488400651e+00
5.650789944198052581e+03 6.252180774035978494e+00
5.650940915407159991e+03 1.238933423492510855e+01
5.651091886616268312e+03 1.305960551290268512e+01
5.651242857825377541e+03 7.620130932684550551e+00
5.651393829034484952e+03 1.287319581440965699e+01
5.651544800243593272e+03 8.240322997032203389e+00
5.651695771452701592e+03 7.255498631321518843e+00
5.651846742661809913e+03 9.421593090069386278e+00
5.651997713870918233e+03 1.649269881090788203e+01
5.652148685080026553e+03 9.319459506222415257e+00
5.652299656289134873e+03 9.976770431895953806e+00
5.652450627498243193e+03 1.308060442663668432e+01
5.652601598707350604e+03 7.384754178622683796e+00
5.652752569916458924e+03 1.105707232000258244e+01
5.652903541125568154e+03 1.156072697905355895e+01
5.653054512334675564e+03 9.395792374966095650e+00
5.653205483543783885e+03 1.013790610592683450e+01
5.653356454752892205e+03 7.402563197955640106e+00
5.653507425962000525e+03 1.001510062277351842e+01
5.653658397171108845e+03 8.707593559501340508e+00
5.653809368380217165e+03 9.755405363297887433e+00
5.653960339589325486e+03 5.794382748148878548e+00
5.654111310798433806e+03 8.783055522629604539e+00
5.654262282007542126e+03 7.486955726484333162e+00
5.654413253216649537e+03 1.038719195293193032e+01
5.654564224425758766e+03 1.014904618638882283e+01
5.654715195634867086e+03 1.109920378265526608e+01
5.654866166843974497e+03 1.310028098606770719e+01
5.655017138053082817e+03 1.493861024314924535e+01
5.655168109262192047e+03 1.174012750155772622e+01
5.655319080471299458e+03 9.533551198013705985e+00
5.655470051680407778e+03 1.270399834795063576e+01
5.655621022889516098e+03 1.041504655610429531e+01
5.655771994098624418e+03 9.926499534285028403e+00
5.655922965307732738e+03 6.175602687324053264e+00
5.656073936516841059e+03 1.072442109420748224e+01
5.656224907725949379e+03 6.343846566936807818e+00
5.656375878935057699e+03 1.534869012328502080e+01
5.656526850144166019e+03 1.079390726476779783e+01
5.656677821353273430e+03 9.623556248718585948e+00
5.656828792562381750e+03 6.650825724789208415e+00
5.656979763771490980e+03 1.044082848022380894e+01
5.657130734980598390e+03 4.339547481539091756e+00
5.657281706189706711e+03 9.596117364888325341e+00
5.657432677398815031e+03 6.704710183251269662e+00
5.657583648607923351e+03 8.024119075986005711e+00
5.657734619817031671e+03 7.786720316271949827e+00
5.657885591026139991e+03 1.143497264068643560e+01
5.658036562235248311e+03 1.159734513833796576e+01
5.658187533444356632e+03 9.470289758264327062e+00
5.658338504653464952e+03 1.094530407864373878e+01
5.658489475862572363e+03 1.341272912792015504e+01
5.658640447071681592e+03 8.258321592945424783e+00
5.658791418280789912e+03 1.154535166744519259e+01
5.658942389489897323e+03 1.140997994265258519e+01
5.659093360699005643e+03 1.283080531814376535e+01
5.659244331908114873e+03 1.480684112811036357e+01
5.659395303117222284e+03 1.148872548088627532e+01
5.659546274326330604e+03 1.408114109431702410e+01
5.659697245535438924e+03 2.039061750446316168e+01
5.659848216744547244e+03 2.135848483281416677e+01
5.659999187953655564e+03 2.870271052460742212e+01
5.660150159162762975e+03 3.226019277471382196e+01
5.660301130371872205e+03 4.302434674268668857e+01
5.660452101580980525e+03 4.240935450325203249e+01
5.660603072790087936e+03 5.393464073333040432e+01
5.660754043999196256e+03 6.154477819386541171e+01
5.660905015208305485e+03 5.964955744038226015e+01
5.661055986417412896e+03 6.622004178455826207e+01
5.661206957626521216e+03 6.873136588391410839e+01
5.661357928835629536e+03 7.066300665431214156e+01
5.661508900044737857e+03 7.732322657100580443e+01
5.661659871253846177e+03 6.863355706201852513e+01
5.661810842462954497e+03 6.781388986468506630e+01
5.661961813672062817e+03 5.967427450373637754e+01
5.662112784881171137e+03 5.797470046280383826e+01
5.662263756090279458e+03 5.093155229401850903e+01
5.662414727299386868e+03 4.354691955109983326e+01
5.662565698508496098e+03 3.701573287787087452e+01
5.662716669717604418e+03 3.028276622143317454e+01
5.662867640926711829e+03 2.583028588702240214e+01
5.663018612135820149e+03 2.328919786701370853e+01
5.663169583344929379e+03 1.953020027827611216e+01
5.663320554554036789e+03 2.556217606075237825e+01
5.663471525763145110e+03 1.664518683468364202e+01
5.663622496972253430e+03 2.190199563274114070e+01
5.663773468181361750e+03 2.041219578364566445e+01
5.663924439390470070e+03 2.456003508550801229e+01
5.664075410599578390e+03 2.613906501883111133e+01
5.664226381808686710e+03 3.375902177366788237e+01
5.664377353017795031e+03 3.698805018317090543e+01
5.664528324226903351e+03 4.444060447641169276e+01
5.664679295436010761e+03 4.939392579067367706e+01
5.664830266645119991e+03 5.471486877322163878e+01
5.664981237854228311e+03 6.350480790966138045e+01
5.665132209063335722e+03 6.581059919630929755e+01
5.665283180272444042e+03 6.658253266272537019e+01
5.665434151481553272e+03 6.818169090378334829e+01
5.665585122690660683e+03 7.116363384651755553e+01
5.665736093899769003e+03 7.230590005005433341e+01
5.665887065108877323e+03 6.410702161960377055e+01
5.666038036317985643e+03 6.101239053735807261e+01
5.666189007527093963e+03 5.930555698911302187e+01
5.666339978736202283e+03 5.444420858037222644e+01
5.666490949945310604e+03 4.360476575103884755e+01
5.666641921154418924e+03 3.690440560105329126e+01
5.666792892363527244e+03 3.030827419793857302e+01
5.666943863572634655e+03 3.069096874983891965e+01
5.667094834781743884e+03 1.766149343426317131e+01
5.667245805990852205e+03 2.114334413605793728e+01
5.667396777199959615e+03 1.566737322721637682e+01
5.667547748409067935e+03 1.785323970208418842e+01
5.667698719618176256e+03 1.270116372049048792e+01
5.667849690827284576e+03 1.344707795868047562e+01
5.668000662036392896e+03 8.388522740730666172e+00
5.668151633245501216e+03 1.179149220734495351e+01
5.668302604454609536e+03 1.029289619767171970e+01
5.668453575663717857e+03 8.447449045748756546e+00
5.668604546872825267e+03 9.195420367946951501e+00
5.668755518081934497e+03 1.573063975940429238e+01
5.668906489291042817e+03 8.535109434312033727e+00
5.669057460500150228e+03 1.078177139873290180e+01
5.669208431709258548e+03 1.274032766386422821e+01
5.669359402918367778e+03 1.006410888231077649e+01
5.669510374127475188e+03 1.052194952958356744e+01
5.669661345336583508e+03 1.512750047599241654e+01
5.669812316545691829e+03 1.030455657229851596e+01
5.669963287754800149e+03 1.052939065562632770e+01
5.670114258963908469e+03 1.072130071319302580e+01
5.670265230173016789e+03 1.086609356913105984e+01
5.670416201382125109e+03 7.801847060207798279e+00
5.670567172591233430e+03 1.153124273919948095e+01
5.670718143800341750e+03 1.130808073121655255e+01
5.670869115009449160e+03 1.020581326009756573e+01
5.671020086218558390e+03 1.251981944547057068e+01
5.671171057427666710e+03 8.028910451260378167e+00
5.671322028636774121e+03 1.046405304665804437e+01
5.671472999845882441e+03 1.056124418160896283e+01
5.671623971054990761e+03 8.105826638380174032e+00
5.671774942264099082e+03 8.724980440383893310e+00
5.671925913473207402e+03 9.058811024089809649e+00
5.672076884682315722e+03 1.248973290744548592e+01
5.672227855891424042e+03 1.234474349506112567e+01
5.672378827100532362e+03 1.151752869140906377e+01
5.672529798309640682e+03 1.054871167512308006e+01
5.672680769518749003e+03 1.394809011142963762e+01
5.672831740727857323e+03 9.834779856278705878e+00
5.672982711936965643e+03 8.271861661867919935e+00
5.673133683146073054e+03 7.286093415992811018e+00
5.673284654355181374e+03 9.939499091335783021e+00
5.673435625564290604e+03 1.059742225022417728e+01
5.673586596773398014e+03 8.795265613368375313e+00
5.673737567982506334e+03 9.019950174372457496e+00
5.673888539191614655e+03 1.205400987776090638e+01
5.674039510400722975e+03 7.720657206497678615e+00
5.674190481609831295e+03 5.550708099518624650e+00
5.674341452818939615e+03 8.705706209152742403e+00
5.674492424028047935e+03 9.912349048336647428e+00
5.674643395237156255e+03 1.175176554003507690e+01
5.674794366446263666e+03 1.379855557921398734e+01
5.674945337655371986e+03 8.235076388141491677e+00
5.675096308864481216e+03 6.335941911323793363e+00
5.675247280073588627e+03 1.100725215313117467e+01
5.675398251282696947e+03 7.769838804121176778e+00
5.675549222491805267e+03 1.000297952606965879e+01
5.675700193700913587e+03 1.242782756703500624e+01
5.675851164910021907e+03 9.774320959082810845e+00
5.676002136119130228e+03 7.028331405380919605e+00
5.676153107328238548e+03 9.308600425003659140e+00
5.676304078537346868e+03 1.050856300624402628e+01
5.676455049746455188e+03 8.226167711498939994e+00
5.676606020955562599e+03 8.164711805395866051e+00
5.676756992164671829e+03 1.250400221291983804e+01
5.676907963373780149e+03 6.301852529535689307e+00
5.677058934582887559e+03 1.029107600455906990e+01
5.677209905791995880e+03 4.415077378255909402e+00
5.677360877001105109e+03 1.189974686632686662e+01
5.677511848210212520e+03 1.182372202385118598e+01
5.677662819419320840e+03 1.248797678599869343e+01
5.677813790628429160e+03 1.133706652855944341e+01
5.677964761837537480e+03 1.132860144994975649e+01
5.678115733046645801e+03 8.427335555545040435e+00
5.678266704255754121e+03 1.294334966532819919e+01
5.678417675464862441e+03 1.369002062864579194e+01
5.678568646673970761e+03 5.285563726895135872e+00
5.678719617883079081e+03 9.750709283304690445e+00
5.678870589092186492e+03 8.454869700587398285e+00
5.679021560301295722e+03 6.888134031467073370e+00
5.679172531510404042e+03 6.458179553188200472e+00
5.679323502719511453e+03 1.214421265917559367e+01
5.679474473928619773e+03 1.151574377242236835e+01
5.679625445137729002e+03 1.241782209906940437e+01
5.679776416346836413e+03 1.273406381291313849e+01
5.679927387555944733e+03 1.038207442836627514e+01
5.680078358765053054e+03 6.265759529548867057e+00
5.680229329974161374e+03 1.115628043570036709e+01
5.680380301183269694e+03 9.274053936747256088e+00
5.680531272392378014e+03 6.824867717946472290e+00
5.680682243601486334e+03 1.388614762627841337e+01
5.680833214810594654e+03 8.654848243121197271e+00
5.680984186019702975e+03 1.054111350748938136e+01
5.681135157228810385e+03 7.448587867724961065e+00
5.681286128437919615e+03 5.470271521271121706e+00
5.681437099647027935e+03 1.586742071165802415e+01
5.681588070856135346e+03 1.237092998344445505e+01
5.681739042065243666e+03 1.098043896989199375e+01
5.681890013274352896e+03 7.307395922519187792e+00
5.682040984483460306e+03 6.722212027288435365e+00
5.682191955692568627e+03 4.430682195705971438e+00
5.682342926901676947e+03 1.315710163509612940e+01
5.682493898110785267e+03 8.443786002808815638e+00
5.682644869319893587e+03 1.184142214957898886e+01
5.682795840529000998e+03 1.408018278880817320e+01
5.682946811738110227e+03 8.673416806995170703e+00
5.683097782947218548e+03 1.259644524626671114e+01
5.683248754156325958e+03 8.958573780457632196e+00
5.683399725365434279e+03 9.829426161445594445e+00
5.683550696574543508e+03 8.982786624289509803e+00
5.683701667783650919e+03 8.369648505258163951e+00
5.683852638992759239e+03 1.060400434425086935e+01
5.684003610201867559e+03 9.529009157768710381e+00
5.684154581410975879e+03 9.438635961796526530e+00
5.684305552620084200e+03 1.304874260976572664e+01
5.684456523829192520e+03 1.085169465671555500e+01
5.684607495038300840e+03 6.409106440943086902e+00
5.684758466247409160e+03 1.154619056580747838e+01
5.684909437456517480e+03 6.339681378013656499e+00
5.685060408665624891e+03 1.251559831104773579e+01
5.685211379874734121e+03 6.540389711608879608e+00
5.685362351083842441e+03 8.567171458303814546e+00
5.685513322292949852e+03 6.917936846663772954e+00
5.685664293502058172e+03 7.520459550474045685e+00
5.685815264711167401e+03 1.170778196060169307e+01
5.685966235920274812e+03 9.255859335181769509e+00
5.686117207129383132e+03 3.415431159442929854e+00
