1.039512767999999960e+04 1.342414729634821668e+01
1.039540589546666706e+04 6.253023482331070859e+00
1.039568411093333270e+04 1.472882877220130204e+01
1.039596232639999835e+04 7.521668377938945937e+00
1.039624054186666581e+04 1.361968194935599463e+01
1.039651875733333145e+04 6.895746630392157961e+00
1.039679697279999891e+04 9.979216832127610459e+00
1.039707518826666637e+04 1.548351326290827501e+01
1.039735340373333202e+04 1.170672895061565200e+01
1.039763161919999948e+04 9.043997691058557109e+00
1.039790983466666694e+04 6.853617195582387467e+00
1.039818805013333258e+04 9.186268567496489013e+00
1.039846626560000004e+04 9.282364913951019147e+00
1.039874448106666568e+04 1.611061641506848829e+01
1.039902269653333133e+04 1.400047508279828534e+01
1.039930091199999879e+04 7.736416299845883415e+00
1.039957912746666625e+04 7.791678335449333304e+00
1.039985734293333189e+04 5.112007393738484673e+00
1.040013555839999935e+04 1.142539509112291718e+01
1.040041377386666682e+04 1.273971200080586641e+01
1.040069198933333246e+04 7.242531927854563456e+00
1.040097020479999992e+04 1.068325380991434059e+01
1.040124842026666556e+04 9.517012941892433631e+00
1.040152663573333302e+04 1.049811974656603475e+01
1.040180485119999867e+04 9.546933624088049797e+00
1.040208306666666431e+04 5.780017211783944120e+00
1.040236128213333177e+04 8.242129415091770994e+00
1.040263949759999923e+04 1.016440145021392105e+01
1.040291771306666487e+04 8.950337181497276973e+00
1.040319592853333234e+04 6.547685786284636933e+00
1.040347414399999980e+04 1.521631127602288025e+01
1.040375235946666544e+04 1.803079505420535611e+01
1.040403057493333290e+04 1.182715976566110427e+01
1.040430879039999854e+04 1.035627758720067781e+01
1.040458700586666600e+04 2.479361852546723810e+00
1.040486522133333165e+04 7.370578889722601446e+00
1.040514343679999911e+04 9.547426377912795914e+00
1.040542165226666475e+04 7.487972181115628345e+00
1.040569986773333221e+04 1.148742799095363054e+01
1.040597808319999967e+04 9.233110092873888064e+00
1.040625629866666532e+04 9.617539906530426563e+00
1.040653451413333278e+04 1.068834403178544612e+01
1.040681272960000024e+04 1.408322037247373437e+01
1.040709094506666588e+04 1.149182193248927142e+01
1.040736916053333152e+04 6.977146358806792570e+00
1.040764737599999899e+04 6.930058291479479493e+00
1.040792559146666463e+04 1.296796671874362872e+01
1.040820380693333209e+04 9.334540957696862762e+00
1.040848202239999955e+04 1.106693500719897472e+01
1.040876023786666519e+04 9.436687909740086866e+00
1.040903845333333265e+04 4.465994701289544011e+00
1.040931666880000012e+04 1.238281926085923068e+01
1.040959488426666576e+04 9.409188638986863751e+00
1.040987309973333322e+04 6.560864750318236460e+00
1.041015131519999886e+04 6.182709690135316016e+00
1.041042953066666450e+04 7.987697683591193254e+00
1.041070774613333197e+04 1.191051083277776534e+01
1.041098596159999943e+04 1.385060196606847427e+01
1.041126417706666507e+04 9.007753555289371050e+00
1.041154239253333253e+04 8.390230340284746902e+00
1.041182060799999999e+04 8.564061609886874038e+00
1.041209882346666564e+04 6.595431807456298756e+00
1.041237703893333310e+04 1.290910377421507604e+01
1.041265525439999874e+04 1.104632987058872828e+01
1.041293346986666620e+04 7.149332906427675383e+00
1.041321168533333184e+04 1.275815808296761489e+01
1.041348990079999930e+04 1.265389735588565046e+01
1.041376811626666495e+04 1.261976066309414968e+01
1.041404633173333241e+04 1.267901048009438369e+01
1.041432454719999987e+04 3.761239219419983293e+00
1.041460276266666551e+04 1.506580295061425367e+01
1.041488097813333297e+04 1.192285956733126540e+01
1.041515919360000044e+04 8.712737866479995930e+00
1.041543740906666608e+04 1.099408712216194672e+01
1.041571562453333172e+04 1.120714294943582168e+01
1.041599383999999918e+04 1.063874431488486216e+01
1.041627205546666482e+04 1.145036083749836209e+01
1.041655027093333229e+04 1.371938495058670782e+01
1.041682848639999793e+04 1.795194609049420720e+01
1.041710670186666539e+04 9.557617501884244859e+00
1.041738491733333285e+04 8.619805108200633725e+00
1.041766313279999849e+04 1.136043417554067503e+01
1.041794134826666595e+04 1.657773959682337050e+01
1.041821956373333342e+04 4.025268322274079935e+00
1.041849777919999906e+04 1.097591676117662196e+01
1.041877599466666470e+04 1.590453556395382861e+01
1.041905421013333216e+04 1.234051270492480157e+01
1.041933242559999780e+04 1.719095806838269169e+01
1.041961064106666527e+04 1.501741046062530316e+01
1.041988885653333273e+04 9.848943927280576105e+00
1.042016707199999837e+04 1.103716407043374659e+01
1.042044528746666583e+04 1.096197532565870247e+01
1.042072350293333329e+04 1.659729107570740325e+01
1.042100171839999894e+04 1.644030025186015109e+01
1.042127993386666640e+04 2.098752190130831963e+01
1.042155814933333204e+04 2.113392712194539413e+01
1.042183636479999768e+04 1.816534390265201893e+01
1.042211458026666514e+04 1.632921508109534869e+01
1.042239279573333260e+04 2.401261943322474934e+01
1.042267101119999825e+04 2.188754885708668496e+01
1.042294922666666571e+04 2.896854859205963351e+01
1.042322744213333317e+04 2.508442267217149890e+01
1.042350565759999881e+04 2.518028492341027658e+01
1.042378387306666627e+04 2.857287773492493699e+01
1.042406208853333192e+04 4.235063038884218400e+01
1.042434030399999938e+04 3.840593495437357774e+01
1.042461851946666502e+04 5.166266165319126458e+01
1.042489673493333248e+04 4.351545913954068112e+01
1.042517495039999812e+04 5.703228634312800693e+01
1.042545316586666559e+04 5.673488239179374659e+01
1.042573138133333305e+04 6.530476883213242445e+01
1.042600959679999869e+04 6.609826476256195349e+01
1.042628781226666615e+04 7.493499156208235945e+01
1.042656602773333361e+04 7.948070886330845042e+01
1.042684424319999926e+04 8.260616739648732221e+01
1.042712245866666490e+04 9.175183263953850599e+01
1.042740067413333236e+04 9.517870161910130378e+01
1.042767888959999800e+04 9.753328085225840027e+01
1.042795710506666546e+04 1.070812570969466719e+02
1.042823532053333292e+04 1.165396281712305466e+02
1.042851353599999857e+04 1.220200515121770195e+02
1.042879175146666603e+04 1.253630955889912855e+02
1.042906996693333349e+04 1.393195310940851641e+02
1.042934818239999913e+04 1.458039048817157095e+02
1.042962639786666659e+04 1.498958269658650124e+02
1.042990461333333224e+04 1.621876269308937424e+02
1.043018282879999788e+04 1.726667317972127478e+02
1.043046104426666534e+04 1.764283914235372777e+02
1.043073925973333098e+04 1.773451670036862424e+02
1.043101747519999844e+04 1.867744263486310388e+02
1.043129569066666591e+04 2.002316975627744853e+02
1.043157390613333155e+04 2.027407787668729497e+02
1.043185212159999901e+04 2.136390093355104227e+02
1.043213033706666647e+04 2.149186848820933449e+02
1.043240855253333211e+04 2.205362471549063343e+02
1.043268676799999957e+04 2.259074703585837369e+02
1.043296498346666522e+04 2.320485531546819686e+02
1.043324319893333086e+04 2.352313598879087522e+02
1.043352141439999832e+04 2.432915923077198102e+02
1.043379962986666578e+04 2.447690820431982388e+02
1.043407784533333142e+04 2.469339665106114410e+02
1.043435606079999889e+04 2.506774972185500587e+02
1.043463427626666635e+04 2.587837346097713294e+02
1.043491249173333199e+04 2.601610161144096764e+02
1.043519070719999945e+04 2.658698349052422714e+02
1.043546892266666509e+04 2.585626397195372874e+02
1.043574713813333256e+04 2.591088312481979301e+02
1.043602535359999820e+04 2.679615700724602902e+02
1.043630356906666566e+04 2.691069172048401015e+02
1.043658178453333130e+04 2.699627071537537972e+02
1.043685999999999876e+04 2.595437685756336350e+02
1.043713821546666622e+04 2.665976979011931007e+02
1.043741643093333187e+04 2.556588593900123669e+02
1.043769464639999933e+04 2.663012002297850245e+02
1.043797286186666679e+04 2.659093906230279458e+02
1.043825107733333243e+04 2.635811541282525923e+02
1.043852929279999807e+04 2.555411796500782771e+02
1.043880750826666554e+04 2.585603092781373675e+02
1.043908572373333118e+04 2.525045274205124031e+02
1.043936393919999864e+04 2.507024699056983650e+02
1.043964215466666610e+04 2.507311457572466793e+02
1.043992037013333174e+04 2.442401481730117609e+02
1.044019858559999921e+04 2.438750654543289329e+02
1.044047680106666667e+04 2.388004540841926371e+02
1.044075501653333231e+04 2.294966090886789516e+02
1.044103323199999977e+04 2.297464065598456102e+02
1.044131144746666541e+04 2.232828414453990433e+02
1.044158966293333106e+04 2.163918663270691525e+02
1.044186787839999852e+04 2.146414480288416087e+02
1.044214609386666598e+04 2.043273379941114172e+02
1.044242430933333162e+04 1.963071159833849606e+02
1.044270252479999908e+04 1.890318540939934735e+02
1.044298074026666654e+04 1.916708603541790694e+02
1.044325895573333219e+04 1.782339068034138165e+02
1.044353717119999965e+04 1.717250149731134456e+02
1.044381538666666529e+04 1.610679954593514367e+02
1.044409360213333275e+04 1.515418579195820712e+02
1.044437181759999839e+04 1.467363924594671403e+02
1.044465003306666404e+04 1.350429364156451868e+02
1.044492824853333150e+04 1.316485427952612781e+02
1.044520646399999896e+04 1.232963113200136434e+02
1.044548467946666460e+04 1.119367543540423213e+02
1.044576289493333206e+04 1.124154820512158324e+02
1.044604111039999952e+04 1.005163785275652231e+02
1.044631932586666517e+04 9.513353232406925031e+01
1.044659754133333263e+04 8.275087523122932964e+01
1.044687575679999827e+04 7.829188549986768919e+01
1.044715397226666573e+04 7.129055120291614855e+01
1.044743218773333138e+04 6.763855177952974884e+01
1.044771040319999884e+04 6.617367223908449603e+01
1.044798861866666448e+04 5.743953500877912433e+01
1.044826683413333194e+04 6.039162700889171731e+01
1.044854504959999940e+04 4.870108473279372419e+01
1.044882326506666504e+04 4.199548101511148701e+01
1.044910148053333251e+04 4.543524656005657647e+01
1.044937969599999997e+04 3.931741128314289568e+01
1.044965791146666561e+04 3.985066459680049888e+01
1.044993612693333125e+04 3.556037328318510049e+01
1.045021434239999871e+04 2.492451567445634453e+01
1.045049255786666436e+04 2.828639546590336451e+01
1.045077077333333182e+04 2.377149573273776895e+01
1.045104898879999928e+04 1.292603393346594309e+01
1.045132720426666492e+04 2.757363615963167547e+01
1.045160541973333238e+04 1.901887469061924918e+01
1.045188363519999984e+04 2.065745730383488166e+01
1.045216185066666549e+04 2.004228948229453877e+01
1.045244006613333295e+04 1.571502195917175548e+01
1.045271828159999859e+04 1.420838149185450661e+01
1.045299649706666423e+04 1.105031029204595150e+01
1.045327471253333169e+04 1.508139859714300002e+01
1.045355292799999916e+04 1.839748568943310758e+01
1.045383114346666480e+04 1.079551185249497358e+01
1.045410935893333226e+04 1.246608848855785290e+01
1.045438757439999972e+04 1.204106641574025538e+01
1.045466578986666536e+04 1.115916462747349058e+01
1.045494400533333283e+04 1.156089546845353055e+01
1.045522222079999847e+04 7.303931540332277095e+00
1.045550043626666593e+04 1.145708975362539483e+01
1.045577865173333157e+04 1.167186683382817236e+01
1.045605686719999903e+04 9.475505991055580779e+00
1.045633508266666468e+04 1.037879810102811717e+01
1.045661329813333214e+04 1.179624454630952002e+01
1.045689151359999960e+04 1.321677066233532649e+01
1.045716972906666524e+04 1.475880085695401789e+01
1.045744794453333270e+04 8.452318899785373318e+00
1.045772615999999834e+04 1.391474570667508281e+01
1.045800437546666581e+04 1.633482632054176165e+01
1.045828259093333145e+04 5.236180156480623182e+00
1.045856080639999891e+04 9.330077479323271916e+00
1.045883902186666455e+04 1.234573254652583074e+01
1.045911723733333201e+04 8.568914606424364422e+00
1.045939545279999766e+04 1.720053880667724755e+01
1.045967366826666512e+04 9.458569350959642463e+00
1.045995188373333258e+04 6.827573013780183331e+00
1.046023009919999822e+04 1.109146126608840177e+01
1.046050831466666568e+04 1.121318782916270784e+01
1.046078653013333314e+04 1.262749697526129822e+01
1.046106474559999879e+04 1.304680547119407485e+01
1.046134296106666443e+04 1.335768540261323700e+01
1.046162117653333189e+04 1.124945393257855386e+01
1.046189939199999753e+04 2.109189983308573879e+00
1.046217760746666499e+04 1.546187882836056460e+01
1.046245582293333246e+04 1.604907991479257134e+01
1.046273403839999810e+04 7.256281005530160755e+00
1.046301225386666556e+04 1.478809122201502646e+01
1.046329046933333302e+04 1.022230380295397900e+01
1.046356868479999866e+04 4.443800498024304879e+00
1.046384690026666613e+04 1.189582006933711611e+01
1.046412511573333177e+04 1.131948380695012979e+01
1.046440333119999741e+04 9.428102353747942033e+00
1.046468154666666487e+04 1.443326979774403185e+01
1.046495976213333233e+04 7.746542559913782711e+00
1.046523797759999798e+04 1.017183224435926192e+01
1.046551619306666544e+04 4.458841775178763456e+00
1.046579440853333290e+04 1.032973154886364853e+01
1.046607262399999854e+04 9.154092998538450487e+00
1.046635083946666600e+04 1.322339055032652944e+01
1.046662905493333164e+04 1.632114653082819444e+01
1.046690727039999911e+04 1.148871217100979258e+01
1.046718548586666475e+04 1.110099889649735871e+01
1.046746370133333221e+04 1.337090696319869920e+01
1.046774191679999785e+04 6.045782014641479130e+00
1.046802013226666531e+04 9.244851923877041244e+00
1.046829834773333278e+04 1.059538926605517339e+01
1.046857656319999842e+04 1.392864527683401832e+01
1.046885477866666588e+04 1.083314147801775107e+01
1.046913299413333334e+04 8.886367453993354815e+00
1.046941120959999898e+04 9.792186845773601434e+00
1.046968942506666463e+04 1.732050633931922690e+01
1.046996764053333209e+04 1.610854276870864510e+01
1.047024585599999773e+04 7.988641624199964042e+00
1.047052407146666519e+04 1.452745679627838982e+01
1.047080228693333265e+04 1.153137817081457506e+01
1.047108050239999830e+04 7.487294914991043271e+00
1.047135871786666576e+04 1.559304023760498481e+00
1.047163693333333322e+04 1.665730935453417771e+01
1.047191514879999886e+04 1.513319092284171674e+01
1.047219336426666632e+04 1.238883541674884547e+01
1.047247157973333196e+04 1.834817159647907658e+01
1.047274979519999761e+04 1.145698255760264495e+01
1.047302801066666507e+04 8.430515780784901381e+00
1.047330622613333071e+04 9.892020073765459998e+00
1.047358444159999817e+04 6.904548319611924612e+00
1.047386265706666563e+04 9.763113444858971590e+00
1.047414087253333128e+04 6.966028229986154230e+00
1.047441908799999874e+04 1.404262791949691902e+01
1.047469730346666620e+04 8.954186134551173737e+00
1.047497551893333184e+04 1.002759692519206958e+01
1.047525373439999930e+04 1.085834896961078222e+01
1.047553194986666495e+04 1.387439191360608248e+01
1.047581016533333059e+04 6.429585470501585576e+00
1.047608838079999805e+04 8.002413181379619544e+00
1.047636659626666551e+04 9.156139328971699243e+00
1.047664481173333115e+04 1.247945061287089707e+01
1.047692302719999861e+04 9.822660808081602468e+00
1.047720124266666608e+04 7.490982886518322559e+00
1.047747945813333172e+04 9.926947056418677917e+00
1.047775767359999918e+04 1.549319614996813144e+01
1.047803588906666482e+04 7.014387880574426859e+00
1.047831410453333228e+04 8.006733665055204341e+00
1.047859231999999793e+04 1.381199559931485865e+01
