      0.00000      37.0000
    0.0910000      36.4630
     0.182000      35.9420
     0.273000      35.4380
     0.364000      34.9500
     0.455000      34.4790
     0.545000      34.0250
     0.636000      33.5870
     0.727000      33.1650
     0.818000      32.7600
     0.909000      32.3720
      1.00000      32.0000
      1.09100      31.6450
      1.18200      31.3060
      1.27300      30.9830
      1.36400      30.6780
      1.45500      30.3880
      1.54500      30.1160
      1.63600      29.8600
      1.72700      29.6200
      1.81800      29.3970
      1.90900      29.1900
      2.00000      29.0000
      2.09100      28.8260
      2.18200      28.6690
      2.27300      28.5290
      2.36400      28.4050
      2.45500      28.2980
      2.54500      28.2070
      2.63600      28.1320
      2.72700      28.0740
      2.81800      28.0330
      2.90900      28.0080
      3.00000      28.0000
      3.09100      28.0080
      3.18200      28.0330
      3.27300      28.0740
      3.36400      28.1320
      3.45500      28.2070
      3.54500      28.2980
      3.63600      28.4050
      3.72700      28.5290
      3.81800      28.6690
      3.90900      28.8260
      4.00000      29.0000
      4.09100      29.1900
      4.18200      29.3970
      4.27300      29.6200
      4.36400      29.8600
      4.45500      30.1160
      4.54500      30.3880
      4.63600      30.6780
      4.72700      30.9830
      4.81800      31.3060
      4.90900      31.6450
      5.00000      32.0000
      5.09100      32.3720
      5.18200      32.7600
      5.27300      33.1650
      5.36400      33.5870
      5.45500      34.0250
      5.54500      34.4790
      5.63600      34.9500
      5.72700      35.4380
      5.81800      35.9420
      5.90900      36.4630
      6.00000      37.0000
      6.09100      37.5540
      6.18200      38.1240
      6.27300      38.7110
      6.36400      39.3140
      6.45500      39.9340
      6.54500      40.5700
      6.63600      41.2230
      6.72700      41.8930
      6.81800      42.5790
      6.90900      43.2810
      7.00000      44.0000
      7.09100      44.7360
      7.18200      45.4880
      7.27300      46.2560
      7.36400      47.0410
      7.45500      47.8430
      7.54500      48.6610
      7.63600      49.4960
      7.72700      50.3470
      7.81800      51.2150
      7.90900      52.0990
      8.00000      53.0000
      8.09100      53.9170
      8.18200      54.8510
      8.27300      55.8020
      8.36400      56.7690
      8.45500      57.7520
      8.54500      58.7520
      8.63600      59.7690
      8.72700      60.8020
      8.81800      61.8510
      8.90900      62.9170
      9.00000      64.0000
