8.476382638205885087e+03 9.117221294502654416e+01
8.476582552890749866e+03 9.811146072801811613e+01
8.476782467575612827e+03 9.957727543180419616e+01
8.476982382260475788e+03 1.007158219350886554e+02
8.477182296945336930e+03 9.535859167216565879e+01
8.477382211630201709e+03 9.942872329062446113e+01
8.477582126315066489e+03 1.001941181630015620e+02
8.477782040999927631e+03 1.038856141010877820e+02
8.477981955684792410e+03 1.060382374322865076e+02
8.478181870369655371e+03 8.849395598137341779e+01
8.478381785054518332e+03 1.031001754426031027e+02
8.478581699739383112e+03 1.119389126129320715e+02
8.478781614424246072e+03 1.015507088500962709e+02
8.478981529109109033e+03 1.044778446079934326e+02
8.479181443793970175e+03 9.273991811607578484e+01
8.479381358478834954e+03 9.413283619232099397e+01
8.479581273163699734e+03 1.051233960048808882e+02
8.479781187848562695e+03 1.029388596285739510e+02
8.479981102533425656e+03 9.603356070464609218e+01
8.480181017218288616e+03 1.063193417817625743e+02
8.480380931903153396e+03 9.861232084454525193e+01
8.480580846588016357e+03 9.937556976036779588e+01
8.480780761272877498e+03 9.841099779105051937e+01
8.480980675957742278e+03 1.020286165554864510e+02
8.481180590642605239e+03 1.061265702082573483e+02
8.481380505327468200e+03 9.666553559903074699e+01
8.481580420012332979e+03 1.014409219411894583e+02
8.481780334697195940e+03 1.064313333442974283e+02
8.481980249382060720e+03 9.415338341971182956e+01
8.482180164066921861e+03 1.051076336613859183e+02
8.482380078751784822e+03 1.007779433508456606e+02
8.482579993436649602e+03 9.061580872292546474e+01
8.482779908121512563e+03 9.586310134525872684e+01
8.482979822806375523e+03 9.989504058517323415e+01
8.483179737491238484e+03 9.856489927389932859e+01
8.483379652176103264e+03 9.895105316498828074e+01
8.483579566860966224e+03 1.047751012473290757e+02
8.483779481545829185e+03 1.036768458528809589e+02
8.483979396230692146e+03 9.903578607188221383e+01
8.484179310915555106e+03 9.952866490633910246e+01
8.484379225600418067e+03 9.077607159820387039e+01
8.484579140285282847e+03 9.856600379728541839e+01
8.484779054970145808e+03 1.026439708701451821e+02
8.484978969655010587e+03 9.684779311875551855e+01
8.485178884339871729e+03 1.035356765470816782e+02
8.485378799024736509e+03 9.265185495360903190e+01
8.485578713709599469e+03 1.022280545209724352e+02
8.485778628394462430e+03 1.035049253398742479e+02
8.485978543079325391e+03 1.089532770570006193e+02
8.486178457764188352e+03 9.377754028886261040e+01
8.486378372449053131e+03 1.071166118788930248e+02
8.486578287133916092e+03 1.019727867395930900e+02
8.486778201818779053e+03 8.882396782587095174e+01
8.486978116503643832e+03 1.005208398106301217e+02
8.487178031188506793e+03 9.526616947648594191e+01
8.487377945873367935e+03 9.399119128394445966e+01
8.487577860558232715e+03 9.595966811653120487e+01
8.487777775243095675e+03 9.687356033069869454e+01
8.487977689927960455e+03 1.005717652792690586e+02
8.488177604612821597e+03 1.024200287329036598e+02
8.488377519297686376e+03 9.339267905450888918e+01
8.488577433982551156e+03 9.819020390259032638e+01
8.488777348667412298e+03 9.796700906753051186e+01
8.488977263352275259e+03 1.062665894715808435e+02
8.489177178037138219e+03 9.723768964733146447e+01
8.489377092722002999e+03 9.504965221672576092e+01
8.489577007406865960e+03 9.082861273673648839e+01
8.489776922091728920e+03 1.017694675560786948e+02
8.489976836776593700e+03 9.811470324237131990e+01
8.490176751461456661e+03 1.027363256066850568e+02
8.490376666146319621e+03 1.014850321716685215e+02
8.490576580831184401e+03 1.014735737726149409e+02
8.490776495516045543e+03 1.063325768164345959e+02
8.490976410200910323e+03 9.969289046243726204e+01
8.491176324885771464e+03 1.030434276437690073e+02
8.491376239570636244e+03 1.074624050910620809e+02
8.491576154255501024e+03 1.025141176847348419e+02
8.491776068940362165e+03 1.031822247953589198e+02
8.491975983625226945e+03 1.076585702799835644e+02
8.492175898310089906e+03 1.000057366919497497e+02
8.492375812994952867e+03 9.974130245937875827e+01
8.492575727679815827e+03 1.020552457000307243e+02
8.492775642364678788e+03 8.794623334542319526e+01
8.492975557049543568e+03 9.746541265021544120e+01
8.493175471734406528e+03 8.536621177062980337e+01
8.493375386419269489e+03 8.419310627947093906e+01
8.493575301104134269e+03 8.551920086581937142e+01
8.493775215788997230e+03 7.555177806778182514e+01
8.493975130473860190e+03 6.071282090487535754e+01
8.494175045158721332e+03 5.712538236811883507e+01
8.494374959843586112e+03 6.782923637547773410e+01
8.494574874528450891e+03 6.567098261757151079e+01
8.494774789213312033e+03 7.020760448737902948e+01
8.494974703898176813e+03 7.210625896267497126e+01
8.495174618583039774e+03 7.855647067486778212e+01
8.495374533267904553e+03 8.800583582241425518e+01
8.495574447952767514e+03 8.981864224495369342e+01
8.495774362637628656e+03 9.303299233620818143e+01
8.495974277322493435e+03 9.667503012162271148e+01
8.496174192007354577e+03 9.545566479738650401e+01
8.496374106692219357e+03 1.034317216095350602e+02
8.496574021377084136e+03 9.263381658824991405e+01
8.496773936061947097e+03 9.532501684817870569e+01
8.496973850746810058e+03 9.933356543172469344e+01
8.497173765431673019e+03 9.960471076277154623e+01
8.497373680116537798e+03 9.901499656544724814e+01
8.497573594801400759e+03 1.032533655061009910e+02
8.497773509486261901e+03 1.005805294744737353e+02
8.497973424171126680e+03 9.699286221561624188e+01
8.498173338855989641e+03 1.002679344711538221e+02
8.498373253540854421e+03 9.833066678366074598e+01
8.498573168225717382e+03 9.944829545626247125e+01
8.498773082910580342e+03 1.013733962917201694e+02
8.498972997595445122e+03 9.635497204722243225e+01
8.499172912280304445e+03 8.500006612841407616e+01
8.499372826965169224e+03 9.700847792600127661e+01
8.499572741650034004e+03 9.545700573779878084e+01
8.499772656334896965e+03 1.063688285262650055e+02
8.499972571019759926e+03 1.000740271125398380e+02
8.500172485704622886e+03 1.020248833910949173e+02
8.500372400389487666e+03 1.053071913418395837e+02
8.500572315074352446e+03 1.009233095608888959e+02
8.500772229759211768e+03 9.742677736437370584e+01
8.500972144444076548e+03 9.506112697830191394e+01
8.501172059128939509e+03 1.009793281325709557e+02
8.501371973813802470e+03 9.681433041201135836e+01
8.501571888498667249e+03 1.049941355424806915e+02
8.501771803183530210e+03 1.036578065009669984e+02
8.501971717868394990e+03 9.492723570792126964e+01
8.502171632553256131e+03 9.672936725788237311e+01
8.502371547238120911e+03 1.029170651256863920e+02
8.502571461922983872e+03 1.003277744227463018e+02
8.502771376607846832e+03 9.629217896141453537e+01
8.502971291292709793e+03 1.075863211976064377e+02
8.503171205977572754e+03 9.608421663785568967e+01
8.503371120662437534e+03 1.097634689087315536e+02
8.503571035347302313e+03 9.705813807984520736e+01
8.503770950032163455e+03 1.037423379768262919e+02
8.503970864717028235e+03 1.020707769562334022e+02
8.504170779401889376e+03 1.019089310428837649e+02
8.504370694086752337e+03 1.035956041368380198e+02
8.504570608771617117e+03 9.508799146047851991e+01
8.504770523456480078e+03 9.479732524701653062e+01
8.504970438141344857e+03 9.545807614067797431e+01
8.505170352826205999e+03 9.796501880125214257e+01
8.505370267511070779e+03 1.004785688804184929e+02
8.505570182195935558e+03 1.026810046002119350e+02
8.505770096880798519e+03 1.049819372301900131e+02
8.505970011565659661e+03 1.065679017476344370e+02
8.506169926250522622e+03 9.588069729199717983e+01
8.506369840935387401e+03 9.481550936914548799e+01
8.506569755620250362e+03 9.557127629424141446e+01
8.506769670305113323e+03 1.054168301028656458e+02
8.506969584989978102e+03 9.804889425954132776e+01
8.507169499674841063e+03 9.958204479529904063e+01
8.507369414359704024e+03 8.998111230662728133e+01
8.507569329044566985e+03 1.090534215942062559e+02
8.507769243729429945e+03 9.217943083801692694e+01
8.507969158414294725e+03 9.381319647967677611e+01
8.508169073099155867e+03 9.082540420972283357e+01
8.508368987784020646e+03 1.004505269772370752e+02
8.508568902468885426e+03 9.988456942205240807e+01
8.508768817153748387e+03 1.002406041063402711e+02
8.508968731838611347e+03 9.795041729742629855e+01
8.509168646523474308e+03 1.000340037011822432e+02
8.509368561208337269e+03 9.689142660273012098e+01
8.509568475893200230e+03 1.076775407900268533e+02
8.509768390578063190e+03 9.890969904412820313e+01
8.509968305262927970e+03 1.010742999127485717e+02
8.510168219947790931e+03 9.301237074312393815e+01
8.510368134632653891e+03 1.014839260128648704e+02
8.510568049317518671e+03 9.620142905108015441e+01
8.510767964002381632e+03 1.042270333086127891e+02
8.510967878687244593e+03 1.023306906713133628e+02
8.511167793372105734e+03 9.749137932609529855e+01
8.511367708056970514e+03 1.039939016030796211e+02
8.511567622741835294e+03 9.780806724874642555e+01
8.511767537426696435e+03 1.032785572759110693e+02
8.511967452111561215e+03 9.516696487895038103e+01
8.512167366796424176e+03 9.359032065995343430e+01
8.512367281481288956e+03 8.943834035090515044e+01
8.512567196166151916e+03 9.690925025425970318e+01
8.512767110851013058e+03 9.686850090109463451e+01
8.512967025535877838e+03 1.041721892564606264e+02
8.513166940220740798e+03 1.047822145289810010e+02
8.513366854905603759e+03 9.714847914488068170e+01
8.513566769590468539e+03 1.022408499497177559e+02
8.513766684275331500e+03 1.010443449821369342e+02
8.513966598960196279e+03 9.948594341856279755e+01
8.514166513645057421e+03 9.461278390240916281e+01
8.514366428329920382e+03 9.943016946629759900e+01
8.514566343014785161e+03 1.014851205760610355e+02
8.514766257699646303e+03 1.123795704225262284e+02
8.514966172384511083e+03 9.230764289618619500e+01
8.515166087069374043e+03 9.867582817860257194e+01
8.515366001754238823e+03 1.013006664316749834e+02
8.515565916439101784e+03 1.015565139940873252e+02
8.515765831123964745e+03 1.025603890591802099e+02
8.515965745808827705e+03 1.036479885172282707e+02
8.516165660493690666e+03 9.473263819484571968e+01
8.516365575178553627e+03 9.066843991273175618e+01
8.516565489863418406e+03 1.054461749875754322e+02
8.516765404548281367e+03 1.095748032638887395e+02
8.516965319233144328e+03 1.019940530095510667e+02
8.517165233918007289e+03 9.554909994964650366e+01
8.517365148602872068e+03 1.031887084783414394e+02
8.517565063287736848e+03 9.386654333017735041e+01
8.517764977972596171e+03 9.692338689668189033e+01
8.517964892657460950e+03 1.051743197898181137e+02
8.518164807342323911e+03 9.982936837342998615e+01
8.518364722027188691e+03 1.048366850071288923e+02
8.518564636712051652e+03 9.024702135101659906e+01
8.518764551396914612e+03 9.686245932319633312e+01
8.518964466081779392e+03 1.004484146614500872e+02
8.519164380766640534e+03 1.069150590542623007e+02
8.519364295451503494e+03 1.044331612289718834e+02
8.519564210136368274e+03 9.758260141856777636e+01
8.519764124821231235e+03 9.650750730818194256e+01
8.519964039506094196e+03 9.888596145576273955e+01
8.520163954190957156e+03 1.096268717812494913e+02
8.520363868875821936e+03 9.564337690947121473e+01
8.520563783560686716e+03 9.908874378066123256e+01
8.520763698245547857e+03 1.028540142490777072e+02
8.520963612930412637e+03 9.592305827956217001e+01
8.521163527615273779e+03 1.040846634607661088e+02
8.521363442300138558e+03 1.005474096449802772e+02
8.521563356985001519e+03 9.682563595646405474e+01
8.521763271669864480e+03 1.119009969604814643e+02
8.521963186354729260e+03 9.867202425509918839e+01
8.522163101039590401e+03 1.009567639957612641e+02
8.522363015724455181e+03 9.568879264495441817e+01
8.522562930409319961e+03 1.057759501888261156e+02
8.522762845094181102e+03 9.340947387678606617e+01
8.522962759779044063e+03 8.898991535226087990e+01
8.523162674463907024e+03 9.752401292053110637e+01
8.523362589148771804e+03 9.787054408101852232e+01
8.523562503833636583e+03 9.752839760575808725e+01
8.523762418518497725e+03 9.640771986672436356e+01
8.523962333203362505e+03 1.007694455832704250e+02
8.524162247888225465e+03 9.497564560763524355e+01
8.524362162573088426e+03 9.371239380207782688e+01
8.524562077257951387e+03 9.947029187856982446e+01
8.524761991942814348e+03 1.039499392236617439e+02
8.524961906627679127e+03 8.825755395090318700e+01
8.525161821312540269e+03 9.947205690643338016e+01
8.525361735997405049e+03 1.011402133097613927e+02
8.525561650682269828e+03 1.051558644667797324e+02
8.525761565367132789e+03 9.873279507486604700e+01
8.525961480051995750e+03 9.731063752206608797e+01
8.526161394736856892e+03 9.073428013556653582e+01
8.526361309421721671e+03 9.978907652937535033e+01
8.526561224106586451e+03 1.017615066787237197e+02
8.526761138791447593e+03 1.052917892064026972e+02
8.526961053476312372e+03 1.039635338042851345e+02
8.527160968161175333e+03 1.126069971631890212e+02
8.527360882846038294e+03 9.684906467270022290e+01
8.527560797530903073e+03 9.765193328140971119e+01
8.527760712215764215e+03 1.013100872755983204e+02
8.527960626900628995e+03 1.032353412795733334e+02
8.528160541585490137e+03 9.864130828588444899e+01
8.528360456270354916e+03 9.885926993337736235e+01
8.528560370955219696e+03 8.989804196840673001e+01
8.528760285640082657e+03 9.438626680360235355e+01
8.528960200324945617e+03 9.677139304593444535e+01
8.529160115009808578e+03 1.047156237098411680e+02
8.529360029694673358e+03 1.027055815478562835e+02
8.529559944379534500e+03 1.022209454690864021e+02
8.529759859064397460e+03 1.037430215276468886e+02
8.529959773749262240e+03 8.995281885286296131e+01
8.530159688434125201e+03 1.020853306553742215e+02
8.530359603118988161e+03 9.814302766020304603e+01
8.530559517803852941e+03 9.749712469543580085e+01
8.530759432488715902e+03 1.079211359649376050e+02
8.530959347173580682e+03 9.665935929489947398e+01
8.531159261858440004e+03 1.011295690862361312e+02
8.531359176543304784e+03 1.023673727999039897e+02
8.531559091228169564e+03 1.009936799391260820e+02
8.531759005913032524e+03 9.958646683125003563e+01
8.531958920597895485e+03 1.019057298127801090e+02
8.532158835282758446e+03 9.786577909374294393e+01
8.532358749967623226e+03 9.395542914860072869e+01
8.532558664652486186e+03 9.594425050463462412e+01
8.532758579337349147e+03 1.009769250255169624e+02
8.532958494022212108e+03 9.650253708429623600e+01
8.533158408707075068e+03 9.583497692573293136e+01
8.533358323391938029e+03 1.022490902644625663e+02
8.533558238076802809e+03 9.909959828831401296e+01
8.533758152761665770e+03 9.664093983972962576e+01
8.533958067446530549e+03 9.677264986271350722e+01
8.534157982131391691e+03 9.916176987754330696e+01
8.534357896816256471e+03 9.818342601755115595e+01
8.534557811501119431e+03 9.835064047113777974e+01
8.534757726185980573e+03 9.347067963408501612e+01
8.534957640870845353e+03 9.372130250030330956e+01
8.535157555555708313e+03 9.719036491420793311e+01
8.535357470240573093e+03 9.193990610679382769e+01
8.535557384925436054e+03 8.815555892405301108e+01
8.535757299610299015e+03 9.218609510366241011e+01
8.535957214295163794e+03 9.681822850247465340e+01
8.536157128980026755e+03 9.443189227876612790e+01
8.536357043664887897e+03 8.180067619504663412e+01
8.536556958349752676e+03 9.056221886730463666e+01
8.536756873034615637e+03 8.429013225887592853e+01
8.536956787719480417e+03 8.422307368877046940e+01
8.537156702404341559e+03 7.476539881406525012e+01
8.537356617089206338e+03 6.774881215175896898e+01
8.537556531774071118e+03 6.813458681001503692e+01
8.537756446458932260e+03 6.220375419757807123e+01
8.537956361143795220e+03 5.739755263123733897e+01
8.538156275828658181e+03 4.968142594825498293e+01
8.538356190513522961e+03 4.315364266529297055e+01
8.538556105198385922e+03 4.653872059677695461e+01
8.538756019883248882e+03 5.132538090361701677e+01
8.538955934568113662e+03 5.407503252162872087e+01
8.539155849252976623e+03 6.777358235112673412e+01
8.539355763937839583e+03 7.401719427667241291e+01
8.539555678622704363e+03 6.779513759156331787e+01
8.539755593307565505e+03 7.312601001053349137e+01
8.539955507992428466e+03 8.001541561345048592e+01
8.540155422677291426e+03 7.429450477645683293e+01
8.540355337362156206e+03 7.839385542720616229e+01
8.540555252047020986e+03 9.087972499167692320e+01
8.540755166731882127e+03 8.588011903339537412e+01
8.540955081416746907e+03 8.529549685420609251e+01
8.541154996101609868e+03 9.280334339681084543e+01
8.541354910786472828e+03 9.071947620301094162e+01
8.541554825471335789e+03 9.473124393964036472e+01
8.541754740156198750e+03 9.366749465875292913e+01
8.541954654841063530e+03 8.587083420338858275e+01
8.542154569525924671e+03 9.147145299976935462e+01
8.542354484210789451e+03 9.232168406618329470e+01
8.542554398895654231e+03 9.376605861076298254e+01
8.542754313580517191e+03 9.656907716510272621e+01
8.542954228265378333e+03 9.250300419784875317e+01
8.543154142950241294e+03 1.027587241320441791e+02
8.543354057635106074e+03 8.774283609158898400e+01
8.543553972319970853e+03 9.699534067667870829e+01
8.543753887004831995e+03 9.142712442736068112e+01
8.543953801689696775e+03 9.689174365142289957e+01
8.544153716374559735e+03 9.922434750113397683e+01
8.544353631059424515e+03 1.001220285554539089e+02
8.544553545744287476e+03 9.342265007331910454e+01
8.544753460429148618e+03 9.875901794347902296e+01
8.544953375114013397e+03 9.778234915977115804e+01
8.545153289798874539e+03 1.009997745630547854e+02
8.545353204483739319e+03 1.005030721881434346e+02
8.545553119168604098e+03 9.905425629990268988e+01
8.545753033853467059e+03 9.794315672187815380e+01
8.545952948538330020e+03 8.515685228666562523e+01
8.546152863223192981e+03 8.954613783501466173e+01
8.546352777908055941e+03 9.443805743997998547e+01
8.546552692592920721e+03 9.456515875369619550e+01
8.546752607277781863e+03 9.848262951554060862e+01
8.546952521962646642e+03 9.996822603716498179e+01
8.547152436647509603e+03 9.677019944594175627e+01
8.547352351332372564e+03 1.007250620873546154e+02
8.547552266017237343e+03 1.065723851785462415e+02
8.547752180702100304e+03 9.796110022096583236e+01
8.547952095386965084e+03 9.804426130419815877e+01
8.548152010071824407e+03 8.796916232779567224e+01
8.548351924756689186e+03 1.005680219233195487e+02
8.548551839441553966e+03 9.246887856602913303e+01
8.548751754126416927e+03 9.807495555354032035e+01
8.548951668811279887e+03 9.499045106852128129e+01
8.549151583496142848e+03 9.217106383625089450e+01
8.549351498181007628e+03 1.019580180953889510e+02
8.549551412865872408e+03 1.012921918012623337e+02
8.549751327550731730e+03 9.666465179030100785e+01
8.549951242235596510e+03 9.708251885494100009e+01
8.550151156920459471e+03 9.699373589622558711e+01
8.550351071605322431e+03 1.055965042047984781e+02
8.550550986290187211e+03 9.621677484908292399e+01
8.550750900975050172e+03 1.025879641986298196e+02
8.550950815659914952e+03 1.082369816007506671e+02
8.551150730344776093e+03 1.037315011271325176e+02
8.551350645029640873e+03 9.281481659074971446e+01
8.551550559714503834e+03 1.029990678637325345e+02
8.551750474399366794e+03 1.039476934442963199e+02
8.551950389084229755e+03 9.801951008606448568e+01
8.552150303769092716e+03 9.165847563114803620e+01
8.552350218453957496e+03 9.565758617932777952e+01
8.552550133138820456e+03 1.030064628685289563e+02
8.552750047823683417e+03 1.067111954660239661e+02
8.552949962508548197e+03 1.059080916139157011e+02
8.553149877193409338e+03 1.044360900393918996e+02
8.553349791878272299e+03 9.514643604869148419e+01
8.553549706563137079e+03 9.626138765838867073e+01
8.553749621248000039e+03 9.960061238647560344e+01
8.553949535932864819e+03 9.598520626849472137e+01
8.554149450617725961e+03 9.632839749624326942e+01
8.554349365302590741e+03 1.021737830912367286e+02
8.554549279987455520e+03 9.857840811615290022e+01
8.554749194672318481e+03 9.830978248155406618e+01
8.554949109357179623e+03 1.012294976085957217e+02
8.555149024042042583e+03 9.215744547727700819e+01
8.555348938726907363e+03 9.761701033743833023e+01
8.555548853411770324e+03 1.037913512229614241e+02
8.555748768096633285e+03 1.010611126912489937e+02
8.555948682781498064e+03 1.009773648272940534e+02
8.556148597466361025e+03 9.615717292701089036e+01
8.556348512151223986e+03 1.056776919721437196e+02
8.556548426836086946e+03 1.012073843900893877e+02
8.556748341520949907e+03 9.435301964866094693e+01
8.556948256205814687e+03 1.079785065397454531e+02
8.557148170890675829e+03 1.105983181456734172e+02
8.557348085575540608e+03 1.020269024827530302e+02
8.557548000260405388e+03 9.440843140664109967e+01
8.557747914945266530e+03 1.008791971862530232e+02
8.557947829630131309e+03 9.806470144716625725e+01
8.558147744314992451e+03 9.371157190619645405e+01
8.558347658999857231e+03 9.901578309483650742e+01
8.558547573684720192e+03 8.700750920645565145e+01
8.558747488369583152e+03 9.931177963446228318e+01
8.558947403054447932e+03 1.068281089162714323e+02
8.559147317739310893e+03 1.063353379520432043e+02
8.559347232424173853e+03 9.770852146946158712e+01
8.559547147109038633e+03 9.949058972628894537e+01
8.559747061793901594e+03 1.006679449721195709e+02
8.559946976478764554e+03 9.828454403173935816e+01
8.560146891163625696e+03 9.849234584884094090e+01
8.560346805848490476e+03 9.779081750594579603e+01
8.560546720533355256e+03 9.631812958775063294e+01
8.560746635218216397e+03 9.500612034130352868e+01
8.560946549903081177e+03 9.153549702604352944e+01
8.561146464587944138e+03 8.882603813334942799e+01
8.561346379272808917e+03 1.029883907968348637e+02
8.561546293957670059e+03 1.041272145907165054e+02
8.561746208642533020e+03 9.215968260106548371e+01
8.561946123327397800e+03 9.979278263371510604e+01
8.562146038012260760e+03 9.632957075886474740e+01
8.562345952697123721e+03 1.000414924017416780e+02
8.562545867381988501e+03 1.014480000708820029e+02
8.562745782066851461e+03 9.648366909257866553e+01
8.562945696751714422e+03 9.837568161250365506e+01
8.563145611436577383e+03 1.023259664135353262e+02
8.563345526121440344e+03 1.090172803760276850e+02
8.563545440806305123e+03 9.473315150922839223e+01
8.563745355491166265e+03 9.832912932852414656e+01
8.563945270176031045e+03 1.047335788564522403e+02
8.564145184860894005e+03 9.997232552469543521e+01
8.564345099545758785e+03 9.753505136945253184e+01
8.564545014230621746e+03 9.908606348333434255e+01
8.564744928915484707e+03 1.017215401569980600e+02
8.564944843600347667e+03 9.770958718179991820e+01
8.565144758285208809e+03 1.030481019624459691e+02
8.565344672970073589e+03 1.018561137103517780e+02
8.565544587654938368e+03 1.061305098919319505e+02
8.565744502339801329e+03 1.001698936722638820e+02
8.565944417024664290e+03 1.035066450524348767e+02
8.566144331709527250e+03 1.047456233877504701e+02
8.566344246394392030e+03 1.038233036419935047e+02
8.566544161079256810e+03 1.011753440978694698e+02
8.566744075764116133e+03 9.892675881794785653e+01
8.566943990448980912e+03 1.076129210541881207e+02
8.567143905133843873e+03 1.034689338163281320e+02
8.567343819818708653e+03 1.074332736036605951e+02
8.567543734503571613e+03 9.952582669575775753e+01
8.567743649188434574e+03 1.058734715731903719e+02
8.567943563873299354e+03 9.873751079867942337e+01
8.568143478558160496e+03 1.049531730445599749e+02
8.568343393243023456e+03 1.043787861612612176e+02
8.568543307927888236e+03 1.040603166140088121e+02
8.568743222612751197e+03 1.011333842154071760e+02
8.568943137297614157e+03 9.440602458897444649e+01
8.569143051982477118e+03 9.646363923794343975e+01
8.569342966667341898e+03 1.097095295352164470e+02
8.569542881352206678e+03 1.000298442526550389e+02
8.569742796037067819e+03 1.032637531129301465e+02
8.569942710721932599e+03 9.854269397476640791e+01
8.570142625406793741e+03 1.015067105620605332e+02
8.570342540091656701e+03 1.045273365626786983e+02
8.570542454776521481e+03 1.016537338746686032e+02
8.570742369461384442e+03 1.072586456735138682e+02
8.570942284146249222e+03 1.016479808770219506e+02
8.571142198831110363e+03 9.498759306320167184e+01
8.571342113515975143e+03 9.451598668828293626e+01
8.571542028200839923e+03 9.989988423286601460e+01
8.571741942885701064e+03 9.346502126876571026e+01
8.571941857570564025e+03 1.004170888222767246e+02
8.572141772255426986e+03 1.082296863037335868e+02
8.572341686940291765e+03 1.034036107512771423e+02
8.572541601625156545e+03 1.075586146534535601e+02
8.572741516310017687e+03 9.630316866522754538e+01
8.572941430994882467e+03 1.032065362465206704e+02
8.573141345679745427e+03 9.845916844381481781e+01
8.573341260364606569e+03 9.926977401397778067e+01
8.573541175049471349e+03 9.142281112991506120e+01
8.573741089734334309e+03 1.028050508283648981e+02
8.573941004419199089e+03 1.031413307797765384e+02
8.574140919104060231e+03 9.379324499938222459e+01
8.574340833788925011e+03 1.041692074543383910e+02
8.574540748473789790e+03 9.610948417149343470e+01
8.574740663158652751e+03 1.025300652794030896e+02
8.574940577843515712e+03 1.052729562575018178e+02
8.575140492528376853e+03 9.730378950941127414e+01
8.575340407213241633e+03 9.789883183057224869e+01
8.575540321898104594e+03 9.357448782850671876e+01
8.575740236582967555e+03 1.030570167001837945e+02
8.575940151267832334e+03 9.295012465656736822e+01
8.576140065952695295e+03 1.088548854725404311e+02
8.576339980637558256e+03 9.796255965383562625e+01
8.576539895322423035e+03 1.005453403118709730e+02
8.576739810007284177e+03 9.930947721755038060e+01
8.576939724692148957e+03 1.026064254659510766e+02
8.577139639377010099e+03 9.724513058724707548e+01
8.577339554061874878e+03 1.039450079436943071e+02
8.577539468746739658e+03 9.737028426074233778e+01
8.577739383431602619e+03 9.957645637540282735e+01
8.577939298116465579e+03 9.670764944073646063e+01
8.578139212801328540e+03 1.020293511300671128e+02
8.578339127486193320e+03 9.991449910881704000e+01
8.578539042171054462e+03 1.097925455161442017e+02
8.578738956855917422e+03 1.014746099536313153e+02
8.578938871540782202e+03 9.724030568447790301e+01
8.579138786225645163e+03 9.533338474683468178e+01
8.579338700910508123e+03 9.864184878358007325e+01
8.579538615595372903e+03 1.050747679543017057e+02
8.579738530280235864e+03 9.770740721461494616e+01
8.579938444965100643e+03 9.539052286397715363e+01
8.580138359649959966e+03 9.590548410994499307e+01
8.580338274334824746e+03 1.024380783071507608e+02
8.580538189019689526e+03 9.796719843890089408e+01
8.580738103704550667e+03 9.320316910462761939e+01
8.580938018389415447e+03 1.002076223820765506e+02
8.581137933074278408e+03 9.995605871147398602e+01
8.581337847759143187e+03 1.003204719659977400e+02
8.581537762444006148e+03 9.921731611195856715e+01
8.581737677128869109e+03 1.063453769913539588e+02
8.581937591813732070e+03 1.019993999748976705e+02
8.582137506498595030e+03 9.482320257661720575e+01
8.582337421183457991e+03 1.031985048376665475e+02
8.582537335868322771e+03 9.920810998469534070e+01
8.582737250553185731e+03 1.117230315959276084e+02
8.582937165238050511e+03 9.923535874222859832e+01
8.583137079922911653e+03 9.445233023568633257e+01
8.583336994607776433e+03 9.461676119612374691e+01
8.583536909292639393e+03 1.067756293852767584e+02
8.583736823977500535e+03 1.112195094891695959e+02
8.583936738662365315e+03 1.029882325174532980e+02
8.584136653347228275e+03 9.568195337912135301e+01
8.584336568032093055e+03 9.891765709971089393e+01
8.584536482716956016e+03 1.040264267617088620e+02
8.584736397401818977e+03 9.989081228317421335e+01
8.584936312086683756e+03 1.036785426229992879e+02
8.585136226771546717e+03 1.041112845989466535e+02
8.585336141456407859e+03 9.808349564299304291e+01
8.585536056141272638e+03 1.002482436513128050e+02
8.585735970826135599e+03 9.535674770716298099e+01
8.585935885510998560e+03 9.874302910550366619e+01
8.586135800195861520e+03 1.001880543186975245e+02
8.586335714880726300e+03 9.350102847500932057e+01
8.586535629565591080e+03 1.037623481802143317e+02
8.586735544250452222e+03 9.481625348280287824e+01
8.586935458935315182e+03 1.004215899060888120e+02
8.587135373620178143e+03 9.869318965850484915e+01
8.587335288305042923e+03 1.032340357902471766e+02
8.587535202989905883e+03 9.733770211635162184e+01
8.587735117674768844e+03 1.004541906854367852e+02
8.587935032359633624e+03 1.012752290481950723e+02
8.588134947044496585e+03 1.019185307376450709e+02
8.588334861729359545e+03 9.426612320853483595e+01
8.588534776414222506e+03 9.924425206769168994e+01
8.588734691099085467e+03 9.786144989005262573e+01
8.588934605783948427e+03 9.063296257396240208e+01
8.589134520468811388e+03 9.441891774737804610e+01
8.589334435153676168e+03 9.441518556888973990e+01
8.589534349838540948e+03 9.627494932246560211e+01
8.589734264523402089e+03 1.004431006474717805e+02
8.589934179208266869e+03 9.620647599929993987e+01
8.590134093893129830e+03 1.019855716635696012e+02
8.590334008577992790e+03 9.972527140987170924e+01
8.590533923262855751e+03 1.004206625447991144e+02
8.590733837947718712e+03 9.937245902211913062e+01
8.590933752632583492e+03 9.821482273380455297e+01
8.591133667317444633e+03 9.885746770559761387e+01
8.591333582002309413e+03 1.051631146614944754e+02
8.591533496687174193e+03 9.984986551344611883e+01
8.591733411372037153e+03 1.018132088900007943e+02
8.591933326056898295e+03 9.671072848738303662e+01
8.592133240741761256e+03 9.607449220274513380e+01
8.592333155426626035e+03 9.697973844210326888e+01
8.592533070111490815e+03 9.516806844287042111e+01
8.592732984796351957e+03 1.002601633336531251e+02
8.592932899481216737e+03 9.595656274327012625e+01
8.593132814166079697e+03 1.005453503578553978e+02
8.593332728850942658e+03 9.776995307414402703e+01
8.593532643535807438e+03 9.664776860383183532e+01
8.593732558220668579e+03 9.634893649719373343e+01
8.593932472905533359e+03 1.048618541223051750e+02
8.594132387590394501e+03 9.677040507342235287e+01
8.594332302275259281e+03 9.910112360204134063e+01
8.594532216960124060e+03 9.588815214113098762e+01
8.594732131644987021e+03 9.509120320904504808e+01
8.594932046329849982e+03 9.304336992458200939e+01
8.595131961014712942e+03 9.504746482403410823e+01
8.595331875699575903e+03 9.524284412472722749e+01
8.595531790384440683e+03 1.088402004173149891e+02
8.595731705069301825e+03 9.846065394572340779e+01
8.595931619754166604e+03 1.024112741754142775e+02
8.596131534439029565e+03 9.636066464985408686e+01
8.596331449123892526e+03 9.074802491243919178e+01
8.596531363808757305e+03 1.014811852950202251e+02
8.596731278493620266e+03 9.658212840710460512e+01
8.596931193178485046e+03 9.685781602773667487e+01
8.597131107863344369e+03 9.770340518688790610e+01
8.597331022548209148e+03 1.013486685419582614e+02
8.597530937233073928e+03 1.009928131076156745e+02
8.597730851917936889e+03 1.001468730254402573e+02
8.597930766602799849e+03 9.971127337190280571e+01
8.598130681287662810e+03 1.016875543021612884e+02
8.598330595972527590e+03 1.007991463333729172e+02
8.598530510657390550e+03 1.031384149122960139e+02
8.598730425342251692e+03 1.069509434276068873e+02
8.598930340027116472e+03 9.990192067254371011e+01
8.599130254711979433e+03 1.082574085335590581e+02
8.599330169396842393e+03 1.086932577086169402e+02
8.599530084081707173e+03 9.789236370168833901e+01
8.599729998766570134e+03 9.987202417724284942e+01
8.599929913451434913e+03 9.790004332672307896e+01
8.600129828136296055e+03 9.611923085983450221e+01
8.600329742821160835e+03 1.124939500934489160e+02
8.600529657506023796e+03 1.005586274489094620e+02
8.600729572190886756e+03 8.905057673188386502e+01
8.600929486875749717e+03 9.693328451699794357e+01
8.601129401560612678e+03 1.034849401694578006e+02
8.601329316245477457e+03 9.703612095825472750e+01
8.601529230930340418e+03 1.039566244270235131e+02
8.601729145615203379e+03 9.970220753393432744e+01
8.601929060300068159e+03 9.977203479516161622e+01
8.602128974984929300e+03 1.065468656076995302e+02
8.602328889669792261e+03 9.180685878831005198e+01
8.602528804354657041e+03 1.029834321267355648e+02
8.602728719039520001e+03 1.034572514859650596e+02
8.602928633724384781e+03 9.725469789626778550e+01
8.603128548409245923e+03 1.065611597911234867e+02
8.603328463094110703e+03 9.441325490237427687e+01
8.603528377778975482e+03 9.552879798982493753e+01
8.603728292463834805e+03 1.008868048865441409e+02
8.603928207148699585e+03 1.032694845837782509e+02
8.604128121833562545e+03 1.053848655477788725e+02
8.604328036518427325e+03 9.569245077577801339e+01
8.604527951203290286e+03 9.319391322013244405e+01
8.604727865888153246e+03 1.050023243534303248e+02
8.604927780573018026e+03 9.249004793660212442e+01
8.605127695257880987e+03 1.017288332976443570e+02
8.605327609942743948e+03 9.919493570997464360e+01
8.605527524627606908e+03 8.939930216979149691e+01
8.605727439312469869e+03 9.895709427920435530e+01
8.605927353997334649e+03 1.024316598572568608e+02
8.606127268682195790e+03 1.025770248845025208e+02
8.606327183367060570e+03 1.034414944744383575e+02
8.606527098051925350e+03 1.025346368226282152e+02
8.606727012736786492e+03 9.860796436042132029e+01
8.606926927421651271e+03 9.949400219924045530e+01
8.607126842106512413e+03 1.002866307418986906e+02
8.607326756791377193e+03 9.877328529158300796e+01
8.607526671476240153e+03 1.000556095676292330e+02
8.607726586161103114e+03 9.873075810829683974e+01
8.607926500845967894e+03 9.851510866634427543e+01
8.608126415530830855e+03 9.216037415531913268e+01
8.608326330215693815e+03 9.645290270193387983e+01
8.608526244900558595e+03 9.691521730093147369e+01
8.608726159585421556e+03 1.020561020160775030e+02
8.608926074270282697e+03 1.091829017760735638e+02
8.609125988955145658e+03 1.055828519280418618e+02
8.609325903640010438e+03 1.065640366674429913e+02
8.609525818324875218e+03 8.753473692184364552e+01
8.609725733009736359e+03 9.298050601173294183e+01
8.609925647694601139e+03 9.741799847208372398e+01
8.610125562379464100e+03 9.555216260625140023e+01
8.610325477064328879e+03 1.005782110317319251e+02
8.610525391749190021e+03 1.056243155991804628e+02
8.610725306434052982e+03 1.046382030144957156e+02
8.610925221118917761e+03 1.014049734921710382e+02
8.611125135803780722e+03 1.001015927137882784e+02
8.611325050488643683e+03 9.447196315187325411e+01
8.611524965173508463e+03 9.767483830323457994e+01
8.611724879858371423e+03 1.037809161751812468e+02
8.611924794543234384e+03 9.585225375641850576e+01
8.612124709228097345e+03 1.026098970261461716e+02
8.612324623912960305e+03 1.017783252297427907e+02
8.612524538597825085e+03 9.867883391123517356e+01
8.612724453282686227e+03 9.564417302259852249e+01
8.612924367967551007e+03 1.025454891402201270e+02
8.613124282652413967e+03 9.442229632908018289e+01
8.613324197337278747e+03 1.037356716378642858e+02
8.613524112022141708e+03 9.679548800839498313e+01
8.613724026707004668e+03 8.886052038361758321e+01
8.613923941391867629e+03 9.690178167410060439e+01
8.614123856076728771e+03 1.030010556307520346e+02
8.614323770761593551e+03 1.055335179194688635e+02
8.614523685446458330e+03 9.680552804046840265e+01
8.614723600131321291e+03 1.034133694035582209e+02
8.614923514816184252e+03 9.941064329137144284e+01
8.615123429501047212e+03 9.805323183712185653e+01
8.615323344185911992e+03 1.033522047256143992e+02
8.615523258870776772e+03 9.917476753140239509e+01
8.615723173555636095e+03 1.079028446968292201e+02
8.615923088240500874e+03 9.747002605481722526e+01
8.616123002925363835e+03 1.026682093796072479e+02
8.616322917610226796e+03 9.617951755824867632e+01
8.616522832295091575e+03 9.781659734883645285e+01
8.616722746979954536e+03 1.030694004882517021e+02
8.616922661664819316e+03 9.768162548230183972e+01
8.617122576349680457e+03 1.001070635727163562e+02
8.617322491034543418e+03 9.647218647164181959e+01
8.617522405719408198e+03 9.449326677258511609e+01
8.617722320404271159e+03 9.247132485307524519e+01
8.617922235089134119e+03 9.972686847023008738e+01
8.618122149773997080e+03 1.017437192188751567e+02
8.618322064458861860e+03 1.010739180443646745e+02
8.618521979143726639e+03 9.810588873626920758e+01
8.618721893828587781e+03 1.062956286158288179e+02
8.618921808513450742e+03 9.656518810302370071e+01
8.619121723198313703e+03 9.519350215875792287e+01
8.619321637883176663e+03 1.025262708064682613e+02
8.619521552568041443e+03 9.945136725483520479e+01
8.619721467252904404e+03 9.875110793155063504e+01
8.619921381937769183e+03 1.037547131978112418e+02
8.620121296622630325e+03 1.062795266937750824e+02
8.620321211307495105e+03 1.040161767819834608e+02
8.620521125992359885e+03 1.054836402368051864e+02
8.620721040677221026e+03 1.032842964266936860e+02
8.620920955362083987e+03 1.010936754359088496e+02
8.621120870046946948e+03 1.033064665300730240e+02
8.621320784731811727e+03 1.072465285926350020e+02
8.621520699416674688e+03 9.681285495628134186e+01
8.621720614101537649e+03 1.099799522553197022e+02
8.621920528786402429e+03 1.038365167415093566e+02
8.622120443471265389e+03 1.016600961730249395e+02
8.622320358156126531e+03 9.824441076875390877e+01
8.622520272840991311e+03 1.123571989433560958e+02
8.622720187525854271e+03 9.904035038659449697e+01
8.622920102210719051e+03 9.860849399449736552e+01
8.623120016895580193e+03 9.799852465845243898e+01
8.623319931580444972e+03 1.027327491165964517e+02
8.623519846265309752e+03 1.012062759299755044e+02
8.623719760950172713e+03 1.055299102564631823e+02
8.623919675635035674e+03 1.026260215638150726e+02
8.624119590319896815e+03 9.606926129477990628e+01
8.624319505004761595e+03 1.024640976699910340e+02
8.624519419689624556e+03 9.853094368283322524e+01
8.624719334374487516e+03 1.057767770751819540e+02
8.624919249059352296e+03 9.589595325297047168e+01
8.625119163744215257e+03 9.965987033664325168e+01
8.625319078429078218e+03 9.146153796148519177e+01
8.625518993113942997e+03 1.001566475353716754e+02
8.625718907798804139e+03 9.772891913514658313e+01
8.625918822483668919e+03 9.838807453714308338e+01
8.626118737168530060e+03 1.022015905122907355e+02
8.626318651853394840e+03 1.017401086276790636e+02
8.626518566538259620e+03 9.076338797250994617e+01
8.626718481223120762e+03 9.379300293822480228e+01
8.626918395907985541e+03 9.872606613084253979e+01
8.627118310592848502e+03 9.635886419158300953e+01
8.627318225277713282e+03 1.100557879178597034e+02
8.627518139962574423e+03 9.611828176282790537e+01
8.627718054647437384e+03 1.030591466106700125e+02
8.627917969332302164e+03 9.953984530126190577e+01
8.628117884017165125e+03 1.019294078485862087e+02
8.628317798702028085e+03 9.280000986806011554e+01
8.628517713386892865e+03 1.082249567647425863e+02
8.628717628071755826e+03 1.019523912227469538e+02
8.628917542756620605e+03 9.833909962420985096e+01
8.629117457441479928e+03 1.044168813921300369e+02
8.629317372126344708e+03 1.050017161622280781e+02
8.629517286811209487e+03 9.976859859553032095e+01
8.629717201496070629e+03 9.974354542178302552e+01
8.629917116180935409e+03 1.011625684490262245e+02
8.630117030865798370e+03 9.663795495646596123e+01
8.630316945550663149e+03 9.706341735089759482e+01
8.630516860235526110e+03 9.878296713197170220e+01
8.630716774920389071e+03 9.886679090848782891e+01
8.630916689605252031e+03 1.007051560459436672e+02
8.631116604290114992e+03 9.309518027295679587e+01
8.631316518974977953e+03 1.023091543157942596e+02
8.631516433659842733e+03 1.037636233263992835e+02
8.631716348344705693e+03 1.020249418445340979e+02
8.631916263029568654e+03 9.949189073024365371e+01
8.632116177714431615e+03 1.090611557072062112e+02
8.632316092399296394e+03 9.547716444349380538e+01
8.632516007084159355e+03 9.802354408663522634e+01
8.632715921769020497e+03 9.929095585957112746e+01
8.632915836453885277e+03 1.020540445922445798e+02
8.633115751138748237e+03 1.021473190195493288e+02
8.633315665823613017e+03 1.028277353935567788e+02
8.633515580508475978e+03 1.052688018608287166e+02
8.633715495193338938e+03 9.868675510220920444e+01
8.633915409878203718e+03 9.968629103226909649e+01
8.634115324563064860e+03 1.060022908732378539e+02
8.634315239247927821e+03 1.025777784979200504e+02
8.634515153932792600e+03 9.670650036855654719e+01
8.634715068617655561e+03 1.008050500096731952e+02
8.634914983302518522e+03 9.819018068081317097e+01
8.635114897987381482e+03 9.707617667812127138e+01
8.635314812672246262e+03 1.021820788753746569e+02
8.635514727357111042e+03 9.798852197795349639e+01
8.635714642041972184e+03 1.001958003215367228e+02
8.635914556726835144e+03 1.080924506537449190e+02
8.636114471411698105e+03 1.014559969798502550e+02
8.636314386096562885e+03 9.595168964004230361e+01
8.636514300781425845e+03 1.032510718320663443e+02
8.636714215466288806e+03 9.880552752730974930e+01
8.636914130151153586e+03 9.554155183609188384e+01
8.637114044836014727e+03 1.025295563811731512e+02
8.637313959520879507e+03 9.878253074002999767e+01
8.637513874205742468e+03 1.015540076927001678e+02
8.637713788890605429e+03 9.331844578283080693e+01
8.637913703575468389e+03 9.534709114515874262e+01
8.638113618260331350e+03 1.051516718741426786e+02
8.638313532945196130e+03 9.975573760756208230e+01
8.638513447630060909e+03 1.023374657814188708e+02
8.638713362314922051e+03 1.023154900887372492e+02
8.638913276999786831e+03 9.723652310947521471e+01
8.639113191684649792e+03 1.037602063241527617e+02
8.639313106369510933e+03 9.436215327178362600e+01
8.639513021054375713e+03 1.087564391031532125e+02
8.639712935739238674e+03 9.734814874527539530e+01
8.639912850424103453e+03 1.034705724334905028e+02
8.640112765108964595e+03 9.329720784157424873e+01
8.640312679793829375e+03 1.060064568360653539e+02
8.640512594478694155e+03 1.056520715310931138e+02
8.640712509163557115e+03 9.781379629041200019e+01
8.640912423848418257e+03 9.829097775009657312e+01
8.641112338533281218e+03 1.022049029350441884e+02
8.641312253218145997e+03 1.035821960609989105e+02
8.641512167903010777e+03 1.054842346788067857e+02
8.641712082587871919e+03 9.866509286364212983e+01
8.641911997272736699e+03 9.551043266660308007e+01
8.642111911957599659e+03 9.649656928557187996e+01
8.642311826642462620e+03 1.018398021948960093e+02
8.642511741327327400e+03 1.016543630197586907e+02
8.642711656012188541e+03 1.033165062189939505e+02
8.642911570697053321e+03 1.053989107392260820e+02
8.643111485381914463e+03 9.136763816578994124e+01
8.643311400066779242e+03 1.078985427525878151e+02
8.643511314751644022e+03 9.465266469201385746e+01
8.643711229436506983e+03 1.082814725815454722e+02
8.643911144121369944e+03 9.780410032634488005e+01
8.644111058806232904e+03 1.034708133539404145e+02
8.644310973491095865e+03 1.096996755028159924e+02
8.644510888175958826e+03 9.994322331603353859e+01
8.644710802860821786e+03 1.032797119771674659e+02
8.644910717545686566e+03 1.046331168985504974e+02
8.645110632230549527e+03 1.083608146165644541e+02
8.645310546915412488e+03 8.980827473968288643e+01
8.645510461600277267e+03 9.978868095757825074e+01
8.645710376285140228e+03 1.058834311316345662e+02
8.645910290970003189e+03 9.579399212099581007e+01
8.646110205654864330e+03 1.031997264613274154e+02
8.646310120339729110e+03 1.027824112376555803e+02
8.646510035024593890e+03 1.074334948966791075e+02
8.646709949709456851e+03 9.968706478965867746e+01
8.646909864394319811e+03 9.401197583291799731e+01
8.647109779079182772e+03 9.251266326749183122e+01
8.647309693764047552e+03 9.992153668706281167e+01
8.647509608448910512e+03 9.368218239653067769e+01
8.647709523133771654e+03 1.016481243854182281e+02
8.647909437818636434e+03 9.533172513549035898e+01
8.648109352503499395e+03 9.522548936573301148e+01
8.648309267188362355e+03 1.085605089733621043e+02
8.648509181873227135e+03 1.043955585124236620e+02
8.648709096558090096e+03 1.010272076849818177e+02
8.648909011242954875e+03 8.697849093868818215e+01
8.649108925927816017e+03 1.035042991530693826e+02
8.649308840612678978e+03 9.610087624108943771e+01
8.649508755297543757e+03 9.698777935549345841e+01
8.649708669982404899e+03 1.006158326688930487e+02
8.649908584667269679e+03 1.006352415902590991e+02
8.650108499352132640e+03 9.917719155872535453e+01
8.650308414036997419e+03 1.077827312229611465e+02
8.650508328721860380e+03 9.315849518926142991e+01
8.650708243406723341e+03 9.799731717864131042e+01
8.650908158091588120e+03 1.008386522362949194e+02
8.651108072776449262e+03 1.018018401581607009e+02
8.651307987461312223e+03 9.422941946705483929e+01
8.651507902146177003e+03 1.026658327435134339e+02
8.651707816831039963e+03 1.037887730523516012e+02
8.651907731515904743e+03 1.054444855465021931e+02
8.652107646200765885e+03 9.430390561066039368e+01
8.652307560885630664e+03 9.656749243639424662e+01
8.652507475570495444e+03 1.078619882358663773e+02
8.652707390255354767e+03 9.706122867253596098e+01
8.652907304940219547e+03 9.695856038642035912e+01
8.653107219625082507e+03 1.015828829640417155e+02
8.653307134309947287e+03 9.279220315286060838e+01
8.653507048994810248e+03 9.666474197898340037e+01
8.653706963679673208e+03 9.150470074948493959e+01
8.653906878364537988e+03 9.756632174377551792e+01
8.654106793049400949e+03 9.944859815529659386e+01
8.654306707734263910e+03 1.000336434895365585e+02
8.654506622419126870e+03 9.709266098728664929e+01
8.654706537103989831e+03 1.007832480499576633e+02
8.654906451788852792e+03 9.218424120210427475e+01
8.655106366473715752e+03 1.021304811494022999e+02
8.655306281158580532e+03 9.348342831473446779e+01
8.655506195843445312e+03 9.147353070844630452e+01
8.655706110528306453e+03 9.513616889028445200e+01
8.655906025213171233e+03 9.497776880963574797e+01
8.656105939898032375e+03 9.604979931953624828e+01
8.656305854582897155e+03 9.022768859179127787e+01
8.656505769267760115e+03 9.387024141387968257e+01
8.656705683952623076e+03 9.839694367102731576e+01
8.656905598637487856e+03 8.579776014915178450e+01
8.657105513322350816e+03 7.901983563520057885e+01
8.657305428007213777e+03 8.368840898146045504e+01
8.657505342692078557e+03 7.269156742353237632e+01
8.657705257376941518e+03 6.631752376207840882e+01
8.657905172061802659e+03 5.910113581400572969e+01
8.658105086746665620e+03 5.144383483217556829e+01
8.658305001431530400e+03 4.901862385349488704e+01
8.658504916116395179e+03 4.938302814262586082e+01
8.658704830801256321e+03 4.670333591460024536e+01
8.658904745486121101e+03 5.636446692995488661e+01
8.659104660170984062e+03 6.791299141031161923e+01
8.659304574855848841e+03 7.151112333162768664e+01
8.659504489540709983e+03 6.746141885868226495e+01
8.659704404225572944e+03 8.278241435595680286e+01
8.659904318910437723e+03 9.039311151628329810e+01
8.660104233595298865e+03 8.164559304168112419e+01
8.660304148280163645e+03 8.084803497064693545e+01
8.660504062965028425e+03 8.712906250654175722e+01
8.660703977649891385e+03 8.560525270779730533e+01
8.660903892334754346e+03 8.314205191808321160e+01
8.661103807019615488e+03 8.877477596096201751e+01
8.661303721704480267e+03 9.115635097163178102e+01
8.661503636389345047e+03 9.102337831049688077e+01
8.661703551074206189e+03 9.336442909668217283e+01
8.661903465759070968e+03 9.332759757927932753e+01
8.662103380443933929e+03 9.634630651312332361e+01
8.662303295128796890e+03 9.457042862939879058e+01
8.662503209813661670e+03 8.934137692895737359e+01
8.662703124498524630e+03 1.033119818296881220e+02
8.662903039183387591e+03 8.965265107704988168e+01
8.663102953868248733e+03 1.012986395913382438e+02
8.663302868553113512e+03 9.891811239231633124e+01
8.663502783237978292e+03 1.015057680164466518e+02
8.663702697922841253e+03 9.922900858080932096e+01
8.663902612607704214e+03 9.786585395744876337e+01
8.664102527292567174e+03 9.369268996379022951e+01
8.664302441977431954e+03 1.029765686764041988e+02
8.664502356662294915e+03 1.022472303597709953e+02
8.664702271347156056e+03 1.020822745654954531e+02
8.664902186032020836e+03 9.565687178015789982e+01
8.665102100716883797e+03 1.010374224720500962e+02
8.665302015401746758e+03 9.910593747155728295e+01
8.665501930086611537e+03 9.439675414805044795e+01
8.665701844771474498e+03 9.933349555247504270e+01
8.665901759456339278e+03 9.560967785291376231e+01
8.666101674141200419e+03 9.552342543717392687e+01
8.666301588826063380e+03 9.753635150577242996e+01
8.666501503510928160e+03 9.481329733752163236e+01
8.666701418195791121e+03 1.057604448713893532e+02
8.666901332880654081e+03 1.039461805505123522e+02
8.667101247565517042e+03 9.330428028431107634e+01
8.667301162250381822e+03 1.029264247811961610e+02
8.667501076935244782e+03 1.043235180373044813e+02
8.667700991620107743e+03 1.039724066023802180e+02
8.667900906304970704e+03 1.062656167856519573e+02
8.668100820989833664e+03 9.656229120268058352e+01
8.668300735674696625e+03 9.712290232528144429e+01
8.668500650359561405e+03 9.911906488915893476e+01
8.668700565044424366e+03 1.009939110930983048e+02
8.668900479729289145e+03 9.768591862254321256e+01
8.669100394414150287e+03 1.059318027337593122e+02
8.669300309099015067e+03 9.779085785013175780e+01
8.669500223783879846e+03 9.933418003472928604e+01
8.669700138468740988e+03 9.314622943916377551e+01
8.669900053153603949e+03 9.927213659793942213e+01
8.670099967838466910e+03 8.820214241169550462e+01
8.670299882523331689e+03 9.098938322602798223e+01
8.670499797208194650e+03 8.581384184787863489e+01
8.670699711893057611e+03 9.956899473286256352e+01
8.670899626577922390e+03 9.140297607179132910e+01
8.671099541262785351e+03 9.821220900544773258e+01
8.671299455947646493e+03 9.318532112603077167e+01
8.671499370632511273e+03 1.005925915628580469e+02
8.671699285317374233e+03 9.372273696393824594e+01
8.671899200002239013e+03 9.660104148396156631e+01
8.672099114687100155e+03 9.399846950875408425e+01
8.672299029371964934e+03 9.229833242015163819e+01
8.672498944056829714e+03 9.971997938320963328e+01
8.672698858741690856e+03 9.014446710726974743e+01
8.672898773426555636e+03 9.182039420495016202e+01
8.673098688111416777e+03 9.477071200835833054e+01
8.673298602796281557e+03 9.577832280204344784e+01
8.673498517481144518e+03 9.768423391468807893e+01
8.673698432166007478e+03 1.052016445811252225e+02
8.673898346850872258e+03 1.013337885255009070e+02
8.674098261535735219e+03 9.819726986587701845e+01
8.674298176220598179e+03 9.864496376322536264e+01
8.674498090905462959e+03 9.745997135419904112e+01
8.674698005590324101e+03 9.368604479816610819e+01
8.674897920275188881e+03 9.474641994530755085e+01
8.675097834960050022e+03 9.667944292430783548e+01
8.675297749644914802e+03 9.616922525747187933e+01
8.675497664329779582e+03 1.009427498888338874e+02
8.675697579014640723e+03 1.007022212631985241e+02
8.675897493699505503e+03 1.048426303849687855e+02
8.676097408384368464e+03 9.801234548459723328e+01
8.676297323069231425e+03 1.001102718344131972e+02
8.676497237754094385e+03 9.661036478352934864e+01
8.676697152438957346e+03 1.022154328806451815e+02
8.676897067123822126e+03 1.031117500617941403e+02
8.677096981808685086e+03 9.885269971800808264e+01
8.677296896493548047e+03 1.002059928739948873e+02
8.677496811178412827e+03 1.022490929022746400e+02
8.677696725863275788e+03 1.025253451073984650e+02
8.677896640548138748e+03 9.194248503133414374e+01
8.678096555232999890e+03 9.650499560283806488e+01
8.678296469917864670e+03 9.760160088438546211e+01
8.678496384602729449e+03 1.031410841776233269e+02
8.678696299287590591e+03 1.044547168243351649e+02
8.678896213972455371e+03 9.437109508289913151e+01
8.679096128657318332e+03 1.018838615720794820e+02
8.679296043342183111e+03 9.425176967029457842e+01
8.679495958027046072e+03 1.009875793914722806e+02
8.679695872711907214e+03 8.808368008157206930e+01
8.679895787396771993e+03 1.054606402605939479e+02
8.680095702081634954e+03 9.743654992203197196e+01
8.680295616766497915e+03 9.838477376966554289e+01
8.680495531451362694e+03 1.057357844944488221e+02
8.680695446136225655e+03 1.063637139001812670e+02
8.680895360821088616e+03 1.017517990332090960e+02
8.681095275505951577e+03 1.053036644180173198e+02
8.681295190190816356e+03 9.647220324604208486e+01
8.681495104875679317e+03 9.424096157242323102e+01
8.681695019560540459e+03 1.045321715953116808e+02
8.681894934245405238e+03 9.455535022464940198e+01
8.682094848930268199e+03 1.028961276441471711e+02
8.682294763615132979e+03 9.434656946535079669e+01
8.682494678299995940e+03 1.053053460781007544e+02
8.682694592984858900e+03 8.738966239173093697e+01
8.682894507669723680e+03 9.491322372732589940e+01
8.683094422354583003e+03 1.019371439069912526e+02
8.683294337039447782e+03 9.672044601209874770e+01
8.683494251724312562e+03 9.604703406134871102e+01
8.683694166409175523e+03 9.932035973651116478e+01
8.683894081094038484e+03 8.823497230170525540e+01
8.684093995778901444e+03 1.078271516517423549e+02
8.684293910463766224e+03 9.102872811665669417e+01
8.684493825148631004e+03 9.374730588611892301e+01
8.684693739833492145e+03 9.445373857000218720e+01
8.684893654518355106e+03 9.820154732248622054e+01
8.685093569203218067e+03 8.592261044097368483e+01
8.685293483888082847e+03 8.960002503972417287e+01
8.685493398572945807e+03 9.721000764005326289e+01
8.685693313257808768e+03 1.009671198589952326e+02
8.685893227942673548e+03 1.049151586756446761e+02
8.686093142627534689e+03 9.931207404032602426e+01
8.686293057312399469e+03 1.001187852678756087e+02
8.686492971997262430e+03 9.887230332915706299e+01
8.686692886682125391e+03 9.886826582660498275e+01
8.686892801366988351e+03 9.301241257215806968e+01
8.687092716051851312e+03 9.894730441561030432e+01
8.687292630736716092e+03 1.029404617824020676e+02
8.687492545421580871e+03 9.763477255589963022e+01
8.687692460106442013e+03 1.025181007230008561e+02
8.687892374791306793e+03 1.106121847498326929e+02
8.688092289476169753e+03 9.688260115377812554e+01
8.688292204161030895e+03 9.521879982380576735e+01
8.688492118845895675e+03 9.511353615466703104e+01
8.688692033530758636e+03 1.011968571867456177e+02
8.688891948215623415e+03 1.022403005567585268e+02
8.689091862900484557e+03 1.030483659494961302e+02
8.689291777585349337e+03 1.055968827521743947e+02
8.689491692270214116e+03 9.810019169827995711e+01
8.689691606955077077e+03 1.003858120388290445e+02
8.689891521639938219e+03 1.080804491275746244e+02
8.690091436324801180e+03 1.013299261417877801e+02
8.690291351009665959e+03 1.037686672746520600e+02
8.690491265694528920e+03 9.772008016887474469e+01
8.690691180379391881e+03 9.925462440240366391e+01
8.690891095064256660e+03 1.020925190844080106e+02
8.691091009749119621e+03 9.841981177337767406e+01
8.691290924433982582e+03 9.925108023045760319e+01
8.691490839118845543e+03 1.037372126226157434e+02
8.691690753803708503e+03 1.025405070330813970e+02
8.691890668488573283e+03 9.608743734496560762e+01
8.692090583173434425e+03 9.913808303283239809e+01
8.692290497858299204e+03 1.038141007010937500e+02
8.692490412543163984e+03 1.051129857936939516e+02
8.692690327228026945e+03 9.495876707504680780e+01
8.692890241912889906e+03 9.618560760028067591e+01
8.693090156597752866e+03 9.702596965268077156e+01
8.693290071282615827e+03 9.853424622509854203e+01
8.693489985967478788e+03 9.885475978802251973e+01
8.693689900652341748e+03 1.010425671557066494e+02
8.693889815337206528e+03 9.529934845853193792e+01
8.694089730022069489e+03 9.566599411340445158e+01
8.694289644706932449e+03 1.019703174747390477e+02
8.694489559391797229e+03 1.000938098903431666e+02
8.694689474076660190e+03 9.854018001111094804e+01
8.694889388761523151e+03 8.907558615639703703e+01
8.695089303446384292e+03 9.653030250672193802e+01
8.695289218131249072e+03 9.846474840260806616e+01
8.695489132816113852e+03 1.035544426756024876e+02
8.695689047500974993e+03 9.905333662266168915e+01
8.695888962185839773e+03 1.015873111590850613e+02
8.696088876870702734e+03 1.052635301964996017e+02
8.696288791555567514e+03 9.890463543792347423e+01
8.696488706240430474e+03 1.013222519715375114e+02
8.696688620925291616e+03 9.985916387079919332e+01
8.696888535610156396e+03 1.021094724469822097e+02
8.697088450295019356e+03 9.980578463196864902e+01
8.697288364979882317e+03 9.715698065827518803e+01
8.697488279664747097e+03 9.261884344398896474e+01
8.697688194349610058e+03 1.080542302264424563e+02
8.697888109034474837e+03 9.336732039551095852e+01
8.698088023719335979e+03 9.915754313005996323e+01
8.698287938404198940e+03 1.060073015630978404e+02
8.698487853089063719e+03 1.004847516957869544e+02
8.698687767773924861e+03 9.533188899219186396e+01
8.698887682458789641e+03 1.009125779918486927e+02
8.699087597143652602e+03 9.835595293007153828e+01
8.699287511828517381e+03 1.035490629854002691e+02
8.699487426513380342e+03 9.827316952777754011e+01
8.699687341198243303e+03 1.029978120425053447e+02
8.699887255883108082e+03 9.559994783909431249e+01
8.700087170567969224e+03 9.665024799819816792e+01
8.700287085252832185e+03 1.011653858882640975e+02
8.700486999937696964e+03 1.041523229537224040e+02
8.700686914622559925e+03 9.564428224188478112e+01
8.700886829307422886e+03 9.828008246731285169e+01
8.701086743992285847e+03 9.970919058205703323e+01
8.701286658677150626e+03 9.883898400559614572e+01
8.701486573362015406e+03 1.020705190769807302e+02
8.701686488046874729e+03 9.967839603816153726e+01
8.701886402731739508e+03 1.088772359187426702e+02
8.702086317416602469e+03 1.011589257988484150e+02
8.702286232101467249e+03 1.014661912327635349e+02
8.702486146786330210e+03 9.394259577223456859e+01
8.702686061471193170e+03 1.000682317850421725e+02
8.702885976156057950e+03 9.434548701241135404e+01
8.703085890840920911e+03 1.069694435546924609e+02
8.703285805525783871e+03 9.034262923429260184e+01
8.703485720210646832e+03 9.989250091589094893e+01
8.703685634895509793e+03 9.785762608148684194e+01
8.703885549580372754e+03 9.701412226680963613e+01
8.704085464265235714e+03 1.037978291247290485e+02
8.704285378950100494e+03 1.023189770487566648e+02
8.704485293634965274e+03 9.307067299070951094e+01
8.704685208319826415e+03 9.301852250315688764e+01
8.704885123004691195e+03 1.066115286984395567e+02
8.705085037689552337e+03 1.041269851524391186e+02
8.705284952374417117e+03 9.925822602150503826e+01
8.705484867059280077e+03 1.057021482219599875e+02
8.705684781744143038e+03 1.090337983398928401e+02
8.705884696429007818e+03 9.266050488074884584e+01
8.706084611113868959e+03 9.940822570062110231e+01
8.706284525798733739e+03 1.079488709781523141e+02
8.706484440483598519e+03 9.954479971786412307e+01
8.706684355168459660e+03 1.001229251543957446e+02
8.706884269853322621e+03 9.262318507503610476e+01
8.707084184538185582e+03 9.378097556719336580e+01
8.707284099223050362e+03 1.005647662195341070e+02
8.707484013907915141e+03 1.047944176258226605e+02
8.707683928592776283e+03 1.066915929189883627e+02
8.707883843277641063e+03 9.796890008118418791e+01
8.708083757962504023e+03 9.648277229806858202e+01
8.708283672647368803e+03 1.031537709800768710e+02
8.708483587332229945e+03 1.064450056106894777e+02
8.708683502017092906e+03 1.034366833372601207e+02
8.708883416701957685e+03 9.803718376435568871e+01
8.709083331386818827e+03 9.725118317680748703e+01
8.709283246071683607e+03 1.033911037027714883e+02
8.709483160756548386e+03 1.005716702981915347e+02
8.709683075441411347e+03 1.045158469583070371e+02
8.709882990126274308e+03 1.024444879536170703e+02
8.710082904811135450e+03 9.019300800000848994e+01
8.710282819496000229e+03 9.795217106576890842e+01
8.710482734180865009e+03 1.012319774571582371e+02
8.710682648865726151e+03 9.678748355456662011e+01
8.710882563550590930e+03 1.058195889385994946e+02
8.711082478235453891e+03 1.012007878011739876e+02
8.711282392920316852e+03 1.013859772196726112e+02
8.711482307605181632e+03 9.879525061123936780e+01
8.711682222290044592e+03 1.085316964556503905e+02
8.711882136974907553e+03 1.002166399114300930e+02
8.712082051659768695e+03 1.034628172005060520e+02
8.712281966344633474e+03 9.790969832154922869e+01
8.712481881029498254e+03 9.842744370529077003e+01
8.712681795714361215e+03 9.869127118912854257e+01
8.712881710399224175e+03 9.351068846736504270e+01
8.713081625084087136e+03 9.761701109898609729e+01
8.713281539768951916e+03 9.151309879400631075e+01
8.713481454453813058e+03 9.895720835744783983e+01
8.713681369138676018e+03 1.027489335925955771e+02
8.713881283823540798e+03 1.038840340271491840e+02
8.714081198508403759e+03 9.769036635383245937e+01
8.714281113193266719e+03 9.736921678718790929e+01
8.714481027878131499e+03 1.004590430149275164e+02
8.714680942562994460e+03 1.107861487070155277e+02
8.714880857247859240e+03 1.062322123215576255e+02
8.715080771932720381e+03 9.242940308123108650e+01
8.715280686617583342e+03 1.049366597141250281e+02
8.715480601302448122e+03 1.027432366921414228e+02
8.715680515987311082e+03 1.024183854788340682e+02
8.715880430672174043e+03 1.015993887078974467e+02
8.716080345357037004e+03 1.130109398813800112e+02
8.716280260041901784e+03 9.801818518589135465e+01
8.716480174726764744e+03 1.063249027039533559e+02
8.716680089411627705e+03 1.029328974278624997e+02
8.716880004096490666e+03 1.010381603585711616e+02
8.717079918781353626e+03 1.032215059783090396e+02
8.717279833466216587e+03 1.010893105595242218e+02
8.717479748151081367e+03 1.063457216583523746e+02
8.717679662835944328e+03 1.028146442749738725e+02
8.717879577520809107e+03 1.011961805732818220e+02
8.718079492205670249e+03 1.056319129299909605e+02
8.718279406890535029e+03 9.541701210534634470e+01
8.718479321575399808e+03 1.048921552167942792e+02
8.718679236260259131e+03 1.021767751506575195e+02
8.718879150945123911e+03 1.045062090184837160e+02
8.719079065629986871e+03 9.345870222271250327e+01
8.719278980314851651e+03 9.067820107464906698e+01
8.719478894999714612e+03 1.059757145593089405e+02
8.719678809684577573e+03 1.093903370582924452e+02
8.719878724369442352e+03 1.066185571340386673e+02
8.720078639054305313e+03 9.803987669169862329e+01
8.720278553739166455e+03 9.707338938163007924e+01
8.720478468424031234e+03 1.016107491476076490e+02
8.720678383108894195e+03 9.567267837729603741e+01
8.720878297793758975e+03 9.895398485185874904e+01
8.721078212478620117e+03 8.981556511296004430e+01
8.721278127163484896e+03 1.043812912614837956e+02
8.721478041848349676e+03 9.503515650177180873e+01
8.721677956533210818e+03 9.800426446970216432e+01
8.721877871218073778e+03 9.923339617339509289e+01
8.722077785902936739e+03 1.020181713598882851e+02
8.722277700587801519e+03 9.294456240295764360e+01
8.722477615272664480e+03 1.012030392608026688e+02
8.722677529957527440e+03 9.758752011843769480e+01
8.722877444642392220e+03 1.022070864674181365e+02
8.723077359327255181e+03 1.061242924908635104e+02
8.723277274012118141e+03 1.096193168102792157e+02
8.723477188696982921e+03 9.014827617857753239e+01
8.723677103381844063e+03 1.029834577840529022e+02
8.723877018066707024e+03 9.858189619722749342e+01
8.724076932751569984e+03 1.057592497509593699e+02
8.724276847436434764e+03 1.002024699170595881e+02
8.724476762121299544e+03 9.859963928562724789e+01
8.724676676806160685e+03 9.914654867419328355e+01
8.724876591491025465e+03 1.001362535682553130e+02
8.725076506175888426e+03 9.391462424597321501e+01
8.725276420860751386e+03 1.043308560563257004e+02
8.725476335545614347e+03 9.372051348445604901e+01
8.725676250230477308e+03 9.538809063607274652e+01
8.725876164915342088e+03 1.021702364187371757e+02
8.726076079600205048e+03 9.960867147267033772e+01
8.726275994285068009e+03 9.738417095089478437e+01
