8.482261634924863756e+03 1.001762550776039973e+02
8.482461688265309931e+03 9.807069672187590470e+01
8.482661741605756106e+03 9.895809820595792416e+01
8.482861794946202281e+03 1.008791008025553992e+02
8.483061848286648456e+03 1.000309461865026037e+02
8.483261901627094630e+03 9.945166126023863740e+01
8.483461954967542624e+03 9.840119915817668073e+01
8.483662008307986980e+03 9.798621783627127968e+01
8.483862061648433155e+03 9.477099581011148643e+01
8.484062114988879330e+03 9.441625238069133275e+01
8.484262168329325505e+03 9.037333077092601741e+01
8.484462221669773498e+03 9.484507305361383089e+01
8.484662275010217854e+03 9.199363726317344003e+01
8.484862328350665848e+03 9.885000262683885808e+01
8.485062381691112023e+03 9.799897337099478989e+01
8.485262435031558198e+03 1.003297818825449070e+02
8.485462488372006192e+03 9.822831439419144317e+01
8.485662541712450547e+03 9.938553071814216366e+01
8.485862595052898541e+03 9.983519598475746193e+01
8.486062648393342897e+03 1.013914746710851489e+02
8.486262701733789072e+03 9.901828974928375260e+01
8.486462755074237066e+03 1.003712366212121054e+02
8.486662808414681422e+03 1.007463390859877279e+02
8.486862861755129416e+03 9.840092181064228782e+01
8.487062915095573771e+03 1.000401148083617926e+02
8.487262968436019946e+03 9.793831691150957397e+01
8.487463021776469759e+03 9.978639642583907232e+01
8.487663075116914115e+03 9.779562900569804640e+01
8.487863128457362109e+03 9.965024483306038405e+01
8.488063181797806465e+03 9.966043811343395475e+01
8.488263235138254458e+03 1.014201793347246792e+02
8.488463288478700633e+03 9.699449559128815679e+01
8.488663341819144989e+03 9.918741604064665296e+01
8.488863395159592983e+03 9.888636630314512388e+01
8.489063448500037339e+03 9.971321138268814366e+01
8.489263501840485333e+03 9.966812336581025988e+01
8.489463555180931507e+03 9.958169380558248918e+01
8.489663608521375863e+03 9.855984343308880113e+01
8.489863661861823857e+03 1.010579209001459162e+02
8.490063715202268213e+03 1.003625025122078114e+02
8.490263768542718026e+03 1.000781147247124210e+02
8.490463821883164201e+03 1.004426300740837377e+02
8.490663875223610376e+03 9.989553348667297428e+01
8.490863928564056550e+03 9.994030039936370713e+01
8.491063981904500906e+03 1.008811696958759825e+02
8.491264035244948900e+03 9.863186611779362067e+01
8.491464088585395075e+03 1.010987433397190500e+02
8.491664141925841250e+03 9.987347976524219462e+01
8.491864195266287425e+03 9.828638153735876415e+01
8.492064248606731780e+03 9.912762622896578080e+01
8.492264301947179774e+03 1.003211690118278483e+02
8.492464355287625949e+03 9.831157516567850507e+01
8.492664408628072124e+03 1.006163349582901532e+02
8.492864461968520118e+03 9.802142371356644901e+01
8.493064515308966293e+03 9.936727134386462978e+01
8.493264568649412467e+03 9.892804668086738218e+01
8.493464621989858642e+03 9.689937127990323518e+01
8.493664675330304817e+03 9.808968258166339638e+01
8.493864728670750992e+03 9.867207552735469278e+01
8.494064782011197167e+03 1.008050609299091178e+02
8.494264835351643342e+03 9.783682721348387190e+01
8.494464888692089517e+03 9.819430159206464737e+01
8.494664942032535691e+03 9.689969816543435854e+01
8.494864995372981866e+03 9.709557384194211238e+01
8.495065048713428041e+03 1.000042068069427899e+02
8.495265102053874216e+03 9.903701116222524092e+01
8.495465155394322210e+03 1.003654273448679817e+02
8.495665208734768385e+03 9.817172106861241332e+01
8.495865262075214559e+03 9.743121915163476388e+01
8.496065315415660734e+03 9.891180565596667407e+01
8.496265368756106909e+03 9.530694456934827485e+01
8.496465422096554903e+03 9.773899271804940270e+01
8.496665475436999259e+03 9.855206579406237211e+01
8.496865528777445434e+03 9.644243454962160911e+01
8.497065582117891609e+03 9.606835493389584713e+01
8.497265635458337783e+03 9.816597165414469828e+01
8.497465688798785777e+03 9.751315400143556644e+01
8.497665742139230133e+03 9.618165495338823234e+01
8.497865795479678127e+03 9.283066251255577583e+01
8.498065848820122483e+03 9.299760610400727501e+01
8.498265902160570477e+03 8.833473898789345924e+01
8.498465955501018470e+03 9.095019097475243086e+01
8.498666008841462826e+03 8.711105608525521404e+01
8.498866062181910820e+03 8.389154139709091851e+01
8.499066115522355176e+03 7.760413232665429462e+01
8.499266168862803170e+03 7.125051446433116098e+01
8.499466222203249345e+03 6.660772920556780718e+01
8.499666275543693700e+03 6.035487161538441114e+01
8.499866328884141694e+03 5.546066907940080881e+01
8.500066382224586050e+03 4.918940085693880349e+01
8.500266435565034044e+03 4.585590165897279036e+01
8.500466488905480219e+03 5.027267745778031838e+01
8.500666542245924575e+03 5.433563547875938582e+01
8.500866595586372569e+03 6.241404316477778735e+01
8.501066648926818743e+03 7.208187912814697995e+01
8.501266702267266737e+03 7.718799919352177596e+01
8.501466755607712912e+03 8.486346568456556838e+01
8.501666808948159087e+03 8.721648742936044130e+01
8.501866862288605262e+03 8.835518649743247011e+01
8.502066915629049618e+03 9.147718894049997118e+01
8.502266968969497611e+03 9.287442311901648395e+01
8.502467022309943786e+03 9.444194689907540408e+01
8.502667075650389961e+03 9.480125518680740981e+01
8.502867128990836136e+03 9.591997057810152683e+01
8.503067182331280492e+03 9.621969405737792158e+01
8.503267235671728486e+03 9.556618667583842353e+01
8.503467289012174660e+03 9.457796442689461003e+01
8.503667342352622654e+03 9.498849869140228463e+01
8.503867395693068829e+03 9.458729879698265108e+01
8.504067449033515004e+03 9.191420103252724516e+01
8.504267502373961179e+03 9.403919260913171740e+01
8.504467555714407354e+03 9.142673744844688599e+01
8.504667609054853529e+03 9.568249475848084273e+01
8.504867662395299703e+03 9.735881352862530491e+01
8.505067715735745878e+03 9.749147060096737505e+01
8.505267769076192053e+03 9.610070808732784542e+01
8.505467822416638228e+03 9.750788730529018267e+01
8.505667875757084403e+03 1.001980227846377005e+02
8.505867929097530578e+03 9.649380526173564476e+01
8.506067982437976752e+03 9.855812250647640838e+01
8.506268035778422927e+03 9.846332386736932563e+01
8.506468089118872740e+03 9.885975981143612046e+01
8.506668142459317096e+03 9.832906503934199804e+01
8.506868195799763271e+03 9.957957804493933907e+01
8.507068249140209446e+03 1.001334253371571492e+02
8.507268302480655620e+03 9.767875629742684396e+01
8.507468355821103614e+03 9.937877089976316825e+01
8.507668409161547970e+03 9.910235242119348698e+01
8.507868462501994145e+03 9.924269557341158077e+01
8.508068515842440320e+03 9.875069955099162655e+01
8.508268569182886495e+03 9.817947053554975412e+01
8.508468622523334489e+03 9.944309520115149326e+01
8.508668675863778844e+03 9.980888985413160697e+01
8.508868729204226838e+03 9.953257133428101611e+01
8.509068782544673013e+03 1.000907131804249275e+02
8.509268835885119188e+03 9.913700179341178398e+01
8.509468889225567182e+03 9.929098451117117463e+01
8.509668942566011538e+03 1.002648569461311041e+02
8.509868995906459531e+03 9.774264641691902966e+01
8.510069049246903887e+03 1.007729624069856271e+02
8.510269102587350062e+03 1.000369456525919674e+02
8.510469155927798056e+03 9.906359920837404331e+01
8.510669209268242412e+03 9.989457417940384687e+01
8.510869262608690406e+03 9.901004243997371645e+01
8.511069315949134761e+03 1.002012416403737518e+02
8.511269369289582755e+03 9.831622961263953187e+01
8.511469422630028930e+03 9.876518307085410697e+01
8.511669475970473286e+03 9.905727764652559131e+01
8.511869529310923099e+03 9.972794432317806468e+01
8.512069582651367455e+03 9.973105131505211318e+01
8.512269635991815449e+03 9.979530575743183363e+01
8.512469689332261623e+03 9.869080036946408541e+01
8.512669742672705979e+03 9.960948306273924402e+01
8.512869796013153973e+03 9.839300263985350625e+01
8.513069849353598329e+03 9.962848384685466385e+01
8.513269902694046323e+03 1.000378300922054819e+02
8.513469956034492498e+03 1.000555771350763905e+02
8.513670009374938672e+03 9.766126362076188627e+01
8.513870062715384847e+03 9.896602582538270099e+01
8.514070116055829203e+03 1.007636143580209449e+02
8.514270169396277197e+03 1.007660930507965986e+02
8.514470222736725191e+03 9.752034515351992638e+01
8.514670276077171366e+03 9.844381759997278891e+01
8.514870329417617540e+03 9.976047597847949078e+01
8.515070382758061896e+03 9.797093868040427367e+01
8.515270436098509890e+03 9.850457755497821211e+01
8.515470489438956065e+03 9.765036703648382854e+01
8.515670542779402240e+03 9.691174796166386329e+01
8.515870596119848415e+03 9.443089082811862056e+01
8.516070649460294590e+03 8.838293886854548020e+01
8.516270702800740764e+03 8.643119215856880544e+01
8.516470756141186939e+03 8.719687548123471288e+01
8.516670809481633114e+03 9.222956367253645737e+01
8.516870862822079289e+03 9.373057942977511914e+01
8.517070916162525464e+03 9.336901323602708658e+01
8.517270969502973458e+03 9.514760102438293643e+01
8.517471022843419632e+03 9.633371242141825519e+01
8.517671076183865807e+03 9.790470952886859379e+01
8.517871129524311982e+03 9.904024481099668265e+01
8.518071182864758157e+03 9.843379156048405321e+01
8.518271236205204332e+03 1.012568205782534534e+02
8.518471289545652326e+03 9.799761943467630942e+01
8.518671342886096681e+03 1.008064267432618237e+02
8.518871396226542856e+03 9.885833100104368043e+01
8.519071449566989031e+03 1.004755330052453388e+02
8.519271502907435206e+03 9.928296406202635183e+01
8.519471556247883200e+03 1.008397972076596858e+02
8.519671609588327556e+03 9.811311043131580334e+01
8.519871662928775550e+03 9.804989942472043651e+01
8.520071716269221724e+03 9.642905812395306953e+01
8.520271769609667899e+03 9.760229778199361306e+01
8.520471822950115893e+03 9.747669609668852786e+01
8.520671876290560249e+03 9.470509940864278065e+01
8.520871929631008243e+03 9.793941481041781572e+01
8.521071982971452599e+03 9.735462332522098450e+01
8.521272036311898773e+03 1.015850271844059023e+02
8.521472089652346767e+03 1.002586880941989165e+02
8.521672142992791123e+03 1.006976693793681363e+02
8.521872196333239117e+03 9.732619108784963657e+01
8.522072249673683473e+03 9.895681148163907892e+01
8.522272303014129648e+03 9.854919164263114340e+01
8.522472356354577641e+03 9.819412738169667421e+01
8.522672409695023816e+03 9.837319156231438910e+01
8.522872463035471810e+03 9.913659276939243625e+01
8.523072516375916166e+03 9.986339180038829966e+01
8.523272569716364160e+03 9.804403552301108959e+01
8.523472623056810335e+03 9.806907663334544623e+01
8.523672676397254691e+03 9.982800900413612055e+01
8.523872729737702684e+03 1.001681579537661975e+02
8.524072783078147040e+03 1.007508164397827670e+02
8.524272836418595034e+03 1.021581866468531246e+02
8.524472889759041209e+03 1.014189330404324210e+02
8.524672943099487384e+03 9.976484936902299694e+01
8.524872996439933559e+03 9.935818096439712122e+01
8.525073049780377914e+03 9.948461626286524506e+01
8.525273103120827727e+03 9.875288206552323800e+01
8.525473156461273902e+03 1.008088416624200221e+02
8.525673209801720077e+03 9.759394967019103717e+01
8.525873263142166252e+03 9.781137314924392001e+01
8.526073316482610608e+03 9.743867085724477306e+01
8.526273369823058601e+03 1.001705357684644184e+02
8.526473423163504776e+03 9.698479235016216649e+01
8.526673476503950951e+03 9.757683325479952430e+01
8.526873529844397126e+03 9.922884036523564077e+01
8.527073583184843301e+03 9.750944950469761352e+01
8.527273636525289476e+03 9.781859199929640170e+01
8.527473689865735651e+03 9.949792950377180034e+01
8.527673743206181825e+03 9.951977640522818547e+01
8.527873796546628000e+03 9.687917634112019982e+01
8.528073849887075994e+03 9.985474076085844786e+01
8.528273903227522169e+03 9.747315232532635321e+01
8.528473956567968344e+03 9.688127956778937744e+01
8.528674009908414519e+03 9.877564248961313353e+01
8.528874063248860693e+03 9.545078247883846245e+01
8.529074116589306868e+03 9.830823943059216674e+01
8.529274169929753043e+03 9.409563056910297973e+01
8.529474223270201037e+03 9.545380962014183979e+01
8.529674276610645393e+03 9.523362068278110826e+01
8.529874329951091568e+03 9.530950113484664143e+01
8.530074383291537742e+03 9.674707282743131032e+01
8.530274436631983917e+03 9.981657455733288486e+01
8.530474489972431911e+03 9.839866581215628116e+01
8.530674543312878086e+03 9.921524475313070468e+01
8.530874596653324261e+03 9.797411197575964081e+01
8.531074649993770436e+03 9.896723207403267963e+01
8.531274703334216611e+03 9.862622217209177222e+01
8.531474756674664604e+03 9.775817800232262300e+01
8.531674810015108960e+03 9.792991506681747182e+01
8.531874863355556954e+03 9.709913231231368513e+01
8.532074916696001310e+03 9.830939171939525068e+01
8.532274970036447485e+03 9.599185754803274051e+01
8.532475023376895479e+03 9.911492697911432970e+01
8.532675076717339834e+03 9.740996924434220716e+01
8.532875130057787828e+03 9.603990180749973149e+01
8.533075183398232184e+03 1.006800132062830784e+02
8.533275236738678359e+03 9.708403896944757605e+01
8.533475290079128172e+03 9.626131694467490263e+01
8.533675343419572528e+03 9.862026772983718104e+01
8.533875396760020521e+03 9.987893462643768316e+01
8.534075450100464877e+03 9.809125180201388616e+01
8.534275503440912871e+03 9.794562995070555189e+01
8.534475556781359046e+03 9.676986821194225286e+01
8.534675610121803402e+03 9.655884039801762242e+01
8.534875663462251396e+03 9.713104840567773124e+01
8.535075716802695752e+03 9.690188462216178777e+01
8.535275770143143745e+03 9.791292958643106203e+01
8.535475823483589920e+03 9.470138350750841028e+01
8.535675876824034276e+03 9.703827466335651764e+01
8.535875930164482270e+03 9.481990573464567262e+01
8.536075983504928445e+03 9.773735745326523272e+01
8.536276036845376439e+03 9.619865235860044095e+01
8.536476090185822613e+03 9.639368205933367051e+01
8.536676143526268788e+03 9.538840325131198483e+01
8.536876196866714963e+03 9.775816436325889924e+01
8.537076250207159319e+03 9.697941885262868311e+01
8.537276303547607313e+03 9.688635721599820272e+01
8.537476356888053488e+03 9.453870357743463160e+01
8.537676410228499662e+03 9.510371109431224568e+01
8.537876463568945837e+03 9.491857678895696893e+01
8.538076516909390193e+03 9.330897514608263066e+01
8.538276570249838187e+03 9.343269291552441302e+01
8.538476623590284362e+03 8.990881590944707114e+01
8.538676676930730537e+03 9.143382697045457519e+01
8.538876730271178531e+03 9.140144432928140361e+01
8.539076783611624705e+03 9.128387925704190309e+01
8.539276836952070880e+03 9.091226059285223471e+01
8.539476890292517055e+03 9.310361511880221030e+01
8.539676943632963230e+03 8.794849362338227650e+01
8.539876996973409405e+03 8.932619013308547551e+01
8.540077050313855580e+03 8.894306393389159382e+01
8.540277103654301754e+03 8.890773264772717255e+01
8.540477156994747929e+03 8.859932782539812024e+01
8.540677210335194104e+03 8.656042081773703956e+01
8.540877263675640279e+03 8.422027002173361154e+01
8.541077317016086454e+03 8.414250887766137055e+01
8.541277370356532629e+03 8.505096278663830844e+01
8.541477423696982441e+03 8.226596350387708867e+01
8.541677477037426797e+03 7.911541101655663510e+01
8.541877530377872972e+03 8.092973533623712967e+01
8.542077583718319147e+03 7.624625438418716783e+01
8.542277637058765322e+03 7.629887975533253552e+01
8.542477690399213316e+03 7.413963891495566827e+01
8.542677743739657672e+03 7.075142843469852494e+01
8.542877797080103846e+03 7.026466397796312435e+01
8.543077850420550021e+03 6.614683129406216722e+01
8.543277903760996196e+03 5.996747808267264901e+01
8.543477957101444190e+03 5.577294146413549925e+01
8.543678010441888546e+03 5.208714614797158049e+01
8.543878063782336540e+03 4.607536493889495688e+01
8.544078117122780895e+03 4.368829340601685374e+01
8.544278170463228889e+03 3.948063175222466725e+01
8.544478223803676883e+03 3.882985170924609974e+01
8.544678277144121239e+03 4.366417445785953788e+01
8.544878330484569233e+03 4.836023016190098645e+01
8.545078383825013589e+03 5.203882275692423320e+01
8.545278437165459763e+03 5.838362502286963007e+01
8.545478490505907757e+03 6.148780149219161473e+01
8.545678543846352113e+03 6.418484770497521197e+01
8.545878597186800107e+03 6.712282700585039663e+01
8.546078650527244463e+03 6.958321360379527221e+01
8.546278703867692457e+03 7.080729046108302782e+01
8.546478757208138632e+03 7.505779740827819069e+01
8.546678810548582987e+03 7.825509742966053750e+01
8.546878863889032800e+03 7.850675504789246872e+01
8.547078917229477156e+03 8.011441531654607218e+01
8.547278970569925150e+03 8.183123882867278098e+01
8.547479023910371325e+03 8.324787878232694993e+01
8.547679077250817500e+03 8.619722767758764803e+01
8.547879130591263674e+03 8.467273937415077967e+01
8.548079183931708030e+03 8.885395992181199176e+01
8.548279237272156024e+03 8.509639140518356726e+01
8.548479290612602199e+03 8.913978230754958076e+01
8.548679343953048374e+03 9.070983226451785697e+01
8.548879397293494549e+03 8.751199018580896904e+01
8.549079450633938905e+03 9.131860591495025403e+01
8.549279503974386898e+03 8.960297045228645629e+01
8.549479557314833073e+03 9.126837568658083910e+01
8.549679610655281067e+03 9.158332966703294176e+01
8.549879663995727242e+03 9.050990300360761864e+01
8.550079717336173417e+03 9.303423159668895437e+01
8.550279770676619592e+03 9.225052822350592407e+01
8.550479824017065766e+03 9.537779676217309088e+01
8.550679877357511941e+03 9.427589001345036479e+01
8.550879930697958116e+03 9.358680847872537356e+01
8.551079984038404291e+03 9.211417215899686539e+01
8.551280037378850466e+03 9.347181937231199811e+01
8.551480090719296641e+03 9.459540732421911002e+01
8.551680144059742815e+03 9.437915073297952517e+01
8.551880197400188990e+03 9.461296072344700292e+01
8.552080250740635165e+03 9.551055488492110612e+01
8.552280304081083159e+03 9.685129791592434856e+01
8.552480357421531153e+03 9.622649332425423552e+01
8.552680410761975509e+03 9.617007519076771871e+01
8.552880464102421683e+03 9.669926390057173649e+01
8.553080517442867858e+03 9.440442996731097480e+01
8.553280570783314033e+03 9.463450234435217112e+01
8.553480624123762027e+03 9.744589519734837779e+01
8.553680677464206383e+03 9.711561589354896284e+01
8.553880730804652558e+03 9.704345531011897208e+01
8.554080784145098733e+03 9.700091574853746579e+01
8.554280837485544907e+03 9.567176291326151727e+01
8.554480890825992901e+03 9.778129715283736800e+01
8.554680944166437257e+03 9.742509338885895431e+01
8.554880997506885251e+03 9.912563288294046515e+01
8.555081050847331426e+03 9.720958170430651535e+01
8.555281104187777601e+03 9.802735417934574969e+01
8.555481157528225594e+03 9.719597288574468053e+01
8.555681210868669950e+03 9.642012751681428995e+01
8.555881264209117944e+03 9.904139539676057780e+01
8.556081317549562300e+03 9.887730017188789589e+01
8.556281370890008475e+03 9.885447385525507968e+01
8.556481424230456469e+03 9.770184587470221516e+01
8.556681477570900825e+03 9.781581337872013648e+01
8.556881530911348818e+03 9.694163564148152545e+01
8.557081584251793174e+03 9.970438528066156891e+01
8.557281637592241168e+03 9.841004162472725625e+01
8.557481690932687343e+03 9.629456694237777015e+01
8.557681744273133518e+03 9.692468470715982676e+01
8.557881797613581512e+03 9.811947020561453314e+01
8.558081850954025867e+03 9.686626354145170126e+01
8.558281904294473861e+03 9.595109886627636797e+01
8.558481957634920036e+03 9.681307877042797827e+01
8.558682010975364392e+03 9.546131714220533127e+01
8.558882064315812386e+03 9.302077623681068985e+01
8.559082117656256742e+03 9.075688735759621295e+01
8.559282170996704735e+03 9.542325912565723911e+01
8.559482224337150910e+03 9.480492031473225722e+01
8.559682277677597085e+03 9.863120084983120250e+01
8.559882331018043260e+03 9.919333987511623718e+01
8.560082384358487616e+03 9.815402261674735485e+01
8.560282437698935610e+03 9.833378036471304995e+01
8.560482491039383603e+03 9.900498902689221836e+01
8.560682544379829778e+03 9.821336774507329892e+01
8.560882597720275953e+03 9.831085082085589022e+01
8.561082651060720309e+03 9.809221329596465466e+01
8.561282704401168303e+03 9.723104866168011995e+01
8.561482757741614478e+03 9.959766459547353179e+01
8.561682811082060653e+03 9.848765478425058006e+01
8.561882864422506827e+03 9.628544307395364399e+01
8.562082917762953002e+03 9.899570541857416117e+01
8.562282971103399177e+03 9.740643163799012427e+01
8.562483024443845352e+03 9.735267701852573907e+01
8.562683077784291527e+03 9.784233446922812050e+01
8.562883131124737702e+03 9.759203672843075594e+01
8.563083184465183876e+03 9.985449732620543273e+01
8.563283237805631870e+03 9.809051989236722591e+01
8.563483291146078045e+03 9.894698156204808015e+01
8.563683344486524220e+03 1.005331876461257679e+02
8.563883397826970395e+03 1.006475267194603305e+02
8.564083451167416570e+03 1.011440646545965905e+02
8.564283504507862745e+03 9.828798092932255770e+01
8.564483557848310738e+03 9.853439735353977369e+01
8.564683611188755094e+03 9.952452746893641233e+01
8.564883664529201269e+03 9.880812961461809607e+01
8.565083717869647444e+03 9.768558300769456082e+01
8.565283771210093619e+03 9.904041987712196260e+01
8.565483824550541613e+03 9.915899297464618201e+01
8.565683877890985968e+03 1.006558351735015435e+02
8.565883931231433962e+03 9.778164122192073648e+01
8.566083984571880137e+03 1.010779686451541011e+02
8.566284037912326312e+03 9.980833125703320263e+01
8.566484091252774306e+03 9.975052978550955629e+01
8.566684144593218662e+03 1.008342892424129502e+02
8.566884197933666655e+03 1.009354704678981420e+02
8.567084251274111011e+03 1.011302158899002279e+02
8.567284304614557186e+03 1.003012288599812223e+02
8.567484357955005180e+03 1.012148359501145052e+02
8.567684411295449536e+03 1.015808851689631211e+02
8.567884464635897530e+03 9.846134323059638405e+01
8.568084517976341886e+03 9.780082200327315434e+01
8.568284571316788060e+03 1.004118677618698854e+02
8.568484624657236054e+03 1.007651364280593498e+02
8.568684677997682229e+03 1.019142587549813754e+02
8.568884731338130223e+03 1.015003791443769927e+02
8.569084784678574579e+03 9.944409755284934249e+01
8.569284838019022573e+03 9.919241337444155704e+01
8.569484891359468747e+03 9.943371102573664189e+01
8.569684944699913103e+03 9.887011473402007766e+01
8.569884998040361097e+03 1.001184937953424594e+02
8.570085051380805453e+03 9.826846587943369116e+01
8.570285104721253447e+03 9.753716419909352453e+01
8.570485158061699622e+03 9.597595363259148371e+01
8.570685211402145796e+03 9.968591452740493253e+01
8.570885264742591971e+03 9.855856222922038512e+01
8.571085318083036327e+03 9.946621237135120452e+01
8.571285371423486140e+03 9.966870227891479317e+01
8.571485424763932315e+03 9.885034366540710948e+01
8.571685478104378490e+03 9.831184226867817699e+01
8.571885531444824665e+03 9.744221990694491353e+01
8.572085584785269020e+03 9.674523222345742113e+01
8.572285638125717014e+03 1.007400724562930776e+02
8.572485691466163189e+03 9.987444979163537084e+01
8.572685744806609364e+03 9.809511597004220107e+01
8.572885798147055539e+03 9.906029673370666444e+01
8.573085851487501714e+03 9.938691157681515165e+01
8.573285904827947888e+03 9.901205608921173962e+01
8.573485958168394063e+03 9.953720846785779486e+01
8.573686011508840238e+03 9.865383064328030116e+01
8.573886064849286413e+03 9.604214923272276394e+01
8.574086118189734407e+03 9.873423159207851540e+01
8.574286171530180582e+03 9.752433135433197720e+01
8.574486224870626756e+03 9.821313503358902608e+01
8.574686278211072931e+03 9.963236099039393423e+01
8.574886331551519106e+03 9.718120269636702346e+01
8.575086384891965281e+03 1.007773177453311604e+02
8.575286438232411456e+03 1.004287880550070042e+02
8.575486491572859450e+03 9.957056090575615315e+01
8.575686544913303806e+03 9.773143814288768283e+01
8.575886598253749980e+03 9.912666153237198330e+01
8.576086651594196155e+03 1.009238072787319282e+02
8.576286704934642330e+03 9.947758078073273680e+01
8.576486758275090324e+03 1.002717363747824777e+02
8.576686811615536499e+03 1.009605032335860955e+02
8.576886864955982674e+03 9.999399140727308577e+01
8.577086918296428848e+03 1.021904406395771190e+02
8.577286971636875023e+03 1.000821072553066671e+02
8.577487024977323017e+03 9.983255910648703946e+01
8.577687078317767373e+03 9.921423804800645030e+01
8.577887131658215367e+03 9.865337981015518665e+01
8.578087184998659723e+03 9.949576926466248494e+01
8.578287238339105897e+03 9.973933145390422794e+01
8.578487291679553891e+03 9.742929165712887141e+01
8.578687345019998247e+03 1.001127393975956039e+02
8.578887398360446241e+03 9.765022969156569843e+01
8.579087451700890597e+03 1.000508816246720158e+02
8.579287505041336772e+03 9.898125183571504238e+01
8.579487558381786585e+03 9.875591318530199203e+01
8.579687611722230940e+03 9.884465079533339349e+01
8.579887665062678934e+03 9.931323842090030496e+01
8.580087718403123290e+03 9.774564665148345455e+01
8.580287771743571284e+03 9.933176469592066837e+01
8.580487825084017459e+03 1.014976634742419037e+02
8.580687878424461815e+03 9.826906006677931771e+01
8.580887931764909808e+03 1.000516582462084756e+02
8.581087985105354164e+03 9.901327151050816155e+01
8.581288038445802158e+03 9.988514309850826578e+01
8.581488091786248333e+03 1.004552989333122781e+02
8.581688145126692689e+03 9.937790753943171751e+01
8.581888198467140683e+03 1.004827648341019426e+02
8.582088251807586857e+03 1.000473780451197854e+02
8.582288305148034851e+03 1.015010703053235090e+02
8.582488358488481026e+03 1.003310019653970926e+02
8.582688411828927201e+03 9.992111890183528544e+01
8.582888465169373376e+03 9.863063684261481967e+01
8.583088518509817732e+03 1.012831044479007545e+02
8.583288571850265726e+03 9.960997315018215659e+01
8.583488625190711900e+03 9.799870470726305882e+01
8.583688678531158075e+03 9.965537495955413760e+01
8.583888731871604250e+03 1.002415400416064841e+02
8.584088785212048606e+03 9.617107757332857432e+01
8.584288838552496600e+03 9.188703966664860445e+01
8.584488891892942775e+03 9.027483859459827897e+01
8.584688945233388949e+03 9.156374773909190878e+01
8.584888998573836943e+03 9.492187526407505516e+01
8.585089051914283118e+03 9.850565360664545267e+01
8.585289105254729293e+03 9.786857554404690518e+01
8.585489158595175468e+03 1.018910962099630098e+02
8.585689211935621643e+03 9.790122154962702439e+01
8.585889265276067817e+03 9.836862551184306369e+01
8.586089318616513992e+03 1.010522016558862504e+02
8.586289371956960167e+03 1.002693240723202734e+02
8.586489425297406342e+03 1.003159667908271473e+02
8.586689478637852517e+03 9.827700727296766559e+01
8.586889531978298692e+03 9.516921922734722727e+01
8.587089585318744867e+03 9.496026217807771275e+01
8.587289638659191041e+03 9.704111555465087235e+01
8.587489691999640854e+03 9.801152233112316026e+01
8.587689745340085210e+03 9.961449369201224613e+01
8.587889798680531385e+03 9.845326002022709133e+01
8.588089852020977560e+03 9.990231055875021582e+01
8.588289905361423735e+03 1.017481191951092256e+02
8.588489958701871728e+03 1.013384512248721023e+02
8.588690012042316084e+03 9.943809432618191124e+01
8.588890065382762259e+03 1.000887661899327270e+02
8.589090118723208434e+03 1.014155375038209144e+02
8.589290172063654609e+03 1.003460352114938274e+02
8.589490225404102603e+03 9.854524297810273481e+01
8.589690278744546958e+03 9.989242585986697520e+01
8.589890332084994952e+03 9.951879561544031105e+01
8.590090385425439308e+03 9.914717015975209335e+01
8.590290438765887302e+03 9.903431512792369062e+01
8.590490492106335296e+03 1.015784603559266657e+02
8.590690545446779652e+03 9.767059984042536769e+01
8.590890598787227646e+03 9.840245822398496500e+01
8.591090652127672001e+03 9.963486758503482577e+01
8.591290705468118176e+03 1.006439351018242974e+02
8.591490758808566170e+03 9.986460991169785473e+01
8.591690812149010526e+03 9.951527772817536288e+01
8.591890865489458520e+03 9.849455542645480932e+01
8.592090918829902876e+03 1.009070620751619458e+02
8.592290972170350869e+03 9.853366281781789837e+01
8.592491025510797044e+03 1.011370777747161185e+02
8.592691078851241400e+03 1.006563940328239113e+02
8.592891132191691213e+03 1.000590334380378721e+02
8.593091185532135569e+03 9.938539287231810704e+01
8.593291238872583563e+03 1.020641418811708121e+02
8.593491292213029737e+03 9.981716237542720194e+01
8.593691345553475912e+03 1.009956333320695450e+02
8.593891398893922087e+03 9.727478078499262892e+01
8.594091452234366443e+03 1.010624939810345779e+02
8.594291505574814437e+03 1.021961370996986602e+02
8.594491558915260612e+03 9.987006079010689064e+01
8.594691612255706787e+03 9.535248972226365538e+01
8.594891665596152961e+03 9.658717214882736357e+01
8.595091718936597317e+03 9.693865679842585337e+01
8.595291772277045311e+03 9.876347545992777555e+01
8.595491825617491486e+03 9.874579722938015891e+01
8.595691878957939480e+03 9.842502845731959837e+01
8.595891932298385655e+03 9.875113119856358423e+01
8.596091985638831829e+03 9.995716113890074439e+01
8.596292038979278004e+03 1.014563863729257349e+02
8.596492092319724179e+03 1.004024601164956607e+02
8.596692145660170354e+03 9.964574388002098715e+01
8.596892199000616529e+03 9.782221756238020305e+01
8.597092252341062704e+03 9.900126630827767826e+01
8.597292305681508878e+03 1.010481417626690757e+02
8.597492359021955053e+03 1.011550968602488894e+02
8.597692412362401228e+03 1.000054560159794192e+02
8.597892465702847403e+03 1.010660109878286761e+02
8.598092519043293578e+03 9.830947326481108917e+01
8.598292572383741572e+03 9.733821279017769257e+01
8.598492625724189566e+03 9.811156256742195581e+01
8.598692679064633921e+03 9.668365433111289065e+01
8.598892732405080096e+03 9.835375975493235501e+01
8.599092785745526271e+03 9.826854464121916521e+01
8.599292839085972446e+03 9.899846804671558687e+01
8.599492892426420440e+03 9.900373272979865646e+01
8.599692945766864796e+03 9.950295244061379663e+01
8.599892999107310970e+03 9.888830926571293389e+01
8.600093052447757145e+03 9.781392739419113980e+01
8.600293105788203320e+03 9.817300026924404222e+01
8.600493159128651314e+03 9.540859717854384314e+01
8.600693212469095670e+03 9.297890096744336574e+01
8.600893265809543664e+03 9.092893906248254154e+01
8.601093319149989838e+03 9.040884666876851838e+01
8.601293372490436013e+03 9.258152964564303034e+01
8.601493425830884007e+03 9.370771965150983362e+01
8.601693479171328363e+03 9.742885349542227402e+01
8.601893532511776357e+03 1.002219685764945751e+02
8.602093585852220713e+03 9.810940838125935670e+01
8.602293639192666888e+03 9.793071164962199759e+01
8.602493692533114881e+03 1.007979421566859060e+02
8.602693745873559237e+03 9.985977700945612412e+01
8.602893799214007231e+03 9.992960608546304968e+01
8.603093852554451587e+03 9.873956615941298764e+01
8.603293905894899581e+03 9.871371674066929813e+01
8.603493959235345756e+03 1.002995934570496388e+02
8.603694012575791930e+03 9.961320950229919902e+01
8.603894065916239924e+03 9.679348504286573984e+01
8.604094119256684280e+03 1.003158669632230726e+02
8.604294172597132274e+03 9.848129846209248228e+01
8.604494225937578449e+03 1.004494540883748641e+02
8.604694279278022805e+03 1.022145713927729247e+02
8.604894332618470798e+03 1.037534231580046651e+02
8.605094385958915154e+03 9.967652721257674386e+01
8.605294439299363148e+03 9.898617318520383890e+01
8.605494492639809323e+03 9.997480620083113934e+01
8.605694545980255498e+03 1.016103546239998963e+02
8.605894599320701673e+03 1.004392861944678970e+02
8.606094652661146029e+03 9.997337921146184669e+01
8.606294706001594022e+03 9.839039016745174138e+01
8.606494759342042016e+03 9.837551396520986202e+01
8.606694812682488191e+03 1.001084906939596806e+02
8.606894866022934366e+03 9.849678880785425861e+01
8.607094919363378722e+03 1.018872586011740538e+02
8.607294972703826716e+03 9.962933744295951044e+01
8.607495026044272890e+03 1.001299161417610009e+02
8.607695079384719065e+03 9.942873195559354826e+01
8.607895132725165240e+03 1.011836349850842112e+02
8.608095186065611415e+03 9.831555252113260224e+01
8.608295239406057590e+03 9.779732686899538407e+01
8.608495292746503765e+03 9.981810812139751476e+01
8.608695346086949939e+03 9.853421962509538901e+01
8.608895399427396114e+03 9.921673619007805200e+01
8.609095452767844108e+03 9.864256543018724699e+01
8.609295506108290283e+03 9.914785063855907765e+01
8.609495559448736458e+03 9.863129007809183690e+01
8.609695612789182633e+03 1.000857273071469393e+02
8.609895666129628808e+03 9.908361052584970707e+01
8.610095719470074982e+03 9.860553826204105121e+01
8.610295772810521157e+03 9.892829145632970267e+01
8.610495826150969151e+03 9.894758895018345868e+01
8.610695879491413507e+03 9.921821039678357579e+01
8.610895932831859682e+03 9.822925233003061862e+01
8.611095986172305857e+03 1.009271743608446741e+02
8.611296039512752031e+03 9.920505405809383603e+01
8.611496092853200025e+03 1.003296128918077414e+02
8.611696146193644381e+03 9.948747402079881397e+01
8.611896199534092375e+03 9.897815311389850024e+01
8.612096252874538550e+03 1.008943706830212506e+02
8.612296306214984725e+03 1.000878783888396981e+02
8.612496359555432718e+03 1.009845968440078252e+02
8.612696412895877074e+03 9.973589967071309559e+01
8.612896466236325068e+03 9.757632282712164340e+01
8.613096519576769424e+03 9.899572874223724739e+01
8.613296572917215599e+03 9.942010244076858783e+01
8.613496626257663593e+03 9.585085000499630326e+01
8.613696679598107949e+03 9.281021936880023304e+01
8.613896732938555942e+03 8.718450566164618465e+01
8.614096786279000298e+03 8.347818817943732483e+01
8.614296839619446473e+03 8.649476963526498707e+01
8.614496892959896286e+03 9.028626730314088888e+01
8.614696946300340642e+03 9.943127235985996037e+01
8.614896999640788636e+03 9.947460654056128249e+01
8.615097052981232991e+03 1.001967252347823774e+02
8.615297106321680985e+03 9.765164320130165265e+01
8.615497159662127160e+03 9.822021651859802205e+01
8.615697213002571516e+03 9.919222665517354187e+01
8.615897266343019510e+03 1.015666685784849363e+02
8.616097319683463866e+03 9.832266989353988151e+01
8.616297373023911859e+03 9.858373880414814039e+01
8.616497426364358034e+03 9.902135025902639143e+01
8.616697479704804209e+03 1.000983648127978540e+02
8.616897533045250384e+03 9.865484537073378135e+01
8.617097586385694740e+03 1.002038342401790487e+02
8.617297639726144553e+03 9.873500771173283397e+01
8.617497693066590728e+03 9.895583108165421038e+01
8.617697746407036902e+03 1.000858473170811749e+02
8.617897799747483077e+03 9.947337526286314358e+01
8.618097853087927433e+03 9.903126819724690222e+01
8.618297906428375427e+03 9.968427503554406144e+01
8.618497959768821602e+03 9.933342939171380692e+01
8.618698013109267777e+03 1.003396798619419883e+02
8.618898066449713951e+03 9.830756585782162915e+01
8.619098119790160126e+03 9.885626914849773073e+01
8.619298173130606301e+03 9.987644346861307554e+01
8.619498226471052476e+03 9.981222509349215954e+01
8.619698279811498651e+03 9.755853766714885467e+01
8.619898333151946645e+03 9.887545882409440878e+01
8.620098386492392819e+03 1.008024914778509356e+02
8.620298439832838994e+03 1.000703871504170195e+02
8.620498493173285169e+03 9.865293965512711338e+01
8.620698546513731344e+03 9.948696747425017861e+01
8.620898599854177519e+03 1.001872962365532373e+02
8.621098653194623694e+03 1.002791699526834464e+02
8.621298706535069869e+03 1.004259695057491228e+02
8.621498759875517862e+03 9.978937014650186654e+01
8.621698813215962218e+03 1.005006021140618344e+02
8.621898866556408393e+03 9.935358214033608704e+01
8.622098919896854568e+03 1.017775405453700017e+02
8.622298973237300743e+03 9.965819467049917080e+01
8.622499026577748737e+03 9.754684302885090119e+01
8.622699079918194911e+03 1.001110946901768699e+02
8.622899133258641086e+03 9.876843112494194088e+01
8.623099186599087261e+03 9.959125331278298177e+01
8.623299239939533436e+03 9.752947893565833226e+01
8.623499293279981430e+03 9.230023147693042063e+01
8.623699346620425786e+03 8.850149007338519880e+01
8.623899399960873779e+03 8.819447360793618884e+01
8.624099453301318135e+03 8.834802639419385173e+01
8.624299506641764310e+03 9.333532174234044021e+01
8.624499559982212304e+03 9.923724619418368320e+01
8.624699613322656660e+03 1.005210775399851570e+02
8.624899666663104654e+03 9.969607424079194402e+01
8.625099720003549010e+03 1.005917920318333927e+02
8.625299773343997003e+03 9.873368181982716862e+01
8.625499826684444997e+03 1.002489186206076681e+02
8.625699880024889353e+03 9.897274688829216416e+01
8.625899933365337347e+03 9.911088996674226337e+01
8.626099986705781703e+03 9.823134865268309568e+01
8.626300040046229697e+03 9.989112959169202099e+01
8.626500093386675871e+03 1.007275128654800227e+02
8.626700146727120227e+03 1.001358278337245622e+02
8.626900200067568221e+03 9.990218037947660434e+01
8.627100253408012577e+03 9.950949876513830361e+01
8.627300306748460571e+03 9.868400050095480935e+01
8.627500360088906746e+03 1.003649655135073573e+02
8.627700413429351102e+03 1.004022709753775473e+02
8.627900466769799095e+03 9.953302957853783539e+01
8.628100520110245270e+03 9.848012455850368951e+01
8.628300573450693264e+03 1.001675156433723402e+02
8.628500626791139439e+03 9.950689573415449729e+01
8.628700680131585614e+03 9.766831246956294876e+01
8.628900733472031789e+03 9.991000770932414810e+01
8.629100786812476144e+03 9.847388784018754393e+01
8.629300840152924138e+03 9.968642292536095795e+01
8.629500893493370313e+03 9.929422854983266689e+01
8.629700946833816488e+03 9.993183561932745818e+01
8.629901000174262663e+03 9.905330817006937139e+01
8.630101053514707019e+03 9.963395153861691256e+01
8.630301106855155012e+03 9.928294038015158662e+01
8.630501160195601187e+03 9.745243988966714710e+01
8.630701213536049181e+03 1.000107790391288631e+02
8.630901266876495356e+03 1.005068486851403406e+02
8.631101320216941531e+03 1.003841250120170372e+02
8.631301373557387706e+03 9.613841124719483844e+01
8.631501426897833881e+03 9.868254136603471238e+01
8.631701480238280055e+03 9.867410604020861342e+01
8.631901533578726230e+03 1.009909849270080286e+02
8.632101586919172405e+03 9.815742169987917976e+01
8.632301640259618580e+03 1.002712017520764078e+02
8.632501693600064755e+03 9.986427555445141024e+01
8.632701746940510930e+03 1.006620680065948505e+02
8.632901800280957104e+03 1.002417013790606148e+02
8.633101853621403279e+03 1.011078879146452465e+02
8.633301906961849454e+03 9.846412167551615369e+01
8.633501960302299267e+03 9.824480453695747428e+01
8.633702013642743623e+03 9.933008341445817280e+01
8.633902066983189798e+03 9.858958662041058574e+01
8.634102120323635972e+03 9.747178848998751732e+01
8.634302173664082147e+03 9.690600844606171904e+01
8.634502227004530141e+03 9.781818750892250591e+01
8.634702280344974497e+03 9.613410242254188631e+01
8.634902333685420672e+03 9.771398493709337174e+01
8.635102387025866847e+03 9.713907805621840907e+01
8.635302440366313022e+03 9.884931290778500568e+01
8.635502493706761015e+03 9.987745956763650668e+01
8.635702547047205371e+03 9.949595478197697673e+01
8.635902600387653365e+03 1.006701058641846771e+02
8.636102653728099540e+03 9.824189049774558669e+01
8.636302707068545715e+03 1.011351543391924110e+02
8.636502760408993709e+03 9.930019849587330327e+01
8.636702813749438064e+03 1.012023342690318231e+02
8.636902867089886058e+03 9.860206762825012561e+01
8.637102920430330414e+03 9.923719985155490519e+01
8.637302973770776589e+03 9.919533256708493241e+01
8.637503027111224583e+03 9.917279431526965539e+01
8.637703080451668939e+03 1.006717395467795626e+02
8.637903133792116932e+03 9.747356823831516692e+01
8.638103187132561288e+03 9.943583645392749304e+01
8.638303240473009282e+03 9.883117210232995831e+01
8.638503293813455457e+03 1.000598065804381633e+02
8.638703347153899813e+03 9.793605154376155042e+01
8.638903400494349626e+03 9.770235817000346401e+01
8.639103453834793982e+03 1.013638490720502574e+02
8.639303507175241975e+03 9.912494233697275092e+01
8.639503560515688150e+03 1.002691637192512815e+02
8.639703613856134325e+03 1.007400497151838294e+02
8.639903667196580500e+03 1.002873197327668180e+02
8.640103720537024856e+03 1.006423924341767702e+02
8.640303773877472850e+03 1.007501992829880919e+02
8.640503827217919024e+03 9.892677451076700379e+01
8.640703880558365199e+03 9.870514684014108298e+01
8.640903933898811374e+03 9.840037700903404527e+01
8.641103987239255730e+03 9.832003588700577268e+01
8.641304040579703724e+03 9.910462411525278981e+01
8.641504093920151718e+03 9.905444843705227242e+01
8.641704147260597892e+03 1.002984967915942889e+02
8.641904200601044067e+03 1.012227745070227058e+02
8.642104253941490242e+03 9.890169550682428223e+01
8.642304307281936417e+03 1.007578407045778590e+02
8.642504360622382592e+03 9.976209537838670371e+01
8.642704413962828767e+03 9.965433689117082849e+01
8.642904467303274942e+03 9.920097470750859259e+01
8.643104520643721116e+03 9.941492794695365376e+01
8.643304573984167291e+03 9.955971054325250691e+01
8.643504627324613466e+03 1.001096652673964797e+02
8.643704680665059641e+03 1.000368526673165377e+02
8.643904734005505816e+03 9.941356531512752781e+01
8.644104787345951991e+03 9.975948743936102403e+01
8.644304840686399984e+03 9.885013410752513607e+01
8.644504894026847978e+03 1.006047362168456232e+02
8.644704947367292334e+03 9.885539396594965922e+01
8.644905000707738509e+03 9.995310313630903920e+01
8.645105054048184684e+03 9.870300249365089940e+01
8.645305107388630859e+03 9.879089909097760369e+01
8.645505160729078852e+03 9.874184214528310122e+01
8.645705214069523208e+03 1.001833158761394742e+02
8.645905267409969383e+03 9.681278420240855098e+01
8.646105320750415558e+03 1.006867418600122477e+02
8.646305374090861733e+03 9.862892150406693759e+01
8.646505427431309727e+03 1.002780966026041511e+02
8.646705480771754083e+03 9.917447577790379398e+01
8.646905534112203895e+03 9.957622765864074665e+01
8.647105587452648251e+03 9.981124656851800125e+01
8.647305640793094426e+03 9.886493181487442428e+01
8.647505694133542420e+03 9.707867864704630279e+01
8.647705747473986776e+03 9.949388487871001985e+01
8.647905800814434770e+03 9.821599673754181481e+01
8.648105854154879125e+03 9.647940740662151882e+01
8.648305907495325300e+03 9.992024103025030968e+01
8.648505960835773294e+03 9.870985739262637537e+01
8.648706014176217650e+03 9.838485039544822541e+01
8.648906067516665644e+03 9.832001050456614166e+01
8.649106120857110000e+03 1.010428030626121227e+02
8.649306174197557993e+03 9.888836290386731775e+01
8.649506227538004168e+03 9.911625319754763552e+01
8.649706280878450343e+03 9.873205387710160608e+01
8.649906334218898337e+03 9.947868956317917366e+01
8.650106387559342693e+03 9.730881313581201653e+01
8.650306440899790687e+03 9.568870794213940201e+01
8.650506494240236862e+03 9.502341470479397856e+01
8.650706547580681217e+03 9.564200018837752282e+01
8.650906600921129211e+03 9.552623005766106701e+01
8.651106654261573567e+03 9.604802543847522145e+01
8.651306707602021561e+03 9.729130805075381261e+01
8.651506760942467736e+03 9.962554594207162495e+01
8.651706814282913911e+03 9.919160664689594853e+01
8.651906867623360085e+03 1.003199957834181646e+02
8.652106920963804441e+03 9.813913088564973464e+01
8.652306974304254254e+03 9.905341714712297119e+01
8.652507027644700429e+03 9.908225595938706931e+01
8.652707080985146604e+03 9.777131292895151660e+01
8.652907134325592779e+03 9.994917601079038150e+01
8.653107187666037134e+03 9.774529277102696767e+01
8.653307241006485128e+03 9.777048594287296623e+01
8.653507294346931303e+03 1.007396536577921609e+02
8.653707347687377478e+03 9.747791498817231570e+01
8.653907401027823653e+03 9.793805901321039187e+01
8.654107454368269828e+03 1.007512808962377875e+02
8.654307507708716003e+03 9.737242128500737692e+01
8.654507561049162177e+03 9.878300774459154354e+01
8.654707614389608352e+03 9.822361947719457476e+01
8.654907667730054527e+03 9.717272569222792811e+01
8.655107721070502521e+03 9.934379888904416589e+01
8.655307774410948696e+03 9.790850602873588571e+01
8.655507827751394871e+03 9.634426377050718315e+01
8.655707881091841045e+03 9.945336117186386105e+01
8.655907934432287220e+03 9.710185740072212468e+01
8.656107987772733395e+03 9.716071278594321825e+01
8.656308041113179570e+03 9.825988601028507219e+01
8.656508094453627564e+03 9.720724652265410271e+01
8.656708147794071920e+03 9.681456635531348809e+01
8.656908201134518094e+03 9.647490165865399092e+01
8.657108254474964269e+03 9.415962515968776358e+01
8.657308307815410444e+03 9.619241144433291879e+01
8.657508361155858438e+03 9.864409402491479284e+01
8.657708414496304613e+03 9.562584489358150108e+01
8.657908467836750788e+03 9.827145598969406137e+01
8.658108521177196963e+03 9.643032281164974506e+01
8.658308574517643137e+03 9.632110886295174623e+01
8.658508627858091131e+03 9.479427440528891680e+01
8.658708681198535487e+03 9.362500189071140255e+01
8.658908734538983481e+03 9.507348966150765079e+01
8.659108787879427837e+03 9.552471080103073575e+01
8.659308841219874012e+03 9.615555123016578420e+01
8.659508894560322005e+03 9.576933953947282419e+01
8.659708947900766361e+03 9.301382691803996750e+01
8.659909001241214355e+03 9.488833552599410837e+01
8.660109054581658711e+03 9.209935230086458091e+01
8.660309107922104886e+03 9.249905713852885469e+01
8.660509161262554699e+03 8.965168499867884577e+01
8.660709214602999054e+03 9.166507593383629171e+01
8.660909267943447048e+03 8.938685691536353772e+01
8.661109321283891404e+03 9.072016871522255599e+01
8.661309374624339398e+03 8.606519293691174255e+01
8.661509427964785573e+03 8.773290376058625384e+01
8.661709481305229929e+03 8.830829922877005345e+01
8.661909534645677923e+03 8.427653105282760748e+01
8.662109587986122278e+03 8.201060585552335169e+01
8.662309641326570272e+03 8.227378955468500976e+01
8.662509694667016447e+03 8.177104012355201235e+01
8.662709748007462622e+03 7.741951535888549074e+01
8.662909801347908797e+03 7.507254710418303034e+01
8.663109854688354972e+03 6.961638976015926517e+01
8.663309908028802965e+03 6.635674048254611535e+01
8.663509961369249140e+03 6.314566721666423632e+01
8.663710014709695315e+03 5.764112895998112407e+01
8.663910068050141490e+03 5.209550833341354803e+01
8.664110121390585846e+03 4.609219799052414146e+01
8.664310174731033840e+03 4.411357473404997620e+01
8.664510228071480014e+03 4.131981018691306673e+01
8.664710281411926189e+03 4.382680986403506296e+01
8.664910334752372364e+03 4.934332345611107229e+01
8.665110388092818539e+03 5.526065956626498377e+01
8.665310441433264714e+03 5.841447866656065457e+01
8.665510494773710889e+03 6.652734556939839194e+01
8.665710548114157064e+03 7.085773056179660045e+01
8.665910601454605057e+03 7.537777271123900391e+01
8.666110654795051232e+03 7.451323631492174115e+01
8.666310708135497407e+03 7.679150863717039499e+01
8.666510761475943582e+03 8.066362085479764232e+01
8.666710814816389757e+03 8.186753279736986144e+01
8.666910868156835932e+03 8.484864901672018789e+01
8.667110921497282106e+03 8.546125792895105633e+01
8.667310974837728281e+03 8.522294853144391880e+01
8.667511028178176275e+03 8.761539852519548788e+01
8.667711081518620631e+03 8.754947207228038053e+01
8.667911134859066806e+03 9.098062432695461155e+01
8.668111188199512981e+03 9.098015273604728748e+01
8.668311241539959155e+03 9.323328121427678639e+01
8.668511294880408968e+03 9.211129552007678001e+01
8.668711348220853324e+03 9.175309237121359729e+01
8.668911401561299499e+03 9.374590116389079242e+01
8.669111454901745674e+03 9.220539422205432345e+01
8.669311508242191849e+03 9.260918052850118443e+01
8.669511561582639843e+03 9.354863748559890269e+01
8.669711614923084198e+03 9.272896415650149038e+01
8.669911668263532192e+03 9.444477155088981135e+01
8.670111721603976548e+03 9.672690156620346613e+01
8.670311774944422723e+03 9.530091435573551450e+01
8.670511828284870717e+03 9.616630802309083492e+01
8.670711881625315073e+03 9.675710975939965408e+01
8.670911934965763066e+03 9.391809743990462778e+01
8.671111988306207422e+03 9.559100943344151347e+01
8.671312041646655416e+03 9.610382205189365834e+01
8.671512094987103410e+03 9.704996508618845041e+01
8.671712148327547766e+03 9.890098902906385092e+01
8.671912201667995760e+03 9.725489161378003189e+01
8.672112255008440115e+03 9.824567214543539251e+01
8.672312308348888109e+03 9.962841927670696407e+01
8.672512361689334284e+03 9.789451101084850393e+01
8.672712415029778640e+03 9.916575402524121330e+01
8.672912468370226634e+03 9.585626440315076024e+01
8.673112521710670990e+03 9.622492442010654656e+01
8.673312575051118984e+03 9.942778011338117494e+01
8.673512628391565158e+03 9.562077402979288365e+01
8.673712681732009514e+03 9.968170998447932618e+01
8.673912735072459327e+03 9.799222446037369139e+01
8.674112788412903683e+03 9.706998014334384095e+01
8.674312841753351677e+03 9.652739476077519498e+01
8.674512895093797852e+03 9.638170414015330323e+01
8.674712948434244026e+03 9.644875364219734593e+01
8.674913001774690201e+03 9.744172650289240778e+01
8.675113055115134557e+03 9.908568081714412301e+01
8.675313108455582551e+03 9.903487212836314768e+01
8.675513161796028726e+03 9.799002901237868457e+01
8.675713215136474901e+03 1.008531206424269300e+02
8.675913268476921075e+03 9.967181000652330169e+01
8.676113321817365431e+03 9.667052368695757991e+01
8.676313375157813425e+03 9.772735377513957644e+01
8.676513428498259600e+03 9.441616040381278196e+01
8.676713481838707594e+03 9.166923334560021885e+01
8.676913535179153769e+03 8.637987135537669303e+01
8.677113588519599944e+03 8.641692714746990589e+01
8.677313641860046118e+03 8.149276802873113468e+01
8.677513695200492293e+03 8.479690400155355690e+01
8.677713748540938468e+03 8.856152247266611255e+01
8.677913801881384643e+03 9.013327918786150406e+01
8.678113855221830818e+03 9.441008964855669205e+01
8.678313908562276993e+03 9.702753551489475115e+01
8.678513961902723167e+03 9.836772432954325041e+01
8.678714015243169342e+03 9.916089959476376237e+01
8.678914068583615517e+03 1.008894419668555997e+02
8.679114121924061692e+03 9.944433840812823178e+01
8.679314175264509686e+03 9.716353979423297460e+01
8.679514228604957680e+03 9.847706306362387352e+01
8.679714281945402035e+03 9.874925504356058070e+01
8.679914335285848210e+03 1.004157763777706975e+02
8.680114388626294385e+03 9.985797824316897220e+01
8.680314441966740560e+03 1.006541348278228583e+02
8.680514495307188554e+03 1.000566996766117143e+02
8.680714548647632910e+03 9.790777788338695586e+01
8.680914601988079085e+03 9.900537709782901175e+01
8.681114655328525259e+03 9.777407345642821213e+01
8.681314708668971434e+03 9.969342273343093552e+01
8.681514762009419428e+03 9.950910846626953798e+01
8.681714815349863784e+03 9.892896725153204329e+01
8.681914868690311778e+03 9.784644297364671672e+01
8.682114922030757953e+03 9.579528201543752175e+01
8.682314975371204127e+03 9.694584854500392623e+01
8.682515028711652121e+03 9.568475438797877075e+01
8.682715082052096477e+03 9.663155950313723963e+01
8.682915135392544471e+03 9.653123065286759186e+01
8.683115188732988827e+03 9.513016154815150571e+01
8.683315242073435002e+03 9.431910923051428597e+01
8.683515295413882995e+03 9.938988092091831561e+01
8.683715348754327351e+03 9.669079215757228951e+01
8.683915402094775345e+03 9.695298623997595655e+01
8.684115455435219701e+03 9.947496709907319712e+01
8.684315508775667695e+03 9.879728622943834182e+01
8.684515562116113870e+03 1.012241574838192832e+02
8.684715615456560045e+03 9.970995498902769327e+01
8.684915668797008038e+03 9.311908175823241152e+01
8.685115722137452394e+03 8.964636433324103848e+01
8.685315775477900388e+03 9.208810619422953891e+01
8.685515828818346563e+03 9.594615925662903066e+01
8.685715882158792738e+03 9.456684581206248197e+01
8.685915935499238913e+03 1.000268822433294531e+02
8.686115988839683268e+03 9.918474270546037985e+01
8.686316042180131262e+03 9.749253068882060802e+01
8.686516095520577437e+03 9.925053204292773046e+01
8.686716148861023612e+03 9.818630800331791875e+01
8.686916202201469787e+03 1.002490314529181177e+02
8.687116255541914143e+03 1.027203281502004018e+02
8.687316308882362137e+03 9.977575998089574227e+01
8.687516362222810130e+03 1.005039977633482948e+02
8.687716415563256305e+03 9.883348076168203988e+01
8.687916468903702480e+03 9.991404968864085845e+01
8.688116522244148655e+03 9.958921610221531751e+01
8.688316575584594830e+03 1.012923041476304178e+02
8.688516628925041005e+03 1.008002993254071953e+02
8.688716682265487179e+03 9.809955627459433458e+01
8.688916735605933354e+03 9.797415533487463790e+01
8.689116788946379529e+03 9.852199463458941864e+01
8.689316842286825704e+03 9.776581049293022829e+01
8.689516895627271879e+03 9.866959478976538378e+01
8.689716948967718054e+03 9.728464077095301832e+01
8.689917002308164228e+03 9.814305931636090463e+01
8.690117055648612222e+03 9.506081519093082477e+01
8.690317108989058397e+03 8.879106583253998508e+01
8.690517162329506391e+03 8.050518249971855766e+01
8.690717215669950747e+03 7.176605240174646383e+01
8.690917269010396922e+03 6.908296464850064922e+01
8.691117322350843097e+03 7.079543197208990080e+01
8.691317375691289271e+03 7.868316852171017217e+01
8.691517429031737265e+03 8.844879665573894556e+01
8.691717482372181621e+03 9.238257755981216235e+01
8.691917535712627796e+03 9.398107254320473203e+01
8.692117589053073971e+03 9.629232000808791270e+01
8.692317642393520146e+03 9.741182528904001003e+01
8.692517695733968139e+03 9.800310572317671642e+01
8.692717749074412495e+03 9.998027193904205490e+01
8.692917802414862308e+03 9.957623330258608974e+01
8.693117855755306664e+03 1.016537209221957170e+02
8.693317909095752839e+03 1.023455470391924109e+02
8.693517962436200833e+03 9.887873248576066487e+01
8.693718015776645188e+03 1.000383328933549194e+02
8.693918069117093182e+03 9.918966179834460206e+01
8.694118122457537538e+03 1.005972100879103692e+02
8.694318175797983713e+03 1.012693787667677441e+02
8.694518229138431707e+03 1.006197027850778767e+02
8.694718282478876063e+03 9.963188637641043499e+01
8.694918335819324057e+03 1.005347446649000034e+02
8.695118389159768412e+03 1.000946738941007652e+02
8.695318442500216406e+03 9.866901904568945270e+01
8.695518495840664400e+03 9.918271402362832134e+01
8.695718549181108756e+03 9.870569778806752481e+01
8.695918602521556750e+03 1.013767074502088690e+02
8.696118655862001106e+03 9.910654422963672516e+01
8.696318709202449099e+03 9.905620013765417298e+01
8.696518762542895274e+03 9.875553360252095558e+01
8.696718815883339630e+03 9.912461584214749166e+01
8.696918869223787624e+03 9.763055257246695362e+01
8.697118922564231980e+03 1.002503148923722875e+02
8.697318975904679974e+03 9.873005145638421709e+01
8.697519029245126148e+03 9.915239163098988229e+01
8.697719082585572323e+03 9.975352488630738890e+01
8.697919135926018498e+03 1.004523615500385176e+02
8.698119189266462854e+03 1.003816315983312961e+02
8.698319242606912667e+03 9.919192862883885198e+01
8.698519295947358842e+03 9.913151840183535057e+01
8.698719349287805017e+03 9.981840353508729891e+01
8.698919402628251191e+03 9.986770132848729986e+01
8.699119455968695547e+03 9.891707889758284011e+01
8.699319509309143541e+03 9.974848381110483331e+01
8.699519562649589716e+03 9.872956891567845616e+01
8.699719615990035891e+03 9.988676222084905021e+01
8.699919669330482066e+03 1.021016481410376855e+02
8.700119722670928240e+03 9.834512275634517664e+01
8.700319776011374415e+03 1.006367501671465590e+02
8.700519829351820590e+03 1.003952885304195348e+02
8.700719882692266765e+03 9.955602469115127917e+01
8.700919936032714759e+03 1.002110254725361074e+02
8.701119989373160934e+03 9.772410278677051565e+01
8.701320042713607108e+03 9.466146998977389160e+01
8.701520096054053283e+03 9.326396258571533338e+01
8.701720149394499458e+03 9.263139591407060891e+01
8.701920202734945633e+03 9.528487904297342936e+01
8.702120256075391808e+03 9.418715808069843831e+01
8.702320309415837983e+03 9.949306071621154501e+01
8.702520362756285977e+03 1.027185785055058460e+02
8.702720416096730332e+03 9.805349127828644384e+01
8.702920469437176507e+03 9.893523526596467832e+01
8.703120522777622682e+03 9.818231112377142722e+01
8.703320576118068857e+03 9.714843626242303287e+01
8.703520629458516851e+03 9.640095315401798359e+01
8.703720682798963026e+03 9.778135047422449588e+01
8.703920736139409200e+03 1.006767873637349169e+02
8.704120789479855375e+03 9.897965211691736442e+01
8.704320842820301550e+03 9.985399131699846009e+01
8.704520896160749544e+03 1.001317888541484962e+02
8.704720949501193900e+03 1.001498437392071281e+02
8.704921002841641894e+03 9.847939606658772504e+01
8.705121056182086249e+03 1.013541427791784031e+02
8.705321109522532424e+03 9.975205495508298270e+01
8.705521162862980418e+03 1.008083537401629144e+02
8.705721216203424774e+03 9.918463754772392349e+01
8.705921269543872768e+03 9.815611825790747957e+01
8.706121322884317124e+03 9.852738466100122139e+01
8.706321376224765118e+03 9.923637508637035864e+01
8.706521429565213111e+03 1.006363968876055708e+02
8.706721482905657467e+03 9.953535890388114638e+01
8.706921536246105461e+03 1.017657859494301391e+02
8.707121589586549817e+03 1.007561710465100333e+02
8.707321642926997811e+03 9.996630331484814747e+01
8.707521696267443986e+03 9.807798521703325889e+01
8.707721749607888341e+03 9.856466764113615397e+01
8.707921802948336335e+03 9.947555757360176187e+01
8.708121856288780691e+03 9.929948535729930370e+01
8.708321909629228685e+03 9.906919939612396320e+01
8.708521962969674860e+03 1.014851068564450571e+02
8.708722016310121035e+03 9.983126885584945853e+01
8.708922069650567209e+03 1.025004712296372276e+02
8.709122122991013384e+03 9.704066847828407560e+01
8.709322176331461378e+03 1.003095386143568675e+02
8.709522229671907553e+03 1.003868186541290299e+02
8.709722283012353728e+03 9.995966326877392305e+01
8.709922336352799903e+03 1.001804269544344805e+02
8.710122389693244259e+03 9.732536753545061003e+01
8.710322443033692252e+03 1.004772319114665180e+02
8.710522496374138427e+03 9.952991982060324005e+01
8.710722549714584602e+03 1.016594469722317342e+02
8.710922603055030777e+03 9.965046012189309010e+01
8.711122656395476952e+03 9.956949110001927750e+01
8.711322709735923127e+03 9.933728782622792153e+01
8.711522763076369301e+03 1.002749925816619765e+02
8.711722816416815476e+03 1.011265916451832254e+02
8.711922869757263470e+03 9.742245611713372000e+01
8.712122923097709645e+03 9.724272790181699122e+01
8.712322976438155820e+03 9.153013823095250245e+01
8.712523029778601995e+03 8.847732625732507472e+01
8.712723083119048169e+03 8.761654217600562333e+01
8.712923136459494344e+03 8.973846165606076397e+01
8.713123189799940519e+03 9.398420287312445964e+01
8.713323243140386694e+03 9.622263845621586142e+01
8.713523296480834688e+03 9.725980011687323668e+01
8.713723349821279044e+03 9.890100044368681154e+01
8.713923403161725219e+03 9.964127286092529800e+01
8.714123456502171393e+03 1.011176989246698099e+02
8.714323509842617568e+03 1.000231455471602260e+02
8.714523563183067381e+03 9.785219441277300234e+01
8.714723616523511737e+03 9.589875664555115975e+01
8.714923669863957912e+03 9.633288234299071462e+01
8.715123723204404087e+03 9.120663040705207436e+01
8.715323776544850261e+03 8.871027380540954255e+01
8.715523829885298255e+03 9.074014738506984656e+01
8.715723883225742611e+03 9.167539539612475608e+01
8.715923936566190605e+03 9.258192477418052135e+01
8.716123989906634961e+03 9.766361567336920757e+01
8.716324043247081136e+03 9.868100955510399785e+01
8.716524096587529129e+03 1.009664814778850399e+02
8.716724149927973485e+03 1.002675690947931457e+02
8.716924203268421479e+03 1.007563419687823512e+02
8.717124256608865835e+03 1.007760810848080411e+02
8.717324309949313829e+03 1.005161985624212519e+02
8.717524363289761823e+03 1.004497615833603987e+02
8.717724416630206179e+03 9.949082545963725011e+01
8.717924469970654172e+03 1.026398495230942700e+02
8.718124523311098528e+03 1.005296451087590981e+02
8.718324576651546522e+03 9.916492397344114806e+01
8.718524629991992697e+03 9.870330592395147562e+01
8.718724683332437053e+03 9.954366238368447739e+01
8.718924736672885047e+03 9.918127367533323024e+01
8.719124790013329402e+03 9.859018890493121035e+01
8.719324843353777396e+03 9.929301646398545245e+01
8.719524896694223571e+03 9.953483461355585860e+01
8.719724950034667927e+03 9.625252794512553578e+01
8.719925003375117740e+03 9.314840314468224847e+01
8.720125056715562096e+03 9.262033399883281959e+01
8.720325110056010089e+03 9.350602557433296624e+01
8.720525163396456264e+03 9.504516089492626918e+01
8.720725216736902439e+03 9.812373182739570154e+01
8.720925270077348614e+03 9.926715882618488251e+01
8.721125323417792970e+03 1.004287900567849192e+02
8.721325376758240964e+03 9.976837717581291543e+01
8.721525430098687139e+03 9.913253980599574788e+01
8.721725483439133313e+03 9.730275707720996081e+01
8.721925536779579488e+03 9.894546723151772483e+01
8.722125590120023844e+03 9.924929737833312515e+01
8.722325643460471838e+03 9.930223895731927541e+01
8.722525696800918013e+03 9.858394213606320022e+01
8.722725750141366007e+03 1.021562343621992426e+02
8.722925803481812181e+03 9.876940264122848134e+01
8.723125856822258356e+03 9.975590879394133026e+01
8.723325910162704531e+03 1.014377309341632127e+02
8.723525963503150706e+03 9.989223250277532884e+01
8.723726016843596881e+03 1.016491591645722110e+02
8.723926070184043056e+03 1.004446173813532539e+02
8.724126123524489230e+03 9.922527130002714557e+01
8.724326176864935405e+03 1.016879281060887763e+02
8.724526230205381580e+03 9.691145896823060468e+01
8.724726283545827755e+03 1.007128221625632705e+02
8.724926336886273930e+03 1.009146971034789289e+02
8.725126390226720105e+03 9.890104823643591203e+01
8.725326443567168099e+03 9.942460144246683740e+01
8.725526496907616092e+03 9.838882852944800561e+01
8.725726550248060448e+03 1.019613723629098132e+02
8.725926603588506623e+03 1.010075110547555397e+02
8.726126656928952798e+03 9.992372311017760467e+01
8.726326710269398973e+03 1.006255323417036891e+02
8.726526763609846967e+03 1.003598178848729674e+02
8.726726816950291322e+03 9.969414260486585988e+01
8.726926870290737497e+03 9.983517671926728099e+01
8.727126923631183672e+03 9.936245764697379457e+01
8.727326976971629847e+03 9.889245951124918577e+01
8.727527030312077841e+03 9.877795897866062091e+01
8.727727083652522197e+03 9.923640001346691975e+01
8.727927136992970190e+03 9.688191289970357900e+01
8.728127190333416365e+03 1.000925600742491497e+02
8.728327243673862540e+03 1.000889077800687375e+02
8.728527297014310534e+03 1.000900560719510395e+02
8.728727350354754890e+03 9.902208175176328098e+01
8.728927403695202884e+03 1.001602942984875853e+02
8.729127457035647240e+03 1.000075047859765647e+02
8.729327510376093414e+03 9.904270641754030180e+01
8.729527563716541408e+03 1.019814388421888793e+02
8.729727617056985764e+03 9.845263707971419365e+01
8.729927670397433758e+03 9.657591947054464754e+01
8.730127723737878114e+03 9.613370450117835730e+01
8.730327777078326108e+03 9.557788034607276018e+01
8.730527830418772282e+03 9.594686346639221597e+01
8.730727883759218457e+03 9.592360854406426540e+01
8.730927937099666451e+03 9.770738612583235749e+01
8.731127990440110807e+03 9.707267489293731444e+01
8.731328043780558801e+03 9.876510533681346260e+01
8.731528097121004976e+03 9.894175961105557349e+01
8.731728150461449331e+03 9.947233944627498659e+01
8.731928203801897325e+03 9.991202791624294832e+01
8.732128257142341681e+03 9.776934633024882260e+01
8.732328310482789675e+03 9.904744202785769858e+01
