8.483109903586851942e+03 1.038647544560282512e+02
8.483309976933634971e+03 9.818506727673559453e+01
8.483510050280416181e+03 1.012697400332616695e+02
8.483710123627201028e+03 9.995296827593772093e+01
8.483910196973980419e+03 1.020954303116762816e+02
8.484110270320763448e+03 9.592113918360394109e+01
8.484310343667548295e+03 9.733331518780880742e+01
8.484510417014329505e+03 9.535129202031212969e+01
8.484710490361112534e+03 9.677433552327772759e+01
8.484910563707895562e+03 9.441166263099572120e+01
8.485110637054678591e+03 8.450309585484623653e+01
8.485310710401461620e+03 9.417631358636701577e+01
8.485510783748242829e+03 9.343166460434288467e+01
8.485710857095025858e+03 9.188461545472908654e+01
8.485910930441807068e+03 9.430927144533997364e+01
8.486111003788591916e+03 1.006692207016649974e+02
8.486311077135374944e+03 9.979372673180650111e+01
8.486511150482157973e+03 9.898341644107391346e+01
8.486711223828941002e+03 9.805373295900631092e+01
8.486911297175720392e+03 9.947434035915867412e+01
8.487111370522505240e+03 1.018029280870038633e+02
8.487311443869288269e+03 9.887612632839856985e+01
8.487511517216069478e+03 1.038350088081254512e+02
8.487711590562854326e+03 9.948335932100870593e+01
8.487911663909635536e+03 9.941893468901724873e+01
8.488111737256418564e+03 9.651252240980329589e+01
8.488311810603203412e+03 9.839848248529996511e+01
8.488511883949982803e+03 9.417319390126331768e+01
8.488711957296765831e+03 1.004522907906836480e+02
8.488912030643548860e+03 1.001412330177489309e+02
8.489112103990331889e+03 1.004725447248946608e+02
8.489312177337114917e+03 9.655175548025739829e+01
8.489512250683897946e+03 9.890196830897251346e+01
8.489712324030680975e+03 9.823955230981925979e+01
8.489912397377464004e+03 1.011433120722113728e+02
8.490112470724245213e+03 9.719644789256808792e+01
8.490312544071028242e+03 9.503115715121022333e+01
8.490512617417811271e+03 9.799927503519596428e+01
8.490712690764594299e+03 1.026240183130121295e+02
8.490912764111375509e+03 9.954382262850000984e+01
8.491112837458160357e+03 1.031692992038122583e+02
8.491312910804943385e+03 1.023606543832938058e+02
8.491512984151724595e+03 1.004845703955357834e+02
8.491713057498507624e+03 9.746809610356328335e+01
8.491913130845288833e+03 1.028354825157432231e+02
8.492113204192071862e+03 9.681385852485546195e+01
8.492313277538856710e+03 1.033333731840097300e+02
8.492513350885637919e+03 9.650291979978011625e+01
8.492713424232420948e+03 9.700949527820121432e+01
8.492913497579203977e+03 9.348750461292817704e+01
8.493113570925987005e+03 9.857583822803022144e+01
8.493313644272770034e+03 9.495684606653271942e+01
8.493513717619551244e+03 9.629273097451427077e+01
8.493713790966334273e+03 9.771321139081989315e+01
8.493913864313117301e+03 9.812321074201115323e+01
8.494113937659900330e+03 9.744775573223998322e+01
8.494314011006683359e+03 9.983662053092841404e+01
8.494514084353466387e+03 9.863837666151242445e+01
8.494714157700249416e+03 9.582985525247588043e+01
8.494914231047028807e+03 8.955641845897915232e+01
8.495114304393813654e+03 9.574327371377250984e+01
8.495314377740596683e+03 9.626244543346594185e+01
8.495514451087377893e+03 9.846304248430801920e+01
8.495714524434162740e+03 9.788879507231125388e+01
8.495914597780943950e+03 1.001767149083369048e+02
8.496114671127726979e+03 9.825802941657013889e+01
8.496314744474510007e+03 9.968996514838133294e+01
8.496514817821291217e+03 9.636130074729302919e+01
8.496714891168074246e+03 9.161298260013660411e+01
8.496914964514857274e+03 9.320269649264182021e+01
8.497115037861640303e+03 9.287616303599399714e+01
8.497315111208425151e+03 9.491203316536952173e+01
8.497515184555206361e+03 9.669187387837051517e+01
8.497715257901989389e+03 9.354621309075834290e+01
8.497915331248770599e+03 9.361734554242357831e+01
8.498115404595553628e+03 9.565759031018114911e+01
8.498315477942336656e+03 9.610700102902806918e+01
8.498515551289119685e+03 9.152675404677582094e+01
8.498715624635902714e+03 9.059807062562673252e+01
8.498915697982683923e+03 9.145298984529134145e+01
8.499115771329468771e+03 8.956561127018888158e+01
8.499315844676251800e+03 9.248429700934153175e+01
8.499515918023031190e+03 8.514610312675677051e+01
8.499715991369816038e+03 8.274153825348474811e+01
8.499916064716597248e+03 7.751435212939435360e+01
8.500116138063380276e+03 6.947075926571099558e+01
8.500316211410165124e+03 6.145860218148063581e+01
8.500516284756946334e+03 6.314010766972933908e+01
8.500716358103731181e+03 5.072336566869303454e+01
8.500916431450512391e+03 4.450031947286650791e+01
8.501116504797293601e+03 4.622258275641138425e+01
8.501316578144078449e+03 4.649336776281897698e+01
8.501516651490859658e+03 5.036688156405500649e+01
8.501716724837642687e+03 5.933375962967308936e+01
8.501916798184425716e+03 6.465636193454764680e+01
8.502116871531208744e+03 7.005003758300252059e+01
8.502316944877991773e+03 8.110471885107268974e+01
8.502517018224774802e+03 8.531333080978350836e+01
8.502717091571556011e+03 8.009557442909054714e+01
8.502917164918337221e+03 8.719360586627388443e+01
8.503117238265122069e+03 9.263409873098545688e+01
8.503317311611905097e+03 9.741807517934427096e+01
8.503517384958686307e+03 9.669694870349124471e+01
8.503717458305471155e+03 9.418529460491578220e+01
8.503917531652252364e+03 9.373271106457364965e+01
8.504117604999037212e+03 9.232486569116068154e+01
8.504317678345818422e+03 9.226685028549528056e+01
8.504517751692599631e+03 9.050381475241778162e+01
8.504717825039384479e+03 8.752210568496143139e+01
8.504917898386165689e+03 8.024443692149361596e+01
8.505117971732948718e+03 8.460828780016332473e+01
8.505318045079733565e+03 8.589797661956284003e+01
8.505518118426514775e+03 8.791539642105894359e+01
8.505718191773295985e+03 8.777177674860939760e+01
8.505918265120079013e+03 9.356575266374520083e+01
8.506118338466862042e+03 9.269781238426165260e+01
8.506318411813645071e+03 9.593650014511399604e+01
8.506518485160428099e+03 9.413039813903259301e+01
8.506718558507211128e+03 9.658425809101014181e+01
8.506918631853992338e+03 9.651124405831043873e+01
8.507118705200777185e+03 9.807790729357888893e+01
8.507318778547558395e+03 1.037371905713677904e+02
8.507518851894339605e+03 9.588793079805324737e+01
8.507718925241124452e+03 1.036884129876004295e+02
8.507918998587905662e+03 1.001817900424623815e+02
8.508119071934690510e+03 1.014433970501933260e+02
8.508319145281473538e+03 1.003412242137903974e+02
8.508519218628254748e+03 9.768439727135057637e+01
8.508719291975039596e+03 9.501192168973129526e+01
8.508919365321818987e+03 1.029032704556531712e+02
8.509119438668602015e+03 1.022454550319452977e+02
8.509319512015386863e+03 9.555423580358849733e+01
8.509519585362168073e+03 1.011210612113278984e+02
8.509719658708951101e+03 1.020605590212984737e+02
8.509919732055734130e+03 1.007526121345564292e+02
8.510119805402517159e+03 9.654228100294660919e+01
8.510319878749300187e+03 9.819908858889441206e+01
8.510519952096081397e+03 9.990346665627706102e+01
8.510720025442864426e+03 1.038904877512075160e+02
8.510920098789645635e+03 9.752954699799398952e+01
8.511120172136430483e+03 1.003213099005408679e+02
8.511320245483213512e+03 9.607686578266317667e+01
8.511520318829996540e+03 1.001467808297372386e+02
8.511720392176779569e+03 9.817906954938064246e+01
8.511920465523560779e+03 9.446714080673955038e+01
8.512120538870343808e+03 1.004518687558504979e+02
8.512320612217126836e+03 9.848807593667122262e+01
8.512520685563908046e+03 9.799825220284023430e+01
8.512720758910692894e+03 1.010553428096339701e+02
8.512920832257474103e+03 9.982574030538509646e+01
8.513120905604257132e+03 1.004412135016038548e+02
8.513320978951041980e+03 9.935119049123272816e+01
8.513521052297823189e+03 9.572218082230561720e+01
8.513721125644604399e+03 9.748729737643117232e+01
8.513921198991387428e+03 9.586398337509983492e+01
8.514121272338170456e+03 9.756138285849907277e+01
8.514321345684953485e+03 9.792091559095487696e+01
8.514521419031736514e+03 1.039772857309454821e+02
8.514721492378519542e+03 9.987924021896337479e+01
8.514921565725300752e+03 9.808707079923958361e+01
8.515121639072083781e+03 9.555809650250999709e+01
8.515321712418866809e+03 1.014963741449578407e+02
8.515521785765649838e+03 9.854363084357281366e+01
8.515721859112432867e+03 1.023659043652630345e+02
8.515921932459214077e+03 9.991369619972834926e+01
8.516122005805998924e+03 9.766660253082245902e+01
8.516322079152781953e+03 1.002598966339115520e+02
8.516522152499563163e+03 9.867188052317486324e+01
8.516722225846346191e+03 9.650521652647709914e+01
8.516922299193127401e+03 8.677105507868044754e+01
8.517122372539910430e+03 8.356896769336344732e+01
8.517322445886695277e+03 8.327159032280790996e+01
8.517522519233476487e+03 8.271101619422940132e+01
8.517722592580259516e+03 9.263926344039053618e+01
8.517922665927042544e+03 8.890388781183717981e+01
8.518122739273825573e+03 8.962603445475497210e+01
8.518322812620606783e+03 9.113809665269288018e+01
8.518522885967389811e+03 8.977749019666441654e+01
8.518722959314172840e+03 9.732833567173119604e+01
8.518923032660955869e+03 9.769262935368934109e+01
8.519123106007738897e+03 9.794529814803988188e+01
8.519323179354521926e+03 9.788994990350155945e+01
8.519523252701304955e+03 9.485400431009222189e+01
8.519723326048087984e+03 9.910256606288976400e+01
8.519923399394867374e+03 9.781332134815284007e+01
8.520123472741652222e+03 1.028743984505625804e+02
8.520323546088435251e+03 9.347353723260961544e+01
8.520523619435216460e+03 1.051922702761198281e+02
8.520723692782001308e+03 1.027335446752009886e+02
8.520923766128782518e+03 9.961776747056575232e+01
8.521123839475565546e+03 9.816729848576603956e+01
8.521323912822350394e+03 1.003364648756767252e+02
8.521523986169129785e+03 9.799450361531901876e+01
8.521724059515912813e+03 1.054936240230787803e+02
8.521924132862695842e+03 9.677159794036091967e+01
8.522124206209478871e+03 9.571416201183369310e+01
8.522324279556263718e+03 1.009442506312709611e+02
8.522524352903044928e+03 1.009060419969611075e+02
8.522724426249827957e+03 9.935172446474558683e+01
8.522924499596610985e+03 1.018479134442293343e+02
8.523124572943392195e+03 9.815945100071948559e+01
8.523324646290175224e+03 9.966645056190523633e+01
8.523524719636958253e+03 1.005807372419257462e+02
8.523724792983741281e+03 1.004172006346681769e+02
8.523924866330522491e+03 9.723469642195158258e+01
8.524124939677307339e+03 9.996018556092366225e+01
8.524325013024090367e+03 1.010051987057494358e+02
8.524525086370869758e+03 1.024554226690957677e+02
8.524725159717654606e+03 9.962979948587924639e+01
8.524925233064435815e+03 9.714798158699576902e+01
8.525125306411218844e+03 9.795018076837060050e+01
8.525325379758003692e+03 9.966991581456640859e+01
8.525525453104784901e+03 9.687868493471020770e+01
8.525725526451567930e+03 9.610058578622232517e+01
8.525925599798350959e+03 9.935503199744482572e+01
8.526125673145132168e+03 9.613252018195082371e+01
8.526325746491917016e+03 9.831891743897493541e+01
8.526525819838698226e+03 1.008200802254839061e+02
8.526725893185481254e+03 1.027754509385172241e+02
8.526925966532264283e+03 1.030119594993540062e+02
8.527126039879047312e+03 9.515735344482835956e+01
8.527326113225830341e+03 9.252224016216247549e+01
8.527526186572613369e+03 9.862102747167267580e+01
8.527726259919394579e+03 9.600858623077569121e+01
8.527926333266175789e+03 9.298364751384096394e+01
8.528126406612960636e+03 9.918445698568682189e+01
8.528326479959743665e+03 9.786363526145483149e+01
8.528526553306524875e+03 9.900086977232228946e+01
8.528726626653309722e+03 9.777161288308896303e+01
8.528926700000090932e+03 9.916308838239613976e+01
8.529126773346873961e+03 9.585550345876787048e+01
8.529326846693656989e+03 9.414937948299711934e+01
8.529526920040438199e+03 9.608497487699270323e+01
8.529726993387223047e+03 8.715524942510201356e+01
8.529927066734004256e+03 8.789328834515286815e+01
8.530127140080787285e+03 8.679489347324732762e+01
8.530327213427572133e+03 9.168665221403685450e+01
8.530527286774353342e+03 8.815947133451767570e+01
8.530727360121136371e+03 9.300195179981989213e+01
8.530927433467917581e+03 9.274932688141716142e+01
8.531127506814700610e+03 9.601016783910500862e+01
8.531327580161483638e+03 9.835429754687120862e+01
8.531527653508266667e+03 9.991517068440688831e+01
8.531727726855049696e+03 9.670172344864766956e+01
8.531927800201830905e+03 9.658547252706671316e+01
8.532127873548615753e+03 1.012334733468751722e+02
8.532327946895398782e+03 9.986369359331958151e+01
8.532528020242178172e+03 9.787459753605834578e+01
8.532728093588963020e+03 9.498552534629071431e+01
8.532928166935744230e+03 9.717136344394242542e+01
8.533128240282529077e+03 1.000384687566257753e+02
8.533328313629312106e+03 9.387949126209706208e+01
8.533528386976093316e+03 9.550652562852476990e+01
8.533728460322878163e+03 1.008322761312559237e+02
8.533928533669657554e+03 9.647939914269115036e+01
8.534128607016440583e+03 9.559223524159052943e+01
8.534328680363225430e+03 9.352986885258150096e+01
8.534528753710006640e+03 9.576427898772338665e+01
8.534728827056789669e+03 9.874600908105298913e+01
8.534928900403572698e+03 9.531694149953123940e+01
8.535128973750355726e+03 1.021390130446757496e+02
8.535329047097138755e+03 9.315669151765474965e+01
8.535529120443919965e+03 9.318486147770339301e+01
8.535729193790702993e+03 1.009519573275332789e+02
8.535929267137484203e+03 9.811035487867832217e+01
8.536129340484269051e+03 9.043286218497989637e+01
8.536329413831052079e+03 8.947650221861026409e+01
8.536529487177833289e+03 9.536929421846788557e+01
8.536729560524618137e+03 9.273172005912324778e+01
8.536929633871399346e+03 9.286142907490759058e+01
8.537129707218182375e+03 9.393033914477301494e+01
8.537329780564965404e+03 9.487007556294550170e+01
8.537529853911746613e+03 9.340465881029916773e+01
8.537729927258531461e+03 9.548248444610679542e+01
8.537930000605312671e+03 9.191531128116642435e+01
8.538130073952095699e+03 9.093278958381523580e+01
8.538330147298880547e+03 9.240957099158610788e+01
8.538530220645661757e+03 9.205180994655117388e+01
8.538730293992442967e+03 9.161524688032669417e+01
8.538930367339225995e+03 8.880738488290610633e+01
8.539130440686009024e+03 8.631564362430628989e+01
8.539330514032792053e+03 8.801131235564855615e+01
8.539530587379575081e+03 8.572474908095911417e+01
8.539730660726358110e+03 8.684302116911931080e+01
8.539930734073139320e+03 8.857820004863347663e+01
8.540130807419924167e+03 8.557009299624644427e+01
8.540330880766705377e+03 8.363823753475290346e+01
8.540530954113488406e+03 8.910071130302603137e+01
8.540731027460271434e+03 8.751648590971264241e+01
8.540931100807052644e+03 8.107996039220570594e+01
8.541131174153837492e+03 7.770357747487854283e+01
8.541331247500620520e+03 8.580195503071766439e+01
8.541531320847401730e+03 8.165500261563214224e+01
8.541731394194186578e+03 8.087962366425554706e+01
8.541931467540965969e+03 7.756224706724646012e+01
8.542131540887748997e+03 8.135039675238812151e+01
8.542331614234533845e+03 7.312160208615404144e+01
8.542531687581315055e+03 7.361001402163020657e+01
8.542731760928098083e+03 7.445005508147760054e+01
8.542931834274881112e+03 6.844412689189782384e+01
8.543131907621664141e+03 7.139923756920163100e+01
8.543331980968445350e+03 6.656796632216325804e+01
8.543532054315228379e+03 6.343668726793073631e+01
8.543732127662011408e+03 6.324076215405612800e+01
8.543932201008794436e+03 6.058839699005274326e+01
8.544132274355577465e+03 5.884242698071415845e+01
8.544332347702360494e+03 5.014126420369617421e+01
8.544532421049143522e+03 5.046101679792066363e+01
8.544732494395926551e+03 4.398195820885288043e+01
8.544932567742705942e+03 4.070250256662146171e+01
8.545132641089490789e+03 2.945182114888141456e+01
8.545332714436273818e+03 3.087614588019049933e+01
8.545532787783055028e+03 3.751276810909390491e+01
8.545732861129839876e+03 4.589129903430232105e+01
8.545932934476621085e+03 5.171545398623857892e+01
8.546133007823404114e+03 5.409330380117613402e+01
8.546333081170188962e+03 5.945456868018627716e+01
8.546533154516968352e+03 6.041444636179462435e+01
8.546733227863751381e+03 6.073974859466721199e+01
8.546933301210534410e+03 6.794041811220257898e+01
8.547133374557317438e+03 7.030819601615324643e+01
8.547333447904100467e+03 7.175126882460955358e+01
8.547533521250883496e+03 7.079535513731809715e+01
8.547733594597666524e+03 7.656388917756144963e+01
8.547933667944449553e+03 7.747737758654584184e+01
8.548133741291230763e+03 7.140705903809696053e+01
8.548333814638013791e+03 7.951669523762001290e+01
8.548533887984796820e+03 7.694251839033297813e+01
8.548733961331579849e+03 8.148391429116274765e+01
8.548934034678361058e+03 7.957298683289381813e+01
8.549134108025145906e+03 8.069509593906128941e+01
8.549334181371928935e+03 7.844655743760840494e+01
8.549534254718710145e+03 8.208610668072056171e+01
8.549734328065493173e+03 8.834846164192663309e+01
8.549934401412274383e+03 8.936473321345569332e+01
8.550134474759057412e+03 8.938644357226097270e+01
8.550334548105842259e+03 9.081964732861237621e+01
8.550534621452623469e+03 9.300091551725883221e+01
8.550734694799406498e+03 8.891318186075473307e+01
8.550934768146189526e+03 8.926596472096538548e+01
8.551134841492972555e+03 9.375347191777771627e+01
8.551334914839755584e+03 9.302703608793842704e+01
8.551534988186536793e+03 8.637642212790225926e+01
8.551735061533319822e+03 9.455752265840806103e+01
8.551935134880102851e+03 9.153080932609762499e+01
8.552135208226885879e+03 9.305114468393401239e+01
8.552335281573668908e+03 9.311489162114246199e+01
8.552535354920451937e+03 9.621422900201012851e+01
8.552735428267233146e+03 9.395768483222829559e+01
8.552935501614014356e+03 9.609058420239288978e+01
8.553135574960799204e+03 9.201160457181426011e+01
8.553335648307582233e+03 9.441371257523779548e+01
8.553535721654363442e+03 9.367156753632161781e+01
8.553735795001148290e+03 9.136735661781563067e+01
8.553935868347929500e+03 9.108097640359662250e+01
8.554135941694712528e+03 9.648693906739272563e+01
8.554336015041495557e+03 9.395654853622724545e+01
8.554536088388276767e+03 1.006567378353911550e+02
8.554736161735061614e+03 9.763666675522337357e+01
8.554936235081842824e+03 9.735378415935450391e+01
8.555136308428625853e+03 9.917476157919290358e+01
8.555336381775410700e+03 9.605815317619565974e+01
8.555536455122191910e+03 9.215025834264062610e+01
8.555736528468974939e+03 9.261556102356894371e+01
8.555936601815756148e+03 9.774634703454819373e+01
8.556136675162539177e+03 9.759641585999767699e+01
8.556336748509322206e+03 9.350798571923643010e+01
8.556536821856105234e+03 9.765494070758916223e+01
8.556736895202888263e+03 9.409383573259138700e+01
8.556936968549669473e+03 9.571360041838622124e+01
8.557137041896454321e+03 9.262965422973205420e+01
8.557337115243237349e+03 9.951133812418132152e+01
8.557537188590016740e+03 9.600029106137431256e+01
8.557737261936801588e+03 9.523793174394262451e+01
8.557937335283582797e+03 9.672895403451481400e+01
8.558137408630365826e+03 9.642800481929769774e+01
8.558337481977150674e+03 9.881918336288774185e+01
8.558537555323931883e+03 9.572778995181896278e+01
8.558737628670716731e+03 9.812369425306715698e+01
8.558937702017497941e+03 9.662872647931976644e+01
8.559137775364279150e+03 9.991505020739735698e+01
8.559337848711063998e+03 9.221123463413053400e+01
8.559537922057845208e+03 9.048778533526365209e+01
8.559737995404628236e+03 8.782910412413869494e+01
8.559938068751411265e+03 8.328851038563004749e+01
8.560138142098194294e+03 9.141531371218715663e+01
8.560338215444977322e+03 9.224886576509068448e+01
8.560538288791760351e+03 9.658320495548919382e+01
8.560738362138541561e+03 1.006687155562862870e+02
8.560938435485322771e+03 9.688747821123173765e+01
8.561138508832107618e+03 9.976054971048246500e+01
8.561338582178890647e+03 1.014982537071313118e+02
8.561538655525671857e+03 1.005570892105512115e+02
8.561738728872456704e+03 9.569584788635526706e+01
8.561938802219237914e+03 9.800231964913952254e+01
8.562138875566020943e+03 9.492968173266875453e+01
8.562338948912803971e+03 1.011070214020487015e+02
8.562539022259585181e+03 9.781468511822653511e+01
8.562739095606370029e+03 1.001271746593464513e+02
8.562939168953151238e+03 9.258757722901175669e+01
8.563139242299934267e+03 9.738595675863754764e+01
8.563339315646719115e+03 9.521917561503965999e+01
8.563539388993500324e+03 9.970846752977085714e+01
8.563739462340281534e+03 1.029256112079042396e+02
8.563939535687064563e+03 1.033879719964922970e+02
8.564139609033847591e+03 9.702727013101490172e+01
8.564339682380630620e+03 9.899175817714771597e+01
8.564539755727413649e+03 1.011077076802940411e+02
8.564739829074196678e+03 9.491252483928043659e+01
8.564939902420977887e+03 9.975706040781786044e+01
8.565139975767762735e+03 9.709791379266982858e+01
8.565340049114543945e+03 9.763721798482427516e+01
8.565540122461326973e+03 1.009855398599138852e+02
8.565740195808110002e+03 9.918618663316490824e+01
8.565940269154891212e+03 1.025877207955667245e+02
8.566140342501676059e+03 1.002100791937848072e+02
8.566340415848459088e+03 9.778258922010846277e+01
8.566540489195240298e+03 9.798552553017829325e+01
8.566740562542025145e+03 9.799279127352920682e+01
8.566940635888804536e+03 9.767770952299956377e+01
8.567140709235587565e+03 1.007677499168318889e+02
8.567340782582372412e+03 1.027680439170427320e+02
8.567540855929153622e+03 9.751509008210405227e+01
8.567740929275936651e+03 1.005200370538277213e+02
8.567941002622719679e+03 9.712456271970550858e+01
8.568141075969502708e+03 9.716389842885676842e+01
8.568341149316285737e+03 1.049017341135615595e+02
8.568541222663066947e+03 9.786631867707396282e+01
8.568741296009849975e+03 1.009739022911851123e+02
8.568941369356631185e+03 9.732806409059163855e+01
8.569141442703416033e+03 9.978726447803741451e+01
8.569341516050199061e+03 9.368601396707620665e+01
8.569541589396982090e+03 9.190003087567231432e+01
8.569741662743765119e+03 1.026529555900598893e+02
8.569941736090546328e+03 1.031593690096407556e+02
8.570141809437329357e+03 1.021271284453724917e+02
8.570341882784112386e+03 9.695682907603224976e+01
8.570541956130893595e+03 1.007497816919801323e+02
8.570742029477678443e+03 1.010758406870119757e+02
8.570942102824459653e+03 9.879536275602696094e+01
8.571142176171242681e+03 1.000915217857184700e+02
8.571342249518027529e+03 9.475696013549983832e+01
8.571542322864806920e+03 9.895766869682250899e+01
8.571742396211589949e+03 9.913325126193683445e+01
8.571942469558372977e+03 9.845634059287623074e+01
8.572142542905156006e+03 9.776980085463651449e+01
8.572342616251939035e+03 9.509355135690690020e+01
8.572542689598722063e+03 9.602352618225442882e+01
8.572742762945505092e+03 9.987768591960711717e+01
8.572942836292288121e+03 9.465970047057885495e+01
8.573142909639069330e+03 9.578812048183235106e+01
8.573342982985852359e+03 9.481940512221964923e+01
8.573543056332635388e+03 9.729003823082413760e+01
8.573743129679418416e+03 9.858510432593011785e+01
8.573943203026199626e+03 9.938752737131368065e+01
8.574143276372984474e+03 9.576988352626419498e+01
8.574343349719767502e+03 9.603102005013091969e+01
8.574543423066548712e+03 9.633421542887563760e+01
8.574743496413331741e+03 9.330874412851657951e+01
8.574943569760112950e+03 9.628607768467182382e+01
8.575143643106895979e+03 9.472280584912073209e+01
8.575343716453680827e+03 9.633332415225072509e+01
8.575543789800462037e+03 1.007298694252052798e+02
8.575743863147245065e+03 9.745614034910558132e+01
8.575943936494028094e+03 1.007306044192594072e+02
8.576144009840811123e+03 9.918959507702140854e+01
8.576344083187592332e+03 9.814909760682215278e+01
8.576544156534375361e+03 9.877780152996932372e+01
8.576744229881158390e+03 1.004287610818020653e+02
8.576944303227941418e+03 9.534157255519774310e+01
8.577144376574724447e+03 1.052268290402981989e+02
8.577344449921507476e+03 1.006832016236734972e+02
8.577544523268290504e+03 9.741003354792881908e+01
8.577744596615073533e+03 1.000686261635192693e+02
8.577944669961852924e+03 9.822253046670481069e+01
8.578144743308637771e+03 9.724188671257473970e+01
8.578344816655420800e+03 9.927393414425952756e+01
8.578544890002202010e+03 1.009261560088281300e+02
8.578744963348986857e+03 9.543193575929541339e+01
8.578945036695768067e+03 9.968366260219093533e+01
8.579145110042551096e+03 9.855713067293156371e+01
8.579345183389335944e+03 9.956446958421706483e+01
8.579545256736115334e+03 9.939820919281024203e+01
8.579745330082898363e+03 1.002377949474466448e+02
8.579945403429681392e+03 9.740656162277660712e+01
8.580145476776464420e+03 9.699232988968041980e+01
8.580345550123249268e+03 1.000007598552890897e+02
8.580545623470030478e+03 9.928739936214343231e+01
8.580745696816813506e+03 1.021501566717450515e+02
8.580945770163594716e+03 9.764327860636173284e+01
8.581145843510377745e+03 9.740112718474624387e+01
8.581345916857160773e+03 1.015111881127701707e+02
8.581545990203943802e+03 1.003734963955061659e+02
8.581746063550726831e+03 9.978692819103197564e+01
8.581946136897508040e+03 1.002449352021602351e+02
8.582146210244292888e+03 9.982579809914672353e+01
8.582346283591075917e+03 9.875687623111819846e+01
8.582546356937855307e+03 9.859402675003268257e+01
8.582746430284640155e+03 1.028292652510435374e+02
8.582946503631421365e+03 1.012588334018279852e+02
8.583146576978204394e+03 9.949522627319001344e+01
8.583346650324989241e+03 9.785198848556233031e+01
8.583546723671770451e+03 1.010075051164169082e+02
8.583746797018555299e+03 1.016056372630802542e+02
8.583946870365336508e+03 9.974289530775621415e+01
8.584146943712117718e+03 9.822667778931780447e+01
8.584347017058902566e+03 1.020782535590985560e+02
8.584547090405683775e+03 9.598139934975654342e+01
8.584747163752466804e+03 1.020699395485346628e+02
8.584947237099249833e+03 9.442791232059522599e+01
8.585147310446032861e+03 8.822814510124941023e+01
8.585347383792815890e+03 8.806400062054215994e+01
8.585547457139598919e+03 9.507569460433359154e+01
8.585747530486380128e+03 9.192399185107542792e+01
8.585947603833161338e+03 9.690656513065250977e+01
8.586147677179946186e+03 1.012486061922721490e+02
8.586347750526729214e+03 1.002933739701849731e+02
8.586547823873510424e+03 9.948917248961558357e+01
8.586747897220295272e+03 1.023075308581758378e+02
8.586947970567076482e+03 9.683475196852563727e+01
8.587148043913859510e+03 1.044969695478965832e+02
8.587348117260642539e+03 9.874001593501556329e+01
8.587548190607423749e+03 9.650965706956026224e+01
8.587748263954208596e+03 9.416285726820079560e+01
8.587948337300989806e+03 8.973887892740087580e+01
8.588148410647772835e+03 9.498137435369510229e+01
8.588348483994557682e+03 9.360080681505525035e+01
8.588548557341338892e+03 1.009833063198565668e+02
8.588748630688121921e+03 9.909699180691063702e+01
8.588948704034903130e+03 9.951029972808719037e+01
8.589148777381686159e+03 1.006052750721461422e+02
8.589348850728469188e+03 1.016524145122623963e+02
8.589548924075252216e+03 9.787576625656987517e+01
8.589748997422035245e+03 1.040982918761650353e+02
8.589949070768816455e+03 9.497190384826390641e+01
8.590149144115601302e+03 9.973309479823538481e+01
8.590349217462382512e+03 9.788103618878962209e+01
8.590549290809163722e+03 9.803087932234045354e+01
8.590749364155948570e+03 9.870166294506519478e+01
8.590949437502729779e+03 1.008663812880710680e+02
8.591149510849514627e+03 9.450456036619671352e+01
8.591349584196297656e+03 1.010694890193275199e+02
8.591549657543078865e+03 9.931196690783947645e+01
8.591749730889863713e+03 9.746422553309130876e+01
8.591949804236643104e+03 9.694486499963218762e+01
8.592149877583426132e+03 9.988368467444070120e+01
8.592349950930210980e+03 1.031325593312950701e+02
8.592550024276992190e+03 1.012291828940305720e+02
8.592750097623775218e+03 9.704347616369848595e+01
8.592950170970558247e+03 9.762598759158893813e+01
8.593150244317341276e+03 1.044539467861852415e+02
8.593350317664124304e+03 9.798676278166378495e+01
8.593550391010905514e+03 1.000796444131646581e+02
8.593750464357688543e+03 1.015765583657561706e+02
8.593950537704469752e+03 1.006494090582629894e+02
8.594150611051254600e+03 1.021554711326365918e+02
8.594350684398037629e+03 1.017983669370699999e+02
8.594550757744820658e+03 9.925893290730188312e+01
8.594750831091603686e+03 1.007391564223861451e+02
8.594950904438384896e+03 1.027799270656381623e+02
8.595150977785167925e+03 1.009594027205999112e+02
8.595351051131950953e+03 9.684506998351631069e+01
8.595551124478732163e+03 9.758990393109880301e+01
8.595751197825517011e+03 9.693496548294730530e+01
8.595951271172298220e+03 9.457195955305880375e+01
8.596151344519081249e+03 9.435979669889174204e+01
8.596351417865866097e+03 9.910290323617419972e+01
8.596551491212647306e+03 9.495210888373762259e+01
8.596751564559428516e+03 1.017754337653517069e+02
8.596951637906211545e+03 9.845729452613581145e+01
8.597151711252994573e+03 9.732575954011718977e+01
8.597351784599777602e+03 1.008484131179856860e+02
8.597551857946560631e+03 1.026260611745306903e+02
8.597751931293343659e+03 9.927545058991552196e+01
8.597952004640124869e+03 1.027932441160581902e+02
8.598152077986909717e+03 9.800519545309212788e+01
8.598352151333690927e+03 1.015614149343488890e+02
8.598552224680473955e+03 9.367625512983998703e+01
8.598752298027256984e+03 9.514572194580640030e+01
8.598952371374038194e+03 9.467164187237293049e+01
8.599152444720823041e+03 9.597141173169296735e+01
8.599352518067606070e+03 9.684729134121018035e+01
8.599552591414387280e+03 9.423114856048638899e+01
8.599752664761170308e+03 9.519535211222350313e+01
8.599952738107951518e+03 9.358673978977287788e+01
8.600152811454734547e+03 9.113477373690527372e+01
8.600352884801519394e+03 9.142771587952854873e+01
8.600552958148300604e+03 1.000889634132793731e+02
8.600753031495083633e+03 9.549983234604516724e+01
8.600953104841866661e+03 9.570012150942457652e+01
8.601153178188649690e+03 9.196859922769519358e+01
8.601353251535430900e+03 8.730651879031532303e+01
8.601553324882213929e+03 8.660316801609151582e+01
8.601753398228996957e+03 8.197944897316504864e+01
8.601953471575779986e+03 8.492828994707679158e+01
8.602153544922563015e+03 8.757965922621248467e+01
8.602353618269346043e+03 9.067774177060353225e+01
8.602553691616129072e+03 9.838178892242889617e+01
8.602753764962912101e+03 9.913529565639588270e+01
8.602953838309691491e+03 1.001244619589233906e+02
8.603153911656476339e+03 9.919949305319862276e+01
8.603353985003259368e+03 1.012849051476787849e+02
8.603554058350040577e+03 1.009715896509709552e+02
8.603754131696825425e+03 9.662258493480366894e+01
8.603954205043606635e+03 9.521123054722046675e+01
8.604154278390389663e+03 1.019870754059394642e+02
8.604354351737174511e+03 9.845144590847223753e+01
8.604554425083953902e+03 9.550969967516567749e+01
8.604754498430736930e+03 9.844047807111773807e+01
8.604954571777519959e+03 1.028975031249070327e+02
8.605154645124302988e+03 1.029551143623001224e+02
8.605354718471087835e+03 9.649702361887466395e+01
8.605554791817869045e+03 1.030488186451569987e+02
8.605754865164652074e+03 9.849224143631064976e+01
8.605954938511435103e+03 1.035755509848873430e+02
8.606155011858216312e+03 9.835471520334894535e+01
8.606355085204999341e+03 1.033828160936763680e+02
8.606555158551782370e+03 9.950001506008540275e+01
8.606755231898565398e+03 9.960572293751994266e+01
8.606955305245346608e+03 1.009373044036000238e+02
8.607155378592131456e+03 9.697851979542642198e+01
8.607355451938914484e+03 9.982741675069459575e+01
8.607555525285695694e+03 1.007572382420402306e+02
8.607755598632478723e+03 9.738828557666839458e+01
8.607955671979259932e+03 9.690950303024857249e+01
8.608155745326042961e+03 9.997389533903094616e+01
8.608355818672827809e+03 9.454073047568971333e+01
8.608555892019609018e+03 9.775607765836522844e+01
8.608755965366392047e+03 9.643841167023001049e+01
8.608956038713175076e+03 9.817921333509339377e+01
8.609156112059956286e+03 9.672406425968763699e+01
8.609356185406741133e+03 9.086994984513860629e+01
8.609556258753522343e+03 9.445239816925861476e+01
8.609756332100305372e+03 9.537020323073180350e+01
8.609956405447088400e+03 9.610052036012453414e+01
8.610156478793871429e+03 9.778116576365043500e+01
8.610356552140654458e+03 9.847744188030083023e+01
8.610556625487437486e+03 1.014205584354792364e+02
8.610756698834218696e+03 9.782002543808825124e+01
8.610956772180999906e+03 9.645009246455899188e+01
8.611156845527784753e+03 9.957143469382002365e+01
8.611356918874567782e+03 9.472972326234494744e+01
8.611556992221348992e+03 9.708633394117937598e+01
8.611757065568133839e+03 9.874430423426849757e+01
8.611957138914915049e+03 9.698472598320964266e+01
8.612157212261698078e+03 1.026343737720933547e+02
8.612357285608481106e+03 9.665920021261703710e+01
8.612557358955262316e+03 1.025907648774119281e+02
8.612757432302047164e+03 1.024417307659781500e+02
8.612957505648828374e+03 9.963049593077390398e+01
8.613157578995611402e+03 1.042339936521300103e+02
8.613357652342396250e+03 9.812921889446462842e+01
8.613557725689177460e+03 9.644717880689609046e+01
8.613757799035960488e+03 9.736624593463179167e+01
8.613957872382741698e+03 9.786352434975783865e+01
8.614157945729524727e+03 9.679689309390489882e+01
8.614358019076307755e+03 9.491949945807735389e+01
8.614558092423090784e+03 9.085482569132125263e+01
8.614758165769873813e+03 8.882929580002674186e+01
8.614958239116655022e+03 8.632937820568865561e+01
8.615158312463439870e+03 8.568214531651572941e+01
8.615358385810222899e+03 9.575055718501499769e+01
8.615558459157002289e+03 9.857220805554887022e+01
8.615758532503787137e+03 9.844455177543304103e+01
8.615958605850568347e+03 9.995824966902480924e+01
8.616158679197353194e+03 1.037340377060755401e+02
8.616358752544136223e+03 9.881626129312306261e+01
8.616558825890917433e+03 9.594042121657555811e+01
8.616758899237702281e+03 1.013327189886326920e+02
8.616958972584483490e+03 9.526456409201045972e+01
8.617159045931264700e+03 9.919454927967584013e+01
8.617359119278049548e+03 9.672815475140939157e+01
8.617559192624830757e+03 1.001319124440719577e+02
8.617759265971613786e+03 9.956045807165318706e+01
8.617959339318396815e+03 1.013044551878477932e+02
8.618159412665179843e+03 9.814095815575430493e+01
8.618359486011962872e+03 9.969436533809125933e+01
8.618559559358744082e+03 9.806146512444969687e+01
8.618759632705527110e+03 9.930676263972883078e+01
8.618959706052308320e+03 1.020914505017219369e+02
8.619159779399093168e+03 9.306059319952501596e+01
8.619359852745876196e+03 9.474047457262598471e+01
8.619559926092657406e+03 8.676721413999486288e+01
8.619759999439442254e+03 9.686633925391757316e+01
8.619960072786223463e+03 9.995899696689157565e+01
8.620160146133006492e+03 1.033809845838187584e+02
8.620360219479789521e+03 1.004537216310580732e+02
8.620560292826570731e+03 9.812282685116970526e+01
8.620760366173355578e+03 9.817362781367869218e+01
8.620960439520136788e+03 9.967632145512644115e+01
8.621160512866919817e+03 1.020569618889667254e+02
8.621360586213704664e+03 9.971133405124069782e+01
8.621560659560485874e+03 1.002792304212107837e+02
8.621760732907267084e+03 9.880386085923115047e+01
8.621960806254050112e+03 1.011282732108919333e+02
8.622160879600833141e+03 9.908830785493285020e+01
8.622360952947616170e+03 1.034984031575727670e+02
8.622561026294399198e+03 9.595455634195134564e+01
8.622761099641182227e+03 9.897626886267828183e+01
8.622961172987963437e+03 1.033327070282247462e+02
8.623161246334748284e+03 9.831248395448962185e+01
8.623361319681529494e+03 1.000336827261824908e+02
8.623561393028312523e+03 1.022504333787752842e+02
8.623761466375095551e+03 9.906231452570834506e+01
8.623961539721876761e+03 9.501456430951482446e+01
8.624161613068661609e+03 9.940896717014523176e+01
8.624361686415444638e+03 9.728495924548759888e+01
8.624561759762225847e+03 8.912760662532492972e+01
8.624761833109010695e+03 9.193779371955545798e+01
8.624961906455790086e+03 9.135720199739834868e+01
8.625161979802573114e+03 9.794614001217226473e+01
8.625362053149357962e+03 9.578298345736236286e+01
8.625562126496139172e+03 1.067446202061360054e+02
8.625762199842922200e+03 9.698656941850188673e+01
8.625962273189705229e+03 9.826337938129957195e+01
8.626162346536488258e+03 1.011190052402519797e+02
8.626362419883271286e+03 1.000320737292770019e+02
8.626562493230052496e+03 9.843865236643840433e+01
8.626762566576835525e+03 1.043696105790044300e+02
8.626962639923616734e+03 1.009068983723000770e+02
8.627162713270401582e+03 9.544638327874622519e+01
8.627362786617184611e+03 9.942812778848579569e+01
8.627562859963967639e+03 9.679783545799871547e+01
8.627762933310750668e+03 1.006139949583520377e+02
8.627963006657530059e+03 1.004516401137299653e+02
8.628163080004314907e+03 1.004177961929194964e+02
8.628363153351097935e+03 9.706947351691664494e+01
8.628563226697879145e+03 9.926749413852674309e+01
8.628763300044663993e+03 1.004443463311943958e+02
8.628963373391445202e+03 9.938038525818839730e+01
8.629163446738228231e+03 1.024993078847927421e+02
8.629363520085013079e+03 9.990233293715844809e+01
8.629563593431792469e+03 9.992672390404081284e+01
8.629763666778575498e+03 1.033730390047413437e+02
8.629963740125358527e+03 1.000489098786244000e+02
8.630163813472141555e+03 1.003260641730307725e+02
8.630363886818924584e+03 9.979462707343814998e+01
8.630563960165707613e+03 1.005725793034635558e+02
8.630764033512490641e+03 1.032326288852822813e+02
8.630964106859273670e+03 1.032087015891666226e+02
8.631164180206054880e+03 1.013469799631081258e+02
8.631364253552837909e+03 1.011934473533449363e+02
8.631564326899620937e+03 9.524177859952786207e+01
8.631764400246403966e+03 1.016017067562412564e+02
8.631964473593185176e+03 1.008323716650833148e+02
8.632164546939970023e+03 1.015172095660310418e+02
8.632364620286753052e+03 9.975805876981866049e+01
8.632564693633534262e+03 9.986146243354447449e+01
8.632764766980317290e+03 1.010480886822617350e+02
8.632964840327098500e+03 9.777536438989568524e+01
8.633164913673881529e+03 1.029935837550600155e+02
8.633364987020666376e+03 9.999781372030612658e+01
8.633565060367447586e+03 9.902960741187214921e+01
8.633765133714230615e+03 1.001227223082496636e+02
8.633965207061013643e+03 9.997575982338359779e+01
8.634165280407796672e+03 9.707062681227074563e+01
8.634365353754579701e+03 1.019487999143853472e+02
8.634565427101360910e+03 9.963239739997513311e+01
8.634765500448143939e+03 9.846371795978662078e+01
8.634965573794926968e+03 9.817066296145351600e+01
8.635165647141709997e+03 9.843894639232341603e+01
8.635365720488493025e+03 9.502944981352776210e+01
8.635565793835276054e+03 9.552396882917979326e+01
8.635765867182059083e+03 9.286276114036064655e+01
8.635965940528838473e+03 9.567204948312173940e+01
8.636166013875623321e+03 9.922724576461442325e+01
8.636366087222406350e+03 9.870473030208786724e+01
8.636566160569187559e+03 9.988886077819395837e+01
8.636766233915972407e+03 1.012800969016850559e+02
8.636966307262753617e+03 9.659075559626451479e+01
8.637166380609536645e+03 1.001974299510117561e+02
8.637366453956319674e+03 9.933353319868652420e+01
8.637566527303100884e+03 9.913671553768941180e+01
8.637766600649883912e+03 9.957877100741356458e+01
8.637966673996666941e+03 9.409480866308535951e+01
8.638166747343449970e+03 1.000637740887067650e+02
8.638366820690234817e+03 1.017492246916387444e+02
8.638566894037016027e+03 1.025817384376055657e+02
8.638766967383799056e+03 9.886128535895039704e+01
8.638967040730580266e+03 9.976935608304513892e+01
8.639167114077363294e+03 1.015092018583620899e+02
8.639367187424146323e+03 9.555473212607174105e+01
8.639567260770929352e+03 9.735688342530536943e+01
8.639767334117712380e+03 1.003029429538625692e+02
8.639967407464493590e+03 9.704011964826011649e+01
8.640167480811278438e+03 9.609894905212313176e+01
8.640367554158061466e+03 9.732371449090068438e+01
8.640567627504840857e+03 9.916109497390213789e+01
8.640767700851625705e+03 1.017304795087117668e+02
8.640967774198406914e+03 1.000231992866988548e+02
8.641167847545189943e+03 9.758506120478330104e+01
8.641367920891974791e+03 1.019467427105156503e+02
8.641567994238756000e+03 1.020194670737078013e+02
8.641768067585540848e+03 9.909494166101103474e+01
8.641968140932322058e+03 1.020472563925119545e+02
8.642168214279103267e+03 9.658040956759366225e+01
8.642368287625888115e+03 9.864314830241372078e+01
8.642568360972669325e+03 9.996597515466483230e+01
8.642768434319452354e+03 9.926569553122048717e+01
8.642968507666235382e+03 9.670975946715090288e+01
8.643168581013018411e+03 9.930153637005601297e+01
8.643368654359801440e+03 1.000967671223792337e+02
8.643568727706584468e+03 1.000667092291984090e+02
8.643768801053365678e+03 1.018867380470482686e+02
8.643968874400146888e+03 1.004453588542602489e+02
8.644168947746931735e+03 9.780142694233688871e+01
8.644369021093714764e+03 9.659033671085224171e+01
8.644569094440495974e+03 9.596291207768716447e+01
8.644769167787280821e+03 9.645085862713007430e+01
8.644969241134062031e+03 1.037686829675571261e+02
8.645169314480846879e+03 1.052861228718319921e+02
8.645369387827628088e+03 9.774272472773384379e+01
8.645569461174409298e+03 9.934152841737163442e+01
8.645769534521194146e+03 9.890556373051906291e+01
8.645969607867975355e+03 9.914224399735847726e+01
8.646169681214758384e+03 9.515583416476388834e+01
8.646369754561543232e+03 9.988777040288293563e+01
8.646569827908324442e+03 9.571818922298304244e+01
8.646769901255105651e+03 9.761753988286096728e+01
8.646969974601888680e+03 9.794564862688970663e+01
8.647170047948671709e+03 9.700436669687800872e+01
8.647370121295454737e+03 9.989235652230354390e+01
8.647570194642237766e+03 9.888786507149838201e+01
8.647770267989020795e+03 9.330985955508025143e+01
8.647970341335802004e+03 9.726451826525668309e+01
8.648170414682586852e+03 9.743055643473718419e+01
8.648370488029368062e+03 9.668764007088751100e+01
8.648570561376149271e+03 9.212252885437433747e+01
8.648770634722934119e+03 9.960419409038843241e+01
8.648970708069715329e+03 9.847187650846069573e+01
8.649170781416500176e+03 9.808104068051551394e+01
8.649370854763283205e+03 9.770094071200952612e+01
8.649570928110064415e+03 9.241800960734708781e+01
8.649771001456849262e+03 9.935022291804835959e+01
8.649971074803628653e+03 1.017014337943552391e+02
8.650171148150411682e+03 9.985585123186766054e+01
8.650371221497196530e+03 9.990333359886075471e+01
8.650571294843977739e+03 9.795650492615975224e+01
8.650771368190760768e+03 9.800231479935534651e+01
8.650971441537543797e+03 9.511213616417082051e+01
8.651171514884326825e+03 8.982466857238783575e+01
8.651371588231109854e+03 8.675412625191330562e+01
8.651571661577891064e+03 8.936806277862052639e+01
8.651771734924674092e+03 8.686154296023440224e+01
8.651971808271455302e+03 9.378888723174566167e+01
8.652171881618240150e+03 9.858496534850434045e+01
8.652371954965023178e+03 9.717224940648651454e+01
8.652572028311806207e+03 1.007817904169232293e+02
8.652772101658589236e+03 9.397312678582775902e+01
8.652972175005370445e+03 9.724468124370829969e+01
8.653172248352153474e+03 9.746305500731617144e+01
8.653372321698936503e+03 9.709604430940586894e+01
8.653572395045717712e+03 9.712420756071524863e+01
8.653772468392502560e+03 1.000852984758217730e+02
8.653972541739283770e+03 9.991336806698625139e+01
8.654172615086066799e+03 1.019405804556587185e+02
8.654372688432851646e+03 1.007046743549005896e+02
8.654572761779632856e+03 9.756993397145551228e+01
8.654772835126414066e+03 9.771493477666818706e+01
8.654972908473197094e+03 1.003643697700069310e+02
8.655172981819980123e+03 9.941855432330608267e+01
8.655373055166763152e+03 9.568098524440280528e+01
8.655573128513546180e+03 9.612961755382400497e+01
8.655773201860329209e+03 9.764564785044369444e+01
8.655973275207112238e+03 9.863840959616958060e+01
8.656173348553893447e+03 9.692877172434121746e+01
8.656373421900676476e+03 9.731069153894456747e+01
8.656573495247459505e+03 9.418754109947963116e+01
8.656773568594242533e+03 9.581654269790014666e+01
8.656973641941023743e+03 9.374580377175344381e+01
8.657173715287808591e+03 9.314738568741836389e+01
8.657373788634591619e+03 9.437679605043749120e+01
8.657573861981372829e+03 9.444387177238554898e+01
8.657773935328155858e+03 9.366812297436999302e+01
8.657974008674937068e+03 9.556094579349955609e+01
8.658174082021720096e+03 9.593052412958792274e+01
8.658374155368504944e+03 9.163089356021049525e+01
8.658574228715286154e+03 9.474806147895415620e+01
8.658774302062069182e+03 9.437075797363107199e+01
8.658974375408852211e+03 9.299790687979201209e+01
8.659174448755635240e+03 9.479769677367723091e+01
8.659374522102416449e+03 9.582633025469229437e+01
8.659574595449199478e+03 9.321804460672022685e+01
8.659774668795982507e+03 9.246891084649010395e+01
8.659974742142765535e+03 8.971024001067368658e+01
8.660174815489548564e+03 9.366473596042123972e+01
8.660374888836331593e+03 9.207602408716009279e+01
8.660574962183114621e+03 8.885808525488774023e+01
8.660775035529897650e+03 8.525455092143211289e+01
8.660975108876677041e+03 9.358697262014123908e+01
8.661175182223461888e+03 8.937179511932846765e+01
8.661375255570244917e+03 8.625236349920787404e+01
8.661575328917026127e+03 8.535213080443959655e+01
8.661775402263810975e+03 8.486934736705491389e+01
8.661975475610592184e+03 8.478603065906644076e+01
8.662175548957375213e+03 8.568771473805243488e+01
8.662375622304160061e+03 8.027024804246731549e+01
8.662575695650939451e+03 8.148056094031441887e+01
8.662775768997722480e+03 7.804252597367333522e+01
8.662975842344505509e+03 7.657275997258822997e+01
8.663175915691288537e+03 7.605678660858326623e+01
8.663375989038073385e+03 7.377898485504704240e+01
8.663576062384854595e+03 7.002171340650494358e+01
8.663776135731637623e+03 6.799252005822754086e+01
8.663976209078420652e+03 6.263541549822294741e+01
8.664176282425201862e+03 6.518273907086843622e+01
8.664376355771984890e+03 5.951291135552430944e+01
8.664576429118767919e+03 4.752226296871980082e+01
8.664776502465550948e+03 4.421955528773540323e+01
8.664976575812332158e+03 4.020133278460583881e+01
8.665176649159117005e+03 3.655766431753194468e+01
8.665376722505900034e+03 3.690776674906879862e+01
8.665576795852679425e+03 4.168427761439873080e+01
8.665776869199464272e+03 4.241561000398265691e+01
8.665976942546245482e+03 5.146227292644460505e+01
8.666177015893028511e+03 5.572609376115639890e+01
8.666377089239813358e+03 6.254895370116832964e+01
8.666577162586594568e+03 6.609752082891615999e+01
8.666777235933379416e+03 6.623052427515125373e+01
8.666977309280160625e+03 7.550669469817816548e+01
8.667177382626941835e+03 7.440860934184848929e+01
8.667377455973726683e+03 7.308063476232376843e+01
8.667577529320507892e+03 7.780546018855815760e+01
8.667777602667290921e+03 7.313640721356614449e+01
8.667977676014073950e+03 7.784141986099814403e+01
8.668177749360856978e+03 7.949910273029161090e+01
8.668377822707640007e+03 7.987366749639899410e+01
8.668577896054423036e+03 7.915652116615574130e+01
8.668777969401204246e+03 8.417063128751956924e+01
8.668978042747985455e+03 8.319172676490617846e+01
8.669178116094770303e+03 9.174679719533371269e+01
8.669378189441553332e+03 8.509186281256836537e+01
8.669578262788334541e+03 8.941359888285295199e+01
8.669778336135119389e+03 9.034532171504666564e+01
8.669978409481900599e+03 8.694450667762603757e+01
8.670178482828683627e+03 9.087454263133815857e+01
8.670378556175466656e+03 8.974517330211376986e+01
8.670578629522247866e+03 9.384116102366719758e+01
8.670778702869032713e+03 9.051033687371315750e+01
8.670978776215813923e+03 8.979849747126826287e+01
8.671178849562596952e+03 9.102758718683807615e+01
8.671378922909381799e+03 9.627213575589661332e+01
8.671578996256163009e+03 9.457558598682737738e+01
8.671779069602946038e+03 9.530134052466009109e+01
8.671979142949727247e+03 8.918708673961063482e+01
8.672179216296510276e+03 9.603748394174294845e+01
8.672379289643293305e+03 9.632590188512978102e+01
8.672579362990076334e+03 9.865281856200338950e+01
8.672779436336859362e+03 9.305848034898558296e+01
8.672979509683640572e+03 9.498393372438680160e+01
8.673179583030425420e+03 9.082051702298514329e+01
8.673379656377208448e+03 8.746657753995967255e+01
8.673579729723987839e+03 9.204988477745079933e+01
8.673779803070772687e+03 9.338550365845755152e+01
8.673979876417553896e+03 9.269940687681868496e+01
8.674179949764338744e+03 9.667110035498923537e+01
8.674380023111121773e+03 9.331489913690226956e+01
8.674580096457902982e+03 9.797111958952780242e+01
8.674780169804687830e+03 9.431204327312251223e+01
8.674980243151467221e+03 9.369401917288816151e+01
8.675180316498250249e+03 9.172366989751500910e+01
8.675380389845035097e+03 9.278548301223568728e+01
8.675580463191816307e+03 9.347322798652942311e+01
8.675780536538599335e+03 1.007119014638703192e+02
8.675980609885382364e+03 9.565269178115542559e+01
8.676180683232165393e+03 9.820421160597310006e+01
8.676380756578948422e+03 9.885815385677604183e+01
8.676580829925729631e+03 9.674643709203590447e+01
8.676780903272512660e+03 9.764219186255790817e+01
8.676980976619293870e+03 9.666064634278775713e+01
8.677181049966078717e+03 1.021576619482592037e+02
8.677381123312861746e+03 9.670026133318626194e+01
8.677581196659642956e+03 8.879041735640619493e+01
8.677781270006427803e+03 8.489877496659568124e+01
8.677981343353209013e+03 8.275295258443615865e+01
8.678181416699992042e+03 8.382271576041607375e+01
8.678381490046775070e+03 8.796956879436375232e+01
8.678581563393556280e+03 9.412991002609103930e+01
8.678781636740341128e+03 9.495745098689513952e+01
8.678981710087122337e+03 9.391008467411523952e+01
8.679181783433905366e+03 9.665228831853438862e+01
8.679381856780690214e+03 9.599859730728827856e+01
8.679581930127471423e+03 9.269031037232592496e+01
8.679782003474252633e+03 9.960093935094560891e+01
8.679982076821035662e+03 1.005824751605452434e+02
8.680182150167818691e+03 9.348465953638327619e+01
8.680382223514601719e+03 9.623606778108216986e+01
8.680582296861384748e+03 1.014431632102211580e+02
8.680782370208167777e+03 1.015585627169449339e+02
8.680982443554948986e+03 9.846642817592432095e+01
8.681182516901733834e+03 9.815005363172649311e+01
8.681382590248515044e+03 9.704706015069990599e+01
8.681582663595298072e+03 9.741193775036761338e+01
8.681782736942081101e+03 9.479343072562176076e+01
8.681982810288862311e+03 9.824156150372573393e+01
8.682182883635647158e+03 9.776755565099814760e+01
8.682382956982430187e+03 9.252746155559498220e+01
8.682583030329211397e+03 9.274708782907076454e+01
8.682783103675996244e+03 9.397550327446020901e+01
8.682983177022775635e+03 8.169722619482269010e+01
8.683183250369558664e+03 8.489997209104058129e+01
8.683383323716343511e+03 8.777481486853848480e+01
8.683583397063124721e+03 8.781615340241918943e+01
8.683783470409907750e+03 8.952863008448635185e+01
8.683983543756690779e+03 9.085559816170689373e+01
8.684183617103473807e+03 9.198720660916731617e+01
8.684383690450255017e+03 9.711441903013165700e+01
8.684583763797038046e+03 9.706398234649817880e+01
8.684783837143821074e+03 9.860962636288643068e+01
8.684983910490604103e+03 1.063419158534257747e+02
8.685183983837387132e+03 9.674537437315819943e+01
8.685384057184170160e+03 9.538895568107345468e+01
8.685584130530953189e+03 1.025235791328570230e+02
8.685784203877736218e+03 9.161890497900218122e+01
8.685984277224515608e+03 9.771138667976603642e+01
8.686184350571300456e+03 9.804410106333406816e+01
8.686384423918083485e+03 9.576265387634028059e+01
8.686584497264864694e+03 9.840167833863891644e+01
8.686784570611649542e+03 9.496604252740473839e+01
8.686984643958430752e+03 9.893077418907886056e+01
8.687184717305213780e+03 1.017988267492108747e+02
8.687384790651998628e+03 1.026802936373608475e+02
8.687584863998778019e+03 9.721469028454062311e+01
8.687784937345561048e+03 9.705344176213004914e+01
8.687985010692344076e+03 1.045164330450227936e+02
8.688185084039127105e+03 1.031651179410591510e+02
8.688385157385910134e+03 1.000605260343092624e+02
8.688585230732693162e+03 1.018369762450424503e+02
8.688785304079476191e+03 9.886846607012073207e+01
8.688985377426259220e+03 1.025637520891587400e+02
8.689185450773040429e+03 1.007186068424230996e+02
8.689385524119823458e+03 9.563647874358852619e+01
8.689585597466606487e+03 9.326104005168784283e+01
8.689785670813389515e+03 9.677639769712214957e+01
8.689985744160170725e+03 9.609779584079923609e+01
8.690185817506955573e+03 1.002482099956469739e+02
8.690385890853738601e+03 1.006088581520301091e+02
8.690585964200519811e+03 9.356493584840465871e+01
8.690786037547302840e+03 9.966156578753393092e+01
8.690986110894084050e+03 1.024531531455212416e+02
8.691186184240867078e+03 8.922046414933519998e+01
8.691386257587651926e+03 8.727713840028545178e+01
8.691586330934433136e+03 8.235574030542044000e+01
8.691786404281216164e+03 7.429775649398895609e+01
8.691986477627999193e+03 8.056297738786315676e+01
8.692186550974782222e+03 8.965635670819277436e+01
8.692386624321565250e+03 9.329928398877873974e+01
8.692586697668346460e+03 8.795138707446496085e+01
8.692786771015129489e+03 9.894471715907701537e+01
8.692986844361912517e+03 9.223168886811689049e+01
8.693186917708695546e+03 9.648767764705736738e+01
8.693386991055478575e+03 9.550189630992412049e+01
8.693587064402261603e+03 1.000522648848619127e+02
8.693787137749042813e+03 9.512359786984676191e+01
8.693987211095824023e+03 9.950773241124230140e+01
8.694187284442608870e+03 9.902900741184980404e+01
8.694387357789391899e+03 1.025480558431172966e+02
8.694587431136173109e+03 1.001088493777171351e+02
8.694787504482957956e+03 1.005448741414341640e+02
8.694987577829739166e+03 9.988900600063371371e+01
8.695187651176522195e+03 9.690278380868257102e+01
8.695387724523305224e+03 9.599999126207734435e+01
8.695587797870086433e+03 1.012114328981504343e+02
8.695787871216871281e+03 9.886443245443989269e+01
8.695987944563652491e+03 9.709199572300350667e+01
8.696188017910435519e+03 9.801030271062613508e+01
8.696388091257220367e+03 9.342773118526061182e+01
8.696588164604001577e+03 1.011647379396705020e+02
8.696788237950784605e+03 9.818094533828693216e+01
8.696988311297565815e+03 9.544463886198774105e+01
8.697188384644348844e+03 9.879742959274587122e+01
8.697388457991131872e+03 9.362233907964041180e+01
8.697588531337914901e+03 9.637121057799870982e+01
8.697788604684697930e+03 9.468492166145232147e+01
8.697988678031479139e+03 9.381283173608899517e+01
8.698188751378263987e+03 9.992408915757329169e+01
8.698388824725047016e+03 9.765389147743981368e+01
8.698588898071826407e+03 1.026145435899036471e+02
8.698788971418611254e+03 9.923502713360377925e+01
8.698989044765392464e+03 9.933364652916779391e+01
8.699189118112175493e+03 9.833429762855107015e+01
8.699389191458960340e+03 1.026378328718337087e+02
8.699589264805741550e+03 9.823433999572040420e+01
8.699789338152526398e+03 1.006598127886779679e+02
8.699989411499307607e+03 1.012418383015114074e+02
8.700189484846088817e+03 1.022634713751516244e+02
8.700389558192873665e+03 1.004761142204221187e+02
8.700589631539654874e+03 9.323634988032672766e+01
8.700789704886437903e+03 9.550078913371402223e+01
8.700989778233220932e+03 1.001182165413966345e+02
8.701189851580003960e+03 1.046804403633330054e+02
8.701389924926786989e+03 9.738167397110842671e+01
8.701589998273568199e+03 9.400250749061078182e+01
8.701790071620351227e+03 9.553893819047650027e+01
8.701990144967132437e+03 9.763395379462846790e+01
8.702190218313917285e+03 9.121614747750160745e+01
8.702390291660700314e+03 8.985474586840368261e+01
8.702590365007481523e+03 9.369880525154886186e+01
8.702790438354266371e+03 8.951283874240741056e+01
8.702990511701047581e+03 9.351330630871606786e+01
8.703190585047830609e+03 9.849278183617518323e+01
8.703390658394613638e+03 1.002253488215220898e+02
8.703590731741394848e+03 1.011853325161309698e+02
8.703790805088179695e+03 9.736780708612366197e+01
8.703990878434960905e+03 9.597450802311433904e+01
8.704190951781743934e+03 9.942831023406161250e+01
8.704391025128528781e+03 9.404737061983577462e+01
8.704591098475309991e+03 9.742653501555679441e+01
8.704791171822091201e+03 9.843375920797953427e+01
8.704991245168874229e+03 9.903918784465153635e+01
8.705191318515657258e+03 1.011419044036161097e+02
8.705391391862440287e+03 1.022007686681513263e+02
8.705591465209223315e+03 9.750715514642692483e+01
8.705791538556006344e+03 1.013478883025651385e+02
8.705991611902787554e+03 9.986610846245483231e+01
8.706191685249572402e+03 1.001766108756448688e+02
8.706391758596353611e+03 9.575971281666487300e+01
8.706591831943136640e+03 9.746747945055230389e+01
8.706791905289919669e+03 1.006671657176100467e+02
8.706991978636700878e+03 9.831235075902735332e+01
8.707192051983485726e+03 1.002371105583118549e+02
8.707392125330268755e+03 9.733549344091477451e+01
8.707592198677049964e+03 9.933595101012758732e+01
8.707792272023834812e+03 1.010827203920665340e+02
8.707992345370614203e+03 1.022480318134194874e+02
8.708192418717397231e+03 1.010839595833426614e+02
8.708392492064182079e+03 9.809606744778967879e+01
8.708592565410963289e+03 9.397206156659585474e+01
8.708792638757746317e+03 9.729447857511998166e+01
8.708992712104529346e+03 1.000800321533284460e+02
8.709192785451312375e+03 1.001428287475675916e+02
8.709392858798095403e+03 1.011945451199825925e+02
8.709592932144876613e+03 1.038756942782105028e+02
8.709793005491659642e+03 1.027070542060642282e+02
8.709993078838440852e+03 9.582838896165793585e+01
8.710193152185225699e+03 9.798261498543115522e+01
8.710393225532008728e+03 9.748005397347796475e+01
8.710593298878791757e+03 9.713388080238452460e+01
8.710793372225574785e+03 9.920048552971034894e+01
8.710993445572354176e+03 9.757017869245795794e+01
8.711193518919139024e+03 1.022629382839521526e+02
8.711393592265922052e+03 1.047742146961429484e+02
8.711593665612703262e+03 9.890544349478244612e+01
8.711793738959488110e+03 9.807725052255943865e+01
8.711993812306269319e+03 9.745724939276283294e+01
8.712193885653052348e+03 1.020613939654636795e+02
8.712393958999837196e+03 1.031857955299235527e+02
8.712594032346616586e+03 9.926475694030247610e+01
8.712794105693399615e+03 9.692615879021904846e+01
8.712994179040182644e+03 9.407930962009079678e+01
8.713194252386965672e+03 8.740604086641751280e+01
8.713394325733748701e+03 8.904188115826637784e+01
8.713594399080531730e+03 8.181285657708399128e+01
8.713794472427314759e+03 8.734297244077914968e+01
8.713994545774097787e+03 9.295144186740964187e+01
8.714194619120878997e+03 9.937388591168324581e+01
8.714394692467662026e+03 9.863103544190761340e+01
8.714594765814445054e+03 9.930831781893348875e+01
8.714794839161228083e+03 1.010200872899612250e+02
8.714994912508009293e+03 9.580278942187533175e+01
8.715194985854794140e+03 1.009923502102237052e+02
8.715395059201577169e+03 9.869232520499163286e+01
8.715595132548358379e+03 9.805316388724021692e+01
8.715795205895141407e+03 9.012581114166125928e+01
8.715995279241922617e+03 8.341580125775990950e+01
8.716195352588705646e+03 8.907127034372467733e+01
8.716395425935490493e+03 8.849750200612702145e+01
8.716595499282271703e+03 8.918273871851178569e+01
8.716795572629054732e+03 9.303346268097251937e+01
8.716995645975837760e+03 1.003610890493006735e+02
8.717195719322620789e+03 9.871657137179485630e+01
8.717395792669403818e+03 1.021766139265497770e+02
8.717595866016185028e+03 1.016784945759180374e+02
8.717795939362968056e+03 9.930633911948960701e+01
8.717996012709751085e+03 9.937917663109205080e+01
8.718196086056534114e+03 1.023419827238964928e+02
8.718396159403317142e+03 9.786973266310644703e+01
8.718596232750100171e+03 1.036152130514329457e+02
8.718796306096883200e+03 1.012935656949398862e+02
8.718996379443662590e+03 9.790892825969443436e+01
8.719196452790447438e+03 9.786357958042457028e+01
8.719396526137230467e+03 9.836136609450241508e+01
8.719596599484011676e+03 1.024798235007313849e+02
8.719796672830796524e+03 1.009499517294479460e+02
8.719996746177577734e+03 9.762581538991690877e+01
8.720196819524360762e+03 9.820112842363680272e+01
8.720396892871143791e+03 9.713929473062916031e+01
8.720596966217925001e+03 9.314640801963717820e+01
8.720797039564708030e+03 9.308820133022392440e+01
8.720997112911491058e+03 8.889438644477590401e+01
8.721197186258274087e+03 9.321525910611890708e+01
8.721397259605058935e+03 9.422534217739867302e+01
8.721597332951840144e+03 1.009457455232324321e+02
8.721797406298623173e+03 9.131939710322292569e+01
8.721997479645404383e+03 9.805589421759393076e+01
8.722197552992187411e+03 1.033032536513564708e+02
8.722397626338970440e+03 9.847443241653429880e+01
8.722597699685753469e+03 1.036682848713109166e+02
8.722797773032536497e+03 9.580468450247374790e+01
8.722997846379317707e+03 9.832832297878348982e+01
8.723197919726102555e+03 1.024127451272361213e+02
8.723397993072885583e+03 9.882133788799751528e+01
8.723598066419664974e+03 1.016516996034232108e+02
8.723798139766449822e+03 9.341388050099412510e+01
8.723998213113231031e+03 9.756868716710903300e+01
8.724198286460014060e+03 9.679288643412274951e+01
8.724398359806798908e+03 9.768707576748538202e+01
8.724598433153580118e+03 1.003571553501892311e+02
8.724798506500364965e+03 1.012826436203676082e+02
8.724998579847146175e+03 1.039378546872007547e+02
8.725198653193927385e+03 9.464461564121796755e+01
8.725398726540712232e+03 1.034288769953783742e+02
8.725598799887493442e+03 9.863404011816072625e+01
8.725798873234276471e+03 1.010156579044548266e+02
8.725998946581059499e+03 9.346470688064978560e+01
8.726199019927842528e+03 1.000187612768247618e+02
8.726399093274625557e+03 9.788746617639682768e+01
8.726599166621408585e+03 9.819100065901332641e+01
8.726799239968189795e+03 1.020858310910157627e+02
8.726999313314971005e+03 1.007990549160942209e+02
8.727199386661755852e+03 9.513604589740921824e+01
8.727399460008538881e+03 9.574464056032330461e+01
8.727599533355320091e+03 9.981745470301869716e+01
8.727799606702104938e+03 1.012943982793416069e+02
8.727999680048886148e+03 9.410403826085428136e+01
8.728199753395669177e+03 9.459598725969287614e+01
8.728399826742452206e+03 9.671266277932916466e+01
8.728599900089233415e+03 1.004236479158173552e+02
8.728799973436018263e+03 1.026626377326354316e+02
8.729000046782799473e+03 1.009986951293190742e+02
8.729200120129582501e+03 9.991023839758211977e+01
8.729400193476367349e+03 1.008228477741483999e+02
8.729600266823148559e+03 9.901634646660990313e+01
8.729800340169929768e+03 1.000483364047708221e+02
8.730000413516712797e+03 9.716918677644885349e+01
8.730200486863495826e+03 9.788613555880354511e+01
8.730400560210278854e+03 1.011451000021212963e+02
8.730600633557061883e+03 9.869332997561481591e+01
8.730800706903844912e+03 9.194920699289633603e+01
8.731000780250626121e+03 9.241028087016772474e+01
8.731200853597410969e+03 8.956706019636723681e+01
8.731400926944192179e+03 9.096341071756955898e+01
8.731601000290973388e+03 9.262472023997922577e+01
8.731801073637758236e+03 9.185512009152391499e+01
8.732001146984539446e+03 9.683138746213887771e+01
8.732201220331324294e+03 9.587846620450415003e+01
8.732401293678107322e+03 9.794211763771721735e+01
8.732601367024888532e+03 9.586717985125690689e+01
8.732801440371673380e+03 1.027870014416955371e+02
8.733001513718452770e+03 9.940354743069208610e+01
8.733201587065235799e+03 1.048943940125024312e+02
