8.479038987787605947e+03 1.003694448201674305e+02
8.479238965122223817e+03 1.008585277808670071e+02
8.479438942456841687e+03 9.913272303389392448e+01
8.479638919791459557e+03 9.881419022096613958e+01
8.479838897126075608e+03 9.813163731768443654e+01
8.480038874460693478e+03 9.802693993100091063e+01
8.480238851795313167e+03 9.973463228847492701e+01
8.480438829129929218e+03 1.003590287609204381e+02
8.480638806464547088e+03 9.886241807788809410e+01
8.480838783799163139e+03 9.905711322050534307e+01
8.481038761133781009e+03 9.882865978701410370e+01
8.481238738468400697e+03 9.807694670390529268e+01
8.481438715803016748e+03 9.973722326456439191e+01
8.481638693137636437e+03 9.849621800135483340e+01
8.481838670472252488e+03 9.932759071883032220e+01
8.482038647806870358e+03 9.904272310751488817e+01
8.482238625141490047e+03 9.919448312693560865e+01
8.482438602476106098e+03 1.003276331153970489e+02
8.482638579810723968e+03 1.020507980184993926e+02
8.482838557145340019e+03 1.002615915486936728e+02
8.483038534479959708e+03 9.959032191443434101e+01
8.483238511814577578e+03 9.764910877117529253e+01
8.483438489149193629e+03 9.929159838773139768e+01
8.483638466483811499e+03 1.007119189428513408e+02
8.483838443818427550e+03 1.008687633363933429e+02
8.484038421153047238e+03 9.894646283232484052e+01
8.484238398487665108e+03 1.009870246087220949e+02
8.484438375822281159e+03 9.891601797702169563e+01
8.484638353156899029e+03 9.973459740065322876e+01
8.484838330491516899e+03 9.944709051168163683e+01
8.485038307826134769e+03 9.934334512879554779e+01
8.485238285160752639e+03 9.949815827229535614e+01
8.485438262495368690e+03 1.018565935124344719e+02
8.485638239829988379e+03 9.868740871309384488e+01
8.485838217164606249e+03 9.803422060935363902e+01
8.486038194499224119e+03 1.010605270869410219e+02
8.486238171833841989e+03 1.005507840743563577e+02
8.486438149168458040e+03 9.791718440672775614e+01
8.486638126503077729e+03 9.851039954795921005e+01
8.486838103837693779e+03 9.940745198355433843e+01
8.487038081172311649e+03 1.002351128119670278e+02
8.487238058506929519e+03 1.008182251557011710e+02
8.487438035841545570e+03 9.665710985702868641e+01
8.487638013176165259e+03 9.955094540254442848e+01
8.487837990510781310e+03 1.003608110203967101e+02
8.488037967845399180e+03 1.005141913123136561e+02
8.488237945180017050e+03 1.007228737766545805e+02
8.488437922514633101e+03 1.015231773060547056e+02
8.488637899849252790e+03 9.910701908715749653e+01
8.488837877183868841e+03 9.931025004368713383e+01
8.489037854518486711e+03 1.020720762130738279e+02
8.489237831853104581e+03 1.003580924327253143e+02
8.489437809187722451e+03 1.002078371822415619e+02
8.489637786522342140e+03 1.007873261393942101e+02
8.489837763856958190e+03 9.962371042946196553e+01
8.490037741191576060e+03 9.750497456850581557e+01
8.490237718526193930e+03 9.918849249189506168e+01
8.490437695860811800e+03 1.006809272566588476e+02
8.490637673195429670e+03 9.846078534725205600e+01
8.490837650530045721e+03 1.005024278465425738e+02
8.491037627864663591e+03 1.005794374149028130e+02
8.491237605199283280e+03 9.923291520123481746e+01
8.491437582533899331e+03 9.855754239613865764e+01
8.491637559868517201e+03 9.909374110831106464e+01
8.491837537203133252e+03 9.528512733143784885e+01
8.492037514537751122e+03 9.740940295748791300e+01
8.492237491872370811e+03 1.002406523551946265e+02
8.492437469206986862e+03 1.039392845601346096e+02
8.492637446541604731e+03 1.013658306164009275e+02
8.492837423876220782e+03 1.009241345237428220e+02
8.493037401210838652e+03 9.963170155982308529e+01
8.493237378545458341e+03 9.651398597085481867e+01
8.493437355880076211e+03 9.870704465065298905e+01
8.493637333214694081e+03 9.966613399409797580e+01
8.493837310549310132e+03 9.986244394273015246e+01
8.494037287883929821e+03 9.709988028452498554e+01
8.494237265218547691e+03 9.877211454270059221e+01
8.494437242553163742e+03 9.797036803633054092e+01
8.494637219887781612e+03 1.013056617584214933e+02
8.494837197222397663e+03 9.738732451089069286e+01
8.495037174557017352e+03 9.738459271762003766e+01
8.495237151891635222e+03 9.668262612489411367e+01
8.495437129226251272e+03 9.589268450405906208e+01
8.495637106560869142e+03 9.313788821664830664e+01
8.495837083895487012e+03 8.974466857037459988e+01
8.496037061230104882e+03 8.594640182767820136e+01
8.496237038564722752e+03 7.890074704067606604e+01
8.496437015899338803e+03 7.472596581109360159e+01
8.496636993233956673e+03 6.408580787751179741e+01
8.496836970568574543e+03 5.638397528406517267e+01
8.497036947903192413e+03 5.416070019497421129e+01
8.497236925237810283e+03 5.752955443549454628e+01
8.497436902572428153e+03 6.484258948195181915e+01
8.497636879907047842e+03 7.168640111879025767e+01
8.497836857241663893e+03 7.729781060941552084e+01
8.498036834576281763e+03 8.637611828800768876e+01
8.498236811910899632e+03 8.960106165074802220e+01
8.498436789245515683e+03 9.164088932020234779e+01
8.498636766580135372e+03 9.375888201144360323e+01
8.498836743914751423e+03 9.713715432598320376e+01
8.499036721249369293e+03 9.706845268633651358e+01
8.499236698583987163e+03 9.618573819782686485e+01
8.499436675918603214e+03 9.752510268659690951e+01
8.499636653253222903e+03 9.725106751845137865e+01
8.499836630587838954e+03 9.670182955039130945e+01
8.500036607922456824e+03 9.926406821867325903e+01
8.500236585257074694e+03 9.824956860992645602e+01
8.500436562591692564e+03 9.682619486989034385e+01
8.500636539926310434e+03 9.893521968560638413e+01
8.500836517260926485e+03 9.820820574442795703e+01
8.501036494595544355e+03 9.799977048068126351e+01
8.501236471930162224e+03 9.756469819237598529e+01
8.501436449264781913e+03 9.837392496702183564e+01
8.501636426599399783e+03 9.775983870264705899e+01
8.501836403934015834e+03 9.664424367767237811e+01
8.502036381268633704e+03 9.863501602305866811e+01
8.502236358603253393e+03 9.921024930442004575e+01
8.502436335937869444e+03 9.852620271573616151e+01
8.502636313272487314e+03 1.014504472308028227e+02
8.502836290607103365e+03 9.953259558598109891e+01
8.503036267941721235e+03 1.003498718580455744e+02
8.503236245276340924e+03 9.972026076964212393e+01
8.503436222610956975e+03 1.024764294796644322e+02
8.503636199945574845e+03 9.775853039939605083e+01
8.503836177280190896e+03 9.950562277564833380e+01
8.504036154614810584e+03 9.833923680771671627e+01
8.504236131949428454e+03 1.017992524272160608e+02
8.504436109284044505e+03 1.029819307470736902e+02
8.504636086618662375e+03 9.965358703792948347e+01
8.504836063953278426e+03 1.007812564974086342e+02
8.505036041287898115e+03 9.852491839895721171e+01
8.505236018622515985e+03 9.935275011347535212e+01
8.505435995957133855e+03 1.001875626242099884e+02
8.505635973291751725e+03 9.663508277602610974e+01
8.505835950626367776e+03 9.956232474153172518e+01
8.506035927960987465e+03 9.969651333446076080e+01
8.506235905295605335e+03 9.988158571781154649e+01
8.506435882630221386e+03 1.031224413953233636e+02
8.506635859964839256e+03 9.888213612882144332e+01
8.506835837299457125e+03 9.899826697227467776e+01
8.507035814634074995e+03 1.009839470124875476e+02
8.507235791968692865e+03 9.685679562667854725e+01
8.507435769303308916e+03 9.871025391606274013e+01
8.507635746637926786e+03 9.963998133750841646e+01
8.507835723972544656e+03 1.015368053139646918e+02
8.508035701307162526e+03 1.005096168608487801e+02
8.508235678641780396e+03 1.018661757675821491e+02
8.508435655976396447e+03 1.007023112494819657e+02
8.508635633311016136e+03 1.003484804352166009e+02
8.508835610645632187e+03 1.012171609382862840e+02
8.509035587980250057e+03 1.007666061833678413e+02
8.509235565314869746e+03 9.975337994654758234e+01
8.509435542649485797e+03 9.987385749679529567e+01
8.509635519984105485e+03 9.838964377323682697e+01
8.509835497318721536e+03 9.891236916030355530e+01
8.510035474653339406e+03 9.871172671546123922e+01
8.510235451987957276e+03 1.015433353343078409e+02
8.510435429322575146e+03 9.759824025700434902e+01
8.510635406657193016e+03 1.001599415818620145e+02
8.510835383991809067e+03 1.008356950821628857e+02
8.511035361326426937e+03 1.007529189606893141e+02
8.511235338661044807e+03 9.902514048240048794e+01
8.511435315995662677e+03 1.003210925625327121e+02
8.511635293330280547e+03 1.008473685540847811e+02
8.511835270664896598e+03 1.006707994376748303e+02
8.512035247999514468e+03 9.583572654245935496e+01
8.512235225334132338e+03 1.000856266462930080e+02
8.512435202668750208e+03 9.869029679097484120e+01
8.512635180003368077e+03 9.723674205946321081e+01
8.512835157337984128e+03 9.526997276682274673e+01
8.513035134672601998e+03 9.260079160773086926e+01
8.513235112007223506e+03 9.421932915933680874e+01
8.513435089341839557e+03 9.815540786177093935e+01
8.513635066676457427e+03 9.924926233506045037e+01
8.513835044011073478e+03 9.869544059147520443e+01
8.514035021345691348e+03 1.003880866888414118e+02
8.514234998680311037e+03 9.708698071602698576e+01
8.514434976014927088e+03 1.014300545194948597e+02
8.514634953349544958e+03 1.001273022187495201e+02
8.514834930684161009e+03 9.973367408826356950e+01
8.515034908018780698e+03 9.966059530684781009e+01
8.515234885353398568e+03 9.834254124177739698e+01
8.515434862688014618e+03 1.012539273631452517e+02
8.515634840022632488e+03 1.014355614525713065e+02
8.515834817357248539e+03 1.009284237488100899e+02
8.516034794691868228e+03 1.009805592096586651e+02
8.516234772026486098e+03 9.991441416568353873e+01
8.516434749361102149e+03 1.011939955744225017e+02
8.516634726695720019e+03 1.002676544444367153e+02
8.516834704030337889e+03 9.867145034340337872e+01
8.517034681364955759e+03 1.025180058448039802e+02
8.517234658699575448e+03 1.019513308144592401e+02
8.517434636034191499e+03 1.013897551658187837e+02
8.517634613368809369e+03 1.005362234939098585e+02
8.517834590703427239e+03 1.006115899905069853e+02
8.518034568038045109e+03 9.789659613620396783e+01
8.518234545372662978e+03 1.000329712387249543e+02
8.518434522707279029e+03 9.761867529748933237e+01
8.518634500041896899e+03 1.009774785748311814e+02
8.518834477376514769e+03 1.013097884713345991e+02
8.519034454711132639e+03 1.010658654877925642e+02
8.519234432045750509e+03 9.759621304863601665e+01
8.519434409380366560e+03 1.020311551240718444e+02
8.519634386714986249e+03 9.975147336859114944e+01
8.519834364049602300e+03 9.904260968963855305e+01
8.520034341384220170e+03 9.723927229675716433e+01
8.520234318718838040e+03 9.984522208694687606e+01
8.520434296053454091e+03 9.939873016493385194e+01
8.520634273388073780e+03 1.025867277232897550e+02
8.520834250722689831e+03 1.003814500186609280e+02
8.521034228057309519e+03 9.972890137822857071e+01
8.521234205391927389e+03 9.826598979123711786e+01
8.521434182726545259e+03 9.937540291847192009e+01
8.521634160061163129e+03 9.896623554308810355e+01
8.521834137395779180e+03 9.977458154401679735e+01
8.522034114730397050e+03 1.023624781084518958e+02
8.522234092065014920e+03 9.966904020388662389e+01
8.522434069399632790e+03 1.009429753714250069e+02
8.522634046734250660e+03 9.861896198095884358e+01
8.522834024068866711e+03 1.005718103814834450e+02
8.523034001403484581e+03 9.972497449029366123e+01
8.523233978738102451e+03 9.604744215869679635e+01
8.523433956072720321e+03 1.012982024714112583e+02
8.523633933407338191e+03 1.016613509934356898e+02
8.523833910741954242e+03 1.023821957260582707e+02
8.524033888076572111e+03 9.939686547090617807e+01
8.524233865411191800e+03 1.003410667860506464e+02
8.524433842745807851e+03 1.010690676245213382e+02
8.524633820080425721e+03 9.997847111816535914e+01
8.524833797415041772e+03 1.002060441937089337e+02
8.525033774749661461e+03 9.821571832077444242e+01
8.525233752084281150e+03 9.683846455973957745e+01
8.525433729418897201e+03 1.007260519298579027e+02
8.525633706753515071e+03 9.877232571569984998e+01
8.525833684088131122e+03 1.005201519524543414e+02
8.526033661422750811e+03 9.832598796441163813e+01
8.526233638757368681e+03 9.847372233234598582e+01
8.526433616091984732e+03 9.856466928682738171e+01
8.526633593426602602e+03 1.026296163338592180e+02
8.526833570761218652e+03 9.886966348869785293e+01
8.527033548095838341e+03 1.005239986259488632e+02
8.527233525430456211e+03 1.002339235267364899e+02
8.527433502765072262e+03 9.831817276992842380e+01
8.527633480099690132e+03 9.917569194517527364e+01
8.527833457434308002e+03 9.791200940148350185e+01
8.528033434768925872e+03 9.891276896665378615e+01
8.528233412103543742e+03 9.730475451126358166e+01
8.528433389438159793e+03 9.904873485274286793e+01
8.528633366772777663e+03 9.925683763392470382e+01
8.528833344107395533e+03 9.749944529181135522e+01
8.529033321442015222e+03 9.894893360317044539e+01
8.529233298776633092e+03 9.882697970672398924e+01
8.529433276111249143e+03 9.956704281306818416e+01
8.529633253445867012e+03 9.886106012630264672e+01
8.529833230780484882e+03 1.006783273041433233e+02
8.530033208115102752e+03 1.023806917840071833e+02
8.530233185449720622e+03 1.004916869561372010e+02
8.530433162784336673e+03 9.818383643984775233e+01
8.530633140118956362e+03 9.770557997656817406e+01
8.530833117453572413e+03 9.834596041576128300e+01
8.531033094788190283e+03 1.000514000465433782e+02
8.531233072122808153e+03 9.945329423288383452e+01
8.531433049457424204e+03 9.716442317792154881e+01
8.531633026792043893e+03 9.798222407018313618e+01
8.531833004126659944e+03 1.008310934878907972e+02
8.532032981461277814e+03 9.786874379691025183e+01
8.532232958795895684e+03 9.999055751540008430e+01
8.532432936130513554e+03 9.898314841194458324e+01
8.532632913465131423e+03 9.935986368050429007e+01
8.532832890799749293e+03 9.774915256047569301e+01
8.533032868134367163e+03 1.005586325117179314e+02
8.533232845468985033e+03 1.007990925974063714e+02
8.533432822803602903e+03 9.669697256905216420e+01
8.533632800138220773e+03 1.004750371426716953e+02
8.533832777472836824e+03 9.767403570926583711e+01
8.534032754807454694e+03 9.682896723494545199e+01
8.534232732142074383e+03 9.742617961734784160e+01
8.534432709476690434e+03 9.816580083953854796e+01
8.534632686811308304e+03 9.922385885595959110e+01
8.534832664145924355e+03 9.822964561070324407e+01
8.535032641480542225e+03 9.877271097908703723e+01
8.535232618815161914e+03 9.513526234305082596e+01
8.535432596149777964e+03 9.743227386048810956e+01
8.535632573484395834e+03 9.688595410990720325e+01
8.535832550819011885e+03 9.960825129107942644e+01
8.536032528153629755e+03 9.659490274236353002e+01
8.536232505488249444e+03 9.656578095192719502e+01
8.536432482822865495e+03 9.485157708011030309e+01
8.536632460157483365e+03 9.641249884416758675e+01
8.536832437492101235e+03 9.560138263109067225e+01
8.537032414826720924e+03 9.540825215325259023e+01
8.537232392161338794e+03 9.790518242017776629e+01
8.537432369495954845e+03 9.464261180317336652e+01
8.537632346830572715e+03 9.419850846474028572e+01
8.537832324165188766e+03 9.307620379111425279e+01
8.538032301499808455e+03 9.180661809521586747e+01
8.538232278834426324e+03 9.099899730158541900e+01
8.538432256169042375e+03 9.059339268833873859e+01
8.538632233503660245e+03 8.598360937145781691e+01
8.538832210838278115e+03 8.727594085908455668e+01
8.539032188172895985e+03 8.427063780455421238e+01
8.539232165507513855e+03 8.252268175573061626e+01
8.539432142842129906e+03 8.153900598040212344e+01
8.539632120176747776e+03 7.913112434309302046e+01
8.539832097511365646e+03 7.531661332086531502e+01
8.540032074845983516e+03 6.751950995690697255e+01
8.540232052180601386e+03 6.458222695448600348e+01
8.540432029515217437e+03 5.949174864019806819e+01
8.540632006849837126e+03 5.370912216541688622e+01
8.540831984184454996e+03 4.516766842418741845e+01
8.541031961519072865e+03 4.285159738750794389e+01
8.541231938853690735e+03 4.588223260034876461e+01
8.541431916188306786e+03 4.994847394632704862e+01
8.541631893522926475e+03 5.550150535170052990e+01
8.541831870857542526e+03 5.929154572679189528e+01
8.542031848192160396e+03 6.533281183434633022e+01
8.542231825526778266e+03 6.775718475009550446e+01
8.542431802861394317e+03 7.116728521732993329e+01
8.542631780196014006e+03 7.899423743989825653e+01
8.542831757530630057e+03 7.993365623948233178e+01
8.543031734865247927e+03 8.519873499921959592e+01
8.543231712199865797e+03 8.696495719848405770e+01
8.543431689534483667e+03 8.776089405758102657e+01
8.543631666869101537e+03 8.841716770894480248e+01
8.543831644203717588e+03 9.072365931490081437e+01
8.544031621538335457e+03 9.100575915614105327e+01
8.544231598872953327e+03 9.141005194905106634e+01
8.544431576207571197e+03 9.278625284672855855e+01
8.544631553542190886e+03 9.115160798156290411e+01
8.544831530876806937e+03 9.440108247589088819e+01
8.545031508211424807e+03 9.481950002562413715e+01
8.545231485546044496e+03 9.763460257403188791e+01
8.545431462880660547e+03 9.575018586949084920e+01
8.545631440215278417e+03 9.452594464697740761e+01
8.545831417549894468e+03 9.608483838063881421e+01
8.546031394884512338e+03 9.948120064832278331e+01
8.546231372219132027e+03 9.536353968349175148e+01
8.546431349553748078e+03 9.692956351375269719e+01
8.546631326888365948e+03 9.674910351767638872e+01
8.546831304222981998e+03 9.633785193485407206e+01
8.547031281557601687e+03 9.799501992836999875e+01
8.547231258892219557e+03 9.890712580929486819e+01
8.547431236226835608e+03 9.533589467453442978e+01
8.547631213561453478e+03 9.932534322971149265e+01
8.547831190896069529e+03 9.848866239766557840e+01
8.548031168230689218e+03 9.806945939738409379e+01
8.548231145565307088e+03 9.845734910284555497e+01
8.548431122899923139e+03 1.001141755581257513e+02
8.548631100234542828e+03 9.847197102655616163e+01
8.548831077569158879e+03 9.827652187795173688e+01
8.549031054903778568e+03 9.847621735890399464e+01
8.549231032238396438e+03 9.864619676595492592e+01
8.549431009573012489e+03 9.824681792941423453e+01
8.549630986907630358e+03 9.685951511929026481e+01
8.549830964242248228e+03 9.818566361821548583e+01
8.550030941576866098e+03 9.652686501223234927e+01
8.550230918911483968e+03 9.851589379586003759e+01
8.550430896246100019e+03 1.002420069423891249e+02
8.550630873580717889e+03 9.916472789922138986e+01
8.550830850915335759e+03 9.974987394178974398e+01
8.551030828249953629e+03 9.811317264337786526e+01
8.551230805584571499e+03 1.006786075062573502e+02
8.551430782919187550e+03 1.006231129134186801e+02
8.551630760253807239e+03 1.004112744602200706e+02
8.551830737588423290e+03 1.020242523933055594e+02
8.552030714923041160e+03 9.956961709316441045e+01
8.552230692257659030e+03 1.007325892743778297e+02
8.552430669592275081e+03 9.924267595250475438e+01
8.552630646926896588e+03 9.863717065761836977e+01
8.552830624261512639e+03 9.883892727156796809e+01
8.553030601596130509e+03 9.830956820621599945e+01
8.553230578930748379e+03 9.958032658674734705e+01
8.553430556265364430e+03 9.948764031312309442e+01
8.553630533599984119e+03 9.779307098508250817e+01
8.553830510934600170e+03 1.006776379810660700e+02
8.554030488269218040e+03 9.820085952732222268e+01
8.554230465603835910e+03 1.014934459669454725e+02
8.554430442938453780e+03 9.951742250481510155e+01
8.554630420273071650e+03 9.947848872424775379e+01
8.554830397607687701e+03 1.003832380188532056e+02
8.555030374942305571e+03 9.971122819346511790e+01
8.555230352276923441e+03 9.837303822024450994e+01
8.555430329611541310e+03 9.942048991806942126e+01
8.555630306946159180e+03 9.753528212133601016e+01
8.555830284280775231e+03 9.713786871611554830e+01
8.556030261615393101e+03 9.814681295555158158e+01
8.556230238950012790e+03 9.901118669670054828e+01
8.556430216284628841e+03 1.008634374189002472e+02
8.556630193619248530e+03 1.010769500164270340e+02
8.556830170953864581e+03 9.859514638929312014e+01
8.557030148288482451e+03 9.919526230321847038e+01
8.557230125623102140e+03 9.701488064990429905e+01
8.557430102957718191e+03 1.020773790934957219e+02
8.557630080292336061e+03 1.000643571980796622e+02
8.557830057626952112e+03 9.895603288117861496e+01
8.558030034961571801e+03 1.002777432005054976e+02
8.558230012296189670e+03 1.022838538835805480e+02
8.558429989630805721e+03 1.023967155167403291e+02
8.558629966965423591e+03 1.008478953111379752e+02
8.558829944300039642e+03 9.710902658550060096e+01
8.559029921634659331e+03 1.012411202571764903e+02
8.559229898969277201e+03 9.781860814505586177e+01
8.559429876303893252e+03 9.762293719005765524e+01
8.559629853638511122e+03 1.023913852162997813e+02
8.559829830973127173e+03 1.011370102102222148e+02
8.560029808307746862e+03 9.674859377864018484e+01
8.560229785642364732e+03 9.911937869772960141e+01
8.560429762976982602e+03 1.012118816836662774e+02
8.560629740311600472e+03 9.714278964358760504e+01
8.560829717646218342e+03 1.007027581517037902e+02
8.561029694980836211e+03 9.845644549655192179e+01
8.561229672315454081e+03 9.863374100821334878e+01
8.561429649650070132e+03 1.013007345298371149e+02
8.561629626984688002e+03 9.893883753492933408e+01
8.561829604319305872e+03 9.654953161272437967e+01
8.562029581653923742e+03 9.755474927224290127e+01
8.562229558988541612e+03 9.897622249477856826e+01
8.562429536323157663e+03 1.004556989393243356e+02
8.562629513657777352e+03 9.824076494870709553e+01
8.562829490992393403e+03 1.000918630264686300e+02
8.563029468327011273e+03 9.707197244498195232e+01
8.563229445661629143e+03 1.002558836529788096e+02
8.563429422996245194e+03 1.002645199921221177e+02
8.563629400330864883e+03 9.885599514805628019e+01
8.563829377665480934e+03 9.870003522761933823e+01
8.564029355000098803e+03 9.835075892494641892e+01
8.564229332334716673e+03 1.018132942435951946e+02
8.564429309669336362e+03 9.627916676716824895e+01
8.564629287003954232e+03 1.001218088991824260e+02
8.564829264338570283e+03 1.012301885165016557e+02
8.565029241673188153e+03 1.001514538277549775e+02
8.565229219007806023e+03 1.013535294543231942e+02
8.565429196342423893e+03 9.993708373604397366e+01
8.565629173677041763e+03 9.833081912071590125e+01
8.565829151011657814e+03 9.882802953682782743e+01
8.566029128346275684e+03 9.840739692476138600e+01
8.566229105680893554e+03 1.000225652245033672e+02
8.566429083015511424e+03 9.838680130422564218e+01
8.566629060350129294e+03 1.001235735813841501e+02
8.566829037684745344e+03 9.820359559088622348e+01
8.567029015019363214e+03 1.010171623535498782e+02
8.567228992353982903e+03 9.935102121438333711e+01
8.567428969688598954e+03 1.015004329511587429e+02
8.567628947023216824e+03 9.857514680556818121e+01
8.567828924357832875e+03 9.998134217937929691e+01
8.568028901692450745e+03 9.941161158351889071e+01
8.568228879027070434e+03 9.945531722829181831e+01
8.568428856361688304e+03 9.892392684565912475e+01
8.568628833696306174e+03 9.922457600966431812e+01
8.568828811030922225e+03 9.946977511237150793e+01
8.569028788365541914e+03 1.010992805050638879e+02
8.569228765700159784e+03 1.013981619515144104e+02
8.569428743034775835e+03 9.881537133277967655e+01
8.569628720369393704e+03 9.880636496178006212e+01
8.569828697704009755e+03 9.823558113224478916e+01
8.570028675038629444e+03 1.003502495107907606e+02
8.570228652373247314e+03 9.903755387921376041e+01
8.570428629707863365e+03 9.912370309071104657e+01
8.570628607042481235e+03 1.006813452039199888e+02
8.570828584377099105e+03 1.014313471391183299e+02
8.571028561711716975e+03 1.012909646563171862e+02
8.571228539046334845e+03 1.025649759008274913e+02
8.571428516380950896e+03 1.007992801654379491e+02
8.571628493715568766e+03 9.952183671726541547e+01
8.571828471050186636e+03 9.881041667845265408e+01
8.572028448384804506e+03 9.820629857590336087e+01
8.572228425719424195e+03 9.915552728083453360e+01
8.572428403054040245e+03 1.029092330627309622e+02
8.572628380388658115e+03 1.005199567774788676e+02
8.572828357723275985e+03 1.014945631790541540e+02
8.573028335057893855e+03 9.945701094258350849e+01
8.573228312392511725e+03 9.845094409269671587e+01
8.573428289727127776e+03 1.000105370933337667e+02
8.573628267061747465e+03 9.992400617431067644e+01
8.573828244396363516e+03 1.008321743565721249e+02
8.574028221730981386e+03 1.007855635265920426e+02
8.574228199065599256e+03 1.001798508968885812e+02
8.574428176400215307e+03 9.911830716989778978e+01
8.574628153734834996e+03 9.961015056091548558e+01
8.574828131069451047e+03 1.009840159891889755e+02
8.575028108404068917e+03 9.868347436743592027e+01
8.575228085738686786e+03 1.005228762544391827e+02
8.575428063073304656e+03 9.955125158160453225e+01
8.575628040407922526e+03 1.001389735840758135e+02
8.575828017742538577e+03 1.020967138628766122e+02
8.576027995077156447e+03 1.003644876497965583e+02
8.576227972411776136e+03 1.011498328333267835e+02
8.576427949746394006e+03 1.023556071399969625e+02
8.576627927081011876e+03 1.022225031677227491e+02
8.576827904415627927e+03 9.946344139680414287e+01
8.577027881750245797e+03 9.872350448804442635e+01
8.577227859084865486e+03 9.919462830119367425e+01
8.577427836419481537e+03 1.020714713483173028e+02
8.577627813754099407e+03 9.949359748960235095e+01
8.577827791088715458e+03 9.955205065945341403e+01
8.578027768423333328e+03 1.014546789947496279e+02
8.578227745757953016e+03 1.013329369502590396e+02
8.578427723092569067e+03 1.028211569698493832e+02
8.578627700427186937e+03 1.006884516246302752e+02
8.578827677761802988e+03 9.925690498091385905e+01
8.579027655096420858e+03 1.029333448949025893e+02
8.579227632431040547e+03 1.020402485723943471e+02
8.579427609765656598e+03 9.826191376163252755e+01
8.579627587100274468e+03 9.911248403828997766e+01
8.579827564434890519e+03 1.008983078185563329e+02
8.580027541769510208e+03 1.002933348215194940e+02
8.580227519104129897e+03 9.943762901447290403e+01
8.580427496438745948e+03 9.635566864552848187e+01
8.580627473773363818e+03 1.001467471455001998e+02
8.580827451107979869e+03 1.001767248569293685e+02
8.581027428442599557e+03 9.857811568914802081e+01
8.581227405777217427e+03 9.975383837477896520e+01
8.581427383111833478e+03 9.676145843570191118e+01
8.581627360446451348e+03 9.860198669189310294e+01
8.581827337781069218e+03 9.782751819962955153e+01
8.582027315115687088e+03 9.836715907140154513e+01
8.582227292450304958e+03 1.018351714330297284e+02
8.582427269784921009e+03 1.023220256119316502e+02
8.582627247119538879e+03 9.747132711590332121e+01
8.582827224454156749e+03 1.027934931541966392e+02
8.583027201788774619e+03 1.012719652592804493e+02
8.583227179123392489e+03 9.990272978579704954e+01
8.583427156458008540e+03 9.776491749532000597e+01
8.583627133792626410e+03 1.023176716684266694e+02
8.583827111127244279e+03 1.007190687562025317e+02
8.584027088461863968e+03 9.934403105480176066e+01
8.584227065796481838e+03 1.002895277287513949e+02
8.584427043131097889e+03 1.007930789675108656e+02
8.584627020465717578e+03 1.006431201333952856e+02
8.584826997800333629e+03 9.910812576832499587e+01
8.585026975134951499e+03 9.815870974345297384e+01
8.585226952469569369e+03 9.832668788328335552e+01
8.585426929804185420e+03 1.001674927465063547e+02
8.585626907138805109e+03 1.001495495113663736e+02
8.585826884473421160e+03 1.009692016998254758e+02
8.586026861808039030e+03 9.758179945930352517e+01
8.586226839142656900e+03 1.001465172342048220e+02
8.586426816477274770e+03 1.020234742445741176e+02
8.586626793811892639e+03 1.015100412267040610e+02
8.586826771146508690e+03 9.859429026223082815e+01
8.587026748481126560e+03 9.928854775571616642e+01
8.587226725815744430e+03 9.991126477907992864e+01
8.587426703150362300e+03 1.007881391710157004e+02
8.587626680484980170e+03 9.859230279383699269e+01
8.587826657819596221e+03 1.007268065746651757e+02
8.588026635154215910e+03 9.892427640287630197e+01
8.588226612488835599e+03 9.935492810373014549e+01
8.588426589823451650e+03 9.808298757523279221e+01
8.588626567158069520e+03 9.960705962947191949e+01
8.588826544492685571e+03 1.027487205525772254e+02
8.589026521827303441e+03 1.017098157290681968e+02
8.589226499161923130e+03 1.005627819529075992e+02
8.589426476496539181e+03 9.766083736632870682e+01
8.589626453831157050e+03 9.837043437969101944e+01
8.589826431165773101e+03 9.954085334931571083e+01
8.590026408500390971e+03 9.853159467837622287e+01
8.590226385835010660e+03 9.824321782755031052e+01
8.590426363169626711e+03 9.913560136832597891e+01
8.590626340504244581e+03 1.009914870806134672e+02
8.590826317838860632e+03 1.015374294637153838e+02
8.591026295173480321e+03 9.885845077981613827e+01
8.591226272508098191e+03 1.010681318108075999e+02
8.591426249842714242e+03 1.015859518669134616e+02
8.591626227177332112e+03 1.001725957037817665e+02
8.591826204511948163e+03 1.013537167335042142e+02
8.592026181846569671e+03 1.012810714530017577e+02
8.592226159181187541e+03 9.651526075768930468e+01
8.592426136515803591e+03 9.817095380830667750e+01
8.592626113850421461e+03 9.808640941066568075e+01
8.592826091185039331e+03 9.911800692455204853e+01
8.593026068519657201e+03 9.921267222677151665e+01
8.593226045854275071e+03 9.954608095855917327e+01
8.593426023188891122e+03 9.976651419483258110e+01
8.593626000523508992e+03 1.000517638273439474e+02
8.593825977858126862e+03 9.959900791105503970e+01
8.594025955192744732e+03 9.972297534662722285e+01
8.594225932527362602e+03 9.904954329701226357e+01
8.594425909861978653e+03 1.005461925086515578e+02
8.594625887196598342e+03 9.768418357793117934e+01
8.594825864531214393e+03 1.003508457876097424e+02
8.595025841865832263e+03 1.001029975951613551e+02
8.595225819200450132e+03 9.824854883929403115e+01
8.595425796535066183e+03 1.007839830915469435e+02
8.595625773869685872e+03 9.757091199979031160e+01
8.595825751204303742e+03 9.829390195604032954e+01
8.596025728538921612e+03 1.003376675569667356e+02
8.596225705873539482e+03 1.000743221484278109e+02
8.596425683208155533e+03 9.947886732341684990e+01
8.596625660542775222e+03 1.022142635957314241e+02
8.596825637877391273e+03 9.945950139407791823e+01
8.597025615212009143e+03 9.867814942990682425e+01
8.597225592546627013e+03 9.705499874850188746e+01
8.597425569881244883e+03 9.553789800941294175e+01
8.597625547215862753e+03 9.596200216820422213e+01
8.597825524550478804e+03 9.794527074330184746e+01
8.598025501885096674e+03 9.716734666344760285e+01
8.598225479219714543e+03 9.808905027949153066e+01
8.598425456554332413e+03 9.840586642137513707e+01
8.598625433888950283e+03 9.993374498732794109e+01
8.598825411223566334e+03 9.946831282276802710e+01
8.599025388558184204e+03 9.930958148330365987e+01
8.599225365892803893e+03 9.916363440734676260e+01
8.599425343227419944e+03 9.968254732590948208e+01
8.599625320562037814e+03 9.982956580018509385e+01
8.599825297896655684e+03 9.922817941778031070e+01
8.600025275231273554e+03 1.008375323625766526e+02
8.600225252565893243e+03 1.008882486359155166e+02
8.600425229900509294e+03 9.993923076134446148e+01
8.600625207235127164e+03 1.006695957744451846e+02
8.600825184569743215e+03 1.005866607222352371e+02
8.601025161904362903e+03 1.000494626900970729e+02
8.601225139238980773e+03 1.010078803107448664e+02
8.601425116573596824e+03 9.852303456173666518e+01
8.601625093908214694e+03 9.962248503166242131e+01
8.601825071242830745e+03 1.009317951708010384e+02
8.602025048577450434e+03 9.911702190179919114e+01
8.602225025912068304e+03 1.005207281595594679e+02
8.602425003246684355e+03 9.934411455213728459e+01
8.602624980581302225e+03 1.016391791587161748e+02
8.602824957915918276e+03 1.001802564793579222e+02
8.603024935250537965e+03 9.949510330307536776e+01
8.603224912585155835e+03 1.033080991982267989e+02
8.603424889919771886e+03 1.001097514223358900e+02
8.603624867254389756e+03 1.033478892323282281e+02
8.603824844589009444e+03 9.975383513589926565e+01
8.604024821923627314e+03 9.896296747898409762e+01
8.604224799258245184e+03 9.940775372910889018e+01
8.604424776592861235e+03 9.998174959238247084e+01
8.604624753927479105e+03 9.964389926615065463e+01
8.604824731262096975e+03 1.004105264667393982e+02
8.605024708596714845e+03 1.002277579985439644e+02
8.605224685931332715e+03 9.967884387516616584e+01
8.605424663265948766e+03 1.006294245668106413e+02
8.605624640600568455e+03 9.939530085234989087e+01
8.605824617935184506e+03 1.014401590186697035e+02
8.606024595269802376e+03 9.812484784966514439e+01
8.606224572604420246e+03 9.914515528556700019e+01
8.606424549939036297e+03 9.819980474639095291e+01
8.606624527273655985e+03 9.938881529260585523e+01
8.606824504608272036e+03 1.003721321754804734e+02
8.607024481942889906e+03 9.936508129444187887e+01
8.607224459277507776e+03 9.931371315059458027e+01
8.607424436612125646e+03 9.916544945930294830e+01
8.607624413946743516e+03 9.929623198352093993e+01
8.607824391281361386e+03 1.024553487963367218e+02
8.608024368615979256e+03 1.011678426202315819e+02
8.608224345950597126e+03 1.008716649578953906e+02
8.608424323285214996e+03 9.825149436957880766e+01
8.608624300619832866e+03 9.993004380177670498e+01
8.608824277954448917e+03 1.000174778582595394e+02
8.609024255289066787e+03 9.883567879569902459e+01
8.609224232623684657e+03 1.024588669029896408e+02
8.609424209958302527e+03 9.709047004402867742e+01
8.609624187292920396e+03 9.899165027761846147e+01
8.609824164627536447e+03 9.952827032599591917e+01
8.610024141962154317e+03 1.001879195147321866e+02
8.610224119296774006e+03 9.892282376179356618e+01
8.610424096631390057e+03 9.961789717640613162e+01
8.610624073966007927e+03 9.445054035796070480e+01
8.610824051300623978e+03 9.439190429503779001e+01
8.611024028635241848e+03 9.877154247574370061e+01
8.611224005969861537e+03 9.772156055746866343e+01
8.611423983304477588e+03 9.699236053252194267e+01
8.611623960639097277e+03 1.019818361087851457e+02
8.611823937973713328e+03 1.023265357070439450e+02
8.612023915308333017e+03 9.920729380296448596e+01
8.612223892642950887e+03 1.002483590278455239e+02
8.612423869977566937e+03 9.863446675552565068e+01
8.612623847312184807e+03 1.018689248507559313e+02
8.612823824646800858e+03 1.000748530048238507e+02
8.613023801981420547e+03 9.865734714585819631e+01
8.613223779316038417e+03 9.891715017984419944e+01
8.613423756650654468e+03 1.003223032867872462e+02
8.613623733985272338e+03 1.012827538778760044e+02
8.613823711319888389e+03 9.818838030666319128e+01
8.614023688654508078e+03 9.910089479743396623e+01
8.614223665989125948e+03 9.944140990444847716e+01
8.614423643323741999e+03 9.877679998870280542e+01
8.614623620658359869e+03 1.019704800415217392e+02
8.614823597992977739e+03 9.945328607046209868e+01
8.615023575327595609e+03 1.006666105526603019e+02
8.615223552662213478e+03 1.032453966623190382e+02
8.615423529996829529e+03 1.010854038841184774e+02
8.615623507331449218e+03 9.805952056733926270e+01
8.615823484666067088e+03 9.998039698759374971e+01
8.616023462000684958e+03 1.005848644479121958e+02
8.616223439335302828e+03 9.963002869590599175e+01
8.616423416669918879e+03 1.009636587809762602e+02
8.616623394004538568e+03 9.754500525945454115e+01
8.616823371339154619e+03 9.872488587594800435e+01
8.617023348673772489e+03 1.005105872614022360e+02
8.617223326008390359e+03 1.004625678091085490e+02
8.617423303343006410e+03 1.006215873326445092e+02
8.617623280677626099e+03 9.780088975730576806e+01
8.617823258012242150e+03 9.952713680247096306e+01
8.618023235346860019e+03 9.837650390418409074e+01
8.618223212681477889e+03 1.013782833301961830e+02
8.618423190016095759e+03 1.002505447319569072e+02
8.618623167350713629e+03 9.942525348607095736e+01
8.618823144685329680e+03 9.926193841262586659e+01
8.619023122019947550e+03 9.777344485438567290e+01
8.619223099354565420e+03 9.995002020516832886e+01
8.619423076689183290e+03 9.877699435120626958e+01
8.619623054023802979e+03 9.952818701303439752e+01
8.619823031358419030e+03 1.000980945724653708e+02
8.620023008693036900e+03 9.961062391108767144e+01
8.620222986027654770e+03 1.008265935853587791e+02
8.620422963362272640e+03 9.912237823126272929e+01
8.620622940696890510e+03 9.850513094241777878e+01
8.620822918031506561e+03 9.852551945034279868e+01
8.621022895366124430e+03 9.904233774474877805e+01
8.621222872700744119e+03 9.930761130768094347e+01
8.621422850035360170e+03 9.910892885405374386e+01
8.621622827369978040e+03 1.010415259926448357e+02
8.621822804704594091e+03 9.860421173669524819e+01
8.622022782039211961e+03 1.007482929868408945e+02
8.622222759373831650e+03 9.983309700237383311e+01
8.622422736708447701e+03 9.899892653982693957e+01
8.622622714043065571e+03 1.009876117446792989e+02
8.622822691377681622e+03 9.966571950128957269e+01
8.623022668712301311e+03 9.842840090787848339e+01
8.623222646046919181e+03 1.030032074000951496e+02
8.623422623381537051e+03 1.015984020933484686e+02
8.623622600716154921e+03 1.005718824421281141e+02
8.623822578050770971e+03 9.866669342634347117e+01
8.624022555385390660e+03 9.828704303798748754e+01
8.624222532720008530e+03 1.002834124327510779e+02
8.624422510054624581e+03 9.949555790286552792e+01
8.624622487389242451e+03 9.967303094888666237e+01
8.624822464723860321e+03 1.012306265261068745e+02
8.625022442058478191e+03 9.810465259708001895e+01
8.625222419393096061e+03 9.835637256298466014e+01
8.625422396727712112e+03 1.000445516928394056e+02
8.625622374062329982e+03 1.024185266451331842e+02
8.625822351396947852e+03 9.925947214286581755e+01
8.626022328731565722e+03 1.008172050521003626e+02
8.626222306066183592e+03 1.007607158015008793e+02
8.626422283400799643e+03 1.001782362141810125e+02
8.626622260735417512e+03 1.018803078976507237e+02
8.626822238070035382e+03 9.679630785906522306e+01
8.627022215404653252e+03 1.009232590104226546e+02
8.627222192739271122e+03 9.957720740418938021e+01
8.627422170073888992e+03 9.973093679053178562e+01
8.627622147408508681e+03 1.005591470521395507e+02
8.627822124743124732e+03 9.871898978067862629e+01
8.628022102077742602e+03 9.920383645548659501e+01
8.628222079412360472e+03 9.965623011141057930e+01
8.628422056746976523e+03 1.004556636400573097e+02
8.628622034081596212e+03 1.012426384449362473e+02
8.628822011416212263e+03 9.917412734232050298e+01
8.629021988750830133e+03 9.848522598503853942e+01
8.629221966085448003e+03 1.003122865797629402e+02
8.629421943420065872e+03 9.964243604475922211e+01
8.629621920754683742e+03 1.003147173515032051e+02
8.629821898089299793e+03 9.887293469332493601e+01
8.630021875423917663e+03 1.025601714751312841e+02
8.630221852758535533e+03 9.759752936805429613e+01
8.630421830093153403e+03 9.862052900854553172e+01
8.630621807427771273e+03 9.884409357792696937e+01
8.630821784762387324e+03 9.827091436957729798e+01
8.631021762097005194e+03 1.004468256855308823e+02
8.631221739431624883e+03 9.902801714617879725e+01
8.631421716766242753e+03 9.880090419759952169e+01
8.631621694100860623e+03 9.677246138694231092e+01
8.631821671435476674e+03 1.007504288239635315e+02
8.632021648770094544e+03 9.920893761415096890e+01
8.632221626104714232e+03 9.887457061790365742e+01
8.632421603439330283e+03 1.013169701179918150e+02
8.632621580773948153e+03 9.938524078876945111e+01
8.632821558108564204e+03 9.888950612572902799e+01
8.633021535443182074e+03 9.870046915796461917e+01
8.633221512777801763e+03 9.885921692734318356e+01
8.633421490112417814e+03 9.901152912957219598e+01
8.633621467447035684e+03 9.893962535222200927e+01
8.633821444781651735e+03 1.012352209947441821e+02
8.634021422116271424e+03 9.818732517134122872e+01
8.634221399450889294e+03 1.019276202799975692e+02
8.634421376785505345e+03 9.927657363475030650e+01
8.634621354120123215e+03 1.002812599235101061e+02
8.634821331454739266e+03 1.009386026906139762e+02
8.635021308789358955e+03 9.892116092720313247e+01
8.635221286123978643e+03 1.006060225137030386e+02
8.635421263458594694e+03 9.636528916047299731e+01
8.635621240793212564e+03 1.023252381429216058e+02
8.635821218127830434e+03 1.010809844501672359e+02
8.636021195462448304e+03 9.942229591645778441e+01
8.636221172797066174e+03 1.003970033009837692e+02
8.636421150131682225e+03 1.000581935648682759e+02
8.636621127466300095e+03 1.021145186147471691e+02
8.636821104800917965e+03 1.007204828833031769e+02
8.637021082135535835e+03 9.936042213620046937e+01
8.637221059470153705e+03 9.926866263617358754e+01
8.637421036804769756e+03 1.013741976742123398e+02
8.637621014139389445e+03 1.017205807975161918e+02
8.637820991474005496e+03 9.987692534729269767e+01
8.638020968808623365e+03 9.985987326905535610e+01
8.638220946143241235e+03 9.822189298193016782e+01
8.638420923477857286e+03 9.948518872353798770e+01
8.638620900812476975e+03 9.795710593422371915e+01
8.638820878147093026e+03 1.007909598522241765e+02
8.639020855481710896e+03 9.824667203574075813e+01
8.639220832816330585e+03 1.004919075555684316e+02
8.639420810150946636e+03 1.013390229167393954e+02
8.639620787485566325e+03 9.866796418240997468e+01
8.639820764820182376e+03 9.984879510618961262e+01
8.640020742154800246e+03 1.008577805675659818e+02
8.640220719489418116e+03 1.020627332078718723e+02
8.640420696824035986e+03 9.904604442551537602e+01
8.640620674158653856e+03 9.707181524480434121e+01
8.640820651493269906e+03 1.003353620675342341e+02
8.641020628827887776e+03 9.655045215939409786e+01
8.641220606162505646e+03 1.002103357147940415e+02
8.641420583497123516e+03 1.008900224940687309e+02
8.641620560831741386e+03 9.854606480447456818e+01
8.641820538166357437e+03 1.014665854947921702e+02
8.642020515500975307e+03 9.916553541747549616e+01
8.642220492835594996e+03 9.916828308600990738e+01
8.642420470170211047e+03 1.009004085298806501e+02
8.642620447504828917e+03 9.975336102358629375e+01
8.642820424839444968e+03 1.021706852032750845e+02
8.643020402174062838e+03 9.977623876644639722e+01
8.643220379508684346e+03 1.006792299075499670e+02
8.643420356843300397e+03 1.004199912517023847e+02
8.643620334177918267e+03 1.000558180695327195e+02
8.643820311512534317e+03 9.918234752526200282e+01
8.644020288847152187e+03 9.889485756901250113e+01
8.644220266181771876e+03 9.902677418250296171e+01
8.644420243516387927e+03 1.006897406702573221e+02
8.644620220851005797e+03 1.028221401716074013e+02
8.644820198185621848e+03 9.874285099327303783e+01
8.645020175520241537e+03 1.017743022335534704e+02
8.645220152854859407e+03 9.798308047086693762e+01
8.645420130189475458e+03 9.888667342790944303e+01
8.645620107524093328e+03 9.926893674061737727e+01
8.645820084858709379e+03 9.961280844003822210e+01
8.646020062193329068e+03 1.044090721115057505e+02
8.646220039527946938e+03 9.925762408336385079e+01
8.646420016862562989e+03 1.002827510560005635e+02
8.646619994197180858e+03 1.004091877059932472e+02
8.646819971531798728e+03 1.011791245508007933e+02
8.647019948866416598e+03 9.782303628988545086e+01
8.647219926201036287e+03 9.868138476469970044e+01
8.647419903535652338e+03 1.013921386063987313e+02
8.647619880870270208e+03 9.973568504448843441e+01
8.647819858204888078e+03 9.926981510014485366e+01
8.648019835539505948e+03 1.000686675998395003e+02
8.648219812874123818e+03 9.808884346573775304e+01
8.648419790208739869e+03 9.863324405297875330e+01
8.648619767543359558e+03 1.026776604673521263e+02
8.648819744877975609e+03 1.020671738443591607e+02
8.649019722212593479e+03 9.650300465508477998e+01
8.649219699547211349e+03 1.002304882331845022e+02
8.649419676881827399e+03 1.001639284978692075e+02
8.649619654216447088e+03 9.942720981976744099e+01
8.649819631551063139e+03 1.009431672676682155e+02
8.650019608885681009e+03 9.912721011580404706e+01
8.650219586220298879e+03 9.746949525492780708e+01
8.650419563554914930e+03 1.009146995080273825e+02
8.650619540889534619e+03 9.824008104035617350e+01
8.650819518224150670e+03 9.981162679246840241e+01
8.651019495558770359e+03 9.868338764459637957e+01
8.651219472893388229e+03 9.696842608412426046e+01
8.651419450228006099e+03 9.827765756204343006e+01
8.651619427562623969e+03 9.898149593326571960e+01
8.651819404897240020e+03 9.993010040461328458e+01
8.652019382231857890e+03 1.008250959427845146e+02
8.652219359566475759e+03 9.764576595275433135e+01
8.652419336901093629e+03 9.932394296995715877e+01
8.652619314235711499e+03 1.011844908253876270e+02
8.652819291570327550e+03 1.021904150248961969e+02
8.653019268904945420e+03 9.850448052987096048e+01
8.653219246239565109e+03 1.019033733698530710e+02
8.653419223574181160e+03 9.972449682583696529e+01
8.653619200908799030e+03 9.757349509339543658e+01
8.653819178243415081e+03 1.005881133671513936e+02
8.654019155578032951e+03 9.757594964718994390e+01
8.654219132912652640e+03 9.674491311292575801e+01
8.654419110247268691e+03 9.725021417463192108e+01
8.654619087581886561e+03 9.845000449545509014e+01
8.654819064916502612e+03 9.753618285904178720e+01
8.655019042251124120e+03 1.002815549785622977e+02
8.655219019585741989e+03 9.725119473354568811e+01
8.655418996920358040e+03 1.002822051308707074e+02
8.655618974254975910e+03 9.915529164578889265e+01
8.655818951589591961e+03 9.906826983728271330e+01
8.656018928924211650e+03 9.937715272355114848e+01
8.656218906258829520e+03 9.823224762116213071e+01
8.656418883593445571e+03 9.817893260773485054e+01
8.656618860928063441e+03 9.608478153060360683e+01
8.656818838262679492e+03 9.487115767417454038e+01
8.657018815597299181e+03 9.416419721322013459e+01
8.657218792931917051e+03 9.505469519122623012e+01
8.657418770266533102e+03 9.841663064875706368e+01
8.657618747601150972e+03 9.718191546178242390e+01
8.657818724935768842e+03 9.626779090910204673e+01
8.658018702270386711e+03 9.372436041766671622e+01
8.658218679605004581e+03 9.339940899843360000e+01
8.658418656939620632e+03 9.599207672115289824e+01
8.658618634274238502e+03 9.412537456817290149e+01
8.658818611608856372e+03 9.127253473658400651e+01
8.659018588943476061e+03 9.052182699161930657e+01
8.659218566278093931e+03 8.717830090568143930e+01
8.659418543612709982e+03 8.675692924905227699e+01
8.659618520947329671e+03 8.473514042683972036e+01
8.659818498281945722e+03 7.993627849240559158e+01
8.660018475616563592e+03 7.450680232229494493e+01
8.660218452951181462e+03 7.079485201373485381e+01
8.660418430285797513e+03 6.149936528433853766e+01
8.660618407620417202e+03 5.738691271476812261e+01
8.660818384955033252e+03 5.097688399396757575e+01
8.661018362289651122e+03 4.446452931778793527e+01
8.661218339624268992e+03 4.374231601146871640e+01
8.661418316958886862e+03 5.230237411844716178e+01
8.661618294293504732e+03 5.521627127042846439e+01
8.661818271628120783e+03 6.120771059359577748e+01
8.662018248962738653e+03 6.939551895478030019e+01
8.662218226297356523e+03 7.418957150843350234e+01
8.662418203631974393e+03 7.800905306351683066e+01
8.662618180966592263e+03 8.109418762907819200e+01
8.662818158301210133e+03 8.616599354294376667e+01
8.663018135635828003e+03 8.808277129571879982e+01
8.663218112970445873e+03 9.032866222061659300e+01
8.663418090305063743e+03 9.316366385120440441e+01
8.663618067639681612e+03 9.021606450231996632e+01
8.663818044974297663e+03 9.280592275262985424e+01
8.664018022308915533e+03 9.156500861184073869e+01
8.664217999643535222e+03 9.062772600248381138e+01
8.664417976978151273e+03 9.541974316791993260e+01
8.664617954312769143e+03 9.683372159429006842e+01
8.664817931647385194e+03 9.531438726042938470e+01
8.665017908982003064e+03 9.923014660469844728e+01
8.665217886316622753e+03 9.992863241790968232e+01
8.665417863651238804e+03 9.813649788410681651e+01
8.665617840985856674e+03 9.904711027397004841e+01
8.665817818320472725e+03 9.792739138375303298e+01
8.666017795655092414e+03 9.737473123747511750e+01
8.666217772989710284e+03 9.916210409495667477e+01
8.666417750324326335e+03 1.000716970812715658e+02
8.666617727658944204e+03 9.837084268775483054e+01
8.666817704993562074e+03 9.607118754005998085e+01
8.667017682328181763e+03 9.722065706258443640e+01
8.667217659662799633e+03 9.941883402597034092e+01
8.667417636997415684e+03 9.856159935795072613e+01
8.667617614332033554e+03 9.980543141234285542e+01
8.667817591666651424e+03 9.726671642966282150e+01
8.668017569001269294e+03 9.858441106196333692e+01
8.668217546335887164e+03 9.745618538300399791e+01
8.668417523670503215e+03 9.918123217764957644e+01
8.668617501005121085e+03 9.940431018132970564e+01
8.668817478339738955e+03 9.962194241043049203e+01
8.669017455674356825e+03 9.863555008294252957e+01
8.669217433008974695e+03 9.900276848174495115e+01
8.669417410343590745e+03 1.003570806729863278e+02
8.669617387678208615e+03 9.914829797066727224e+01
8.669817365012826485e+03 9.945198330114625662e+01
8.670017342347444355e+03 9.976987402908953584e+01
8.670217319682062225e+03 9.992258581895984548e+01
8.670417297016678276e+03 1.003395109876673956e+02
8.670617274351297965e+03 9.693735255076333601e+01
8.670817251685915835e+03 1.000227584961369018e+02
8.671017229020533705e+03 1.016574574116301051e+02
8.671217206355151575e+03 1.001319272838590280e+02
8.671417183689767626e+03 9.957099322338912373e+01
8.671617161024387315e+03 1.008665059364016230e+02
8.671817138359003366e+03 9.795866162850803960e+01
8.672017115693621236e+03 1.011554700143675660e+02
8.672217093028239105e+03 1.005487011519121410e+02
8.672417070362856975e+03 9.785012929106376589e+01
8.672617047697474845e+03 9.984957002653044356e+01
8.672817025032090896e+03 9.703406276023919474e+01
8.673017002366708766e+03 1.009752833158347300e+02
8.673216979701326636e+03 9.924725386349069822e+01
8.673416957035944506e+03 9.563601407087473660e+01
8.673616934370562376e+03 9.655260049146065171e+01
8.673816911705178427e+03 9.623088833077420645e+01
8.674016889039796297e+03 9.767667780029029245e+01
8.674216866374414167e+03 9.831151886569610099e+01
8.674416843709032037e+03 9.836090770639678738e+01
8.674616821043651726e+03 1.000037457139235073e+02
8.674816798378267777e+03 9.611058045876595202e+01
8.675016775712885646e+03 9.925023683099209393e+01
8.675216753047505335e+03 1.007341012130045357e+02
8.675416730382121386e+03 9.841489432235422896e+01
8.675616707716739256e+03 9.833444974418985396e+01
8.675816685051355307e+03 1.000210679876632724e+02
8.676016662385973177e+03 1.009977630105556159e+02
8.676216639720592866e+03 1.000693589207797061e+02
8.676416617055208917e+03 1.013830266796779114e+02
8.676616594389826787e+03 1.003281169139432194e+02
8.676816571724442838e+03 9.735487801822424103e+01
8.677016549059062527e+03 9.889890526866079767e+01
8.677216526393680397e+03 9.704712419174057914e+01
8.677416503728296448e+03 9.904153545317535645e+01
8.677616481062914318e+03 9.962231820023946227e+01
8.677816458397530369e+03 9.986004019968552825e+01
8.678016435732150057e+03 1.012634562268953147e+02
8.678216413066767927e+03 9.984097921167386858e+01
8.678416390401383978e+03 9.766059738374700316e+01
8.678616367736003667e+03 9.856037268727799017e+01
8.678816345070621537e+03 9.973494465451666713e+01
8.679016322405239407e+03 9.984770757049035694e+01
8.679216299739857277e+03 1.003905290130368968e+02
8.679416277074473328e+03 1.011391681666567735e+02
8.679616254409091198e+03 1.003872621719394260e+02
8.679816231743709068e+03 9.986275623857513040e+01
8.680016209078326938e+03 1.016491477864514508e+02
8.680216186412944808e+03 1.012370995047816109e+02
8.680416163747560859e+03 9.913312328236516180e+01
8.680616141082178729e+03 1.006955047514607315e+02
8.680816118416796598e+03 1.000293794252463613e+02
8.681016095751414468e+03 9.745633382355019592e+01
8.681216073086032338e+03 9.871822195522452148e+01
8.681416050420648389e+03 1.009027908979749810e+02
8.681616027755268078e+03 9.919113125368407680e+01
8.681816005089884129e+03 1.009925494806463604e+02
8.682015982424501999e+03 1.007000161293145908e+02
8.682215959759119869e+03 1.014897093174641896e+02
8.682415937093735920e+03 1.003919020027860256e+02
8.682615914428357428e+03 9.753307175819215047e+01
8.682815891762973479e+03 9.908641332094281040e+01
8.683015869097591349e+03 1.010290422168473299e+02
8.683215846432209219e+03 9.618516771772407026e+01
8.683415823766827089e+03 9.960733722034662208e+01
8.683615801101444958e+03 9.860388179508400697e+01
8.683815778436061009e+03 9.679564058915956082e+01
8.684015755770678879e+03 1.002785261595158062e+02
8.684215733105296749e+03 9.887772765526403873e+01
8.684415710439914619e+03 1.003775859276724418e+02
8.684615687774532489e+03 9.778791615614503030e+01
8.684815665109148540e+03 1.002968183176213017e+02
8.685015642443766410e+03 9.904422346759530171e+01
8.685215619778386099e+03 9.937446674817275039e+01
8.685415597113002150e+03 1.012205781592101062e+02
8.685615574447620020e+03 9.941462449910930843e+01
8.685815551782236071e+03 1.009906852615122688e+02
8.686015529116853941e+03 9.765837391654994804e+01
8.686215506451473630e+03 1.044929701521619450e+02
8.686415483786091499e+03 9.844442897824410466e+01
8.686615461120709369e+03 1.008961390768488542e+02
8.686815438455325420e+03 9.975110081487929392e+01
8.687015415789943290e+03 9.549870989097225049e+01
8.687215393124562979e+03 8.959765590976893179e+01
8.687415370459179030e+03 8.709108103252768274e+01
8.687615347793796900e+03 8.575087777600515437e+01
8.687815325128412951e+03 9.027552457514741491e+01
8.688015302463032640e+03 9.095396737137831167e+01
8.688215279797650510e+03 9.400844325808583335e+01
8.688415257132266561e+03 9.813300212549502533e+01
8.688615234466884431e+03 9.749080353392101017e+01
8.688815211801500482e+03 9.924905977174819327e+01
8.689015189136120171e+03 1.007565699569532427e+02
8.689215166470738041e+03 9.999911712506477102e+01
8.689415143805354091e+03 1.004595990747587422e+02
8.689615121139971961e+03 9.963867722081666045e+01
8.689815098474589831e+03 1.005276795577408393e+02
8.690015075809207701e+03 1.024956080149762272e+02
8.690215053143825571e+03 1.001302639348275960e+02
8.690415030478443441e+03 9.952662879350708636e+01
8.690615007813061311e+03 1.012355399589858393e+02
8.690814985147679181e+03 1.029751063291501225e+02
8.691014962482297051e+03 9.860165627707118574e+01
8.691214939816914921e+03 9.985972171010079990e+01
8.691414917151530972e+03 1.004044848399100545e+02
8.691614894486150661e+03 1.007398900315607904e+02
8.691814871820766712e+03 9.947240451837851083e+01
8.692014849155384582e+03 9.922804206951167316e+01
8.692214826490002451e+03 9.897995215614908204e+01
8.692414803824618502e+03 1.000371265757624997e+02
8.692614781159238191e+03 9.860284896163567225e+01
8.692814758493854242e+03 9.932566233835717640e+01
8.693014735828472112e+03 9.964121243146661300e+01
8.693214713163089982e+03 1.010570813360775446e+02
8.693414690497706033e+03 1.019241048481646033e+02
8.693614667832325722e+03 9.804025547970546484e+01
8.693814645166941773e+03 9.852187152190784047e+01
8.694014622501559643e+03 1.002362491487974410e+02
8.694214599836177513e+03 1.001068549352182941e+02
8.694414577170797202e+03 1.005891342083511972e+02
8.694614554505415072e+03 9.970437861266395885e+01
8.694814531840031123e+03 9.785126192163973258e+01
8.695014509174648992e+03 9.954387347845880640e+01
8.695214486509266862e+03 9.810021427052254239e+01
8.695414463843884732e+03 9.877573181236236621e+01
8.695614441178502602e+03 1.011270041828080082e+02
8.695814418513118653e+03 1.002340842339974358e+02
8.696014395847736523e+03 9.967630339515663707e+01
8.696214373182356212e+03 9.881300904193805934e+01
8.696414350516972263e+03 1.003119830011502955e+02
8.696614327851590133e+03 9.883343246895817913e+01
8.696814305186206184e+03 1.000564268826155825e+02
8.697014282520824054e+03 9.944916294714457194e+01
8.697214259855443743e+03 9.965314557739004897e+01
8.697414237190059794e+03 1.000440867189548158e+02
8.697614214524677664e+03 9.929487056497185904e+01
8.697814191859293715e+03 9.912147271594969311e+01
8.698014169193913403e+03 1.004440703041670417e+02
8.698214146528531273e+03 1.008105945877587573e+02
8.698414123863149143e+03 9.796265608721624574e+01
8.698614101197767013e+03 9.911655074036694657e+01
8.698814078532383064e+03 1.010768257273350486e+02
8.699014055867002753e+03 9.986751585360902084e+01
8.699214033201620623e+03 9.892905161286451232e+01
8.699414010536236674e+03 1.009062375269407283e+02
8.699613987870854544e+03 9.970242222957283218e+01
8.699813965205470595e+03 9.952821127607712981e+01
8.700013942540090284e+03 9.908024000194444625e+01
8.700213919874708154e+03 9.752305457658184196e+01
8.700413897209324205e+03 9.960665818991756737e+01
8.700613874543942075e+03 9.995522668072710815e+01
8.700813851878559944e+03 9.884689050326107917e+01
8.701013829213177814e+03 9.770659506398941119e+01
8.701213806547795684e+03 1.006914289856444356e+02
8.701413783882411735e+03 1.021346465283709222e+02
8.701613761217029605e+03 1.019297020071770419e+02
8.701813738551647475e+03 9.967184483706843423e+01
8.702013715886265345e+03 9.964016532326138531e+01
8.702213693220885034e+03 9.881492602881610310e+01
8.702413670555501085e+03 9.933276979705892984e+01
8.702613647890120774e+03 9.908395194911754800e+01
8.702813625224736825e+03 9.816399038407263333e+01
8.703013602559354695e+03 9.970076580711494785e+01
8.703213579893972565e+03 9.900024838866134758e+01
8.703413557228588616e+03 1.001283020457349124e+02
8.703613534563208304e+03 9.947682912864583216e+01
8.703813511897824355e+03 9.951510813843506753e+01
8.704013489232442225e+03 9.856681731003114066e+01
8.704213466567060095e+03 1.026324599324833429e+02
8.704413443901676146e+03 1.000864040706818372e+02
8.704613421236295835e+03 9.890910270277744587e+01
8.704813398570911886e+03 1.004382538001296297e+02
8.705013375905529756e+03 1.020277209005530636e+02
8.705213353240147626e+03 1.007696342066203954e+02
8.705413330574765496e+03 1.001559467404532739e+02
8.705613307909383366e+03 9.964621407975660361e+01
8.705813285243999417e+03 1.022204192107218148e+02
8.706013262578617287e+03 1.010559782878885642e+02
8.706213239913236976e+03 9.953011549836070060e+01
8.706413217247854845e+03 9.976570309195719233e+01
8.706613194582472715e+03 1.017320606224600965e+02
8.706813171917088766e+03 1.002646962134571567e+02
8.707013149251706636e+03 1.000936512202196127e+02
8.707213126586326325e+03 1.009012855848954189e+02
8.707413103920942376e+03 1.009776488942724058e+02
8.707613081255560246e+03 9.934007318879842785e+01
8.707813058590176297e+03 1.008559248628895944e+02
8.708013035924794167e+03 1.003861249216041927e+02
8.708213013259413856e+03 9.963218416012223599e+01
8.708412990594029907e+03 1.006222224061158528e+02
8.708612967928647777e+03 1.009950475729915524e+02
8.708812945263263828e+03 9.880677986929904932e+01
8.709012922597883517e+03 9.687944915342107777e+01
8.709212899932501387e+03 9.877890300082036390e+01
8.709412877267117437e+03 1.005392692672986925e+02
8.709612854601735307e+03 1.014309996853742888e+02
8.709812831936351358e+03 9.817294788404753092e+01
8.710012809270971047e+03 1.001425436019030712e+02
8.710212786605590736e+03 9.962432975546853697e+01
8.710412763940206787e+03 9.826369324210250511e+01
8.710612741274824657e+03 9.818803104635838963e+01
8.710812718609440708e+03 1.005313313191552709e+02
8.711012695944060397e+03 1.004490956017473025e+02
8.711212673278678267e+03 9.939916895196795110e+01
8.711412650613294318e+03 1.001222602728168880e+02
8.711612627947912188e+03 9.987506751578773390e+01
8.711812605282530058e+03 9.901958327360406997e+01
8.712012582617147928e+03 9.838998148092638019e+01
8.712212559951765797e+03 9.852402300986608452e+01
8.712412537286381848e+03 9.851142787660040767e+01
8.712612514620999718e+03 9.836903032159145255e+01
8.712812491955617588e+03 9.856328661720084483e+01
8.713012469290235458e+03 1.000132769518158682e+02
8.713212446624853328e+03 9.657632248122231999e+01
8.713412423959469379e+03 9.706558349135006836e+01
8.713612401294089068e+03 9.874073102726521256e+01
8.713812378628705119e+03 1.012889411423623045e+02
8.714012355963324808e+03 9.915600218139746858e+01
8.714212333297942678e+03 9.870873842983107238e+01
8.714412310632558729e+03 1.006497602016355302e+02
8.714612287967178418e+03 1.008020597467881601e+02
8.714812265301794469e+03 9.996299725930374791e+01
8.715012242636412338e+03 1.042158001501160811e+02
8.715212219971030208e+03 1.007610763671667371e+02
8.715412197305648078e+03 1.005008084263173487e+02
8.715612174640265948e+03 1.008897914733418304e+02
8.715812151974881999e+03 9.951551874528317398e+01
8.716012129309499869e+03 9.850061981451410986e+01
8.716212106644117739e+03 1.001341779033005679e+02
8.716412083978735609e+03 9.934232820220123017e+01
8.716612061313353479e+03 9.924859921510331162e+01
8.716812038647969530e+03 9.713558813852610285e+01
8.717012015982587400e+03 9.886728485390979415e+01
8.717211993317205270e+03 1.030070034408272477e+02
8.717411970651823140e+03 1.006868685615879571e+02
8.717611947986441010e+03 1.011720206507333302e+02
8.717811925321057061e+03 1.005792140718524337e+02
8.718011902655676749e+03 1.014893650087760051e+02
8.718211879990296438e+03 9.827393354681017001e+01
8.718411857324912489e+03 1.010385144567838438e+02
8.718611834659530359e+03 9.943769189981530587e+01
8.718811811994146410e+03 1.001714373197103640e+02
8.719011789328764280e+03 9.904918748707841303e+01
8.719211766663383969e+03 1.013844888143553646e+02
8.719411743998000020e+03 9.780894934065483426e+01
8.719611721332617890e+03 1.002417725170663516e+02
8.719811698667233941e+03 9.919598865630885598e+01
8.720011676001853630e+03 9.843772937692180847e+01
8.720211653336471500e+03 1.005133262690102782e+02
8.720411630671087551e+03 1.006396905224706302e+02
8.720611608005705421e+03 1.003572973607011960e+02
8.720811585340321471e+03 9.914991278494696303e+01
8.721011562674941160e+03 1.008381198537272070e+02
8.721211540009559030e+03 9.973943890235197784e+01
8.721411517344175081e+03 9.937972899523549586e+01
8.721611494678792951e+03 9.840643688217467400e+01
8.721811472013410821e+03 1.024358233235848559e+02
8.722011449348030510e+03 1.008239688906392502e+02
8.722211426682648380e+03 1.013152865887352050e+02
8.722411404017264431e+03 9.789706941356328684e+01
8.722611381351882301e+03 1.003315719238073029e+02
8.722811358686500171e+03 1.006014809657651341e+02
8.723011336021118041e+03 9.824654539690271804e+01
8.723211313355735911e+03 1.004151718583343325e+02
8.723411290690351962e+03 1.015670378873618205e+02
8.723611268024969831e+03 1.022152225457698194e+02
8.723811245359587701e+03 1.000938134877117989e+02
8.724011222694205571e+03 9.956294778908261378e+01
8.724211200028823441e+03 1.019557622669406953e+02
8.724411177363439492e+03 1.009992862741638362e+02
8.724611154698059181e+03 1.006033662424631530e+02
8.724811132032675232e+03 1.008682960197026688e+02
8.725011109367293102e+03 1.006056559687826706e+02
8.725211086701910972e+03 1.006829329702934928e+02
8.725411064036527023e+03 1.000659403146636066e+02
8.725611041371146712e+03 1.015421616270405991e+02
8.725811018705764582e+03 1.016069577111115620e+02
8.726010996040382452e+03 9.968786374838620645e+01
8.726210973375000322e+03 9.891820565775819318e+01
8.726410950709618191e+03 1.001849768738758115e+02
8.726610928044236061e+03 1.007796178141154257e+02
8.726810905378852112e+03 9.887758032196219915e+01
8.727010882713469982e+03 9.986615822965765688e+01
8.727210860048087852e+03 1.003161450377997284e+02
8.727410837382705722e+03 9.839157016485012264e+01
8.727610814717323592e+03 9.888777992007582895e+01
8.727810792051939643e+03 1.017843494318770894e+02
8.728010769386557513e+03 9.742368142431774913e+01
8.728210746721177202e+03 1.000648593137355391e+02
8.728410724055793253e+03 1.016654534925586830e+02
8.728610701390411123e+03 1.009293884311809393e+02
8.728810678725027174e+03 1.029862014026989812e+02
8.729010656059645044e+03 1.015540510272537915e+02
