8.478162865667991355e+03 1.000392805119833497e+02
8.478362822339353443e+03 1.009161685541522928e+02
8.478562779010711893e+03 9.947341090890613202e+01
8.478762735682072162e+03 1.001629558053628415e+02
8.478962692353430612e+03 1.003013253986619020e+02
8.479162649024792699e+03 1.002233183189039210e+02
8.479362605696152968e+03 9.961318486028235952e+01
8.479562562367511418e+03 1.004236647818861172e+02
8.479762519038871687e+03 1.002155195124842209e+02
8.479962475710231956e+03 9.859457415258279411e+01
8.480162432381594044e+03 9.916889868351604775e+01
8.480362389052954313e+03 1.011719927454676906e+02
8.480562345724312763e+03 9.920907859515847349e+01
8.480762302395674851e+03 9.973789525608428619e+01
8.480962259067033301e+03 9.933232658503914081e+01
8.481162215738393570e+03 1.000168208184026071e+02
8.481362172409753839e+03 9.962703419256385473e+01
8.481562129081114108e+03 1.006228451922615363e+02
8.481762085752474377e+03 9.987373316136249457e+01
8.481962042423832827e+03 9.916707016183521262e+01
8.482161999095193096e+03 1.022874311129726976e+02
8.482361955766555184e+03 1.020248993700923137e+02
8.482561912437913634e+03 9.995340986329219390e+01
8.482761869109273903e+03 9.854018373652652940e+01
8.482961825780632353e+03 9.841314345544765274e+01
8.483161782451994441e+03 1.010657025516670871e+02
8.483361739123356529e+03 9.867141467792100684e+01
8.483561695794714979e+03 1.000569262144830134e+02
8.483761652466075248e+03 1.006758554011428544e+02
8.483961609137433697e+03 9.872355198842669211e+01
8.484161565808795785e+03 1.020771620522078393e+02
8.484361522480156054e+03 9.626382848481625842e+01
8.484561479151514504e+03 9.922505873508734453e+01
8.484761435822874773e+03 1.005654720395903610e+02
8.484961392494235042e+03 9.955925741266305806e+01
8.485161349165595311e+03 1.001811023082069880e+02
8.485361305836955580e+03 9.861173620967757358e+01
8.485561262508314030e+03 9.843544429984201827e+01
8.485761219179676118e+03 9.925708046204242407e+01
8.485961175851034568e+03 9.913110934537586161e+01
8.486161132522394837e+03 1.006863459357016666e+02
8.486361089193756925e+03 9.919460212274623245e+01
8.486561045865117194e+03 9.895505828394342984e+01
8.486761002536477463e+03 9.948380624152174789e+01
8.486960959207835913e+03 9.858707674557619782e+01
8.487160915879196182e+03 9.955348980662756730e+01
8.487360872550556451e+03 1.008585618206589913e+02
8.487560829221916720e+03 1.013410003305863825e+02
8.487760785893276989e+03 1.028461559684153457e+02
8.487960742564635439e+03 9.878556320872769447e+01
8.488160699235995708e+03 9.919927212050998833e+01
8.488360655907357796e+03 9.799364266387954103e+01
8.488560612578716245e+03 9.977960050618787591e+01
8.488760569250076514e+03 9.938980758646687264e+01
8.488960525921434964e+03 9.716184715772125458e+01
8.489160482592797052e+03 1.017203905307946314e+02
8.489360439264159140e+03 1.022162694252884307e+02
8.489560395935517590e+03 9.936611468515343404e+01
8.489760352606877859e+03 1.010321765372795682e+02
8.489960309278238128e+03 9.815533463547346571e+01
8.490160265949598397e+03 9.874761571083291756e+01
8.490360222620958666e+03 9.794896887215617198e+01
8.490560179292317116e+03 9.729178954133844570e+01
8.490760135963679204e+03 1.015542549489178015e+02
8.490960092635037654e+03 1.001019620547342726e+02
8.491160049306397923e+03 1.007381423917254608e+02
8.491360005977758192e+03 9.969016878443602536e+01
8.491559962649116642e+03 9.724696754027725376e+01
8.491759919320478730e+03 1.004712618906679182e+02
8.491959875991837180e+03 1.005461428917282518e+02
8.492159832663197449e+03 9.904573795270266601e+01
8.492359789334557718e+03 1.009060440132833207e+02
8.492559746005919806e+03 9.660108869923537611e+01
8.492759702677280075e+03 1.011495963517064922e+02
8.492959659348638525e+03 9.907759321360995841e+01
8.493159616019998793e+03 9.919786469152212760e+01
8.493359572691360881e+03 9.882112459845080821e+01
8.493559529362719331e+03 9.900579341213752116e+01
8.493759486034079600e+03 9.783253894680433405e+01
8.493959442705438050e+03 9.701870196380131972e+01
8.494159399376800138e+03 9.474657533069806448e+01
8.494359356048160407e+03 9.894574416496007530e+01
8.494559312719518857e+03 9.656641812291429972e+01
8.494759269390879126e+03 9.534243942049944565e+01
8.494959226062239395e+03 9.086249522343248941e+01
8.495159182733599664e+03 8.456520222388269303e+01
8.495359139404959933e+03 7.871302016734739482e+01
8.495559096076320202e+03 7.261803625484942870e+01
8.495759052747682290e+03 6.508436075179322700e+01
8.495959009419040740e+03 5.650665368960899571e+01
8.496158966090401009e+03 5.590665728942014567e+01
8.496358922761761278e+03 5.661827802554265787e+01
8.496558879433119728e+03 6.236203731428641106e+01
8.496758836104481816e+03 7.204959549216411574e+01
8.496958792775840266e+03 7.758176607189562901e+01
8.497158749447200535e+03 8.358802770426571271e+01
8.497358706118560804e+03 8.982645852617164905e+01
8.497558662789921073e+03 9.625557274578342515e+01
8.497758619461281342e+03 9.589821922863174564e+01
8.497958576132639791e+03 9.918181564023115016e+01
8.498158532804000060e+03 9.819100136399153200e+01
8.498358489475362148e+03 9.614739400961391880e+01
8.498558446146722417e+03 9.763402106789251889e+01
8.498758402818082686e+03 9.842858313349573507e+01
8.498958359489441136e+03 1.014774016575758537e+02
8.499158316160803224e+03 9.810400990392372478e+01
8.499358272832163493e+03 9.842378701699996668e+01
8.499558229503521943e+03 9.825149076383017643e+01
8.499758186174882212e+03 9.930734346042088134e+01
8.499958142846242481e+03 9.882870145196693556e+01
8.500158099517602750e+03 1.018379803910750638e+02
8.500358056188963019e+03 9.682148970167909852e+01
8.500558012860321469e+03 9.793378227801991898e+01
8.500757969531681738e+03 9.641831982354347019e+01
8.500957926203042007e+03 9.788964422531702780e+01
8.501157882874402276e+03 9.925319789749839572e+01
8.501357839545762545e+03 9.685841964953132788e+01
8.501557796217120995e+03 9.899249762303884381e+01
8.501757752888484902e+03 9.999632765191789474e+01
8.501957709559843352e+03 9.713430074375089873e+01
8.502157666231203621e+03 1.008277860077049866e+02
8.502357622902563890e+03 9.869499264000376115e+01
8.502557579573924158e+03 9.969931038598001294e+01
8.502757536245284427e+03 9.839103401573984797e+01
8.502957492916642877e+03 9.842111890702010157e+01
8.503157449588003146e+03 1.023958924924435223e+02
8.503357406259365234e+03 9.913309456827235522e+01
8.503557362930723684e+03 1.009873743195423401e+02
8.503757319602083953e+03 1.012454464214095822e+02
8.503957276273442403e+03 9.570043480886411658e+01
8.504157232944804491e+03 9.755621295551296157e+01
8.504357189616164760e+03 9.894282679225192112e+01
8.504557146287523210e+03 9.969994437749716099e+01
8.504757102958885298e+03 9.835292953669508620e+01
8.504957059630245567e+03 1.008411095027723974e+02
8.505157016301605836e+03 9.867728790836964947e+01
8.505356972972966105e+03 9.937748615606972180e+01
8.505556929644324555e+03 9.908501324706081448e+01
8.505756886315684824e+03 9.970339973020855950e+01
8.505956842987045093e+03 9.989489518286318059e+01
8.506156799658405362e+03 9.996381528784493753e+01
8.506356756329765631e+03 1.023258145035443931e+02
8.506556713001124081e+03 1.008045920146256123e+02
8.506756669672486169e+03 1.004344710233682463e+02
8.506956626343844619e+03 9.716318642479981804e+01
8.507156583015204887e+03 1.015949387264907102e+02
8.507356539686565156e+03 9.991342351572185976e+01
8.507556496357925425e+03 1.005099147800815871e+02
8.507756453029285694e+03 9.947379331655800172e+01
8.507956409700645963e+03 9.907574370803610009e+01
8.508156366372006232e+03 9.693852907093997828e+01
8.508356323043368320e+03 9.675339026530865283e+01
8.508556279714726770e+03 1.010760379970812437e+02
8.508756236386087039e+03 9.911137138961549908e+01
8.508956193057445489e+03 9.680813689178047809e+01
8.509156149728807577e+03 1.002573039925888025e+02
8.509356106400167846e+03 9.836781737801597103e+01
8.509556063071526296e+03 9.851279749107811767e+01
8.509756019742886565e+03 1.003380363346883968e+02
8.509955976414245015e+03 9.820212204952429147e+01
8.510155933085607103e+03 1.000544787200552861e+02
8.510355889756967372e+03 9.889400643284440662e+01
8.510555846428325822e+03 9.691020772605072864e+01
8.510755803099686091e+03 9.787160265850423002e+01
8.510955759771048179e+03 1.016163070643344497e+02
8.511155716442408448e+03 1.005371143037602621e+02
8.511355673113768717e+03 9.728268725314269716e+01
8.511555629785127167e+03 9.875245177507503058e+01
8.511755586456489254e+03 9.777911181275626973e+01
8.511955543127847704e+03 9.406433918486538914e+01
8.512155499799207973e+03 9.669131863346311206e+01
8.512355456470568242e+03 9.664225420762645058e+01
8.512555413141928511e+03 9.480923614172259306e+01
8.512755369813288780e+03 9.688859667370157069e+01
8.512955326484647230e+03 9.855587967380839132e+01
8.513155283156007499e+03 9.804829234664386206e+01
8.513355239827369587e+03 1.011520138658680708e+02
8.513555196498728037e+03 9.806374078104124692e+01
8.513755153170088306e+03 9.964460904463359725e+01
8.513955109841448575e+03 9.966190832687118473e+01
8.514155066512810663e+03 9.767881212426001980e+01
8.514355023184170932e+03 1.009342836788257358e+02
8.514554979855529382e+03 9.888512995590366472e+01
8.514754936526889651e+03 9.808000548032846666e+01
8.514954893198248101e+03 1.023280342072786624e+02
8.515154849869610189e+03 1.014492229070725813e+02
8.515354806540970458e+03 1.010050547644041927e+02
8.515554763212328908e+03 1.009527101259251509e+02
8.515754719883689177e+03 9.996097926302446979e+01
8.515954676555049446e+03 9.887215560444094820e+01
8.516154633226409715e+03 9.835898893466529103e+01
8.516354589897769984e+03 1.015683784114924038e+02
8.516554546569128433e+03 1.015261037515524976e+02
8.516754503240490521e+03 1.001509338967129850e+02
8.516954459911848971e+03 1.006102860051718864e+02
8.517154416583211059e+03 9.713289981614683199e+01
8.517354373254571328e+03 1.003288402287259231e+02
8.517554329925931597e+03 1.010636002272733407e+02
8.517754286597291866e+03 9.780703160292861753e+01
8.517954243268650316e+03 9.703436466340569666e+01
8.518154199940010585e+03 9.951778004638052266e+01
8.518354156611372673e+03 9.642316179163702827e+01
8.518554113282731123e+03 9.963064274850998459e+01
8.518754069954091392e+03 1.017438402650459324e+02
8.518954026625449842e+03 9.951067443030061099e+01
8.519153983296810111e+03 9.882856178405113212e+01
8.519353939968172199e+03 9.785480812374811421e+01
8.519553896639530649e+03 1.001040752186991227e+02
8.519753853310890918e+03 9.760085121668218733e+01
8.519953809982249368e+03 9.934965011527464185e+01
8.520153766653613275e+03 9.872045570815188853e+01
8.520353723324973544e+03 9.773710540656831824e+01
8.520553679996331994e+03 9.897380431813654411e+01
8.520753636667692263e+03 9.850699279074927972e+01
8.520953593339052532e+03 9.765516129201493811e+01
8.521153550010412800e+03 9.991565551600713491e+01
8.521353506681773069e+03 1.002388571488006619e+02
8.521553463353131519e+03 9.753498252027640092e+01
8.521753420024493607e+03 9.846041175121111166e+01
8.521953376695852057e+03 1.014150283658996869e+02
8.522153333367212326e+03 1.012203643020085906e+02
8.522353290038572595e+03 9.940244984497070391e+01
8.522553246709932864e+03 9.949140643514810733e+01
8.522753203381293133e+03 1.019240796378725804e+02
8.522953160052651583e+03 9.828043256109279469e+01
8.523153116724011852e+03 9.857105095166755859e+01
8.523353073395375759e+03 9.713354961715913305e+01
8.523553030066734209e+03 1.008043962189057225e+02
8.523752986738094478e+03 1.004629855374455190e+02
8.523952943409452928e+03 1.007281688698472806e+02
8.524152900080813197e+03 9.965862781496852563e+01
8.524352856752175285e+03 9.866675179348932545e+01
8.524552813423533735e+03 9.812828956764430188e+01
8.524752770094894004e+03 9.804550352673508939e+01
8.524952726766252454e+03 9.869998658148601578e+01
8.525152683437614542e+03 9.951343745409104713e+01
8.525352640108974811e+03 9.751853978695632463e+01
8.525552596780333261e+03 9.754072461951143680e+01
8.525752553451693529e+03 9.854865112422341156e+01
8.525952510123053798e+03 9.754842879868691341e+01
8.526152466794414067e+03 1.004843089197622419e+02
8.526352423465776155e+03 9.922791350982336667e+01
8.526552380137134605e+03 9.675006858996050596e+01
8.526752336808496693e+03 9.806993285867767440e+01
8.526952293479855143e+03 9.788120880594034645e+01
8.527152250151215412e+03 9.959182690177269137e+01
8.527352206822575681e+03 9.664291307966634292e+01
8.527552163493935950e+03 9.892819864332072655e+01
8.527752120165296219e+03 1.000197807680102926e+02
8.527952076836654669e+03 9.928584538721527508e+01
8.528152033508014938e+03 9.816002478142149812e+01
8.528351990179375207e+03 9.963149314959198932e+01
8.528551946850735476e+03 9.921863392048622643e+01
8.528751903522095745e+03 1.008508639030511489e+02
8.528951860193454195e+03 9.963434743723000508e+01
8.529151816864814464e+03 9.991171323648421776e+01
8.529351773536176552e+03 9.912896835074353419e+01
8.529551730207536821e+03 9.894191773531314027e+01
8.529751686878897090e+03 9.899952675692431114e+01
8.529951643550255540e+03 9.929241112019028037e+01
8.530151600221617628e+03 9.743641686007832448e+01
8.530351556892977896e+03 9.819795252569728916e+01
8.530551513564336346e+03 9.723346524221479115e+01
8.530751470235696615e+03 9.717194832688015538e+01
8.530951426907056884e+03 9.877613057379112149e+01
8.531151383578417153e+03 9.680685446434054597e+01
8.531351340249777422e+03 9.898017350378165702e+01
8.531551296921135872e+03 9.747289633817528909e+01
8.531751253592497960e+03 1.005149702218506604e+02
8.531951210263856410e+03 9.852064273005116490e+01
8.532151166935216679e+03 9.899048675887317472e+01
8.532351123606576948e+03 1.023097421411754766e+02
8.532551080277939036e+03 1.001557704727816116e+02
8.532751036949299305e+03 1.019866485147142043e+02
8.532950993620657755e+03 9.884195908343536985e+01
8.533150950292018024e+03 9.825132917590912029e+01
8.533350906963378293e+03 9.903358879511205259e+01
8.533550863634738562e+03 9.831363013253225347e+01
8.533750820306098831e+03 9.715388680665053300e+01
8.533950776977457281e+03 9.939248697192778081e+01
8.534150733648817550e+03 9.805719209339324038e+01
8.534350690320179638e+03 9.504116991311452978e+01
8.534550646991538088e+03 9.615606518820877113e+01
8.534750603662898357e+03 9.761189067029802402e+01
8.534950560334256807e+03 9.592443265208341074e+01
8.535150517005618894e+03 9.668191929599201728e+01
8.535350473676979163e+03 9.745075995342067188e+01
8.535550430348339432e+03 9.616444209639121254e+01
8.535750387019699701e+03 1.006797373873093306e+02
8.535950343691059970e+03 9.538449253428608188e+01
8.536150300362420239e+03 9.620405782335767242e+01
8.536350257033780508e+03 9.568243687226372174e+01
8.536550213705138958e+03 9.551815884643472998e+01
8.536750170376501046e+03 9.666238456330896156e+01
8.536950127047859496e+03 9.404716273215576905e+01
8.537150083719219765e+03 9.321301445600390423e+01
8.537350040390580034e+03 9.077721021659726830e+01
8.537549997061938484e+03 9.086698825757792974e+01
8.537749953733300572e+03 9.110401042915694347e+01
8.537949910404659022e+03 8.836125533962756151e+01
8.538149867076019291e+03 8.742228425505295775e+01
8.538349823747379560e+03 8.415352051009698187e+01
8.538549780418739829e+03 7.922065286534687800e+01
8.538749737090101917e+03 7.570841246809240488e+01
8.538949693761460367e+03 7.449735559976255672e+01
8.539149650432820636e+03 7.124913620994270502e+01
8.539349607104182724e+03 6.439990876997048019e+01
8.539549563775541174e+03 6.142503806797703447e+01
8.539749520446901442e+03 5.404938124126633880e+01
8.539949477118259892e+03 4.657918747266679560e+01
8.540149433789621980e+03 4.288997804078535836e+01
8.540349390460982249e+03 4.316410697168278432e+01
8.540549347132340699e+03 4.802906496231789646e+01
8.540749303803700968e+03 5.116200094793466491e+01
8.540949260475061237e+03 5.961956232589976423e+01
8.541149217146421506e+03 6.588940429852706870e+01
8.541349173817781775e+03 6.938524788197969428e+01
8.541549130489140225e+03 7.553040404993205925e+01
8.541749087160502313e+03 7.855282302248954807e+01
8.541949043831862582e+03 8.256580733103048431e+01
8.542149000503222851e+03 8.457091900637205129e+01
8.542348957174583120e+03 8.335402268585957586e+01
8.542548913845941570e+03 8.838191856606678698e+01
8.542748870517303658e+03 9.154731071561973010e+01
8.542948827188662108e+03 8.982648744059176238e+01
8.543148783860022377e+03 9.184657399145646650e+01
8.543348740531382646e+03 9.232060265666289922e+01
8.543548697202742915e+03 9.178776957304349082e+01
8.543748653874103184e+03 9.243757164445408137e+01
8.543948610545461634e+03 9.369356223272518491e+01
8.544148567216821903e+03 9.581082004147201303e+01
8.544348523888183990e+03 9.314739844907849431e+01
8.544548480559542440e+03 9.591420239865300346e+01
8.544748437230902709e+03 9.572286875096961012e+01
8.544948393902262978e+03 9.941418217859617812e+01
8.545148350573625066e+03 9.610112462471526840e+01
8.545348307244985335e+03 9.851851178681161514e+01
8.545548263916343785e+03 9.922646893875997876e+01
8.545748220587704054e+03 9.664947236452970003e+01
8.545948177259064323e+03 9.870817660947633954e+01
8.546148133930424592e+03 9.669698394183046730e+01
8.546348090601784861e+03 9.923480480529401859e+01
8.546548047273143311e+03 9.872740510924009527e+01
8.546748003944503580e+03 1.000310564660343431e+02
8.546947960615863849e+03 9.729926453426296007e+01
8.547147917287224118e+03 9.902916962065123130e+01
8.547347873958584387e+03 9.759786045180894121e+01
8.547547830629942837e+03 1.002064814699707540e+02
8.547747787301304925e+03 9.801650177817060694e+01
8.547947743972665194e+03 9.843548660582401055e+01
8.548147700644025463e+03 9.929412391275117500e+01
8.548347657315385732e+03 1.009748598808889994e+02
8.548547613986746001e+03 9.759891866021759199e+01
8.548747570658106270e+03 1.025941900529299318e+02
8.548947527329464720e+03 9.847425075406485462e+01
8.549147484000824988e+03 9.796677788530283237e+01
8.549347440672187076e+03 9.874992939339814768e+01
8.549547397343545526e+03 9.841644438023122632e+01
8.549747354014905795e+03 9.756872542629665190e+01
8.549947310686264245e+03 9.799636367636090029e+01
8.550147267357626333e+03 9.665015809701152705e+01
8.550347224028986602e+03 9.959184024733278306e+01
8.550547180700345052e+03 9.969410326992120019e+01
8.550747137371705321e+03 9.937954931450936158e+01
8.550947094043065590e+03 1.003597428374730924e+02
8.551147050714427678e+03 1.005985696304169608e+02
8.551347007385787947e+03 1.003456669060718696e+02
8.551546964057146397e+03 9.862800569954109164e+01
8.551746920728506666e+03 9.992628005234001876e+01
8.551946877399866935e+03 9.609537749058065970e+01
8.552146834071227204e+03 9.959603827077778249e+01
8.552346790742587473e+03 9.692332654038365547e+01
8.552546747413945923e+03 9.837092684064434422e+01
8.552746704085308011e+03 9.966750277637699185e+01
8.552946660756666461e+03 1.017764154987244893e+02
8.553146617428026730e+03 9.773929659455362184e+01
8.553346574099386999e+03 1.001338736742922180e+02
8.553546530770747268e+03 9.913340753810557260e+01
8.553746487442107536e+03 9.774226462441910712e+01
8.553946444113465986e+03 9.852584434607641128e+01
8.554146400784828074e+03 9.805574543911376395e+01
8.554346357456190162e+03 9.990521416283658596e+01
8.554546314127548612e+03 9.900979069421774170e+01
8.554746270798908881e+03 9.695013164954340823e+01
8.554946227470267331e+03 9.878977963518883598e+01
8.555146184141629419e+03 9.751431102849433330e+01
8.555346140812989688e+03 9.896935598639598197e+01
8.555546097484348138e+03 9.878790995652045126e+01
8.555746054155708407e+03 9.841967212317544522e+01
8.555946010827066857e+03 9.784229379648625979e+01
8.556145967498428945e+03 9.602635052461214116e+01
8.556345924169789214e+03 1.019138326466899542e+02
8.556545880841147664e+03 9.874224117935685285e+01
8.556745837512507933e+03 1.006109518461748706e+02
8.556945794183868202e+03 1.014043780022746120e+02
8.557145750855230290e+03 1.026089934400250883e+02
8.557345707526590559e+03 9.968432647674787006e+01
8.557545664197949009e+03 1.007207367462544028e+02
8.557745620869311097e+03 1.008555408930785404e+02
8.557945577540669547e+03 1.006683371677843581e+02
8.558145534212029816e+03 1.030527065093050538e+02
8.558345490883390084e+03 9.972825327366854253e+01
8.558545447554750353e+03 1.003814028627948005e+02
8.558745404226110622e+03 9.873288992328048153e+01
8.558945360897469072e+03 1.012847861797988003e+02
8.559145317568829341e+03 9.741296373610165915e+01
8.559345274240191429e+03 1.012761886036398806e+02
8.559545230911549879e+03 1.007239768265378501e+02
8.559745187582910148e+03 9.864820369626197305e+01
8.559945144254268598e+03 1.005286023913207600e+02
8.560145100925628867e+03 9.865833494051761932e+01
8.560345057596992774e+03 1.015233598348172848e+02
8.560545014268351224e+03 9.821635120993316548e+01
8.560744970939711493e+03 1.001389949584891781e+02
8.560944927611069943e+03 1.000921775300331120e+02
8.561144884282432031e+03 9.887067418610381253e+01
8.561344840953792300e+03 1.010200593340510977e+02
8.561544797625150750e+03 1.006627168850936158e+02
8.561744754296511019e+03 1.002536370645494372e+02
8.561944710967871288e+03 9.809463418182276939e+01
8.562144667639231557e+03 9.930723403405352201e+01
8.562344624310591826e+03 1.017173303991870483e+02
8.562544580981950276e+03 9.857533654904281661e+01
8.562744537653312364e+03 9.928598335534006480e+01
8.562944494324670814e+03 1.008322850112945304e+02
8.563144450996031082e+03 1.004586557161697442e+02
8.563344407667393170e+03 1.014076267121267563e+02
8.563544364338753439e+03 1.009262521656634277e+02
8.563744321010113708e+03 1.007238720576451243e+02
8.563944277681472158e+03 9.677141419079993057e+01
8.564144234352832427e+03 9.880707516400610757e+01
8.564344191024194515e+03 1.001830645400668232e+02
8.564544147695552965e+03 9.810139019557773565e+01
8.564744104366913234e+03 9.882485297203693619e+01
8.564944061038271684e+03 9.806129521326255372e+01
8.565144017709631953e+03 1.007386944532014326e+02
8.565343974380994041e+03 1.002994254853386877e+02
8.565543931052352491e+03 1.015791435540188274e+02
8.565743887723712760e+03 1.009895694008509111e+02
8.565943844395071210e+03 9.889487797406702896e+01
8.566143801066433298e+03 1.015334273055220677e+02
8.566343757737793567e+03 1.022184772513635949e+02
8.566543714409153836e+03 9.981816847509367108e+01
8.566743671080514105e+03 1.020824711332024037e+02
8.566943627751874374e+03 9.872615425983697435e+01
8.567143584423234643e+03 1.000677064345865546e+02
8.567343541094594912e+03 9.826087087226213157e+01
8.567543497765953362e+03 1.002208280099712709e+02
8.567743454437315449e+03 9.746873165021476382e+01
8.567943411108673899e+03 9.810260546855909070e+01
8.568143367780034168e+03 1.018216078402298592e+02
8.568343324451394437e+03 9.836490772694395446e+01
8.568543281122754706e+03 1.000185052823123897e+02
8.568743237794114975e+03 1.014071700557021529e+02
8.568943194465473425e+03 1.003016271375341546e+02
8.569143151136833694e+03 1.003088276439562918e+02
8.569343107808193963e+03 9.852278491299460939e+01
8.569543064479556051e+03 1.000280086165500251e+02
8.569743021150916320e+03 9.687118670411808807e+01
8.569942977822274770e+03 1.008392042783760729e+02
8.570142934493635039e+03 1.002726898809025897e+02
8.570342891164997127e+03 1.001478342460060134e+02
8.570542847836355577e+03 9.880357494048604394e+01
8.570742804507715846e+03 9.852468096728668456e+01
8.570942761179074296e+03 9.959968333805683471e+01
8.571142717850436384e+03 1.024162247828549823e+02
8.571342674521796653e+03 9.721920670850488477e+01
8.571542631193155103e+03 1.017799657448086634e+02
8.571742587864515372e+03 1.018634641098592084e+02
8.571942544535875641e+03 9.970755340946654144e+01
8.572142501207235910e+03 1.010421404593703016e+02
8.572342457878596178e+03 1.028644088276124080e+02
8.572542414549956447e+03 9.837497771799550605e+01
8.572742371221318535e+03 1.005689276783017334e+02
8.572942327892676985e+03 9.940910300503009012e+01
8.573142284564037254e+03 1.000411867830963644e+02
8.573342241235397523e+03 1.033424069911722114e+02
8.573542197906757792e+03 9.826418871614384898e+01
8.573742154578118061e+03 1.009799025566403685e+02
8.573942111249476511e+03 1.006023261847016101e+02
8.574142067920836780e+03 1.005851015974949121e+02
8.574342024592197049e+03 9.929403138380452276e+01
8.574541981263557318e+03 9.773286467558689594e+01
8.574741937934917587e+03 9.851276130443457646e+01
8.574941894606276037e+03 9.837260191586797475e+01
8.575141851277636306e+03 1.009061497137658137e+02
8.575341807948998394e+03 9.795339999020897892e+01
8.575541764620356844e+03 1.031243290578736946e+02
8.575741721291718932e+03 1.010342007392970487e+02
8.575941677963077382e+03 1.004103659543456502e+02
8.576141634634439470e+03 1.019935849854594068e+02
8.576341591305799739e+03 9.863762014251463484e+01
8.576541547977158189e+03 9.688494456750680683e+01
8.576741504648518458e+03 1.001597123319083664e+02
8.576941461319878726e+03 1.006185471958735604e+02
8.577141417991238995e+03 1.001365410133863918e+02
8.577341374662599264e+03 1.008908286865013935e+02
8.577541331333957714e+03 9.876422724251935392e+01
8.577741288005319802e+03 1.022908277573598212e+02
8.577941244676678252e+03 9.859029305763051809e+01
8.578141201348038521e+03 9.830328588336278983e+01
8.578341158019398790e+03 9.893750717733236399e+01
8.578541114690757240e+03 9.756002070356308309e+01
8.578741071362121147e+03 1.012016746201569788e+02
8.578941028033479597e+03 1.008385711859311868e+02
8.579140984704839866e+03 1.006082957074175681e+02
8.579340941376200135e+03 9.941897752173079539e+01
8.579540898047560404e+03 9.851668239630507173e+01
8.579740854718920673e+03 9.954178886379581570e+01
8.579940811390279123e+03 9.727661146577037243e+01
8.580140768061639392e+03 9.948377857502592292e+01
8.580340724733001480e+03 9.800137967924794680e+01
8.580540681404359930e+03 9.574949501994211687e+01
8.580740638075720199e+03 9.682024551797984202e+01
8.580940594747078649e+03 9.649776180235379286e+01
8.581140551418440737e+03 1.004331183494166027e+02
8.581340508089801006e+03 9.996809271894420590e+01
8.581540464761159456e+03 1.010683276929612617e+02
8.581740421432519724e+03 1.030155934579341732e+02
8.581940378103881812e+03 9.898265144431130125e+01
8.582140334775242081e+03 1.026085112653999118e+02
8.582340291446602350e+03 9.925722538399115535e+01
8.582540248117960800e+03 9.937603507438119266e+01
8.582740204789322888e+03 1.003804088095817661e+02
8.582940161460681338e+03 9.829623037045864464e+01
8.583140118132041607e+03 1.009505154289558675e+02
8.583340074803401876e+03 1.006446873115349518e+02
8.583540031474760326e+03 1.025080371617609529e+02
8.583739988146122414e+03 9.987327909592579545e+01
8.583939944817480864e+03 9.709219780672570721e+01
8.584139901488841133e+03 9.853854741013890362e+01
8.584339858160201402e+03 1.020140046243505623e+02
8.584539814831561671e+03 1.013094042881787686e+02
8.584739771502921940e+03 1.023800148493108111e+02
8.584939728174282209e+03 9.836720925487450984e+01
8.585139684845642478e+03 1.022391294211193298e+02
8.585339641517004566e+03 1.030191497832417156e+02
8.585539598188363016e+03 9.899189614495878686e+01
8.585739554859723285e+03 9.792011911592007323e+01
8.585939511531081735e+03 1.021201093846991768e+02
8.586139468202443823e+03 9.985891676689341523e+01
8.586339424873804091e+03 9.944708718098276279e+01
8.586539381545162541e+03 9.750828986060588477e+01
8.586739338216522810e+03 9.755988025545865128e+01
8.586939294887883079e+03 9.929421173002042167e+01
8.587139251559243348e+03 1.002133421995709455e+02
8.587339208230603617e+03 9.906329471864660263e+01
8.587539164901962067e+03 9.818675879394767492e+01
8.587739121573322336e+03 9.839545408631704504e+01
8.587939078244682605e+03 1.013102746568151105e+02
8.588139034916044693e+03 1.028672485141655244e+02
8.588338991587404962e+03 1.006841765358392990e+02
8.588538948258763412e+03 1.006098581051559080e+02
8.588738904930125500e+03 1.001797660467491085e+02
8.588938861601483950e+03 1.003393389951919232e+02
8.589138818272844219e+03 9.840939223149484860e+01
8.589338774944204488e+03 9.904090186086301628e+01
8.589538731615564757e+03 9.695317905745739040e+01
8.589738688286925026e+03 9.815706088691679554e+01
8.589938644958283476e+03 9.739573762538164203e+01
8.590138601629643745e+03 9.977208941225518402e+01
8.590338558301005833e+03 1.003043694881635304e+02
8.590538514972364283e+03 9.843815238173124271e+01
8.590738471643724552e+03 1.006404337868585799e+02
8.590938428315083002e+03 1.013957884528731341e+02
8.591138384986446908e+03 1.007418045288807207e+02
8.591338341657807177e+03 1.009848208372378480e+02
8.591538298329165627e+03 1.012560637620453718e+02
8.591738255000525896e+03 1.025197478400957323e+02
8.591938211671884346e+03 9.805752150176174098e+01
8.592138168343246434e+03 9.850996433839783606e+01
8.592338125014606703e+03 1.007522151041799674e+02
8.592538081685965153e+03 9.899533433469404997e+01
8.592738038357325422e+03 1.024610560223478188e+02
8.592937995028685691e+03 1.005543835114265931e+02
8.593137951700045960e+03 1.011553752644034461e+02
8.593337908371406229e+03 1.003088750569783940e+02
8.593537865042764679e+03 1.017545414583438657e+02
8.593737821714126767e+03 1.007595593842235218e+02
8.593937778385485217e+03 9.811425743631706098e+01
8.594137735056847305e+03 9.896453982225871471e+01
8.594337691728207574e+03 9.937209852890742923e+01
8.594537648399567843e+03 9.870889761382295546e+01
8.594737605070928112e+03 9.923719540961272401e+01
8.594937561742286562e+03 9.975907581216696940e+01
8.595137518413646831e+03 1.001883776938384472e+02
8.595337475085008919e+03 1.009486985995375363e+02
8.595537431756367369e+03 1.009046693061303301e+02
8.595737388427727637e+03 1.002648342204842038e+02
8.595937345099086087e+03 9.655081990672390191e+01
8.596137301770448175e+03 9.993846107209674301e+01
8.596337258441808444e+03 9.799413526091508686e+01
8.596537215113166894e+03 9.690356841025734980e+01
8.596737171784527163e+03 9.662015590051858283e+01
8.596937128455885613e+03 9.532646030455705954e+01
8.597137085127247701e+03 9.913742623573904211e+01
8.597337041798609789e+03 9.754138243097848715e+01
8.597536998469968239e+03 9.938193639934154078e+01
8.597736955141328508e+03 1.005126272202196844e+02
8.597936911812688777e+03 9.952083148755983188e+01
8.598136868484049046e+03 9.853185414330978631e+01
8.598336825155409315e+03 9.955216692194915140e+01
8.598536781826767765e+03 1.011422270320614700e+02
8.598736738498129853e+03 1.020847394278262072e+02
8.598936695169488303e+03 1.005784587430645018e+02
8.599136651840848572e+03 1.016125957450328343e+02
8.599336608512208841e+03 1.014206953159115727e+02
8.599536565183569110e+03 9.890348346998106877e+01
8.599736521854929379e+03 1.016196542463345196e+02
8.599936478526287829e+03 9.967694350026155803e+01
8.600136435197648098e+03 1.008840236322970014e+02
8.600336391869012004e+03 9.987137415112484007e+01
8.600536348540370454e+03 9.798560051104452384e+01
8.600736305211730723e+03 9.842506122459150220e+01
8.600936261883089173e+03 1.028353430916411781e+02
8.601136218554449442e+03 1.008799924375011017e+02
8.601336175225811530e+03 9.887586831074602856e+01
8.601536131897169980e+03 1.017908914303234269e+02
8.601736088568530249e+03 9.977719926702967257e+01
8.601936045239888699e+03 9.978760391723639600e+01
8.602136001911250787e+03 9.809527639440459268e+01
8.602335958582611056e+03 9.852673598633317908e+01
8.602535915253969506e+03 9.954417213810653209e+01
8.602735871925329775e+03 1.004219307131808705e+02
8.602935828596690044e+03 9.955783668550199650e+01
8.603135785268050313e+03 9.935901092135189572e+01
8.603335741939410582e+03 1.009505304362026408e+02
8.603535698610770851e+03 1.004533323155264384e+02
8.603735655282132939e+03 9.935092019334251745e+01
8.603935611953491389e+03 9.968603139863195395e+01
8.604135568624851658e+03 9.826469852922890880e+01
8.604335525296211927e+03 1.002857705208754879e+02
8.604535481967572196e+03 9.944126323910948884e+01
8.604735438638932465e+03 1.014519682220718408e+02
8.604935395310290914e+03 9.922984125890911855e+01
8.605135351981651183e+03 1.028254594590550539e+02
8.605335308653013271e+03 1.024903558809011344e+02
8.605535265324371721e+03 9.822220684268189927e+01
8.605735221995731990e+03 1.000061339673653436e+02
8.605935178667090440e+03 9.700695212521596034e+01
8.606135135338450709e+03 1.028099591466519342e+02
8.606335092009812797e+03 1.003124117911542044e+02
8.606535048681173066e+03 9.768241071404729325e+01
8.606735005352533335e+03 9.847371752770376929e+01
8.606934962023891785e+03 1.023028461876645991e+02
8.607134918695253873e+03 1.007791909183644208e+02
8.607334875366614142e+03 1.003828568892979547e+02
8.607534832037972592e+03 1.002536952974959092e+02
8.607734788709332861e+03 9.896950630296804263e+01
8.607934745380693130e+03 1.029180219688832665e+02
8.608134702052053399e+03 1.012547522205335326e+02
8.608334658723413668e+03 9.803492963814618122e+01
8.608534615394772118e+03 1.006952959285834055e+02
8.608734572066134206e+03 1.016588470748439761e+02
8.608934528737492656e+03 1.012321978903551525e+02
8.609134485408852925e+03 9.913813211709587847e+01
8.609334442080213194e+03 9.893266371479708710e+01
8.609534398751575281e+03 9.602033491413041588e+01
8.609734355422935550e+03 9.450492275779149054e+01
8.609934312094294000e+03 9.287731524976895514e+01
8.610134268765654269e+03 9.909229859179828281e+01
8.610334225437014538e+03 9.712024052773972471e+01
8.610534182108374807e+03 9.972149361168570181e+01
8.610734138779735076e+03 1.006865029404984995e+02
8.610934095451093526e+03 9.931009322805333284e+01
8.611134052122453795e+03 9.921176099930160319e+01
8.611334008793815883e+03 1.025176991827088671e+02
8.611533965465174333e+03 9.823074407324216395e+01
8.611733922136534602e+03 1.025937530218651972e+02
8.611933878807893052e+03 1.014267425442817370e+02
8.612133835479255140e+03 1.011310099255775441e+02
8.612333792150615409e+03 9.761251577416018677e+01
8.612533748821973859e+03 9.785555978030673430e+01
8.612733705493335947e+03 9.762217914449553291e+01
8.612933662164696216e+03 9.969012927215987929e+01
8.613133618836056485e+03 9.853787265456615785e+01
8.613333575507416754e+03 9.923859446781702331e+01
8.613533532178775204e+03 1.024257962573856133e+02
8.613733488850137292e+03 9.956646617280924261e+01
8.613933445521495742e+03 9.925147361876700813e+01
8.614133402192856011e+03 9.983186049825636132e+01
8.614333358864216279e+03 9.953151750223693739e+01
8.614533315535576548e+03 9.586985671542299769e+01
8.614733272206936817e+03 9.939268462286389649e+01
8.614933228878295267e+03 1.009660972570994346e+02
8.615133185549655536e+03 1.028213584319631764e+02
8.615333142221015805e+03 1.003721383821373792e+02
8.615533098892376074e+03 1.021397744907340837e+02
8.615733055563738162e+03 1.013969331154196141e+02
8.615933012235096612e+03 9.731320563393649081e+01
8.616132968906456881e+03 9.952054373807568766e+01
8.616332925577818969e+03 1.013193767884381487e+02
8.616532882249177419e+03 9.998173005562998128e+01
8.616732838920537688e+03 9.888219794284781017e+01
8.616932795591896138e+03 9.770306564458145715e+01
8.617132752263258226e+03 9.913415006257353923e+01
8.617332708934618495e+03 1.002097676937823394e+02
8.617532665605976945e+03 1.009324548754738231e+02
8.617732622277337214e+03 1.016372066132939693e+02
8.617932578948697483e+03 1.002792817190810410e+02
8.618132535620057752e+03 9.959677038108513614e+01
8.618332492291418021e+03 1.027829638312532268e+02
8.618532448962776471e+03 1.015084646165772000e+02
8.618732405634138559e+03 9.914434974383254939e+01
8.618932362305498827e+03 9.734593327164766663e+01
8.619132318976859096e+03 1.012168992414363657e+02
8.619332275648219365e+03 9.480990332631203898e+01
8.619532232319577815e+03 9.948488830866988053e+01
8.619732188990939903e+03 9.971286609782826815e+01
8.619932145662298353e+03 9.654000282651867337e+01
8.620132102333658622e+03 9.861762579022339992e+01
8.620332059005018891e+03 1.013234677278413329e+02
8.620532015676379160e+03 1.027397195227570279e+02
8.620731972347739429e+03 1.004702993521971308e+02
8.620931929019097879e+03 9.957845196883953065e+01
8.621131885690458148e+03 1.018551308861124198e+02
8.621331842361820236e+03 1.026996284296881612e+02
8.621531799033178686e+03 1.012995169222595422e+02
8.621731755704538955e+03 1.009584560528596882e+02
8.621931712375899224e+03 1.005730355597138299e+02
8.622131669047261312e+03 9.923671357708026619e+01
8.622331625718621581e+03 9.721667705999570330e+01
8.622531582389980031e+03 1.009898969855640729e+02
8.622731539061340300e+03 1.008370222409337629e+02
8.622931495732700569e+03 1.001019088806178559e+02
8.623131452404060838e+03 1.022281553193888755e+02
8.623331409075421107e+03 1.018539132694169922e+02
8.623531365746779557e+03 9.727793628026059025e+01
8.623731322418141644e+03 9.940951562962173682e+01
8.623931279089500094e+03 1.010243541832643359e+02
8.624131235760860363e+03 9.843701022264204425e+01
8.624331192432220632e+03 9.919029138952977576e+01
8.624531149103579082e+03 1.008450572322920493e+02
8.624731105774941170e+03 1.011851191750063208e+02
8.624931062446299620e+03 9.774775403883884906e+01
8.625131019117661708e+03 9.898919370670375883e+01
8.625330975789021977e+03 9.928514459256390978e+01
8.625530932460382246e+03 1.006432525608514510e+02
8.625730889131742515e+03 1.018815282766391874e+02
8.625930845803100965e+03 9.967870211273854864e+01
8.626130802474461234e+03 9.860867646677952791e+01
8.626330759145823322e+03 1.013165142094106983e+02
8.626530715817181772e+03 1.009019251037611582e+02
8.626730672488542041e+03 1.001402920427153589e+02
8.626930629159900491e+03 9.904492570710021937e+01
8.627130585831262579e+03 1.024108591708496050e+02
8.627330542502622848e+03 9.997190979306243719e+01
8.627530499173981298e+03 9.944144754568554845e+01
8.627730455845341567e+03 9.930036794979949377e+01
8.627930412516701836e+03 1.010889208880112022e+02
8.628130369188063924e+03 9.828439290500853076e+01
8.628330325859424192e+03 9.768484171113117043e+01
8.628530282530782642e+03 9.872914062885965336e+01
8.628730239202142911e+03 9.992302704292664828e+01
8.628930195873503180e+03 1.020504248838974206e+02
8.629130152544863449e+03 1.008890801784290545e+02
8.629330109216223718e+03 9.926804952009817384e+01
8.629530065887582168e+03 1.012434522855997159e+02
8.629730022558944256e+03 9.832665085791573745e+01
8.629929979230302706e+03 1.008741306714216392e+02
8.630129935901662975e+03 9.890492695414116042e+01
8.630329892573023244e+03 9.963073959801228341e+01
8.630529849244383513e+03 9.966759841455902347e+01
8.630729805915743782e+03 9.934943918814080632e+01
8.630929762587102232e+03 9.746354233127271982e+01
8.631129719258464320e+03 9.877464742135961728e+01
8.631329675929826408e+03 1.001830673138413061e+02
8.631529632601184858e+03 1.020775330468638202e+02
8.631729589272545127e+03 9.951179758077279303e+01
8.631929545943903577e+03 9.926730852289287554e+01
8.632129502615265665e+03 9.941629461877168694e+01
8.632329459286625934e+03 1.014483680334955693e+02
8.632529415957984384e+03 1.008842417309503361e+02
8.632729372629344653e+03 1.002889542391040436e+02
8.632929329300704921e+03 1.008772560166556360e+02
8.633129285972065190e+03 1.006165546265859092e+02
8.633329242643425459e+03 9.954719899099508496e+01
8.633529199314783909e+03 1.019789503021787596e+02
8.633729155986144178e+03 1.005944967417846811e+02
8.633929112657504447e+03 9.762548017717470827e+01
8.634129069328864716e+03 9.863867309826022733e+01
8.634329026000226804e+03 9.907275475315375957e+01
8.634528982671585254e+03 9.862986451909684149e+01
8.634728939342947342e+03 9.758131870067299474e+01
8.634928896014305792e+03 1.027179033004041173e+02
8.635128852685666061e+03 9.949810044291854183e+01
8.635328809357026330e+03 1.012009815802721988e+02
8.635528766028386599e+03 9.907504161339009841e+01
8.635728722699746868e+03 1.018570291773781804e+02
8.635928679371105318e+03 9.753528910981280831e+01
8.636128636042465587e+03 1.010405492605200521e+02
8.636328592713827675e+03 9.843377985646571915e+01
8.636528549385186125e+03 9.941553113936701891e+01
8.636728506056546394e+03 1.016873009375235739e+02
8.636928462727904844e+03 1.011816169608028417e+02
8.637128419399266932e+03 9.968056054139756839e+01
8.637328376070629020e+03 9.939349924212638143e+01
8.637528332741987469e+03 9.972859342463289067e+01
8.637728289413347738e+03 9.909874518189667469e+01
8.637928246084706188e+03 9.865618182792479729e+01
8.638128202756068276e+03 9.776089672744986103e+01
8.638328159427428545e+03 9.895434735298057660e+01
8.638528116098786995e+03 9.767491676737282091e+01
8.638728072770147264e+03 9.817411607157251296e+01
8.638928029441507533e+03 9.852936628592503610e+01
8.639127986112867802e+03 1.030147473746397537e+02
8.639327942784228071e+03 9.849402399155812304e+01
8.639527899455586521e+03 9.819586919868000052e+01
8.639727856126948609e+03 1.002723962565295466e+02
8.639927812798307059e+03 1.004205824112878389e+02
8.640127769469667328e+03 9.993223000564948677e+01
8.640327726141027597e+03 9.921749805547985090e+01
8.640527682812389685e+03 1.006079237195010165e+02
8.640727639483749954e+03 9.959593646044903892e+01
8.640927596155108404e+03 9.905915297336395042e+01
8.641127552826468673e+03 1.021325206531899425e+02
8.641327509497830761e+03 1.014939488500582740e+02
8.641527466169189211e+03 1.008311049119334371e+02
8.641727422840549480e+03 1.013271337888908761e+02
8.641927379511907930e+03 9.963366664658731509e+01
8.642127336183268199e+03 9.877849097320245164e+01
8.642327292854630286e+03 9.935575455454919336e+01
8.642527249525988736e+03 1.015061623131134638e+02
8.642727206197349005e+03 9.739351487723514822e+01
8.642927162868707455e+03 9.944602289136339834e+01
8.643127119540069543e+03 9.882069409059617726e+01
8.643327076211429812e+03 9.676406064176079269e+01
8.643527032882790081e+03 9.958687095237814901e+01
8.643726989554150350e+03 9.758441236548922859e+01
8.643926946225510619e+03 9.914531860853583112e+01
8.644126902896870888e+03 1.002226050095703158e+02
8.644326859568231157e+03 1.022126049516914605e+02
8.644526816239589607e+03 1.009505851523078377e+02
8.644726772910951695e+03 9.976203397927271510e+01
8.644926729582310145e+03 9.973385864684368585e+01
8.645126686253670414e+03 9.883962426356825404e+01
8.645326642925030683e+03 9.879566623442171647e+01
8.645526599596390952e+03 1.012737291759625435e+02
8.645726556267751221e+03 9.748631610084079568e+01
8.645926512939109671e+03 9.859680847955894478e+01
8.646126469610469940e+03 9.917225923834200785e+01
8.646326426281832028e+03 9.817379297774324698e+01
8.646526382953192297e+03 9.974762434857389337e+01
8.646726339624552566e+03 9.946299254690920577e+01
8.646926296295911015e+03 9.884085115198580240e+01
8.647126252967271284e+03 9.883915954723430275e+01
8.647326209638633372e+03 9.774838912668950286e+01
8.647526166309991822e+03 1.002976045999112813e+02
8.647726122981352091e+03 1.002457094742087094e+02
8.647926079652710541e+03 1.020000730078354394e+02
8.648126036324072629e+03 9.967630742132296007e+01
8.648325992995432898e+03 9.673797780188714057e+01
8.648525949666791348e+03 1.027526057176456646e+02
8.648725906338151617e+03 9.702900992284256176e+01
8.648925863009511886e+03 1.007899594751150687e+02
8.649125819680872155e+03 9.947154322645664593e+01
8.649325776352232424e+03 1.008502129381976715e+02
8.649525733023590874e+03 9.990941491295529886e+01
8.649725689694954781e+03 9.982080951735568419e+01
8.649925646366313231e+03 9.944390308092549446e+01
8.650125603037673500e+03 9.648351315666792516e+01
8.650325559709033769e+03 9.924395671438010424e+01
8.650525516380394038e+03 9.747887233447021060e+01
8.650725473051754307e+03 1.006101465157093173e+02
8.650925429723112757e+03 1.006707567341685206e+02
8.651125386394473026e+03 9.926543305607476952e+01
8.651325343065833295e+03 9.831400019789091971e+01
8.651525299737193563e+03 9.840168885438104951e+01
8.651725256408553832e+03 1.007703759431853712e+02
8.651925213079912282e+03 9.709617575939893186e+01
8.652125169751272551e+03 9.972324871004774138e+01
8.652325126422634639e+03 9.686591341357227236e+01
8.652525083093993089e+03 1.017578415016921127e+02
8.652725039765355177e+03 1.018595701478137840e+02
8.652924996436713627e+03 1.010514965396660756e+02
8.653124953108075715e+03 9.858183585670856530e+01
8.653324909779435984e+03 9.704011511697079584e+01
8.653524866450794434e+03 9.584203481473096531e+01
8.653724823122154703e+03 9.787546661766734246e+01
8.653924779793514972e+03 1.002306094824286049e+02
8.654124736464875241e+03 9.961450829516792282e+01
8.654324693136235510e+03 9.823297082082791576e+01
8.654524649807593960e+03 1.010657400603520131e+02
8.654724606478956048e+03 9.752034320623074848e+01
8.654924563150314498e+03 9.845736940229997458e+01
8.655124519821674767e+03 9.661276871212909612e+01
8.655324476493035036e+03 9.690329213489013682e+01
8.655524433164395305e+03 9.752620117322749138e+01
8.655724389835755574e+03 9.673758208559941352e+01
8.655924346507115843e+03 9.828034501916141608e+01
8.656124303178476111e+03 9.921511256275694279e+01
8.656324259849836380e+03 9.848743084299725581e+01
8.656524216521196649e+03 9.721444160375027366e+01
8.656724173192556918e+03 9.820085739982576456e+01
8.656924129863915368e+03 9.670853130474326065e+01
8.657124086535275637e+03 9.562095635262166127e+01
8.657324043206637725e+03 9.393123418468051966e+01
8.657523999877996175e+03 9.391165401708970251e+01
8.657723956549356444e+03 9.306472178561163844e+01
8.657923913220714894e+03 9.261249464295602252e+01
8.658123869892076982e+03 9.190535955566717519e+01
8.658323826563437251e+03 8.929704543349527057e+01
8.658523783234795701e+03 8.737686146601814130e+01
8.658723739906155970e+03 8.639086817400095697e+01
8.658923696577518058e+03 7.966154269439596192e+01
8.659123653248878327e+03 7.367016254614918580e+01
8.659323609920238596e+03 6.960237665640065075e+01
8.659523566591597046e+03 6.366495367646636794e+01
8.659723523262959134e+03 5.765698805916229475e+01
8.659923479934317584e+03 5.253088718078687691e+01
8.660123436605677853e+03 4.509912885191071297e+01
8.660323393277038122e+03 4.701987107324496407e+01
8.660523349948396572e+03 4.941063787479787806e+01
8.660723306619758660e+03 5.538578170978037463e+01
8.660923263291117109e+03 6.128251655171402490e+01
8.661123219962477378e+03 6.897522082756992745e+01
8.661323176633837647e+03 7.182292715767336233e+01
8.661523133305197916e+03 8.099442858747251250e+01
8.661723089976558185e+03 8.257356273975135252e+01
8.661923046647916635e+03 8.769117076688976908e+01
8.662123003319278723e+03 8.882344475787211024e+01
8.662322959990640811e+03 8.971788651762723532e+01
8.662522916661999261e+03 9.215698161092119278e+01
8.662722873333359530e+03 9.032402429162580404e+01
8.662922830004717980e+03 9.129850945671952900e+01
8.663122786676080068e+03 9.315132553577734598e+01
8.663322743347440337e+03 9.392142810929171048e+01
8.663522700018798787e+03 9.292960856844442219e+01
8.663722656690159056e+03 9.418503636374154553e+01
8.663922613361519325e+03 9.716903675641805194e+01
8.664122570032879594e+03 9.399136630101030221e+01
8.664322526704239863e+03 9.724432647904653493e+01
8.664522483375598313e+03 9.845061785232626050e+01
8.664722440046960401e+03 1.001291732958689522e+02
8.664922396718318851e+03 9.873144397620623636e+01
8.665122353389680939e+03 9.889814226809247089e+01
8.665322310061041208e+03 9.886375921613971229e+01
8.665522266732399657e+03 9.742710261222103441e+01
8.665722223403761745e+03 1.013644028059050584e+02
8.665922180075120195e+03 1.002267758014562418e+02
8.666122136746480464e+03 9.913469129880664354e+01
8.666322093417840733e+03 9.823311581003311233e+01
8.666522050089201002e+03 9.719357160620035074e+01
8.666722006760561271e+03 9.993553348793841451e+01
8.666921963431919721e+03 9.749221741819455644e+01
8.667121920103279990e+03 1.007450521244016102e+02
8.667321876774642078e+03 9.774452048854351460e+01
8.667521833446000528e+03 1.000652897774106123e+02
8.667721790117360797e+03 1.000213733369061799e+02
8.667921746788719247e+03 9.917322151117248552e+01
8.668121703460083154e+03 9.834207990391502108e+01
8.668321660131443423e+03 9.843926572345569070e+01
8.668521616802801873e+03 1.014211926375000274e+02
8.668721573474162142e+03 1.008755739243398608e+02
8.668921530145522411e+03 9.867318928496713681e+01
8.669121486816882680e+03 9.825636625372531796e+01
8.669321443488242949e+03 1.008756802408097002e+02
8.669521400159601399e+03 1.020802758709389906e+02
8.669721356830961668e+03 9.694898519219047728e+01
8.669921313502321937e+03 1.002621527870345801e+02
8.670121270173682205e+03 9.881427542668977537e+01
8.670321226845042474e+03 9.516074528633346574e+01
8.670521183516400924e+03 1.007102964577643576e+02
8.670721140187763012e+03 9.855050497777446594e+01
8.670921096859121462e+03 9.855352632594362206e+01
8.671121053530481731e+03 9.895908177818246543e+01
8.671321010201843819e+03 9.942877095259493103e+01
8.671520966873204088e+03 1.008574460285637002e+02
8.671720923544564357e+03 9.807388020010721164e+01
8.671920880215922807e+03 1.014873459265920275e+02
8.672120836887283076e+03 9.798291603065790412e+01
8.672320793558645164e+03 9.960786376205652459e+01
8.672520750230003614e+03 9.787635018701988088e+01
8.672720706901363883e+03 9.696288556989813401e+01
8.672920663572722333e+03 9.677814889297236789e+01
8.673120620244084421e+03 9.561010155039176084e+01
8.673320576915444690e+03 9.594740512713224234e+01
8.673520533586803140e+03 9.944507896537388092e+01
8.673720490258163409e+03 9.676980699895742077e+01
8.673920446929523678e+03 9.677562784934505657e+01
8.674120403600883947e+03 9.893656345924027562e+01
8.674320360272246035e+03 9.991860607220726820e+01
8.674520316943604485e+03 9.965431348113514787e+01
8.674720273614964754e+03 9.721946301507637145e+01
8.674920230286325022e+03 9.944543505596989519e+01
8.675120186957685291e+03 9.977169869314310802e+01
8.675320143629045560e+03 1.025736304261258738e+02
8.675520100300404010e+03 9.842250873169732017e+01
8.675720056971766098e+03 9.963175966420671159e+01
8.675920013643124548e+03 1.014012975267398673e+02
8.676119970314484817e+03 1.025799875214923986e+02
8.676319926985845086e+03 9.900523567694331462e+01
8.676519883657205355e+03 9.878944758762526135e+01
8.676719840328565624e+03 1.009619198425083084e+02
8.676919796999924074e+03 9.955801534508098882e+01
8.677119753671284343e+03 1.010352283329785053e+02
8.677319710342646431e+03 1.014199825624073839e+02
8.677519667014006700e+03 9.801482501737474706e+01
8.677719623685366969e+03 9.648074482653981931e+01
8.677919580356725419e+03 9.968299925366802938e+01
8.678119537028087507e+03 9.930539327295305441e+01
8.678319493699447776e+03 9.897616551958847708e+01
8.678519450370806226e+03 9.674846102506245415e+01
8.678719407042166495e+03 9.857657431015196892e+01
8.678919363713524945e+03 1.009555610370762366e+02
8.679119320384887033e+03 1.010364825190333846e+02
8.679319277056247302e+03 9.959770992380492771e+01
8.679519233727605751e+03 9.894246928207238057e+01
8.679719190398966020e+03 9.979276139904349918e+01
8.679919147070326289e+03 9.845664403256974140e+01
8.680119103741686558e+03 9.919274247675488709e+01
8.680319060413046827e+03 9.966102715531330603e+01
8.680519017084407096e+03 9.795514235901615052e+01
8.680718973755769184e+03 9.868776916589061443e+01
8.680918930427127634e+03 9.834833977815907247e+01
8.681118887098487903e+03 1.026174237970846690e+02
8.681318843769848172e+03 1.016270958081530438e+02
8.681518800441208441e+03 1.001257786160848298e+02
8.681718757112568710e+03 9.808694267802553668e+01
8.681918713783927160e+03 1.007040437939764814e+02
8.682118670455287429e+03 1.001424792854687524e+02
8.682318627126649517e+03 1.009309396786176052e+02
8.682518583798007967e+03 1.013723545409152962e+02
8.682718540469368236e+03 1.019457320117038250e+02
8.682918497140726686e+03 1.019428477493853791e+02
8.683118453812088774e+03 9.980000545241362886e+01
8.683318410483449043e+03 1.015899331503122482e+02
8.683518367154807493e+03 9.601469029345828687e+01
8.683718323826169581e+03 1.009466882746872045e+02
8.683918280497528031e+03 1.004255071675193562e+02
8.684118237168890118e+03 9.805606206916442602e+01
8.684318193840250387e+03 9.690683118121637563e+01
8.684518150511608837e+03 1.011045269514089000e+02
8.684718107182969106e+03 1.006672146484319939e+02
8.684918063854329375e+03 9.988481565038499355e+01
8.685118020525689644e+03 1.025852665482318855e+02
8.685317977197049913e+03 9.839615025405048243e+01
8.685517933868408363e+03 9.930763077277754292e+01
8.685717890539770451e+03 1.001973306285836287e+02
8.685917847211128901e+03 9.514491219602224703e+01
8.686117803882489170e+03 9.817112148497851365e+01
8.686317760553849439e+03 8.973899319216378956e+01
8.686517717225209708e+03 8.997064643614878321e+01
8.686717673896571796e+03 8.261663561713304205e+01
8.686917630567930246e+03 8.692524075509385284e+01
8.687117587239290515e+03 9.148245713644169541e+01
8.687317543910652603e+03 9.656998677223153038e+01
8.687517500582011053e+03 1.000109743493049450e+02
8.687717457253371322e+03 9.666255134054800635e+01
8.687917413924729772e+03 1.001145443050092894e+02
8.688117370596090041e+03 1.000590656221350372e+02
8.688317327267452129e+03 1.015049304334461056e+02
8.688517283938810579e+03 9.920979748832844791e+01
8.688717240610170848e+03 1.022822182039127199e+02
8.688917197281529297e+03 1.013862545478703936e+02
8.689117153952891385e+03 1.018891959889870265e+02
8.689317110624251654e+03 1.015079662516736789e+02
8.689517067295610104e+03 1.011385170354611063e+02
8.689717023966972192e+03 1.002864958095436378e+02
8.689916980638332461e+03 1.007129469937037669e+02
8.690116937309692730e+03 9.972588057052782062e+01
8.690316893981052999e+03 9.917620621059383268e+01
8.690516850652411449e+03 9.912103875119422014e+01
8.690716807323773537e+03 1.015122492337383449e+02
8.690916763995131987e+03 9.993884530949890177e+01
8.691116720666492256e+03 1.004718957592179152e+02
8.691316677337852525e+03 1.011471176525021605e+02
8.691516634009212794e+03 9.926082834587913339e+01
8.691716590680573063e+03 1.015726295257365166e+02
8.691916547351931513e+03 9.941245730118491508e+01
8.692116504023291782e+03 9.843118434950822859e+01
8.692316460694652051e+03 9.843174664252158834e+01
8.692516417366012320e+03 9.893600419903843601e+01
8.692716374037372589e+03 1.024160905684058918e+02
8.692916330708732858e+03 9.874903160247805545e+01
8.693116287380093127e+03 9.870331287215503835e+01
8.693316244051455215e+03 9.904748094140768444e+01
8.693516200722813664e+03 9.897325006168891548e+01
8.693716157394173933e+03 9.934416212277176328e+01
8.693916114065532383e+03 9.857278625729085775e+01
8.694116070736894471e+03 9.816736299157697943e+01
8.694316027408254740e+03 1.002369855345275340e+02
8.694515984079613190e+03 9.986389014616568716e+01
8.694715940750973459e+03 1.009823855835377771e+02
8.694915897422333728e+03 1.007741295523971274e+02
8.695115854093693997e+03 9.969075710669547163e+01
8.695315810765054266e+03 1.000981230422385551e+02
8.695515767436412716e+03 1.017039570589987107e+02
8.695715724107774804e+03 1.012116116530656029e+02
8.695915680779135073e+03 9.909940118215585869e+01
8.696115637450495342e+03 9.893853558323391439e+01
8.696315594121855611e+03 1.020706535371984671e+02
8.696515550793215880e+03 1.025174953557958162e+02
8.696715507464576149e+03 9.786274763148476552e+01
8.696915464135934599e+03 9.795524786406677720e+01
8.697115420807294868e+03 1.015043456811566784e+02
8.697315377478655137e+03 9.710335518222318285e+01
8.697515334150015406e+03 9.803572891953007229e+01
8.697715290821375675e+03 9.779405099766800902e+01
8.697915247492734125e+03 9.950638475726290721e+01
8.698115204164094393e+03 1.017031153615493793e+02
8.698315160835456481e+03 9.877673822432029738e+01
8.698515117506814931e+03 1.011272861321563568e+02
8.698715074178175200e+03 1.032730578609018579e+02
8.698915030849533650e+03 1.011086184150802438e+02
8.699114987520897557e+03 9.981707548294806998e+01
8.699314944192257826e+03 1.023914280596480069e+02
8.699514900863616276e+03 1.013324625450482301e+02
8.699714857534976545e+03 9.938998612500103036e+01
8.699914814206336814e+03 1.006942248399077471e+02
8.700114770877697083e+03 9.890706217662526001e+01
8.700314727549057352e+03 1.013119408834842972e+02
8.700514684220415802e+03 1.004967350011621932e+02
8.700714640891777890e+03 1.000262482848790313e+02
8.700914597563136340e+03 9.914015856875337818e+01
8.701114554234496609e+03 9.932712542326416383e+01
8.701314510905856878e+03 1.035305957048209820e+02
8.701514467577215328e+03 9.940167277844736304e+01
8.701714424248577416e+03 9.881269089370891834e+01
8.701914380919935866e+03 9.796817524949651101e+01
8.702114337591297954e+03 9.863737798848373473e+01
8.702314294262658223e+03 9.850453794539015462e+01
8.702514250934018492e+03 9.967768913740154346e+01
8.702714207605378760e+03 9.854830809542129089e+01
8.702914164276737210e+03 9.977590471354076840e+01
8.703114120948097479e+03 9.877122963844564651e+01
8.703314077619459567e+03 9.957808591793229880e+01
8.703514034290818017e+03 9.855937963435057725e+01
8.703713990962178286e+03 9.740030522678280533e+01
8.703913947633536736e+03 9.797834183382451556e+01
8.704113904304898824e+03 9.893214451928014341e+01
8.704313860976259093e+03 1.009732947562204117e+02
8.704513817647617543e+03 9.721854375084561184e+01
8.704713774318977812e+03 1.009587989047044942e+02
8.704913730990338081e+03 9.929751684440545034e+01
8.705113687661700169e+03 1.012524756000953801e+02
8.705313644333060438e+03 1.017108575058531841e+02
8.705513601004418888e+03 9.951828320785463688e+01
8.705713557675780976e+03 1.000925287990353212e+02
8.705913514347139426e+03 1.019673029801226676e+02
8.706113471018499695e+03 1.021292549101128913e+02
8.706313427689859964e+03 9.820139900565234825e+01
8.706513384361218414e+03 9.917359439297941037e+01
8.706713341032580502e+03 9.827400898369731408e+01
8.706913297703938952e+03 9.986222934475291879e+01
8.707113254375299221e+03 9.850207365266949466e+01
8.707313211046659490e+03 9.749133919367923795e+01
8.707513167718019758e+03 1.003170229058505072e+02
8.707713124389380027e+03 9.852764342726867142e+01
8.707913081060738477e+03 1.023405015710762456e+02
8.708113037732098746e+03 1.009455562997096507e+02
8.708312994403462653e+03 9.973727900698723658e+01
8.708512951074821103e+03 9.857667116627415282e+01
8.708712907746181372e+03 9.855635430538714559e+01
8.708912864417539822e+03 9.828171169690691045e+01
8.709112821088901910e+03 9.768975243531926367e+01
8.709312777760262179e+03 9.955282011558361432e+01
8.709512734431620629e+03 9.937342665968790811e+01
8.709712691102980898e+03 9.892634701806129272e+01
8.709912647774341167e+03 9.859146155010154189e+01
8.710112604445701436e+03 9.867512716251067673e+01
8.710312561117061705e+03 9.843183722287824367e+01
8.710512517788420155e+03 1.035349872141818395e+02
8.710712474459780424e+03 9.840664633307733311e+01
8.710912431131140693e+03 9.948050678813505954e+01
8.711112387802500962e+03 1.002647599284482993e+02
8.711312344473863050e+03 9.642103746638944983e+01
8.711512301145221500e+03 1.005770684555063781e+02
8.711712257816583588e+03 9.963309358384042014e+01
8.711912214487942038e+03 9.794706903630930128e+01
8.712112171159302306e+03 1.008787373417930695e+02
8.712312127830662575e+03 1.001005701822714684e+02
8.712512084502022844e+03 1.017525357780280615e+02
8.712712041173383113e+03 9.971181524604988056e+01
8.712911997844741563e+03 9.754122820550530548e+01
8.713111954516101832e+03 9.989430746560982755e+01
8.713311911187463920e+03 1.015572265324598078e+02
8.713511867858822370e+03 9.980007011354700808e+01
8.713711824530182639e+03 1.008292370778539464e+02
8.713911781201541089e+03 1.008495570672627935e+02
8.714111737872903177e+03 1.007213048776504110e+02
8.714311694544263446e+03 1.011651628321787229e+02
8.714511651215623715e+03 9.696828018706689534e+01
8.714711607886983984e+03 9.765978502570955300e+01
8.714911564558344253e+03 9.975996927338400155e+01
8.715111521229704522e+03 9.872660381005800900e+01
8.715311477901064791e+03 1.014518254000862356e+02
8.715511434572423241e+03 9.907576053804014293e+01
8.715711391243783510e+03 9.882629559281988918e+01
8.715911347915143779e+03 9.912663353908121167e+01
8.716111304586504048e+03 9.929585523055895635e+01
8.716311261257864317e+03 9.887369807160840196e+01
8.716511217929222767e+03 1.002910138641834834e+02
8.716711174600584854e+03 9.746838407443151198e+01
8.716911131271943304e+03 9.774714944992200572e+01
8.717111087943303573e+03 1.005423959997247039e+02
8.717311044614663842e+03 1.028834764195617311e+02
8.717511001286025930e+03 1.007459230417615430e+02
8.717710957957386199e+03 1.001666957571055718e+02
8.717910914628744649e+03 9.647542766166984052e+01
8.718110871300104918e+03 1.005441635572314567e+02
8.718310827971467006e+03 9.924643658430143489e+01
8.718510784642825456e+03 1.008192448342667547e+02
8.718710741314185725e+03 1.014305685334743856e+02
8.718910697985544175e+03 1.018789718313982178e+02
8.719110654656906263e+03 9.992162305130626976e+01
8.719310611328266532e+03 1.004700010822654548e+02
8.719510567999624982e+03 9.864294398255965746e+01
8.719710524670985251e+03 1.027221911560539240e+02
8.719910481342343701e+03 9.929601329486834516e+01
8.720110438013705789e+03 9.993723147837707188e+01
8.720310394685066058e+03 1.002272233033538100e+02
8.720510351356424508e+03 9.939162599459380942e+01
8.720710308027786596e+03 1.002139716704610350e+02
8.720910264699146865e+03 1.002257541633581610e+02
8.721110221370507134e+03 9.725165826696117222e+01
8.721310178041867402e+03 1.013343916938143821e+02
8.721510134713225852e+03 9.910431671417124733e+01
8.721710091384587940e+03 9.979122570752080890e+01
8.721910048055946390e+03 9.949945215867573722e+01
8.722110004727306659e+03 1.014005273178662492e+02
8.722309961398666928e+03 9.978252635743125154e+01
8.722509918070027197e+03 1.003170915474484133e+02
8.722709874741387466e+03 9.796787242044601385e+01
8.722909831412745916e+03 9.839053433807737292e+01
8.723109788084106185e+03 1.036341864714134573e+02
8.723309744755468273e+03 9.870224062700600598e+01
8.723509701426826723e+03 1.016890831406181519e+02
8.723709658098188811e+03 9.982822656385967264e+01
8.723909614769547261e+03 1.000818991221679397e+02
8.724109571440909349e+03 1.003298435514120683e+02
8.724309528112269618e+03 1.008454127475975355e+02
8.724509484783628068e+03 1.010826572555300658e+02
8.724709441454988337e+03 1.009856414832127314e+02
8.724909398126346787e+03 9.780369337137076968e+01
8.725109354797708875e+03 1.019503703176178959e+02
8.725309311469069144e+03 1.002410868311069265e+02
8.725509268140427594e+03 9.800102481142289435e+01
8.725709224811787863e+03 9.906360352959808324e+01
8.725909181483148132e+03 1.000030526467832317e+02
8.726109138154508400e+03 9.906824007645546715e+01
8.726309094825868669e+03 1.006996352875350738e+02
8.726509051497227119e+03 1.000027579859519875e+02
8.726709008168591026e+03 1.038693171753591855e+02
8.726908964839949476e+03 1.006361957258856989e+02
8.727108921511309745e+03 9.920024333754217594e+01
8.727308878182670014e+03 1.010427414985903596e+02
8.727508834854030283e+03 1.003931648310673239e+02
8.727708791525390552e+03 1.001479860345038730e+02
8.727908748196749002e+03 1.008075235203931612e+02
8.728108704868109271e+03 9.854641649278940463e+01
