8.483929977322331979e+03 1.009110513904285824e+02
8.484130070010476629e+03 9.785105578921995573e+01
8.484330162698621280e+03 1.005827882382404681e+02
8.484530255386764111e+03 9.938961909350538804e+01
8.484730348074908761e+03 1.001016751564840916e+02
8.484930440763053412e+03 1.015563973240844007e+02
8.485130533451199881e+03 9.807115711001337388e+01
8.485330626139340893e+03 9.943444892850398276e+01
8.485530718827487362e+03 9.823831824514141431e+01
8.485730811515630194e+03 9.613235646432538317e+01
8.485930904203776663e+03 9.667886797222350026e+01
8.486130996891919494e+03 9.805496184658436221e+01
8.486331089580064145e+03 9.772882972851449779e+01
8.486531182268208795e+03 9.868932204812205100e+01
8.486731274956353445e+03 9.864620908732923965e+01
8.486931367644499915e+03 1.001155876040463681e+02
8.487131460332642746e+03 1.014436675555291885e+02
8.487331553020787396e+03 9.811729819132816033e+01
8.487531645708932047e+03 9.871837115924076045e+01
8.487731738397076697e+03 1.013518583437369358e+02
8.487931831085219528e+03 1.018970412953121780e+02
8.488131923773365997e+03 9.965283761599052070e+01
8.488332016461508829e+03 9.807771722787889246e+01
8.488532109149655298e+03 9.803170304823669312e+01
8.488732201837796310e+03 1.004354951686087674e+02
8.488932294525942780e+03 9.940740977555822155e+01
8.489132387214087430e+03 1.001541097255811650e+02
8.489332479902232080e+03 9.962936933552869334e+01
8.489532572590374912e+03 9.940998025350175737e+01
8.489732665278519562e+03 1.009209326883353839e+02
8.489932757966664212e+03 9.970344545234681277e+01
8.490132850654810682e+03 9.797092653587181132e+01
8.490332943342951694e+03 9.985838516141124899e+01
8.490533036031098163e+03 9.832468156568349116e+01
8.490733128719240995e+03 1.010998212837268113e+02
8.490933221407387464e+03 9.989649459004623111e+01
8.491133314095530295e+03 1.004334925633816482e+02
8.491333406783674945e+03 1.026284190674775232e+02
8.491533499471819596e+03 9.791484985341759284e+01
8.491733592159964246e+03 1.012852255776683990e+02
8.491933684848107077e+03 1.002726132247201463e+02
8.492133777536253547e+03 9.833468239214482765e+01
8.492333870224396378e+03 9.918945635620289636e+01
8.492533962912542847e+03 9.942376785221384239e+01
8.492734055600683860e+03 9.845768930660433682e+01
8.492934148288830329e+03 1.006032159028733304e+02
8.493134240976974979e+03 1.012408574081167245e+02
8.493334333665119630e+03 1.003683414181509903e+02
8.493534426353262461e+03 9.801468625075216323e+01
8.493734519041407111e+03 9.926265828587165174e+01
8.493934611729551762e+03 9.785482482898710543e+01
8.494134704417698231e+03 9.848748857526126699e+01
8.494334797105839243e+03 1.000510176316938953e+02
8.494534889793985712e+03 1.007634951634850751e+02
8.494734982482128544e+03 1.009974104266332233e+02
8.494935075170275013e+03 9.929769173910212032e+01
8.495135167858417844e+03 9.967627565547087443e+01
8.495335260546562495e+03 9.958076629136367330e+01
8.495535353234707145e+03 1.001419879284301402e+02
8.495735445922851795e+03 9.843284136830534692e+01
8.495935538610994627e+03 9.849847583233834314e+01
8.496135631299141096e+03 9.932064429942649042e+01
8.496335723987283927e+03 9.809392359397857319e+01
8.496535816675430397e+03 1.012760897832060181e+02
8.496735909363571409e+03 9.815921136311921202e+01
8.496936002051717878e+03 9.861126687853879957e+01
8.497136094739862529e+03 9.904970708825787540e+01
8.497336187428007179e+03 9.935436953298382434e+01
8.497536280116150010e+03 9.840023644840265149e+01
8.497736372804294660e+03 9.883950652584957197e+01
8.497936465492439311e+03 9.695915250506082828e+01
8.498136558180585780e+03 9.724783901254963325e+01
8.498336650868726792e+03 9.866881302714349999e+01
8.498536743556873262e+03 9.982520121016216308e+01
8.498736836245016093e+03 9.609953421181218403e+01
8.498936928933162562e+03 9.745079175606245769e+01
8.499137021621305394e+03 9.775755967022861626e+01
8.499337114309450044e+03 9.570433673525049301e+01
8.499537206997594694e+03 9.695760911893692935e+01
8.499737299685739345e+03 9.659797741208036825e+01
8.499937392373882176e+03 9.186834483989834155e+01
8.500137485062028645e+03 9.124610634673298648e+01
8.500337577750171477e+03 8.950727201951271184e+01
8.500537670438317946e+03 8.555760098877959763e+01
8.500737763126460777e+03 8.170130348652980956e+01
8.500937855814605427e+03 7.602410701176385999e+01
8.501137948502750078e+03 7.049309914563069412e+01
8.501338041190894728e+03 6.476009833333672816e+01
8.501538133879039378e+03 5.832795341719032933e+01
8.501738226567182210e+03 5.259029678770975380e+01
8.501938319255326860e+03 4.885012737740809996e+01
8.502138411943473329e+03 5.129913097249767162e+01
8.502338504631616161e+03 5.561864681103924823e+01
8.502538597319760811e+03 6.374268140763363277e+01
8.502738690007903642e+03 7.097228059942663947e+01
8.502938782696050112e+03 7.649388374754686026e+01
8.503138875384194762e+03 8.377566228857963893e+01
8.503338968072337593e+03 8.852164997968543503e+01
8.503539060760482243e+03 8.912821188995151545e+01
8.503739153448626894e+03 9.123133498200805036e+01
8.503939246136771544e+03 9.260504473990764041e+01
8.504139338824916194e+03 9.650136864365408940e+01
8.504339431513060845e+03 9.404021126398268393e+01
8.504539524201205495e+03 9.499493262748816846e+01
8.504739616889350145e+03 9.793732091530443995e+01
8.504939709577492977e+03 9.634017406217127188e+01
8.505139802265639446e+03 9.674527004797407415e+01
8.505339894953782277e+03 9.782709709415603072e+01
8.505539987641928747e+03 9.533852845164553003e+01
8.505740080330069759e+03 9.604743623577917333e+01
8.505940173018216228e+03 9.658978714572197077e+01
8.506140265706360879e+03 9.773522400745311245e+01
8.506340358394505529e+03 9.840942490454625613e+01
8.506540451082648360e+03 9.582127437912934909e+01
8.506740543770793010e+03 9.837676813335376380e+01
8.506940636458937661e+03 9.872000625501640059e+01
8.507140729147084130e+03 9.826797658490379206e+01
8.507340821835225142e+03 9.592355513857211236e+01
8.507540914523371612e+03 9.961822315284999263e+01
8.507741007211514443e+03 9.818792038137146960e+01
8.507941099899660912e+03 9.914883683037190565e+01
8.508141192587803744e+03 1.002314247453849418e+02
8.508341285275948394e+03 1.002235148872705537e+02
8.508541377964093044e+03 9.764831761185428149e+01
8.508741470652237695e+03 9.918453599924804109e+01
8.508941563340380526e+03 1.011485355545904667e+02
8.509141656028526995e+03 9.972484788621100904e+01
8.509341748716669827e+03 9.833313456661166185e+01
8.509541841404816296e+03 1.001034680718549055e+02
8.509741934092957308e+03 1.001417141095769807e+02
8.509942026781103777e+03 1.002851014445736553e+02
8.510142119469248428e+03 9.799584539592363797e+01
8.510342212157393078e+03 1.001025255450348652e+02
8.510542304845535909e+03 1.008149849832674647e+02
8.510742397533680560e+03 9.940010992159555769e+01
8.510942490221825210e+03 1.001154551883527120e+02
8.511142582909971679e+03 9.943275610299973266e+01
8.511342675598112692e+03 9.835563932814085319e+01
8.511542768286259161e+03 9.717606312704964466e+01
8.511742860974401992e+03 9.991952580427663122e+01
8.511942953662548462e+03 9.811943439355525243e+01
8.512143046350691293e+03 9.970367031713865913e+01
8.512343139038835943e+03 9.811665740302304073e+01
8.512543231726980594e+03 1.002306368936890379e+02
8.512743324415125244e+03 1.022146559839018352e+02
8.512943417103268075e+03 1.004829927089374166e+02
8.513143509791414544e+03 9.811719985777129693e+01
8.513343602479557376e+03 1.009831343710256704e+02
8.513543695167703845e+03 9.929823582064604182e+01
8.513743787855844857e+03 1.016813640467904207e+02
8.513943880543991327e+03 1.011531582184097715e+02
8.514143973232135977e+03 9.973733762819517779e+01
8.514344065920280627e+03 9.927594524349063931e+01
8.514544158608425278e+03 1.003656002678890360e+02
8.514744251296568109e+03 1.016777165361608155e+02
8.514944343984712759e+03 9.908450578955013555e+01
8.515144436672859229e+03 9.949971588506690523e+01
8.515344529361002060e+03 9.996160673441931976e+01
8.515544622049146710e+03 9.826182380541260386e+01
8.515744714737289542e+03 9.861926174650756138e+01
8.515944807425436011e+03 9.929720192023819436e+01
8.516144900113580661e+03 1.009093179154252340e+02
8.516344992801723492e+03 9.976196243068380909e+01
8.516545085489868143e+03 1.003031084536412436e+02
8.516745178178012793e+03 1.018735711725651640e+02
8.516945270866157443e+03 1.002087917197483762e+02
8.517145363554302094e+03 9.890202812225625451e+01
8.517345456242444925e+03 9.552755508172214149e+01
8.517545548930591394e+03 9.338225993140754611e+01
8.517745641618734226e+03 9.026303873900751285e+01
8.517945734306878876e+03 9.078823830232674652e+01
8.518145826995023526e+03 8.790055812644845901e+01
8.518345919683168177e+03 9.240563620941084366e+01
8.518546012371312827e+03 9.670201952486345931e+01
8.518746105059455658e+03 9.648329839237038641e+01
8.518946197747600309e+03 9.714047660107127058e+01
8.519146290435746778e+03 9.803777567998889708e+01
8.519346383123889609e+03 9.684265656256597765e+01
8.519546475812034259e+03 9.725982868301993278e+01
8.519746568500177091e+03 9.855899561322479485e+01
8.519946661188323560e+03 9.883663521138497288e+01
8.520146753876468210e+03 9.690841049308978938e+01
8.520346846564611042e+03 1.006074694504593907e+02
8.520546939252755692e+03 9.849769739214518438e+01
8.520747031940900342e+03 1.009477629046743061e+02
8.520947124629044993e+03 1.008380945072274812e+02
8.521147217317189643e+03 9.897227957216158245e+01
8.521347310005334293e+03 9.950286614044266287e+01
8.521547402693478944e+03 9.902835398779276943e+01
8.521747495381623594e+03 9.921927733102678815e+01
8.521947588069766425e+03 9.719426554177900357e+01
8.522147680757912894e+03 9.849578120461201536e+01
8.522347773446055726e+03 9.874483996936879748e+01
8.522547866134202195e+03 9.950184717847017168e+01
8.522747958822343207e+03 9.775974285040977918e+01
8.522948051510489677e+03 9.648612674480769158e+01
8.523148144198634327e+03 9.933244610105792560e+01
8.523348236886778977e+03 1.014698522189737275e+02
8.523548329574921809e+03 9.999123551996476067e+01
8.523748422263066459e+03 9.907613399116210928e+01
8.523948514951211109e+03 9.908071010669780776e+01
8.524148607639357579e+03 9.939950378081063320e+01
8.524348700327498591e+03 9.887177145935392275e+01
8.524548793015645060e+03 9.840591486593297077e+01
8.524748885703787892e+03 1.023167076041280836e+02
8.524948978391934361e+03 1.008871779217274423e+02
8.525149071080077192e+03 9.953717092596694727e+01
8.525349163768221842e+03 1.001456088641522086e+02
8.525549256456366493e+03 1.032403357302096651e+02
8.525749349144511143e+03 9.977317614563970949e+01
8.525949441832653974e+03 9.864011739778342758e+01
8.526149534520800444e+03 9.769621087092626510e+01
8.526349627208943275e+03 9.930385716164126109e+01
8.526549719897089744e+03 1.006180870236164395e+02
8.526749812585230757e+03 1.001609654075604112e+02
8.526949905273377226e+03 9.861640301689142518e+01
8.527149997961521876e+03 1.001217944211873174e+02
8.527350090649666527e+03 9.817261292628742808e+01
8.527550183337809358e+03 9.782959196098579469e+01
8.527750276025954008e+03 9.759141085479977562e+01
8.527950368714098659e+03 1.011438729014794404e+02
8.528150461402245128e+03 1.003791755642093051e+02
8.528350554090387959e+03 9.743459991308751000e+01
8.528550646778532609e+03 9.993539788819342107e+01
8.528750739466675441e+03 9.798632589974603491e+01
8.528950832154821910e+03 9.982433399412593644e+01
8.529150924842966560e+03 9.974504539751184495e+01
8.529351017531109392e+03 1.015766867448079296e+02
8.529551110219254042e+03 9.824094563994080431e+01
8.529751202907398692e+03 9.957375200651627267e+01
8.529951295595543343e+03 9.683522566609430271e+01
8.530151388283687993e+03 9.864149206183233787e+01
8.530351480971830824e+03 9.902681594178912405e+01
8.530551573659977294e+03 9.553879751639433948e+01
8.530751666348120125e+03 9.461356333850062583e+01
8.530951759036264775e+03 9.619830554397069022e+01
8.531151851724409426e+03 9.889597849070185021e+01
8.531351944412554076e+03 9.915697069770519079e+01
8.531552037100698726e+03 9.766266426519472077e+01
8.531752129788841557e+03 9.878745709617967918e+01
8.531952222476986208e+03 9.617563125756925047e+01
8.532152315165132677e+03 9.807817649738107946e+01
8.532352407853275508e+03 1.011977095188221938e+02
8.532552500541420159e+03 9.966830768228133763e+01
8.532752593229562990e+03 9.952545561704734212e+01
8.532952685917709459e+03 9.999865703055992583e+01
8.533152778605854110e+03 9.965733326239342205e+01
8.533352871293996941e+03 9.883671234147807638e+01
8.533552963982141591e+03 9.975278810140478924e+01
8.533753056670286242e+03 9.797421079086603868e+01
8.533953149358430892e+03 9.833972529183596123e+01
8.534153242046575542e+03 9.807266904645243244e+01
8.534353334734718374e+03 9.634801916380351372e+01
8.534553427422864843e+03 9.926070645534178993e+01
8.534753520111007674e+03 9.849079483153998638e+01
8.534953612799152324e+03 9.967021915992604875e+01
8.535153705487296975e+03 9.998918953672335874e+01
8.535353798175441625e+03 9.799646351182147441e+01
8.535553890863586275e+03 9.727055863928525525e+01
8.535753983551729107e+03 9.821977022072255181e+01
8.535954076239873757e+03 9.912781581899993455e+01
8.536154168928020226e+03 1.024996595634325161e+02
8.536354261616163058e+03 9.827264331672769515e+01
8.536554354304307708e+03 9.791371474269922714e+01
8.536754446992450539e+03 9.832256264879163155e+01
8.536954539680597009e+03 9.606266037368835953e+01
8.537154632368741659e+03 9.944095920714129022e+01
8.537354725056884490e+03 9.712400286590856524e+01
8.537554817745029140e+03 9.786051697983799613e+01
8.537754910433173791e+03 9.650281028282606144e+01
8.537955003121318441e+03 9.712651171624250424e+01
8.538155095809463091e+03 9.862543181137955628e+01
8.538355188497607742e+03 9.520211801829164244e+01
8.538555281185752392e+03 9.321951360888155591e+01
8.538755373873897042e+03 9.566564268506920143e+01
8.538955466562039874e+03 9.645019529480823905e+01
8.539155559250186343e+03 9.538056728296773201e+01
8.539355651938329174e+03 9.618977727871966010e+01
8.539555744626475644e+03 9.327092639647079864e+01
8.539755837314616656e+03 9.448038049958753959e+01
8.539955930002763125e+03 9.304534321407764708e+01
8.540156022690907776e+03 9.405073663033556386e+01
8.540356115379052426e+03 9.355531040103331009e+01
8.540556208067195257e+03 9.402003545193780099e+01
8.540756300755339907e+03 9.434677733470016392e+01
8.540956393443484558e+03 9.406722576346274423e+01
8.541156486131631027e+03 9.347359118182843929e+01
8.541356578819772039e+03 9.165680482954230968e+01
8.541556671507918509e+03 9.287691753007109696e+01
8.541756764196061340e+03 9.151313950978102696e+01
8.541956856884207809e+03 9.025281562764430987e+01
8.542156949572352460e+03 8.751898840010869662e+01
8.542357042260495291e+03 8.861828807909144246e+01
8.542557134948639941e+03 8.674897504529754144e+01
8.542757227636784592e+03 8.643169928207616692e+01
8.542957320324929242e+03 8.346544074810522318e+01
8.543157413013073892e+03 8.363147206952412205e+01
8.543357505701216724e+03 8.268700168456884114e+01
8.543557598389363193e+03 8.321090671545738360e+01
8.543757691077506024e+03 7.801731349184034059e+01
8.543957783765650674e+03 7.734392955062988051e+01
8.544157876453795325e+03 7.707123587771572204e+01
8.544357969141939975e+03 7.274870020442021712e+01
8.544558061830084625e+03 7.030079051202461926e+01
8.544758154518227457e+03 6.579527554894724517e+01
8.544958247206372107e+03 6.435175671110047801e+01
8.545158339894518576e+03 5.849346567663847196e+01
8.545358432582661408e+03 5.401398106894942686e+01
8.545558525270806058e+03 4.837020146563492773e+01
8.545758617958948889e+03 4.468250950284760847e+01
8.545958710647095359e+03 4.013474178983877749e+01
8.546158803335240009e+03 4.112275609704735047e+01
8.546358896023382840e+03 4.459252542541720743e+01
8.546558988711527491e+03 4.938461527240420423e+01
8.546759081399672141e+03 5.507677202407628414e+01
8.546959174087816791e+03 5.902424455664291969e+01
8.547159266775961441e+03 6.265794111659881338e+01
8.547359359464104273e+03 6.734600261458807324e+01
8.547559452152250742e+03 7.051324967005565725e+01
8.547759544840393573e+03 7.357714501953040553e+01
8.547959637528538224e+03 7.431974498196495915e+01
8.548159730216682874e+03 7.793386965893955676e+01
8.548359822904827524e+03 8.110437982145079161e+01
8.548559915592972175e+03 8.127903262538531237e+01
8.548760008281115006e+03 8.390930540878134991e+01
8.548960100969259656e+03 8.463698569847575470e+01
8.549160193657406126e+03 8.553554500153207130e+01
8.549360286345548957e+03 8.328976375918787767e+01
8.549560379033693607e+03 8.619422684458207584e+01
8.549760471721836439e+03 8.818203911026904507e+01
8.549960564409982908e+03 8.965051280701028702e+01
8.550160657098127558e+03 8.974568506450694372e+01
8.550360749786270389e+03 9.280513883133497188e+01
8.550560842474415040e+03 9.166868967831584314e+01
8.550760935162559690e+03 9.124924315416551224e+01
8.550961027850704340e+03 9.428539346250066444e+01
8.551161120538848991e+03 9.351332982179945930e+01
8.551361213226991822e+03 9.135043107145764907e+01
8.551561305915138291e+03 9.537990907606214819e+01
8.551761398603281123e+03 9.274617772416699779e+01
8.551961491291425773e+03 9.312674848564121532e+01
8.552161583979570423e+03 9.477419913261331885e+01
8.552361676667715074e+03 9.628200516939735110e+01
8.552561769355859724e+03 9.584186147991138682e+01
8.552761862044002555e+03 9.396976130686435624e+01
8.552961954732147206e+03 9.509885013514883667e+01
8.553162047420293675e+03 9.385726663326965991e+01
8.553362140108436506e+03 9.492007745304921684e+01
8.553562232796581156e+03 9.461973167718562649e+01
8.553762325484723988e+03 9.556354863314757608e+01
8.553962418172870457e+03 9.783425970251782644e+01
8.554162510861015107e+03 9.751315732008903581e+01
8.554362603549157939e+03 9.615992472020958814e+01
8.554562696237302589e+03 9.661608541494868518e+01
8.554762788925447239e+03 9.917876413071201114e+01
8.554962881613591890e+03 9.896422128903402893e+01
8.555162974301736540e+03 9.734500664053231844e+01
8.555363066989879371e+03 9.811673116654984028e+01
8.555563159678025841e+03 1.002057054520230110e+02
8.555763252366170491e+03 9.781794657421434636e+01
8.555963345054315141e+03 9.908587574898479033e+01
8.556163437742459791e+03 1.001891975266030386e+02
8.556363530430602623e+03 9.899414559373688860e+01
8.556563623118749092e+03 9.841762040287255786e+01
8.556763715806891923e+03 9.822223093950239559e+01
8.556963808495036574e+03 9.902902803661316966e+01
8.557163901183181224e+03 9.654514062348954440e+01
8.557363993871325874e+03 9.898260479551572644e+01
8.557564086559470525e+03 9.896929890699897214e+01
8.557764179247613356e+03 9.832681491907860050e+01
8.557964271935758006e+03 9.716745945132447559e+01
8.558164364623904476e+03 9.826250072811207303e+01
8.558364457312047307e+03 9.849790471158814853e+01
8.558564550000191957e+03 9.902047903440444543e+01
8.558764642688334789e+03 9.813177028664827617e+01
8.558964735376481258e+03 9.832408546729766385e+01
8.559164828064625908e+03 1.005314077012998411e+02
8.559364920752768739e+03 9.707564585263280321e+01
8.559565013440913390e+03 9.644356088259425519e+01
8.559765106129058040e+03 9.686738314610475697e+01
8.559965198817202690e+03 9.841156312742307932e+01
8.560165291505347341e+03 9.878014414591697800e+01
8.560365384193490172e+03 9.979221205825085406e+01
8.560565476881636641e+03 9.615628738322735103e+01
8.560765569569779473e+03 9.625534791771970333e+01
8.560965662257924123e+03 9.627279115090047412e+01
8.561165754946068773e+03 9.934280644846168684e+01
8.561365847634213424e+03 9.596902966683407499e+01
8.561565940322358074e+03 9.848028263969335683e+01
8.561766033010500905e+03 9.964608659533369917e+01
8.561966125698645556e+03 9.960230148756446056e+01
8.562166218386792025e+03 1.000192090907367373e+02
8.562366311074934856e+03 9.928301822486540118e+01
8.562566403763079506e+03 1.004980795766393129e+02
8.562766496451222338e+03 9.741608341928312598e+01
8.562966589139368807e+03 9.985223187608580986e+01
8.563166681827513457e+03 9.947516794934874440e+01
8.563366774515656289e+03 9.814652987700880260e+01
8.563566867203800939e+03 9.796529596857087085e+01
8.563766959891945589e+03 9.860810060166660662e+01
8.563967052580090240e+03 9.915588759194234569e+01
8.564167145268234890e+03 9.787012419864318247e+01
8.564367237956377721e+03 9.849799997648490546e+01
8.564567330644524191e+03 9.995198880269870756e+01
8.564767423332667022e+03 1.011822003950801445e+02
8.564967516020811672e+03 1.006962337399306051e+02
8.565167608708956323e+03 9.914510157311812577e+01
8.565367701397100973e+03 1.005666460774007476e+02
8.565567794085245623e+03 9.816253450424702010e+01
8.565767886773388454e+03 9.861002561444480818e+01
8.565967979461533105e+03 9.991420305970267179e+01
8.566168072149679574e+03 1.002403051081738141e+02
8.566368164837822405e+03 1.011209046200275878e+02
8.566568257525967056e+03 9.851961511158863516e+01
8.566768350214109887e+03 1.001772715635624564e+02
8.566968442902256356e+03 9.989155035415984685e+01
8.567168535590401007e+03 1.007783192957679006e+02
8.567368628278543838e+03 1.000642191767397833e+02
8.567568720966688488e+03 1.000467567414361412e+02
8.567768813654833139e+03 1.002158840406337248e+02
8.567968906342977789e+03 9.964249646685757966e+01
8.568168999031122439e+03 9.945959245282364236e+01
8.568369091719265271e+03 9.770672175718190999e+01
8.568569184407411740e+03 1.021576180428666447e+02
8.568769277095554571e+03 1.020140402468150285e+02
8.568969369783699221e+03 9.933219350845489259e+01
8.569169462471843872e+03 9.994322724842717776e+01
8.569369555159988522e+03 9.886174642948293467e+01
8.569569647848133172e+03 1.014330883792480194e+02
8.569769740536277823e+03 1.001899817890271294e+02
8.569969833224420654e+03 1.011273614563335030e+02
8.570169925912567123e+03 9.873965125098497708e+01
8.570370018600709955e+03 9.956098971962684629e+01
8.570570111288856424e+03 9.782647672194964628e+01
8.570770203976997436e+03 1.008794800175623010e+02
8.570970296665143906e+03 9.895028895474899855e+01
8.571170389353288556e+03 9.878670443772533361e+01
8.571370482041433206e+03 9.639368919462683039e+01
8.571570574729576037e+03 9.798489345174802168e+01
8.571770667417720688e+03 1.013915196244906696e+02
8.571970760105865338e+03 9.904144752152261333e+01
8.572170852794011807e+03 9.869645324283463594e+01
8.572370945482152820e+03 1.000483095772228239e+02
8.572571038170299289e+03 1.005783117889504297e+02
8.572771130858443939e+03 9.877211517566693999e+01
8.572971223546588590e+03 9.961395759476675948e+01
8.573171316234733240e+03 9.932300653262298340e+01
8.573371408922876071e+03 1.000287468697916893e+02
8.573571501611022541e+03 1.003759243692950065e+02
8.573771594299165372e+03 1.006360775783885941e+02
8.573971686987310022e+03 9.874194998694996173e+01
8.574171779675454673e+03 1.005538004191684820e+02
8.574371872363599323e+03 9.873989580319775428e+01
8.574571965051743973e+03 1.001668966512678054e+02
8.574772057739886804e+03 9.981261870805715830e+01
8.574972150428031455e+03 1.002835644385841789e+02
8.575172243116177924e+03 1.005055960061795304e+02
8.575372335804320755e+03 1.015717467843906832e+02
8.575572428492465406e+03 1.005208415846260266e+02
8.575772521180608237e+03 1.002853684070042988e+02
8.575972613868754706e+03 9.818095031723674992e+01
8.576172706556899357e+03 1.003744266320240968e+02
8.576372799245042188e+03 1.009502443054178826e+02
8.576572891933186838e+03 1.019995323178183213e+02
8.576772984621331489e+03 9.810277616541367252e+01
8.576973077309476139e+03 9.970991047435356336e+01
8.577173169997620789e+03 9.961687429390394755e+01
8.577373262685763621e+03 1.017999679419166199e+02
8.577573355373910090e+03 9.872885803630536827e+01
8.577773448062052921e+03 1.000529779638831513e+02
8.577973540750197571e+03 9.842734468038869977e+01
8.578173633438342222e+03 9.731806958244663974e+01
8.578373726126486872e+03 9.918293654040701313e+01
8.578573818814631522e+03 1.002658805213096116e+02
8.578773911502774354e+03 1.000217792767029295e+02
8.578974004190919004e+03 9.886586978743576992e+01
8.579174096879065473e+03 1.006183285617038763e+02
8.579374189567208305e+03 1.008441923220638472e+02
8.579574282255352955e+03 9.957399349028071356e+01
8.579774374943495786e+03 9.967872639765428744e+01
8.579974467631642256e+03 9.674804538937250697e+01
8.580174560319786906e+03 1.003465399800523272e+02
8.580374653007929737e+03 9.872160644009603914e+01
8.580574745696074388e+03 1.003263207571502846e+02
8.580774838384219038e+03 1.016659267690823754e+02
8.580974931072363688e+03 9.814096307513129602e+01
8.581175023760508338e+03 9.926125292341151862e+01
8.581375116448651170e+03 9.917975033559341114e+01
8.581575209136797639e+03 9.850587915105845127e+01
8.581775301824940470e+03 9.870876784456744701e+01
8.581975394513085121e+03 1.005712676730077106e+02
8.582175487201229771e+03 9.944875882001532830e+01
8.582375579889374421e+03 9.794182973372133461e+01
8.582575672577519072e+03 9.887275350110085981e+01
8.582775765265661903e+03 9.891801343757573761e+01
8.582975857953806553e+03 1.011018568386915319e+02
8.583175950641953023e+03 9.967602198711239225e+01
8.583376043330095854e+03 1.001000218793927132e+02
8.583576136018242323e+03 9.964000101571878076e+01
8.583776228706383336e+03 1.015805190719545976e+02
8.583976321394529805e+03 9.816733433102281481e+01
8.584176414082674455e+03 9.792775892144460670e+01
8.584376506770819105e+03 1.014761067730224795e+02
8.584576599458961937e+03 9.738585644184365719e+01
8.584776692147106587e+03 9.695625296224881140e+01
8.584976784835251237e+03 9.823977595764750959e+01
8.585176877523397707e+03 9.867898997496335767e+01
8.585376970211538719e+03 1.004377844444715322e+02
8.585577062899685188e+03 9.675155279128662755e+01
8.585777155587828020e+03 9.502497617058760682e+01
8.585977248275974489e+03 9.335292939020641256e+01
8.586177340964117320e+03 9.447541389982809790e+01
8.586377433652261971e+03 9.556783090761312849e+01
8.586577526340406621e+03 9.687051169809001294e+01
8.586777619028551271e+03 9.848468256733008275e+01
8.586977711716694103e+03 9.802215280985855372e+01
8.587177804404840572e+03 9.960921596406475942e+01
8.587377897092983403e+03 9.852481106267109112e+01
8.587577989781129872e+03 9.856164711347057050e+01
8.587778082469270885e+03 1.020601293926634696e+02
8.587978175157417354e+03 1.002713267370666017e+02
8.588178267845562004e+03 9.924105460720760163e+01
8.588378360533706655e+03 1.016989630682791272e+02
8.588578453221849486e+03 9.816863614075802502e+01
8.588778545909994136e+03 9.940705385279638051e+01
8.588978638598138787e+03 9.706342381030883359e+01
8.589178731286285256e+03 9.580344611052073844e+01
8.589378823974426268e+03 9.822150211780196116e+01
8.589578916662572738e+03 9.857508025631156556e+01
8.589779009350715569e+03 9.876645331450892229e+01
8.589979102038862038e+03 1.005702646761125010e+02
8.590179194727006688e+03 9.882214782322549240e+01
8.590379287415149520e+03 1.018766982738482483e+02
8.590579380103295989e+03 9.770166348686204572e+01
8.590779472791438820e+03 1.013503407220556625e+02
8.590979565479583471e+03 9.979927195196468404e+01
8.591179658167728121e+03 9.844344599862210998e+01
8.591379750855872771e+03 1.000542000432730418e+02
8.591579843544017422e+03 1.002524813104003130e+02
8.591779936232160253e+03 9.902628517124163920e+01
8.591980028920304903e+03 9.782824687140193021e+01
8.592180121608451373e+03 9.888849667073537830e+01
8.592380214296594204e+03 9.832314034132073743e+01
8.592580306984738854e+03 9.833570457272664100e+01
8.592780399672881686e+03 9.734149938115348277e+01
8.592980492361028155e+03 9.941600063515821262e+01
8.593180585049172805e+03 9.960503090195231835e+01
8.593380677737315636e+03 1.009878263847597282e+02
8.593580770425460287e+03 9.965629788118664578e+01
8.593780863113604937e+03 9.620444585057136067e+01
8.593980955801749587e+03 9.933327919497328651e+01
8.594181048489894238e+03 1.026323406260655986e+02
8.594381141178037069e+03 1.001780640755143992e+02
8.594581233866183538e+03 9.955370685620363247e+01
8.594781326554326370e+03 1.008871210883557978e+02
8.594981419242471020e+03 1.015199946093431151e+02
8.595181511930615670e+03 1.009294400760057755e+02
8.595381604618760321e+03 9.947134891886143748e+01
8.595581697306904971e+03 9.817869711691172085e+01
8.595781789995047802e+03 1.020676718311119657e+02
8.595981882683192453e+03 9.943126534602687627e+01
8.596181975371338922e+03 1.006683225967207846e+02
8.596382068059481753e+03 9.983632221955464559e+01
8.596582160747626403e+03 9.909010026655295178e+01
8.596782253435769235e+03 9.982436612815992305e+01
8.596982346123915704e+03 9.965107047068509871e+01
8.597182438812060354e+03 9.907990566940772226e+01
8.597382531500205005e+03 9.838464988883089291e+01
8.597582624188347836e+03 1.009001132202103719e+02
8.597782716876492486e+03 9.962764686528852565e+01
8.597982809564637137e+03 9.950764703793306865e+01
8.598182902252783606e+03 9.846796848880012476e+01
8.598382994940924618e+03 9.937402571973231602e+01
8.598583087629071088e+03 9.949073318016327505e+01
8.598783180317213919e+03 9.712915080418163427e+01
8.598983273005360388e+03 1.003187497812703981e+02
8.599183365693503220e+03 1.014675117276142799e+02
8.599383458381647870e+03 9.883942371026071783e+01
8.599583551069792520e+03 9.983936151117474367e+01
8.599783643757937170e+03 9.677566562926915594e+01
8.599983736446080002e+03 9.929622799464743821e+01
8.600183829134226471e+03 9.913150821674133795e+01
8.600383921822369302e+03 9.778557642213201007e+01
8.600584014510515772e+03 1.016583697218889739e+02
8.600784107198656784e+03 9.866886627787016550e+01
8.600984199886803253e+03 9.943958482871552462e+01
8.601184292574947904e+03 9.852559824918719755e+01
8.601384385263092554e+03 9.789276594858837655e+01
8.601584477951235385e+03 9.830144522516823713e+01
8.601784570639380036e+03 9.899868130329120675e+01
8.601984663327524686e+03 9.694085643682180375e+01
8.602184756015671155e+03 9.879704402743944058e+01
8.602384848703812168e+03 9.504946614044428088e+01
8.602584941391958637e+03 9.471158147840014863e+01
8.602785034080101468e+03 9.404078944899055159e+01
8.602985126768247937e+03 9.596108589394222577e+01
8.603185219456390769e+03 9.700802554573898817e+01
8.603385312144535419e+03 9.789206610672903253e+01
8.603585404832680069e+03 1.010371912284746543e+02
8.603785497520824720e+03 9.790828707995171953e+01
8.603985590208967551e+03 9.999999776538184904e+01
8.604185682897114020e+03 1.000136020452814734e+02
8.604385775585256852e+03 9.980489348251120418e+01
8.604585868273403321e+03 9.906706374773375501e+01
8.604785960961544333e+03 9.678289389246980079e+01
8.604986053649690803e+03 9.954257034021253503e+01
8.605186146337835453e+03 1.013070505537241814e+02
8.605386239025980103e+03 1.001138395942041086e+02
8.605586331714122934e+03 1.004764278846192980e+02
8.605786424402267585e+03 1.015521085293572270e+02
8.605986517090412235e+03 9.853199153828487056e+01
8.606186609778558704e+03 9.770941865231272061e+01
8.606386702466699717e+03 9.997800113521928722e+01
8.606586795154846186e+03 9.854539815498127098e+01
8.606786887842989017e+03 1.002433968809998248e+02
8.606986980531135487e+03 9.792019588548207309e+01
8.607187073219280137e+03 9.929255577730245363e+01
8.607387165907422968e+03 1.014625521088324547e+02
8.607587258595569438e+03 1.006022610252227452e+02
8.607787351283712269e+03 9.896945177054175247e+01
8.607987443971856919e+03 1.008255337045898870e+02
8.608187536660001570e+03 9.886524153742425369e+01
8.608387629348146220e+03 9.921105141824952511e+01
8.608587722036290870e+03 9.882299141196992309e+01
8.608787814724433701e+03 9.989860821799693724e+01
8.608987907412578352e+03 9.917435429432178751e+01
8.609188000100724821e+03 9.889791034261286029e+01
8.609388092788867652e+03 9.724451796660174807e+01
8.609588185477012303e+03 1.006685353425918947e+02
8.609788278165155134e+03 9.926955278553938911e+01
8.609988370853301603e+03 9.507350645227651853e+01
8.610188463541446254e+03 9.787233621012109097e+01
8.610388556229589085e+03 9.804102539645043635e+01
8.610588648917733735e+03 1.006623236762535640e+02
8.610788741605878386e+03 1.003227407322685565e+02
8.610988834294023036e+03 9.866871803167875044e+01
8.611188926982169505e+03 1.006385741499793482e+02
8.611389019670310518e+03 9.787780483974978551e+01
8.611589112358456987e+03 9.982760213239662050e+01
8.611789205046599818e+03 9.968641227397780824e+01
8.611989297734746287e+03 9.667898235301821330e+01
8.612189390422889119e+03 1.012959308653882857e+02
8.612389483111033769e+03 1.030476438743763481e+02
8.612589575799178419e+03 1.004349385672802413e+02
8.612789668487323070e+03 1.027231149827200198e+02
8.612989761175465901e+03 1.004107553705785989e+02
8.613189853863612370e+03 9.949468900445566533e+01
8.613389946551755202e+03 9.952876852613729852e+01
8.613590039239901671e+03 1.012534704657630726e+02
8.613790131928042683e+03 9.814442408089340120e+01
8.613990224616189153e+03 9.990900789294475715e+01
8.614190317304333803e+03 9.904650172749431647e+01
8.614390409992478453e+03 1.003260814266860592e+02
8.614590502680621285e+03 1.019614732571010904e+02
8.614790595368765935e+03 1.015767275005338064e+02
8.614990688056910585e+03 1.004745074645982470e+02
8.615190780745057054e+03 9.813074665428615617e+01
8.615390873433198067e+03 9.224268628845439366e+01
8.615590966121344536e+03 9.098912390326107413e+01
8.615791058809487367e+03 8.552056210365506672e+01
8.615991151497633837e+03 8.932813416175318366e+01
8.616191244185776668e+03 9.436841160055068656e+01
8.616391336873921318e+03 9.663285765025393914e+01
8.616591429562065969e+03 9.900067951382811771e+01
8.616791522250210619e+03 1.004810951791446882e+02
8.616991614938353450e+03 1.020514391917158008e+02
8.617191707626499920e+03 9.918671830183527049e+01
8.617391800314642751e+03 9.828775568781000516e+01
8.617591893002789220e+03 9.624824057915159869e+01
8.617791985690930233e+03 9.991711431791370046e+01
8.617992078379076702e+03 9.980151602756163243e+01
8.618192171067221352e+03 9.831438424261152420e+01
8.618392263755366002e+03 9.871987690744082045e+01
8.618592356443508834e+03 9.945062766928518272e+01
8.618792449131653484e+03 9.898638848393933642e+01
8.618992541819798134e+03 9.930930422298166604e+01
8.619192634507944604e+03 9.712834031378059763e+01
8.619392727196085616e+03 9.706614711496179382e+01
8.619592819884232085e+03 9.888724371003162616e+01
8.619792912572374917e+03 9.880177407067134254e+01
8.619993005260521386e+03 1.009655995629497340e+02
8.620193097948664217e+03 9.886334685482441387e+01
8.620393190636808868e+03 9.769946393691606090e+01
8.620593283324953518e+03 9.988423630804305731e+01
8.620793376013098168e+03 1.007760971432783492e+02
8.620993468701241000e+03 9.864728296424038945e+01
8.621193561389387469e+03 1.007369451520656156e+02
8.621393654077530300e+03 9.960149312267380139e+01
8.621593746765676769e+03 1.002624918618003136e+02
8.621793839453817782e+03 9.966525175372062506e+01
8.621993932141964251e+03 9.784888931189533423e+01
8.622194024830108901e+03 9.809329765983530081e+01
8.622394117518253552e+03 9.718321935727389871e+01
8.622594210206396383e+03 1.007866061466916676e+02
8.622794302894541033e+03 9.939254323676206582e+01
8.622994395582685684e+03 9.739668843810552801e+01
8.623194488270832153e+03 9.854694991558996264e+01
8.623394580958973165e+03 1.001954607453967157e+02
8.623594673647119635e+03 9.898668738081617846e+01
8.623794766335262466e+03 1.003980234666168201e+02
8.623994859023408935e+03 9.817063199075545299e+01
8.624194951711551766e+03 9.987845149348025586e+01
8.624395044399696417e+03 9.929184832305661246e+01
8.624595137087842886e+03 1.002263364386853226e+02
8.624795229775985717e+03 9.975459438091812103e+01
8.624995322464132187e+03 9.648123146876464773e+01
8.625195415152275018e+03 9.622266904553090683e+01
8.625395507840419668e+03 8.979665676124692197e+01
8.625595600528564319e+03 8.806677015184010315e+01
8.625795693216708969e+03 9.033833900807549355e+01
8.625995785904851800e+03 9.491906330351143595e+01
8.626195878592998270e+03 9.898381178621860954e+01
8.626395971281141101e+03 1.003360597020723048e+02
8.626596063969287570e+03 9.911616259595264466e+01
8.626796156657428583e+03 9.940029532125167577e+01
8.626996249345575052e+03 1.005552072383499507e+02
8.627196342033719702e+03 9.985952435892916412e+01
8.627396434721864352e+03 9.975957316192607038e+01
8.627596527410007184e+03 9.952185570308338924e+01
8.627796620098151834e+03 1.000462636953170090e+02
8.627996712786296484e+03 9.959010876537162460e+01
8.628196805474442954e+03 1.003467863648861993e+02
8.628396898162583966e+03 9.937044413451664582e+01
8.628596990850730435e+03 9.963095981923808608e+01
8.628797083538873267e+03 1.023967774510619932e+02
8.628997176227019736e+03 1.008913696178146040e+02
8.629197268915162567e+03 1.000041256337389655e+02
8.629397361603307218e+03 9.969065569081789135e+01
8.629597454291451868e+03 9.888845209557344162e+01
8.629797546979596518e+03 1.018264093068408300e+02
8.629997639667739350e+03 1.001926536562610437e+02
8.630197732355885819e+03 9.992359001354284942e+01
8.630397825044028650e+03 1.012534836625471399e+02
8.630597917732175119e+03 9.967786786025074264e+01
8.630798010420316132e+03 1.023494422400622312e+02
8.630998103108462601e+03 9.849721488045919671e+01
8.631198195796607251e+03 9.826806924545137178e+01
8.631398288484751902e+03 1.002153625770170748e+02
8.631598381172894733e+03 1.003888330385913008e+02
8.631798473861039383e+03 1.005761834406533524e+02
8.631998566549184034e+03 1.006818280185378001e+02
8.632198659237330503e+03 9.890274293276040396e+01
8.632398751925471515e+03 1.006180756293835969e+02
8.632598844613617985e+03 1.003365584101336623e+02
8.632798937301760816e+03 9.945654081352374476e+01
8.632999029989907285e+03 1.009481484320821494e+02
8.633199122678050117e+03 9.848835131163863821e+01
8.633399215366194767e+03 9.831901550843529947e+01
8.633599308054339417e+03 1.004220739641174021e+02
8.633799400742484067e+03 9.882375741941420699e+01
8.633999493430626899e+03 1.023952109500485932e+02
8.634199586118773368e+03 9.813661669836703538e+01
8.634399678806916199e+03 9.914079752721598027e+01
8.634599771495062669e+03 1.013234608506225243e+02
8.634799864183203681e+03 1.017844131527164109e+02
8.634999956871350150e+03 9.822398578866737751e+01
8.635200049559494801e+03 9.966033738685578669e+01
8.635400142247639451e+03 9.998544343259354150e+01
8.635600234935782282e+03 9.965558995564440181e+01
8.635800327623926933e+03 9.930163697889582863e+01
8.636000420312071583e+03 9.622311943167227355e+01
8.636200513000218052e+03 9.932870265915644836e+01
8.636400605688359065e+03 9.942964023847710564e+01
8.636600698376505534e+03 9.828011289892153002e+01
8.636800791064648365e+03 9.904220741186570365e+01
8.637000883752794834e+03 9.990123465897458743e+01
8.637200976440937666e+03 9.887679407071527748e+01
8.637401069129082316e+03 9.977198954156600053e+01
8.637601161817226966e+03 1.000363863202913706e+02
8.637801254505371617e+03 1.021019433820758024e+02
8.638001347193514448e+03 1.006675637175509763e+02
8.638201439881660917e+03 9.971466337983247286e+01
8.638401532569803749e+03 9.967802990676973707e+01
8.638601625257950218e+03 9.897226840703591222e+01
8.638801717946091230e+03 9.941788870375094689e+01
8.639001810634237700e+03 9.844426026119653272e+01
8.639201903322382350e+03 9.893569050196110481e+01
8.639401996010527000e+03 1.014856844600400763e+02
8.639602088698671650e+03 9.818565643545220212e+01
8.639802181386814482e+03 1.010786430443080661e+02
8.640002274074959132e+03 1.008408983961206786e+02
8.640202366763105601e+03 9.836752943891197276e+01
8.640402459451248433e+03 9.821065587111137063e+01
8.640602552139393083e+03 9.942705257163498800e+01
8.640802644827535914e+03 9.899438647309833073e+01
8.641002737515682384e+03 1.016374017686062103e+02
8.641202830203827034e+03 9.917992097333062418e+01
8.641402922891969865e+03 9.747873797827915610e+01
8.641603015580116335e+03 1.000851330406572259e+02
8.641803108268259166e+03 9.968996227262569221e+01
8.642003200956405635e+03 9.953933246155405357e+01
8.642203293644548467e+03 1.015355195924859402e+02
8.642403386332693117e+03 9.928846618115902345e+01
8.642603479020837767e+03 9.776301145308573837e+01
8.642803571708982417e+03 1.007038101093802425e+02
8.643003664397125249e+03 1.002157582694336924e+02
8.643203757085271718e+03 9.958523779543453713e+01
8.643403849773414549e+03 9.923909507830461507e+01
8.643603942461561019e+03 1.007718085639126855e+02
8.643804035149702031e+03 9.709387570168490811e+01
8.644004127837848500e+03 1.028926436802310178e+02
8.644204220525993151e+03 9.895478779389344481e+01
8.644404313214137801e+03 9.884166896881077946e+01
8.644604405902280632e+03 1.007380192662875089e+02
8.644804498590425283e+03 1.015759296095427686e+02
8.645004591278569933e+03 1.013428742506508229e+02
8.645204683966716402e+03 1.018800103872757461e+02
8.645404776654857415e+03 9.774674593744593665e+01
8.645604869343003884e+03 9.862975239843574116e+01
8.645804962031146715e+03 9.968273371939174865e+01
8.646005054719293184e+03 1.000628567743664945e+02
8.646205147407436016e+03 9.987155989535865785e+01
8.646405240095580666e+03 9.979826147639700196e+01
8.646605332783725316e+03 9.855374580954330099e+01
8.646805425471869967e+03 1.003962339224480331e+02
8.647005518160012798e+03 9.946154720950197259e+01
8.647205610848159267e+03 9.941166259872228750e+01
8.647405703536302099e+03 9.736813581993244782e+01
8.647605796224448568e+03 9.808797540415858407e+01
8.647805888912589580e+03 1.006705413218986962e+02
8.648005981600736050e+03 9.890943270984523394e+01
8.648206074288880700e+03 9.699829506326531714e+01
8.648406166977025350e+03 9.834763333871032387e+01
8.648606259665168182e+03 9.826845421920312162e+01
8.648806352353312832e+03 9.889680882200194389e+01
8.649006445041457482e+03 9.959395895963710643e+01
8.649206537729603951e+03 1.007909486852563248e+02
8.649406630417744964e+03 1.000535038099210823e+02
8.649606723105891433e+03 9.949700959564742675e+01
8.649806815794034264e+03 1.015702160308222801e+02
8.650006908482180734e+03 9.867850669235784267e+01
8.650207001170323565e+03 9.888517420705083794e+01
8.650407093858468215e+03 1.010017646817595534e+02
8.650607186546612866e+03 9.961726104017409966e+01
8.650807279234757516e+03 9.995363072723725395e+01
8.651007371922900347e+03 9.941523973436079586e+01
8.651207464611046817e+03 9.914493156431323939e+01
8.651407557299189648e+03 9.957630269763683373e+01
8.651607649987336117e+03 9.925651981284606507e+01
8.651807742675477130e+03 9.775083315836367603e+01
8.652007835363623599e+03 9.821517199205302973e+01
8.652207928051768249e+03 9.944669192797611856e+01
8.652408020739912899e+03 9.845345278904987651e+01
8.652608113428055731e+03 9.607540941571116377e+01
8.652808206116200381e+03 9.798069605413965633e+01
8.653008298804345031e+03 9.715281247058288727e+01
8.653208391492491501e+03 9.940405408679988852e+01
8.653408484180634332e+03 9.705807153537615761e+01
8.653608576868778982e+03 9.809520217699073896e+01
8.653808669556921814e+03 9.877649663418135617e+01
8.654008762245068283e+03 1.014202827830999496e+02
8.654208854933212933e+03 1.020440126276184714e+02
8.654408947621355765e+03 9.898335059823413928e+01
8.654609040309500415e+03 9.669007607285116990e+01
8.654809132997645065e+03 9.506909880502983867e+01
8.655009225685789715e+03 9.890990882111962890e+01
8.655209318373934366e+03 9.858331146629772945e+01
8.655409411062077197e+03 9.917254480167552799e+01
8.655609503750223666e+03 1.004319294509872122e+02
8.655809596438366498e+03 9.752815662118111106e+01
8.656009689126511148e+03 9.969875710946331537e+01
8.656209781814655798e+03 9.754474599021227732e+01
8.656409874502800449e+03 9.915199266864841832e+01
8.656609967190945099e+03 9.868789124523190992e+01
8.656810059879087930e+03 9.704487949364730071e+01
8.657010152567232581e+03 9.957943166587595840e+01
8.657210245255379050e+03 9.953292548673687179e+01
8.657410337943521881e+03 9.786576557217388483e+01
8.657610430631666532e+03 9.663286211603087850e+01
8.657810523319809363e+03 9.980058861558613614e+01
8.658010616007955832e+03 9.946776189995001971e+01
8.658210708696100482e+03 9.641878386018125013e+01
8.658410801384243314e+03 9.756470401254057379e+01
8.658610894072389783e+03 9.737843466602987519e+01
8.658810986760532614e+03 9.785577698277943171e+01
8.659011079448679084e+03 9.760089901840736104e+01
8.659211172136821915e+03 9.883043539243799103e+01
8.659411264824966565e+03 9.488300339325517996e+01
8.659611357513111216e+03 9.881715863294407143e+01
8.659811450201255866e+03 9.482676097034395468e+01
8.660011542889398697e+03 9.684082371439805570e+01
8.660211635577545167e+03 9.965110620439327249e+01
8.660411728265687998e+03 9.592198239665043502e+01
8.660611820953834467e+03 9.466896828323000079e+01
8.660811913641975480e+03 9.596513523411636015e+01
8.661012006330121949e+03 9.469004271964574571e+01
8.661212099018266599e+03 9.428755849284125645e+01
8.661412191706411249e+03 9.470153939724400516e+01
8.661612284394554081e+03 9.525965450846629778e+01
8.661812377082698731e+03 9.193340163648964847e+01
8.662012469770843381e+03 9.230868552897240420e+01
8.662212562458989851e+03 9.397531065892113133e+01
8.662412655147130863e+03 9.013186664530357461e+01
8.662612747835277332e+03 9.102872215410616263e+01
8.662812840523420164e+03 8.915149345208993736e+01
8.663012933211566633e+03 9.124851570575410165e+01
8.663213025899709464e+03 8.987911615457716152e+01
8.663413118587854115e+03 8.751395165871609549e+01
8.663613211275998765e+03 8.452975013530951287e+01
8.663813303964143415e+03 8.532212643995842427e+01
8.664013396652286247e+03 8.440070784907727841e+01
8.664213489340432716e+03 8.172134635671672243e+01
8.664413582028575547e+03 7.888570864855336140e+01
8.664613674716722016e+03 7.616452621997645167e+01
8.664813767404863029e+03 7.131836801380394775e+01
8.665013860093009498e+03 6.840253005256501240e+01
8.665213952781154148e+03 6.445764797581740879e+01
8.665414045469298799e+03 5.915615760270954837e+01
8.665614138157441630e+03 5.335966630538185029e+01
8.665814230845586280e+03 4.971643546500477839e+01
8.666014323533730931e+03 4.736170037696595614e+01
8.666214416221877400e+03 4.454706646484929422e+01
8.666414508910018412e+03 4.680869411421281967e+01
8.666614601598164882e+03 5.071157583740367869e+01
8.666814694286307713e+03 5.660419627680872168e+01
8.667014786974454182e+03 6.380512858435253776e+01
8.667214879662598833e+03 6.570421090068013825e+01
8.667414972350741664e+03 7.360184705206840761e+01
8.667615065038886314e+03 7.566636544004983023e+01
8.667815157727030964e+03 7.953916036170599568e+01
8.668015250415175615e+03 8.033701385935876260e+01
8.668215343103320265e+03 8.287062701953506405e+01
8.668415435791463096e+03 8.418750318668132593e+01
8.668615528479609566e+03 8.693078631765339992e+01
8.668815621167752397e+03 8.691591852575962207e+01
8.669015713855897047e+03 8.747575206822324390e+01
8.669215806544041698e+03 8.961176533607959982e+01
8.669415899232186348e+03 9.037370148246550627e+01
8.669615991920330998e+03 9.190550700358726033e+01
8.669816084608473830e+03 9.382869118313689683e+01
8.670016177296618480e+03 9.271576379123744971e+01
8.670216269984764949e+03 9.240723273325198761e+01
8.670416362672907781e+03 9.364614886183326803e+01
8.670616455361052431e+03 9.518241299590452797e+01
8.670816548049195262e+03 9.418538268496065768e+01
8.671016640737341731e+03 9.328631125925033984e+01
8.671216733425486382e+03 9.220408759528791620e+01
8.671416826113629213e+03 9.574536325462018738e+01
8.671616918801773863e+03 9.669342301207213097e+01
8.671817011489918514e+03 9.424824133522577085e+01
8.672017104178063164e+03 9.713954282398245255e+01
8.672217196866207814e+03 9.768548663552756750e+01
8.672417289554350646e+03 9.740149327883810315e+01
8.672617382242497115e+03 9.618560095851994163e+01
8.672817474930639946e+03 9.777875419144014302e+01
8.673017567618784597e+03 9.575287703573962972e+01
8.673217660306929247e+03 9.951471315738425005e+01
8.673417752995073897e+03 9.604697276665118011e+01
8.673617845683218547e+03 9.888688327656592492e+01
8.673817938371361379e+03 9.862606503675814906e+01
8.674018031059506029e+03 9.920408857668373059e+01
8.674218123747652498e+03 9.930389248829347082e+01
8.674418216435795330e+03 9.796923882534159134e+01
8.674618309123939980e+03 9.909592815865563864e+01
8.674818401812082811e+03 9.714481356522757949e+01
8.675018494500229281e+03 9.852338758530503071e+01
8.675218587188373931e+03 9.748936002747547036e+01
8.675418679876516762e+03 9.998775939371174104e+01
8.675618772564661413e+03 1.003096261843007682e+02
8.675818865252806063e+03 9.628479170780150298e+01
8.676018957940952532e+03 9.897274617572490740e+01
8.676219050629095364e+03 9.734372039160334111e+01
8.676419143317240014e+03 9.857739742173633601e+01
8.676619236005384664e+03 9.811788047859226936e+01
8.676819328693529314e+03 9.754456364253547918e+01
8.677019421381672146e+03 9.869176620285213630e+01
8.677219514069818615e+03 1.000591646123711200e+02
8.677419606757961446e+03 9.703221717077204289e+01
8.677619699446107916e+03 9.884885536877656875e+01
8.677819792134248928e+03 9.999493069515573040e+01
8.678019884822395397e+03 9.862867061584161377e+01
8.678219977510540048e+03 9.751041166267371807e+01
8.678420070198684698e+03 9.340333150656908856e+01
8.678620162886827529e+03 9.171531498335978938e+01
8.678820255574972180e+03 8.634364495331274725e+01
8.679020348263116830e+03 8.983911726346751436e+01
8.679220440951263299e+03 8.889372587499275369e+01
8.679420533639404312e+03 9.120709975855494633e+01
8.679620626327550781e+03 9.527540898618310905e+01
8.679820719015693612e+03 9.524620475288857335e+01
8.680020811703840081e+03 9.781626044293932409e+01
8.680220904391982913e+03 9.931769895310704044e+01
8.680420997080127563e+03 9.779889662740271206e+01
8.680621089768272213e+03 9.846731774230259759e+01
8.680821182456416864e+03 9.871939906004857335e+01
8.681021275144561514e+03 9.887013934216587074e+01
8.681221367832706164e+03 9.765190538076679161e+01
8.681421460520848996e+03 9.994143173699900728e+01
8.681621553208995465e+03 9.672979241089983304e+01
8.681821645897138296e+03 9.987088262627979418e+01
8.682021738585282947e+03 9.993774780951169134e+01
8.682221831273427597e+03 1.004992409318920181e+02
8.682421923961572247e+03 9.662739572204390015e+01
8.682622016649716898e+03 9.833381284252909893e+01
8.682822109337859729e+03 9.783481030293197023e+01
8.683022202026004379e+03 9.933239322572580932e+01
8.683222294714150848e+03 9.985773836864963471e+01
8.683422387402293680e+03 9.972771038925071707e+01
8.683622480090438330e+03 9.919334986167898194e+01
8.683822572778581161e+03 9.997531471929337954e+01
8.684022665466727631e+03 9.974021627855624672e+01
8.684222758154872281e+03 9.804923683665938938e+01
8.684422850843015112e+03 9.917993854263377784e+01
8.684622943531159763e+03 1.004277935439038032e+02
8.684823036219304413e+03 9.955840304603705704e+01
8.685023128907449063e+03 9.644739581190694366e+01
8.685223221595593714e+03 1.024762401337771394e+02
8.685423314283736545e+03 9.865688816273861050e+01
8.685623406971883014e+03 9.924737787340737327e+01
8.685823499660025846e+03 9.864710024140852340e+01
8.686023592348170496e+03 9.745367687942624002e+01
8.686223685036315146e+03 9.955467817796085228e+01
8.686423777724459796e+03 9.860543088641851739e+01
8.686623870412604447e+03 9.942742437011757772e+01
8.686823963100747278e+03 9.733109313633643467e+01
8.687024055788891928e+03 9.525943173687417698e+01
8.687224148477038398e+03 9.601308216895897374e+01
8.687424241165181229e+03 9.775849352066816778e+01
8.687624333853325879e+03 9.759672857350298614e+01
8.687824426541468711e+03 9.783270301947149505e+01
8.688024519229615180e+03 9.884309862184603901e+01
8.688224611917759830e+03 9.907359614968535766e+01
8.688424704605902662e+03 9.851680820797848526e+01
8.688624797294047312e+03 9.974781644100080769e+01
8.688824889982191962e+03 9.934442683701443855e+01
8.689024982670336613e+03 9.806235432226476689e+01
8.689225075358481263e+03 9.859903736644855599e+01
8.689425168046624094e+03 9.918151549232523223e+01
8.689625260734770563e+03 1.016223810726996106e+02
8.689825353422913395e+03 9.943234826330915155e+01
8.690025446111058045e+03 9.914019916224501117e+01
8.690225538799202695e+03 9.901591953298054705e+01
8.690425631487347346e+03 1.001217326644934218e+02
8.690625724175491996e+03 9.815490745540520834e+01
8.690825816863634827e+03 9.809990000989903081e+01
8.691025909551779478e+03 9.849264165339076271e+01
8.691226002239925947e+03 1.024521332438138188e+02
8.691426094928068778e+03 9.885590724551163078e+01
8.691626187616213429e+03 9.772198902937105913e+01
8.691826280304356260e+03 9.587232876450156027e+01
8.692026372992502729e+03 8.983548753728804570e+01
8.692226465680647379e+03 8.257881974920459811e+01
8.692426558368790211e+03 7.470072909001730466e+01
8.692626651056934861e+03 7.038885171427006071e+01
8.692826743745079511e+03 7.330462617867398478e+01
8.693026836433225981e+03 8.148448715239177886e+01
8.693226929121368812e+03 8.726056276096110764e+01
8.693427021809513462e+03 9.456750008707611244e+01
8.693627114497658113e+03 9.775362902584410563e+01
8.693827207185802763e+03 9.906360196004344232e+01
8.694027299873945594e+03 9.755189519566951617e+01
8.694227392562092064e+03 9.963887409762874370e+01
8.694427485250234895e+03 9.793576766114857435e+01
8.694627577938381364e+03 9.938065697543090948e+01
8.694827670626524196e+03 9.855575865412706094e+01
8.695027763314668846e+03 1.000004757281779604e+02
8.695227856002813496e+03 1.007670477812804251e+02
8.695427948690958146e+03 9.999161834068220855e+01
8.695628041379102797e+03 9.891796427533556368e+01
8.695828134067245628e+03 1.012772700511837769e+02
8.696028226755390278e+03 9.882602572194646484e+01
8.696228319443536748e+03 9.949029600915798710e+01
8.696428412131679579e+03 9.799610032138521376e+01
8.696628504819824229e+03 9.974838321936259433e+01
8.696828597507967061e+03 9.929716111055581962e+01
8.697028690196113530e+03 9.900161637029881945e+01
8.697228782884258180e+03 1.004951048256151154e+02
8.697428875572401012e+03 9.962425299753313368e+01
8.697628968260545662e+03 1.005600533505785421e+02
8.697829060948690312e+03 9.867689260059279377e+01
8.698029153636834963e+03 1.026823036157946518e+02
8.698229246324979613e+03 9.893516320566845934e+01
8.698429339013122444e+03 9.954430009696780246e+01
8.698629431701268913e+03 9.965214719503912022e+01
8.698829524389411745e+03 1.017318067405907271e+02
8.699029617077556395e+03 1.006169483267029676e+02
8.699229709765701045e+03 9.961980242458011503e+01
8.699429802453845696e+03 1.021401098458825487e+02
8.699629895141990346e+03 1.012039949473764722e+02
8.699829987830133177e+03 1.007842364467347949e+02
8.700030080518277828e+03 1.005450215810456314e+02
8.700230173206424297e+03 1.004727445046693788e+02
8.700430265894567128e+03 9.863006210020778042e+01
8.700630358582711779e+03 9.915080107535692377e+01
8.700830451270854610e+03 1.000205026155004191e+02
8.701030543959001079e+03 1.001697145715532145e+02
8.701230636647145730e+03 1.011525951673851011e+02
8.701430729335288561e+03 1.000105953371578096e+02
8.701630822023433211e+03 9.874714410766435435e+01
8.701830914711577861e+03 9.914117688033012143e+01
8.702031007399722512e+03 9.885207577074503149e+01
8.702231100087867162e+03 1.011922083697754857e+02
8.702431192776009993e+03 9.785728500239326877e+01
8.702631285464156463e+03 9.911023949195330829e+01
8.702831378152299294e+03 9.916931667607339307e+01
8.703031470840443944e+03 9.844228607100946249e+01
8.703231563528588595e+03 9.662573626212018496e+01
8.703431656216733245e+03 9.699326535741984401e+01
8.703631748904877895e+03 9.841659248071421473e+01
8.703831841593020727e+03 9.839624388876316630e+01
8.704031934281165377e+03 9.790316544848678859e+01
8.704232026969311846e+03 9.833361728915855338e+01
8.704432119657454678e+03 1.003898084905390959e+02
8.704632212345599328e+03 9.878757208226082298e+01
8.704832305033742159e+03 9.881866172896650369e+01
8.705032397721888628e+03 9.904492998202255194e+01
8.705232490410033279e+03 9.867017096944692867e+01
8.705432583098176110e+03 9.786110245673377506e+01
8.705632675786320760e+03 1.005897474253142008e+02
8.705832768474465411e+03 9.995508381948789633e+01
8.706032861162610061e+03 9.921821678698492519e+01
8.706232953850754711e+03 9.977943901186444009e+01
8.706433046538897543e+03 9.782557102560848250e+01
8.706633139227044012e+03 9.921200417674916139e+01
8.706833231915186843e+03 9.843810678166381933e+01
8.707033324603331494e+03 1.004197229160401434e+02
8.707233417291476144e+03 9.973727411563346834e+01
8.707433509979620794e+03 9.937901588189721735e+01
8.707633602667765444e+03 9.897311356236063773e+01
8.707833695355908276e+03 9.969626117764028095e+01
8.708033788044052926e+03 1.012949892318601712e+02
8.708233880732199395e+03 1.003693086752155921e+02
8.708433973420342227e+03 9.942381681396526005e+01
8.708634066108488696e+03 9.954944496737381598e+01
8.708834158796629708e+03 1.006387209545238477e+02
8.709034251484776178e+03 1.005249763845748276e+02
8.709234344172920828e+03 9.914180613117024166e+01
8.709434436861065478e+03 1.005130241796039741e+02
8.709634529549208310e+03 9.990768703848824828e+01
8.709834622237352960e+03 1.008169863218415969e+02
8.710034714925497610e+03 9.852604622840976845e+01
8.710234807613644080e+03 1.005938691925002502e+02
8.710434900301786911e+03 9.760933922269529717e+01
8.710634992989931561e+03 1.005127862367927349e+02
8.710835085678076211e+03 1.030458832793277821e+02
8.711035178366220862e+03 9.712221484338286359e+01
8.711235271054365512e+03 9.978778218400161393e+01
8.711435363742508343e+03 9.868534257951723987e+01
8.711635456430654813e+03 9.900806732789673958e+01
8.711835549118797644e+03 9.877463242972562796e+01
8.712035641806942294e+03 9.918602584864750327e+01
8.712235734495086945e+03 1.010396843041455810e+02
8.712435827183231595e+03 1.009848234246947669e+02
8.712635919871376245e+03 1.013064629174534730e+02
8.712836012559519077e+03 9.998403369249130890e+01
8.713036105247663727e+03 1.003774695235344581e+02
8.713236197935810196e+03 9.992897943895012247e+01
8.713436290623953028e+03 9.854782908067417679e+01
8.713636383312097678e+03 9.983114951027060613e+01
8.713836476000240509e+03 9.694930613275435860e+01
8.714036568688386978e+03 9.532729688822480796e+01
8.714236661376531629e+03 9.398970149930171658e+01
8.714436754064674460e+03 9.268651821185396500e+01
8.714636846752819110e+03 9.566769563092093165e+01
8.714836939440963761e+03 9.766054259765323309e+01
8.715037032129108411e+03 9.547970771142806257e+01
8.715237124817253061e+03 1.000479730495137716e+02
8.715437217505395893e+03 9.842531726245897516e+01
8.715637310193542362e+03 1.017620954803168303e+02
8.715837402881685193e+03 1.011931784200740481e+02
8.716037495569829844e+03 9.959512309868651414e+01
8.716237588257974494e+03 9.848501772547682265e+01
8.716437680946119144e+03 1.006802369583569572e+02
8.716637773634263795e+03 9.717283178082183781e+01
8.716837866322406626e+03 9.680601021281745489e+01
8.717037959010551276e+03 9.544823344808038712e+01
8.717238051698697745e+03 9.215294315338255160e+01
8.717438144386840577e+03 9.696679022413722748e+01
8.717638237074985227e+03 9.635041801754175594e+01
8.717838329763128058e+03 9.838186586013561907e+01
8.718038422451274528e+03 9.857433796816061999e+01
8.718238515139419178e+03 1.003302783330565688e+02
8.718438607827562009e+03 1.015807589642433300e+02
8.718638700515706660e+03 9.808189007296606121e+01
8.718838793203851310e+03 1.015334054388204095e+02
8.719038885891995960e+03 1.008511922768307585e+02
8.719238978580140611e+03 9.970253922029301918e+01
8.719439071268283442e+03 1.018168609923502714e+02
8.719639163956429911e+03 1.012905289898012455e+02
8.719839256644572743e+03 9.855511772417975180e+01
8.720039349332717393e+03 1.009372691321999724e+02
8.720239442020862043e+03 9.975643970655480075e+01
8.720439534709006693e+03 1.010036647123230580e+02
8.720639627397151344e+03 1.003418179824133176e+02
8.720839720085294175e+03 9.932084219978221995e+01
8.721039812773438825e+03 1.000191956803584787e+02
8.721239905461585295e+03 9.792408310707308772e+01
8.721439998149728126e+03 9.869298270610501334e+01
8.721640090837872776e+03 9.651325314355456442e+01
8.721840183526015608e+03 9.840883208857879083e+01
8.722040276214162077e+03 9.832453617982770311e+01
8.722240368902306727e+03 1.000728915666267369e+02
8.722440461590451378e+03 9.589232462654949529e+01
8.722640554278594209e+03 9.979525884970354355e+01
8.722840646966738859e+03 9.721861305796828390e+01
8.723040739654883510e+03 1.013519848974154627e+02
8.723240832343029979e+03 1.012083665615498234e+02
8.723440925031170991e+03 1.001242849168432798e+02
8.723641017719317460e+03 9.904043879569550768e+01
8.723841110407460292e+03 1.009969733363392805e+02
8.724041203095606761e+03 9.971383884980448897e+01
8.724241295783749592e+03 1.000801931247585799e+02
8.724441388471894243e+03 1.011508931596550553e+02
8.724641481160038893e+03 1.009378210091979469e+02
8.724841573848183543e+03 1.005804785209853804e+02
8.725041666536326375e+03 9.831301205937330678e+01
8.725241759224472844e+03 1.005418255507074718e+02
8.725441851912615675e+03 9.848213134064862118e+01
8.725641944600762145e+03 9.973587492371642327e+01
8.725842037288903157e+03 1.008837672142855979e+02
8.726042129977049626e+03 9.858850845306199062e+01
8.726242222665194276e+03 9.877956080539790662e+01
8.726442315353338927e+03 1.004880599249889599e+02
8.726642408041481758e+03 9.830215299241102400e+01
8.726842500729626408e+03 9.759311481548741085e+01
8.727042593417771059e+03 1.009724513430173971e+02
8.727242686105917528e+03 9.994441990995898095e+01
8.727442778794060359e+03 9.846910473513727879e+01
8.727642871482205010e+03 1.027032915188392934e+02
8.727842964170349660e+03 1.006236739149400563e+02
8.728043056858494310e+03 1.009100342432343780e+02
8.728243149546638961e+03 1.012275783561920974e+02
8.728443242234781792e+03 1.002222302688267348e+02
8.728643334922928261e+03 9.845012372291007807e+01
8.728843427611071093e+03 9.780443925469654687e+01
8.729043520299215743e+03 9.623115619244440211e+01
8.729243612987360393e+03 9.891111265600002866e+01
8.729443705675505043e+03 1.029266319285313500e+02
8.729643798363649694e+03 1.001119517319293664e+02
8.729843891051792525e+03 9.764086390378017200e+01
8.730043983739937175e+03 9.827032090583715274e+01
8.730244076428083645e+03 9.942066100281282104e+01
8.730444169116226476e+03 9.877940286970083150e+01
8.730644261804371126e+03 9.981599574207285741e+01
8.730844354492513958e+03 1.005992929431599379e+02
8.731044447180660427e+03 1.010860787221741219e+02
8.731244539868805077e+03 9.985169880229537398e+01
8.731444632556947909e+03 1.009629078590608344e+02
8.731644725245092559e+03 9.928185617346905190e+01
8.731844817933237209e+03 9.996082649407364329e+01
8.732044910621381860e+03 1.007274422084870906e+02
8.732245003309526510e+03 9.817378222503809582e+01
8.732445095997669341e+03 9.774158328014767960e+01
8.732645188685815810e+03 9.715755213484214892e+01
8.732845281373958642e+03 9.952872130850337840e+01
8.733045374062103292e+03 9.891729344559000481e+01
8.733245466750247942e+03 9.962017983933186827e+01
8.733445559438392593e+03 1.005706383532328800e+02
8.733645652126537243e+03 9.978000174239741682e+01
8.733845744814680074e+03 9.988627349186430138e+01
8.734045837502824725e+03 9.823115509455531935e+01
