8.485061243721505889e+03 9.668852463200884984e+01
8.485261363090463419e+03 9.779724107276892653e+01
8.485461482459419130e+03 9.829681323617391797e+01
8.485661601828374842e+03 9.393100227467257923e+01
8.485861721197330553e+03 1.038459984508626945e+02
8.486061840566284445e+03 1.009293537121497906e+02
8.486261959935241975e+03 1.059144522303735840e+02
8.486462079304197687e+03 9.633635096600255565e+01
8.486662198673153398e+03 9.378999761656487522e+01
8.486862318042109109e+03 9.125470055909330824e+01
8.487062437411063001e+03 9.172742827826347423e+01
8.487262556780020532e+03 9.133111135782117174e+01
8.487462676148976243e+03 9.503659863204940450e+01
8.487662795517931954e+03 9.440782590478050906e+01
8.487862914886887665e+03 9.975698163513770567e+01
8.488063034255841558e+03 9.596450465038871869e+01
8.488263153624799088e+03 9.882307111408404410e+01
8.488463272993754799e+03 9.884986967018818405e+01
8.488663392362710510e+03 9.705254276642772027e+01
8.488863511731666222e+03 1.004376603852736736e+02
8.489063631100620114e+03 1.052743404015797637e+02
8.489263750469577644e+03 9.786836380889954512e+01
8.489463869838533356e+03 1.019219010520072999e+02
8.489663989207489067e+03 9.674294958372854580e+01
8.489864108576442959e+03 9.900843174999396012e+01
8.490064227945398670e+03 9.996266147841276961e+01
8.490264347314356201e+03 1.009505575251149025e+02
8.490464466683311912e+03 1.020196680814122914e+02
8.490664586052267623e+03 9.841471273639663764e+01
8.490864705421221515e+03 1.001689162811440781e+02
8.491064824790177227e+03 9.871533025028634256e+01
8.491264944159134757e+03 9.853171652495798583e+01
8.491465063528090468e+03 1.006081840566584589e+02
8.491665182897046179e+03 9.790409565579081175e+01
8.491865302266000072e+03 9.637547356750775407e+01
8.492065421634955783e+03 1.053237010943753660e+02
8.492265541003913313e+03 9.446085221803136278e+01
8.492465660372869024e+03 9.575569556799064230e+01
8.492665779741824736e+03 9.523794558393400678e+01
8.492865899110778628e+03 9.979784328650363534e+01
8.493066018479734339e+03 9.851783606711832419e+01
8.493266137848691869e+03 9.558231527311866671e+01
8.493466257217647581e+03 9.866249957765558065e+01
8.493666376586601473e+03 9.852874090995128142e+01
8.493866495955557184e+03 1.015432805360653958e+02
8.494066615324512895e+03 9.852939622884370863e+01
8.494266734693470426e+03 9.980254126037445417e+01
8.494466854062426137e+03 1.001580300972839979e+02
8.494666973431380029e+03 9.869791407459192101e+01
8.494867092800335740e+03 1.000679179252071833e+02
8.495067212169291452e+03 9.998254266164857995e+01
8.495267331538248982e+03 1.009439496207147897e+02
8.495467450907204693e+03 1.027549992972840585e+02
8.495667570276158585e+03 9.824436580216607240e+01
8.495867689645114297e+03 1.051390332730121031e+02
8.496067809014070008e+03 9.227381766560444021e+01
8.496267928383027538e+03 1.000314726572434978e+02
8.496468047751983249e+03 9.561568261987254402e+01
8.496668167120937142e+03 9.288687047036329147e+01
8.496868286489892853e+03 9.681324461571794870e+01
8.497068405858848564e+03 9.439988036389466686e+01
8.497268525227806094e+03 9.543906248785394553e+01
8.497468644596761806e+03 9.713907692820441753e+01
8.497668763965715698e+03 9.786677548909992197e+01
8.497868883334671409e+03 9.864564089750538756e+01
8.498069002703627120e+03 1.005360799477956704e+02
8.498269122072584651e+03 9.894630202773083738e+01
8.498469241441538543e+03 9.210823679553844556e+01
8.498669360810494254e+03 9.344495090152445016e+01
8.498869480179449965e+03 9.667156668742312320e+01
8.499069599548407496e+03 9.567131001042542948e+01
8.499269718917363207e+03 9.374053747680949300e+01
8.499469838286317099e+03 9.406478518204042416e+01
8.499669957655272810e+03 9.484548444019857527e+01
8.499870077024228522e+03 9.732233450703316180e+01
8.500070196393186052e+03 9.394501842795716584e+01
8.500270315762141763e+03 8.864423031127742547e+01
8.500470435131095655e+03 8.983698700860117015e+01
8.500670554500051367e+03 9.186413887245400645e+01
8.500870673869007078e+03 9.079757459084370907e+01
8.501070793237964608e+03 8.986918738278203023e+01
8.501270912606920319e+03 9.563961297432383901e+01
8.501471031975874212e+03 7.987180931623315416e+01
8.501671151344829923e+03 7.942637316665002345e+01
8.501871270713785634e+03 7.549432494483555445e+01
8.502071390082743164e+03 7.263015262603056499e+01
8.502271509451697057e+03 6.248221106871611852e+01
8.502471628820652768e+03 6.258589345919568103e+01
8.502671748189608479e+03 5.495541787763949060e+01
8.502871867558564190e+03 4.861548223351945808e+01
8.503071986927521721e+03 4.265269846755590777e+01
8.503272106296475613e+03 4.191139563443171312e+01
8.503472225665431324e+03 5.005024545056858187e+01
8.503672345034387035e+03 5.820416874810448604e+01
8.503872464403342747e+03 6.080694865236134206e+01
8.504072583772300277e+03 7.489809369748643064e+01
8.504272703141254169e+03 7.461535884228064219e+01
8.504472822510209880e+03 8.133515812679675605e+01
8.504672941879165592e+03 8.497443259824382267e+01
8.504873061248121303e+03 8.291886104509561051e+01
8.505073180617078833e+03 8.652833228700210100e+01
8.505273299986032725e+03 9.032497263857588621e+01
8.505473419354988437e+03 9.668917077176075736e+01
8.505673538723944148e+03 9.691483469698813735e+01
8.505873658092899859e+03 9.544534404070692801e+01
8.506073777461857389e+03 9.498272277708313993e+01
8.506273896830811282e+03 9.309825424682260575e+01
8.506474016199766993e+03 8.826726124591375822e+01
8.506674135568722704e+03 8.277792412778823916e+01
8.506874254937678415e+03 8.338571482104336496e+01
8.507074374306634127e+03 8.492372240628402835e+01
8.507274493675589838e+03 8.458042145197829598e+01
8.507474613044545549e+03 8.454144339291093502e+01
8.507674732413501260e+03 8.729504666542059965e+01
8.507874851782456972e+03 8.987007234210526008e+01
8.508074971151412683e+03 9.242059155374266766e+01
8.508275090520368394e+03 9.329888482062034427e+01
8.508475209889324105e+03 8.842523744717513523e+01
8.508675329258279817e+03 1.004146318317576885e+02
8.508875448627235528e+03 9.639294846457595156e+01
8.509075567996191239e+03 1.008611513992777873e+02
8.509275687365146950e+03 9.639166541661069232e+01
8.509475806734102662e+03 9.817510994085856169e+01
8.509675926103058373e+03 9.620538705483039621e+01
8.509876045472014084e+03 1.024173890728269356e+02
8.510076164840969795e+03 1.001785160521214237e+02
8.510276284209925507e+03 9.461993733851048205e+01
8.510476403578881218e+03 9.811931849230016667e+01
8.510676522947836929e+03 9.728568152049277273e+01
8.510876642316790821e+03 1.005193998097355177e+02
8.511076761685748352e+03 1.036209259300767798e+02
8.511276881054704063e+03 1.017194561574451797e+02
8.511477000423659774e+03 9.324079686958575053e+01
8.511677119792615485e+03 9.978823802424861356e+01
8.511877239161569378e+03 9.583288955326261771e+01
8.512077358530526908e+03 9.462686849473540462e+01
8.512277477899482619e+03 9.758099821888875169e+01
8.512477597268438331e+03 9.839518887858291407e+01
8.512677716637394042e+03 1.005982211141029694e+02
8.512877836006347934e+03 1.000786928985076827e+02
8.513077955375305464e+03 1.001724971872536400e+02
8.513278074744261176e+03 9.892792498830829118e+01
8.513478194113216887e+03 1.028953797266287751e+02
8.513678313482172598e+03 1.008989814654771493e+02
8.513878432851126490e+03 9.702408601493610263e+01
8.514078552220084021e+03 1.008853963735815995e+02
8.514278671589039732e+03 9.900858514692556867e+01
8.514478790957995443e+03 1.013089034648353390e+02
8.514678910326951154e+03 9.822226062256365253e+01
8.514879029695905047e+03 1.040291923877533691e+02
8.515079149064862577e+03 9.771501067692793185e+01
8.515279268433818288e+03 1.045558172596223727e+02
8.515479387802773999e+03 9.904154700984034321e+01
8.515679507171727892e+03 9.557259342156152115e+01
8.515879626540683603e+03 1.011000997413372033e+02
8.516079745909641133e+03 9.349501387794649077e+01
8.516279865278596844e+03 9.945980188416127987e+01
8.516479984647552556e+03 9.355896515794246682e+01
8.516680104016506448e+03 1.000587582677805187e+02
8.516880223385462159e+03 9.929099298341522228e+01
8.517080342754419689e+03 1.025964372248127745e+02
8.517280462123375401e+03 1.006522292977323900e+02
8.517480581492331112e+03 9.358783585200301047e+01
8.517680700861285004e+03 9.645114735823955243e+01
8.517880820230240715e+03 9.834754846721062904e+01
8.518080939599198246e+03 1.025678458795295001e+02
8.518281058968153957e+03 9.596119136437586405e+01
8.518481178337109668e+03 9.625971415191985159e+01
8.518681297706063560e+03 9.404978552461346908e+01
8.518881417075019272e+03 8.770005914259728286e+01
8.519081536443976802e+03 8.257493422511750225e+01
8.519281655812932513e+03 8.260308758578457855e+01
8.519481775181886405e+03 8.580776286858771584e+01
8.519681894550842117e+03 8.961656506529172361e+01
8.519882013919797828e+03 8.735992497272414425e+01
8.520082133288755358e+03 8.874543110442843385e+01
8.520282252657711069e+03 8.999082753008339353e+01
8.520482372026664962e+03 9.568730855334788998e+01
8.520682491395620673e+03 9.426477804802031812e+01
8.520882610764576384e+03 9.287491507227260001e+01
8.521082730133533914e+03 1.021505110540635428e+02
8.521282849502489626e+03 9.988717127882696900e+01
8.521482968871443518e+03 9.821613672070439804e+01
8.521683088240399229e+03 9.974522523361736148e+01
8.521883207609354940e+03 9.814038879851598551e+01
8.522083326978312471e+03 1.024294125376797524e+02
8.522283446347268182e+03 1.000980497929678563e+02
8.522483565716222074e+03 9.884810717076051390e+01
8.522683685085177785e+03 9.571856310756902531e+01
8.522883804454133497e+03 9.774839815688554268e+01
8.523083923823091027e+03 9.030152190282933589e+01
8.523284043192046738e+03 9.730254547366396878e+01
8.523484162561000630e+03 9.800252078494186492e+01
8.523684281929956342e+03 9.643059369954399074e+01
8.523884401298912053e+03 9.498912656582234604e+01
8.524084520667869583e+03 9.660664254173337895e+01
8.524284640036823475e+03 9.893730762055167816e+01
8.524484759405779187e+03 1.024001714992518259e+02
8.524684878774734898e+03 9.892451801910453923e+01
8.524884998143690609e+03 1.024081015551512195e+02
8.525085117512648139e+03 9.947767228582212340e+01
8.525285236881602032e+03 9.581128788525917628e+01
8.525485356250557743e+03 1.007873547646385930e+02
8.525685475619513454e+03 1.006980688424556263e+02
8.525885594988469165e+03 9.914696624420464843e+01
8.526085714357426696e+03 9.707244300889423982e+01
8.526285833726380588e+03 9.583349588855976720e+01
8.526485953095336299e+03 9.785522579392065268e+01
8.526686072464292010e+03 9.691662553851968198e+01
8.526886191833247722e+03 9.759596915178133258e+01
8.527086311202205252e+03 9.937417588344045782e+01
8.527286430571159144e+03 9.847552340895606449e+01
8.527486549940114855e+03 9.661881274929915264e+01
8.527686669309070567e+03 1.020871854736190159e+02
8.527886788678026278e+03 9.895529422926317409e+01
8.528086908046981989e+03 9.780789997397850755e+01
8.528287027415937700e+03 1.011256964570609824e+02
8.528487146784893412e+03 9.766566002403740754e+01
8.528687266153849123e+03 9.982943132231281425e+01
8.528887385522804834e+03 9.785372939345219834e+01
8.529087504891760545e+03 1.011706640027397270e+02
8.529287624260716257e+03 9.623888726118852333e+01
8.529487743629671968e+03 9.980642687136655411e+01
8.529687862998627679e+03 9.656421568907849462e+01
8.529887982367583390e+03 9.769428227094502404e+01
8.530088101736539102e+03 9.290644322795905907e+01
8.530288221105494813e+03 9.318537876972716560e+01
8.530488340474450524e+03 9.669382505763284996e+01
8.530688459843406235e+03 9.808451233697181237e+01
8.530888579212361947e+03 9.888668158366296268e+01
8.531088698581317658e+03 9.686524109459543297e+01
8.531288817950273369e+03 9.587962764337754606e+01
8.531488937319229080e+03 9.151343297782686648e+01
8.531689056688184792e+03 9.091723725345042340e+01
8.531889176057140503e+03 9.072943118923323880e+01
8.532089295426096214e+03 8.855772493569784842e+01
8.532289414795051925e+03 8.518459566886855328e+01
8.532489534164007637e+03 8.572196716091160340e+01
8.532689653532963348e+03 8.986239026531487184e+01
8.532889772901917240e+03 9.188765757702259407e+01
8.533089892270874770e+03 9.622843543914991926e+01
8.533290011639830482e+03 9.326824428600427552e+01
8.533490131008786193e+03 9.465817975772466752e+01
8.533690250377741904e+03 9.797878364341561053e+01
8.533890369746695796e+03 9.857006939481928498e+01
8.534090489115653327e+03 9.880893804035018491e+01
8.534290608484609038e+03 9.808862357802632914e+01
8.534490727853564749e+03 1.002686743976543511e+02
8.534690847222520460e+03 9.893990169762309961e+01
8.534890966591474353e+03 9.947746985325498770e+01
8.535091085960431883e+03 9.759320827770618223e+01
8.535291205329387594e+03 9.753898736228688904e+01
8.535491324698343305e+03 9.955287525886562605e+01
8.535691444067299017e+03 9.313547942267021540e+01
8.535891563436252909e+03 9.600723912247821090e+01
8.536091682805210439e+03 9.605890249300333039e+01
8.536291802174166151e+03 9.654591184386809744e+01
8.536491921543121862e+03 9.675943949918095655e+01
8.536692040912075754e+03 9.252501879786716188e+01
8.536892160281031465e+03 9.480922685437687392e+01
8.537092279649988996e+03 9.662637228763475150e+01
8.537292399018944707e+03 9.733266740828571528e+01
8.537492518387900418e+03 9.740184157915402352e+01
8.537692637756854310e+03 9.354783756166369812e+01
8.537892757125810022e+03 9.615969102418378611e+01
8.538092876494767552e+03 9.462632020056220483e+01
8.538292995863723263e+03 9.237433300746072007e+01
8.538493115232678974e+03 9.207694632332153617e+01
8.538693234601632867e+03 9.029393551280254826e+01
8.538893353970588578e+03 9.186678855500417740e+01
8.539093473339546108e+03 9.284401860605949253e+01
8.539293592708501819e+03 9.292755825932815128e+01
8.539493712077457531e+03 9.497032638187241105e+01
8.539693831446411423e+03 9.530247091976144702e+01
8.539893950815367134e+03 9.592469053206050944e+01
8.540094070184324664e+03 9.271619118475628341e+01
8.540294189553280376e+03 8.886320178815805093e+01
8.540494308922236087e+03 9.099835051551224296e+01
8.540694428291191798e+03 8.841613632637640308e+01
8.540894547660145690e+03 8.974536670345116818e+01
8.541094667029103221e+03 8.505824954335058408e+01
8.541294786398058932e+03 8.198998091871438021e+01
8.541494905767012824e+03 8.721311045114595117e+01
8.541695025135970354e+03 8.952995979295197060e+01
8.541895144504924247e+03 8.433944241361632521e+01
8.542095263873881777e+03 8.429178382527689450e+01
8.542295383242837488e+03 9.272947274308697274e+01
8.542495502611791380e+03 8.527205126670411062e+01
8.542695621980748911e+03 8.770819281979719051e+01
8.542895741349702803e+03 8.036453767753521049e+01
8.543095860718660333e+03 8.400652909864527373e+01
8.543295980087616044e+03 8.003287298073256295e+01
8.543496099456569937e+03 8.389728202317310490e+01
8.543696218825527467e+03 7.806689031110791177e+01
8.543896338194481359e+03 7.790666521307397829e+01
8.544096457563438889e+03 8.160310629641607250e+01
8.544296576932394601e+03 7.791782014539793977e+01
8.544496696301348493e+03 7.600358568838831275e+01
8.544696815670306023e+03 7.453722618380867004e+01
8.544896935039259915e+03 7.107195845073651697e+01
8.545097054408217446e+03 6.952073474936780428e+01
8.545297173777171338e+03 6.905461264005154476e+01
8.545497293146127049e+03 6.914004229085907127e+01
8.545697412515084579e+03 6.417992776973206048e+01
8.545897531884038472e+03 6.301906599414431298e+01
8.546097651252996002e+03 5.732814030502125036e+01
8.546297770621949894e+03 5.008080582733813912e+01
8.546497889990905605e+03 5.104663422014139940e+01
8.546698009359863136e+03 4.394350730977338060e+01
8.546898128728817028e+03 3.891286410152936526e+01
8.547098248097774558e+03 3.657804819100772420e+01
8.547298367466728450e+03 3.183748595532209080e+01
8.547498486835684162e+03 3.902512188643635938e+01
8.547698606204641692e+03 4.110947610591047408e+01
8.547898725573595584e+03 4.756250953796273251e+01
8.548098844942553114e+03 5.114639047110397740e+01
8.548298964311507007e+03 5.972699476267332130e+01
8.548499083680462718e+03 6.281111932655483088e+01
8.548699203049420248e+03 6.285574139405061800e+01
8.548899322418374140e+03 6.730160459455737509e+01
8.549099441787331671e+03 6.903677123915021241e+01
8.549299561156285563e+03 7.361857659412984844e+01
8.549499680525241274e+03 7.103005860008541106e+01
8.549699799894198804e+03 7.166140874567271624e+01
8.549899919263152697e+03 7.594002026096282520e+01
8.550100038632108408e+03 7.465263205745479524e+01
8.550300158001064119e+03 7.653485333712613681e+01
8.550500277370019830e+03 7.978906878617040377e+01
8.550700396738977361e+03 7.587363953899262015e+01
8.550900516107931253e+03 7.928092090993285979e+01
8.551100635476886964e+03 8.035020993609109041e+01
8.551300754845842675e+03 8.862137439633953306e+01
8.551500874214798387e+03 8.485239354989163019e+01
8.551700993583755917e+03 8.243154975628969794e+01
8.551901112952709809e+03 8.947013637730960056e+01
8.552101232321665520e+03 8.553808158030977893e+01
8.552301351690621232e+03 8.832181415256546586e+01
8.552501471059576943e+03 9.112667184571957080e+01
8.552701590428534473e+03 9.216487931168802561e+01
8.552901709797488365e+03 9.112361298029705381e+01
8.553101829166444077e+03 9.006751012454050453e+01
8.553301948535399788e+03 8.674871228326917105e+01
8.553502067904355499e+03 9.325786008037464114e+01
8.553702187273313029e+03 9.162467232924926464e+01
8.553902306642265103e+03 9.595371759485460927e+01
8.554102426011222633e+03 9.345611156384883600e+01
8.554302545380178344e+03 9.270164518171581847e+01
8.554502664749134055e+03 9.460712375920003581e+01
8.554702784118091586e+03 9.610562644091395157e+01
8.554902903487043659e+03 8.965106123405196570e+01
8.555103022856001189e+03 9.230714709425429021e+01
8.555303142224956900e+03 9.390062468687015951e+01
8.555503261593912612e+03 9.112841024645652510e+01
8.555703380962870142e+03 9.392115763691650443e+01
8.555903500331822215e+03 8.801791635062508590e+01
8.556103619700779745e+03 9.540509793090268431e+01
8.556303739069735457e+03 9.333392974516056029e+01
8.556503858438691168e+03 9.420593260747682507e+01
8.556703977807648698e+03 9.369388418175812205e+01
8.556904097176600771e+03 1.009749194958216663e+02
8.557104216545558302e+03 9.687235526359998516e+01
8.557304335914514013e+03 9.589122615475733369e+01
8.557504455283469724e+03 9.682601672492950229e+01
8.557704574652425435e+03 9.640527022064351570e+01
8.557904694021379328e+03 9.495785688490114751e+01
8.558104813390336858e+03 9.288370030113546250e+01
8.558304932759292569e+03 9.498016132038569026e+01
8.558505052128248280e+03 9.701418979849810853e+01
8.558705171497203992e+03 9.983831039538394236e+01
8.558905290866157884e+03 9.619546623787651640e+01
8.559105410235115414e+03 9.561614032770428651e+01
8.559305529604071126e+03 9.902631724118458578e+01
8.559505648973026837e+03 9.530479286500106184e+01
8.559705768341982548e+03 9.765028773527819794e+01
8.559905887710936440e+03 9.854520130487482277e+01
8.560106007079893971e+03 9.281359815264211477e+01
8.560306126448849682e+03 9.739813442280522793e+01
8.560506245817805393e+03 9.598467873770520953e+01
8.560706365186761104e+03 9.795829190550871601e+01
8.560906484555714997e+03 1.000573362786514906e+02
8.561106603924672527e+03 9.305000119575117878e+01
8.561306723293628238e+03 9.724055194520209966e+01
8.561506842662583949e+03 8.884087486981513848e+01
8.561706962031539661e+03 8.940683859959190727e+01
8.561907081400493553e+03 8.784790412377293478e+01
8.562107200769451083e+03 8.550054111487654041e+01
8.562307320138406794e+03 9.017083512572166626e+01
8.562507439507360687e+03 9.686910851105528764e+01
8.562707558876318217e+03 9.613580343506092163e+01
8.562907678245272109e+03 9.794291417677183631e+01
8.563107797614229639e+03 9.540946736163779462e+01
8.563307916983185351e+03 9.624564992249514717e+01
8.563508036352139243e+03 9.700497424670741964e+01
8.563708155721096773e+03 9.722530504334443435e+01
8.563908275090050665e+03 9.602878764054884186e+01
8.564108394459008196e+03 9.765119116781139041e+01
8.564308513827963907e+03 9.929812956651946365e+01
8.564508633196917799e+03 9.699747036225961949e+01
8.564708752565875329e+03 9.692672089178323347e+01
8.564908871934829222e+03 9.725752188155334466e+01
8.565108991303786752e+03 9.833238443697149478e+01
8.565309110672742463e+03 9.843655893387916933e+01
8.565509230041696355e+03 9.757547566136312867e+01
8.565709349410653886e+03 9.820527054299256520e+01
8.565909468779607778e+03 9.803085093039167930e+01
8.566109588148565308e+03 9.580636341207166140e+01
8.566309707517519200e+03 9.652940963225766779e+01
8.566509826886474912e+03 1.005213355463791203e+02
8.566709946255432442e+03 9.886608350607134810e+01
8.566910065624386334e+03 9.533541355185874977e+01
8.567110184993343864e+03 9.653821831644535223e+01
8.567310304362297757e+03 1.001034574139443833e+02
8.567510423731253468e+03 1.001088975124488911e+02
8.567710543100210998e+03 1.032098335649107241e+02
8.567910662469164890e+03 9.989150013443195064e+01
8.568110781838122421e+03 9.990057439995915445e+01
8.568310901207076313e+03 9.408682998744161807e+01
8.568511020576032024e+03 1.037561279855561764e+02
8.568711139944989554e+03 1.035082683645723876e+02
8.568911259313943447e+03 1.002161717583756797e+02
8.569111378682900977e+03 9.658725458752563497e+01
8.569311498051854869e+03 9.799792089380234472e+01
8.569511617420810580e+03 1.001049541436887864e+02
8.569711736789768111e+03 9.950495765609674947e+01
8.569911856158722003e+03 1.006335478675600115e+02
8.570111975527679533e+03 9.560761905489650303e+01
8.570312094896633425e+03 1.038865370759738056e+02
8.570512214265589137e+03 1.030812613642123239e+02
8.570712333634546667e+03 1.011003404767906915e+02
8.570912453003500559e+03 9.818487634153856902e+01
8.571112572372456270e+03 9.718906417716351598e+01
8.571312691741411982e+03 9.639031238285917880e+01
8.571512811110367693e+03 9.703213181199677706e+01
8.571712930479325223e+03 9.799637964216604757e+01
8.571913049848279115e+03 9.844490727443853473e+01
8.572113169217234827e+03 9.962575591427399502e+01
8.572313288586190538e+03 9.579393589477575688e+01
8.572513407955146249e+03 9.780175156704598294e+01
8.572713527324103779e+03 9.807378895102826277e+01
8.572913646693057672e+03 1.019333156847075941e+02
8.573113766062013383e+03 9.573430827635773710e+01
8.573313885430969094e+03 9.747844308494688903e+01
8.573514004799924805e+03 9.707133412333435274e+01
8.573714124168882336e+03 1.073878092091137262e+02
8.573914243537836228e+03 9.429226692947233346e+01
8.574114362906791939e+03 9.999042230118625696e+01
8.574314482275747650e+03 1.029332032797193790e+02
8.574514601644703362e+03 9.986725065817145719e+01
8.574714721013660892e+03 1.013529064212337971e+02
8.574914840382612965e+03 1.001982487655163681e+02
8.575114959751570495e+03 9.776182506725231747e+01
8.575315079120526207e+03 9.938584739772245769e+01
8.575515198489481918e+03 9.394827919112709935e+01
8.575715317858439448e+03 9.971874380820058548e+01
8.575915437227391521e+03 9.773507786904197303e+01
8.576115556596349052e+03 1.000484404536658900e+02
8.576315675965304763e+03 9.823292712475034705e+01
8.576515795334260474e+03 9.543568424608460532e+01
8.576715914703218004e+03 9.288084634303226039e+01
8.576916034072170078e+03 9.152702222740417426e+01
8.577116153441127608e+03 9.442818823305078979e+01
8.577316272810083319e+03 9.490192586119398754e+01
8.577516392179039030e+03 9.568878387962118381e+01
8.577716511547996561e+03 9.689606323732853355e+01
8.577916630916948634e+03 9.809454751006163065e+01
8.578116750285906164e+03 1.024589689373242152e+02
8.578316869654861875e+03 9.559815668822278667e+01
8.578516989023817587e+03 9.787878932158588441e+01
8.578717108392775117e+03 1.011579901511239825e+02
8.578917227761727190e+03 1.009779467032019227e+02
8.579117347130684720e+03 1.039273472161182923e+02
8.579317466499640432e+03 1.024645199635723571e+02
8.579517585868596143e+03 1.006657198791326380e+02
8.579717705237551854e+03 1.029261635398674315e+02
8.579917824606505746e+03 1.006670156559382860e+02
8.580117943975463277e+03 9.925360106636547641e+01
8.580318063344418988e+03 9.958202837210470193e+01
8.580518182713374699e+03 1.005652760371760763e+02
8.580718302082330410e+03 9.034646528149983169e+01
8.580918421451284303e+03 9.993566430603731021e+01
8.581118540820241833e+03 1.000171458210029272e+02
8.581318660189197544e+03 9.599344971553200878e+01
8.581518779558153255e+03 1.023354290749352629e+02
8.581718898927108967e+03 9.885375310093097312e+01
8.581919018296062859e+03 9.882707961622735127e+01
8.582119137665020389e+03 9.999342256797500283e+01
8.582319257033976101e+03 1.013859433617690655e+02
8.582519376402931812e+03 1.012484045968305679e+02
8.582719495771887523e+03 9.727365701596770009e+01
8.582919615140841415e+03 9.964787396129609931e+01
8.583119734509798946e+03 9.078144733587156168e+01
8.583319853878756476e+03 1.031793544141133054e+02
8.583519973247708549e+03 9.915435247954786746e+01
8.583720092616666079e+03 9.869300270276903575e+01
8.583920211985619972e+03 1.010562536566955316e+02
8.584120331354577502e+03 1.000396801618755802e+02
8.584320450723535032e+03 1.004856995380454379e+02
8.584520570092487105e+03 9.687992043625568783e+01
8.584720689461444636e+03 9.948366597988973581e+01
8.584920808830398528e+03 1.003136696885978125e+02
8.585120928199356058e+03 1.050503079210254356e+02
8.585321047568313588e+03 9.693573744070243947e+01
8.585521166937265662e+03 1.001857073749065705e+02
8.585721286306223192e+03 1.000125068290002872e+02
8.585921405675177084e+03 1.007000159315767860e+02
8.586121525044134614e+03 1.018323405838426226e+02
8.586321644413092145e+03 9.732323624521525574e+01
8.586521763782044218e+03 9.720639287394845951e+01
8.586721883151001748e+03 9.593347317348958825e+01
8.586922002519955640e+03 9.811838257657737472e+01
8.587122121888913171e+03 9.097435517608971622e+01
8.587322241257870701e+03 8.704262033364621232e+01
8.587522360626822774e+03 9.122494604348767666e+01
8.587722479995780304e+03 9.485166728995216090e+01
8.587922599364734197e+03 9.693131156896897949e+01
8.588122718733691727e+03 1.018977701403898379e+02
8.588322838102647438e+03 9.665679942461220264e+01
8.588522957471601330e+03 1.014693365918323593e+02
8.588723076840558861e+03 9.869656148685382391e+01
8.588923196209512753e+03 9.058420457314458929e+01
8.589123315578470283e+03 9.989940803778262080e+01
8.589323434947425994e+03 9.947369256751852618e+01
8.589523554316379887e+03 9.457089728087738933e+01
8.589723673685337417e+03 9.273987333109319309e+01
8.589923793054291309e+03 9.000876150012106791e+01
8.590123912423248839e+03 9.428274219917678067e+01
8.590324031792204551e+03 9.438515342049181811e+01
8.590524151161158443e+03 1.038967579416790414e+02
8.590724270530115973e+03 9.917850826314287360e+01
8.590924389899069865e+03 1.008260873437686627e+02
8.591124509268027396e+03 1.013886092751545362e+02
8.591324628636983107e+03 1.045601866852280324e+02
8.591524748005936999e+03 1.016467239018185182e+02
8.591724867374894529e+03 1.028371143062301911e+02
8.591924986743848422e+03 9.464921729867774047e+01
8.592125106112804133e+03 1.002214967261238883e+02
8.592325225481761663e+03 1.000920187245602477e+02
8.592525344850715555e+03 9.575205636317085123e+01
8.592725464219673086e+03 9.389869696006147137e+01
8.592925583588626978e+03 9.679181474870851787e+01
8.593125702957582689e+03 9.877011516070179198e+01
8.593325822326540219e+03 1.011921115657323185e+02
8.593525941695494112e+03 9.747544273763215017e+01
8.593726061064451642e+03 9.466418754550642234e+01
8.593926180433405534e+03 9.816919491620974725e+01
8.594126299802361245e+03 9.422015472344243392e+01
8.594326419171318776e+03 9.907950520979132136e+01
8.594526538540272668e+03 9.473031633958379416e+01
8.594726657909230198e+03 9.841871717935246977e+01
8.594926777278184090e+03 1.020294397093509531e+02
8.595126896647139802e+03 9.960307183889548810e+01
8.595327016016097332e+03 9.405371172430237436e+01
8.595527135385051224e+03 9.828046270309769739e+01
8.595727254754008754e+03 9.996534562070132779e+01
8.595927374122962647e+03 9.905917278815451255e+01
8.596127493491918358e+03 9.790374775843037014e+01
8.596327612860875888e+03 1.009770071818388004e+02
8.596527732229829780e+03 9.994489541244816166e+01
8.596727851598787311e+03 1.030958860534820758e+02
8.596927970967739384e+03 1.005256832400420990e+02
8.597128090336696914e+03 9.810184071847055520e+01
8.597328209705654444e+03 9.795749190489040359e+01
8.597528329074608337e+03 1.014054366988910516e+02
8.597728448443565867e+03 9.743070740201316937e+01
8.597928567812517940e+03 9.669109446754148962e+01
8.598128687181475470e+03 9.980629101584150931e+01
8.598328806550433001e+03 9.195394164044925844e+01
8.598528925919386893e+03 9.387338574715398920e+01
8.598729045288344423e+03 9.454992611843096029e+01
8.598929164657296496e+03 1.019789482881883487e+02
8.599129284026254027e+03 1.033396822401854394e+02
8.599329403395211557e+03 9.613201048594378051e+01
8.599529522764165449e+03 1.010466274868124970e+02
8.599729642133122979e+03 9.874158079677414435e+01
8.599929761502075053e+03 1.016214668165624886e+02
8.600129880871032583e+03 9.821317911638267617e+01
8.600330000239990113e+03 9.817651451714461075e+01
8.600530119608944005e+03 9.913366656969793667e+01
8.600730238977899717e+03 9.520696049012147455e+01
8.600930358346853609e+03 9.251074970543487552e+01
8.601130477715811139e+03 9.562474020265220531e+01
8.601330597084768669e+03 9.314897418480703095e+01
8.601530716453722562e+03 9.527401903457574406e+01
8.601730835822678273e+03 9.501683584762753298e+01
8.601930955191632165e+03 9.550739060692882276e+01
8.602131074560589695e+03 9.552390888374580413e+01
8.602331193929547226e+03 9.154059041934057461e+01
8.602531313298501118e+03 9.270608963936469138e+01
8.602731432667456829e+03 9.583363625261806362e+01
8.602931552036410721e+03 8.781060136406298966e+01
8.603131671405368252e+03 9.002484254207098502e+01
8.603331790774325782e+03 9.034313106500630397e+01
8.603531910143279674e+03 8.534156549521281931e+01
8.603732029512235385e+03 8.283756730727253625e+01
8.603932148881189278e+03 8.541469933648281199e+01
8.604132268250146808e+03 8.624912319991011600e+01
8.604332387619104338e+03 9.285649772067709762e+01
8.604532506988058230e+03 9.814251136245910345e+01
8.604732626357013942e+03 9.843429165651252788e+01
8.604932745725967834e+03 9.843082694955103307e+01
8.605132865094925364e+03 9.852351040449987352e+01
8.605332984463882894e+03 9.507522154828357941e+01
8.605533103832834968e+03 9.945371886781843784e+01
8.605733223201792498e+03 1.017838951828562415e+02
8.605933342570746390e+03 9.342298007430143514e+01
8.606133461939703921e+03 1.006936835219837292e+02
8.606333581308661451e+03 1.042994955435368638e+02
8.606533700677613524e+03 9.690127726344321957e+01
8.606733820046571054e+03 9.657036676937352127e+01
8.606933939415524947e+03 9.809733861038968428e+01
8.607134058784482477e+03 9.963102010080548609e+01
8.607334178153440007e+03 9.950444602857591292e+01
8.607534297522392080e+03 1.011519868221990777e+02
8.607734416891349611e+03 1.007416156162692573e+02
8.607934536260303503e+03 9.991698676401398416e+01
8.608134655629261033e+03 1.036024373888325698e+02
8.608334774998218563e+03 1.008968606758366491e+02
8.608534894367170637e+03 9.825016369693491924e+01
8.608735013736128167e+03 9.777572911231821706e+01
8.608935133105082059e+03 1.003562600731861920e+02
8.609135252474039589e+03 9.577081135575291171e+01
8.609335371842995301e+03 1.004282446514455529e+02
8.609535491211949193e+03 1.033409554847075782e+02
8.609735610580906723e+03 9.933208727531955162e+01
8.609935729949860615e+03 9.842309835561303544e+01
8.610135849318818146e+03 1.001977290373264537e+02
8.610335968687773857e+03 9.929260962667443380e+01
8.610536088056727749e+03 1.019742115625179508e+02
8.610736207425685279e+03 1.004503280886298739e+02
8.610936326794639172e+03 9.683903496476624184e+01
8.611136446163596702e+03 9.861904623853997975e+01
8.611336565532552413e+03 9.589693846841100822e+01
8.611536684901506305e+03 9.144203362283127490e+01
8.611736804270463836e+03 9.950625464691400168e+01
8.611936923639417728e+03 9.307682420587563854e+01
8.612137043008375258e+03 9.998020999537557429e+01
8.612337162377330969e+03 9.615489731085337155e+01
8.612537281746284862e+03 9.867972851495707687e+01
8.612737401115242392e+03 9.930180805469993288e+01
8.612937520484196284e+03 9.714683634381739807e+01
8.613137639853151995e+03 9.929585660252041635e+01
8.613337759222109526e+03 9.126020952571039402e+01
8.613537878591063418e+03 9.876516865739712614e+01
8.613737997960020948e+03 1.018110388054180220e+02
8.613938117328974840e+03 9.792781010481490966e+01
8.614138236697930552e+03 9.785002645378827424e+01
8.614338356066888082e+03 9.730763837237212499e+01
8.614538475435841974e+03 9.729644202354803895e+01
8.614738594804799504e+03 9.880497378122102248e+01
8.614938714173753397e+03 9.513959599611065698e+01
8.615138833542709108e+03 1.005625762500980187e+02
8.615338952911666638e+03 9.529747515681201264e+01
8.615539072280620530e+03 1.028193113924538551e+02
8.615739191649578061e+03 1.002082612556066437e+02
8.615939311018531953e+03 9.929744920881731218e+01
8.616139430387487664e+03 1.008691381495607118e+02
8.616339549756445194e+03 9.547640413388145930e+01
8.616539669125399087e+03 9.326631278386160773e+01
8.616739788494356617e+03 9.001082864513904269e+01
8.616939907863310509e+03 8.808618370335608461e+01
8.617140027232266220e+03 8.577307734373297876e+01
8.617340146601223751e+03 9.492198366808707988e+01
8.617540265970177643e+03 9.751398914091760162e+01
8.617740385339135173e+03 9.947938505211767790e+01
8.617940504708087246e+03 9.979154102554605288e+01
8.618140624077044777e+03 1.009893909292606793e+02
8.618340743446002307e+03 1.037511142065421268e+02
8.618540862814956199e+03 9.722530854800757538e+01
8.618740982183913729e+03 1.011206143952763625e+02
8.618941101552865803e+03 9.608358097894404182e+01
8.619141220921823333e+03 9.485655815003893565e+01
8.619341340290780863e+03 9.732794267483035355e+01
8.619541459659734755e+03 9.630915395537205370e+01
8.619741579028692286e+03 1.043548514067676365e+02
8.619941698397644359e+03 1.013037883419299447e+02
8.620141817766601889e+03 9.883313970679131444e+01
8.620341937135559419e+03 9.717910967524601062e+01
8.620542056504513312e+03 9.989866525300570288e+01
8.620742175873470842e+03 9.998904966898443547e+01
8.620942295242422915e+03 9.904773062198002265e+01
8.621142414611380445e+03 9.181594741159682371e+01
8.621342533980337976e+03 9.632771531573901314e+01
8.621542653349291868e+03 9.629043665438096866e+01
8.621742772718247579e+03 9.634647429844073940e+01
8.621942892087201471e+03 1.011268113095599404e+02
8.622143011456159002e+03 1.028036312516141635e+02
8.622343130825116532e+03 9.726608596409616325e+01
8.622543250194070424e+03 9.721960965160201340e+01
8.622743369563026135e+03 1.009215819384744321e+02
8.622943488931980028e+03 9.944342306367377660e+01
8.623143608300937558e+03 9.534677428370990526e+01
8.623343727669895088e+03 9.824558647772808229e+01
8.623543847038848980e+03 9.741912556540448520e+01
8.623743966407804692e+03 9.874092336862280206e+01
8.623944085776758584e+03 9.659177939340716534e+01
8.624144205145716114e+03 1.037345873183072058e+02
8.624344324514673644e+03 1.049196838166912755e+02
8.624544443883627537e+03 9.523168155256537659e+01
8.624744563252583248e+03 9.824166709012420995e+01
8.624944682621538959e+03 9.763064853920921848e+01
8.625144801990494670e+03 9.793982222685470163e+01
8.625344921359452201e+03 1.008350645911966126e+02
8.625545040728406093e+03 9.380170231239348766e+01
8.625745160097361804e+03 9.937991302325839627e+01
8.625945279466317515e+03 9.939782934368423639e+01
8.626145398835273227e+03 9.361427921053461887e+01
8.626345518204230757e+03 9.493879013368449193e+01
8.626545637573182830e+03 8.789306420398865782e+01
8.626745756942140360e+03 8.490027682227831463e+01
8.626945876311096072e+03 9.105570191967538562e+01
8.627145995680051783e+03 9.263985574222157027e+01
8.627346115049009313e+03 9.697654457248174253e+01
8.627546234417961386e+03 9.342723661155341119e+01
8.627746353786918917e+03 1.078765412333264919e+02
8.627946473155874628e+03 9.858049023667062727e+01
8.628146592524830339e+03 9.802384692057219695e+01
8.628346711893787869e+03 9.781183347472708078e+01
8.628546831262739943e+03 9.736234190136697464e+01
8.628746950631697473e+03 1.000591238918918009e+02
8.628947070000653184e+03 1.016432500597844779e+02
8.629147189369608896e+03 9.591947763290301054e+01
8.629347308738566426e+03 1.001477305006728358e+02
8.629547428107518499e+03 9.954768101981062500e+01
8.629747547476476029e+03 9.850073927401828655e+01
8.629947666845431741e+03 9.713469784149617681e+01
8.630147786214387452e+03 9.847478962580466089e+01
8.630347905583343163e+03 1.016007415627711339e+02
8.630548024952297055e+03 9.992123147237857950e+01
8.630748144321254586e+03 9.904438087737527496e+01
8.630948263690210297e+03 9.920311895745719255e+01
8.631148383059166008e+03 9.934781013089866519e+01
8.631348502428121719e+03 1.017707888044385527e+02
8.631548621797075612e+03 9.978133402863549861e+01
8.631748741166033142e+03 9.778751484902861080e+01
8.631948860534988853e+03 1.004706381974131517e+02
8.632148979903944564e+03 1.005139901765533210e+02
8.632349099272900276e+03 1.017439529121832180e+02
8.632549218641854168e+03 1.007257040888455748e+02
8.632749338010811698e+03 9.987595272286326065e+01
8.632949457379767409e+03 9.786276227578194664e+01
8.633149576748723121e+03 1.028571293531634581e+02
8.633349696117678832e+03 1.008391827038856405e+02
8.633549815486632724e+03 9.731684119511301390e+01
8.633749934855590254e+03 1.011557015066493790e+02
8.633950054224545966e+03 1.039881230882493384e+02
8.634150173593501677e+03 9.881101381124415184e+01
8.634350292962457388e+03 9.863740636716387655e+01
8.634550412331411280e+03 9.986520691233262426e+01
8.634750531700368811e+03 9.994118401615564551e+01
8.634950651069324522e+03 1.003330076724937214e+02
8.635150770438278414e+03 9.971053423017082196e+01
8.635350889807235944e+03 1.015903891508397976e+02
8.635551009176189837e+03 9.888036723661737426e+01
8.635751128545147367e+03 9.911007214860016745e+01
8.635951247914103078e+03 9.598194299715846967e+01
8.636151367283056970e+03 1.027707933662032644e+02
8.636351486652014501e+03 9.840333848356534929e+01
8.636551606020968393e+03 1.061310225113541605e+02
8.636751725389925923e+03 9.368464344904188579e+01
8.636951844758881634e+03 9.713523236354158996e+01
8.637151964127835527e+03 1.018242677647015029e+02
8.637352083496793057e+03 9.771148349871778294e+01
8.637552202865746949e+03 9.566503854573868182e+01
8.637752322234704479e+03 1.015255910162208437e+02
8.637952441603660191e+03 9.801351285618601139e+01
8.638152560972614083e+03 1.006352499296988583e+02
8.638352680341571613e+03 1.005107679402162830e+02
8.638552799710525505e+03 1.034255673661082398e+02
8.638752919079483036e+03 9.406383172519642244e+01
8.638953038448436928e+03 1.026946291350706559e+02
8.639153157817392639e+03 9.910369160888431850e+01
8.639353277186350169e+03 9.712834724749045279e+01
8.639553396555304062e+03 9.633695783199912910e+01
8.639753515924261592e+03 9.953081430795901952e+01
8.639953635293215484e+03 9.810502097408448208e+01
8.640153754662171195e+03 9.696089912510370823e+01
8.640353874031128726e+03 1.011480389567186506e+02
8.640553993400082618e+03 9.425067504652287198e+01
8.640754112769040148e+03 9.756965837438855260e+01
8.640954232137994040e+03 9.929761710250313911e+01
8.641154351506949752e+03 1.015458096796969869e+02
8.641354470875907282e+03 9.980448411430171518e+01
8.641554590244861174e+03 9.649228543160752736e+01
8.641754709613818704e+03 9.682278994067154088e+01
8.641954828982772597e+03 9.721065199238499588e+01
8.642154948351728308e+03 9.852507769686972949e+01
8.642355067720685838e+03 9.914772898805233581e+01
8.642555187089639730e+03 9.383936050470715884e+01
8.642755306458597261e+03 1.037151202466438633e+02
8.642955425827551153e+03 9.743297696281912579e+01
8.643155545196506864e+03 9.757575371349173565e+01
8.643355664565464394e+03 9.235146862381252220e+01
8.643555783934418287e+03 9.640684280530351202e+01
8.643755903303373998e+03 9.615645907488408284e+01
8.643956022672329709e+03 9.679943979008741906e+01
8.644156142041285420e+03 9.961471582542878878e+01
8.644356261410242951e+03 1.010139549034852422e+02
8.644556380779196843e+03 9.928292049452217327e+01
8.644756500148152554e+03 9.959247100153110921e+01
8.644956619517108265e+03 1.013646258728567773e+02
8.645156738886063977e+03 9.828339078286879271e+01
8.645356858255021507e+03 9.954277598127465865e+01
8.645556977623975399e+03 1.006948484764404697e+02
8.645757096992931110e+03 1.007492595460032163e+02
8.645957216361886822e+03 9.225268990006969716e+01
8.646157335730842533e+03 9.676604270641114169e+01
8.646357455099800063e+03 9.741805569613894988e+01
8.646557574468753955e+03 9.794180707281540776e+01
8.646757693837709667e+03 1.028858982683704966e+02
8.646957813206665378e+03 1.001997885371712016e+02
8.647157932575621089e+03 1.017875062983782755e+02
8.647358051944578619e+03 9.485171022482658998e+01
8.647558171313530693e+03 1.029704905115623035e+02
8.647758290682488223e+03 9.669997556598788435e+01
8.647958410051443934e+03 9.967671978562793811e+01
8.648158529420399645e+03 9.904523830734466117e+01
8.648358648789357176e+03 9.711412195064109198e+01
8.648558768158309249e+03 1.006062573242935940e+02
8.648758887527266779e+03 9.521378672408563659e+01
8.648959006896222490e+03 9.988049280296993970e+01
8.649159126265178202e+03 1.036468659479599239e+02
8.649359245634135732e+03 9.681909597605888962e+01
8.649559365003087805e+03 1.029271742846943454e+02
8.649759484372045335e+03 9.828225248087414911e+01
8.649959603741001047e+03 9.913846609765258222e+01
8.650159723109956758e+03 9.682559034244330576e+01
8.650359842478914288e+03 9.874127045986695350e+01
8.650559961847866361e+03 9.994942174272689783e+01
8.650760081216823892e+03 1.004092554750560424e+02
8.650960200585779603e+03 9.963534624086020131e+01
8.651160319954735314e+03 1.009791405977787093e+02
8.651360439323692844e+03 9.497481951247794996e+01
8.651560558692644918e+03 9.929611488049894774e+01
8.651760678061602448e+03 1.007663977607461447e+02
8.651960797430558159e+03 9.882462821985156154e+01
8.652160916799513871e+03 9.801083157310439731e+01
8.652361036168469582e+03 1.002693252718288335e+02
8.652561155537423474e+03 9.789758940124568198e+01
8.652761274906381004e+03 1.011654555804835240e+02
8.652961394275336716e+03 9.955201876115462767e+01
8.653161513644292427e+03 9.813656639264618775e+01
8.653361633013248138e+03 9.693280145757432820e+01
8.653561752382202030e+03 8.643133579334350713e+01
8.653761871751159561e+03 9.023858791035409865e+01
8.653961991120115272e+03 9.068385492878181253e+01
8.654162110489070983e+03 9.843364039409341615e+01
8.654362229858026694e+03 9.688359909588102425e+01
8.654562349226980587e+03 9.895784118693104858e+01
8.654762468595938117e+03 1.022315249006938132e+02
8.654962587964893828e+03 9.919247856714045497e+01
8.655162707333849539e+03 9.987953099174853833e+01
8.655362826702805251e+03 9.553057533818758884e+01
8.655562946071759143e+03 1.014537721933179455e+02
8.655763065440716673e+03 9.629895905432758241e+01
8.655963184809672384e+03 9.768763736626664240e+01
8.656163304178626277e+03 9.685190593051248698e+01
8.656363423547583807e+03 9.804269303816488446e+01
8.656563542916537699e+03 9.421343673120622952e+01
8.656763662285495229e+03 9.794057013189754457e+01
8.656963781654450941e+03 1.005949487803058275e+02
8.657163901023404833e+03 9.656143463328164955e+01
8.657364020392362363e+03 9.840964841554483655e+01
8.657564139761316255e+03 9.744427131924027208e+01
8.657764259130273786e+03 9.857724340215646919e+01
8.657964378499229497e+03 9.636650823833663537e+01
8.658164497868183389e+03 9.652817257336602097e+01
8.658364617237140919e+03 9.875989807326844527e+01
8.658564736606094812e+03 9.302690179273956517e+01
8.658764855975052342e+03 9.976298846969979195e+01
8.658964975344008053e+03 9.789997970820643047e+01
8.659165094712961945e+03 9.669358244521201584e+01
8.659365214081919476e+03 9.437258578696210520e+01
8.659565333450873368e+03 9.819594255484440737e+01
8.659765452819830898e+03 9.559072925297296308e+01
8.659965572188786609e+03 9.448169264514459087e+01
8.660165691557740502e+03 9.542708160712685128e+01
8.660365810926698032e+03 9.333996683176027886e+01
8.660565930295651924e+03 8.971530333012331937e+01
8.660766049664609454e+03 9.877921477538001227e+01
8.660966169033563347e+03 9.673568607977188094e+01
8.661166288402519058e+03 9.414731687623708467e+01
8.661366407771476588e+03 9.104587055729737699e+01
8.661566527140430480e+03 9.479470235076632889e+01
8.661766646509388011e+03 9.579991239536524006e+01
8.661966765878341903e+03 8.926869384072280411e+01
8.662166885247297614e+03 9.327383555998055442e+01
8.662367004616255144e+03 9.227048158161647962e+01
8.662567123985209037e+03 9.030701984745776656e+01
8.662767243354166567e+03 9.275516811864805788e+01
8.662967362723120459e+03 9.413440274598578128e+01
8.663167482092076170e+03 9.183336382382249496e+01
8.663367601461033701e+03 8.666575282093967303e+01
8.663567720829987593e+03 8.522330422487573287e+01
8.663767840198945123e+03 8.444026061532967731e+01
8.663967959567899015e+03 8.773544644139246884e+01
8.664168078936854727e+03 8.159605335165545625e+01
8.664368198305812257e+03 7.897717893499913089e+01
8.664568317674766149e+03 8.332342455556639038e+01
8.664768437043721860e+03 7.782018294011022874e+01
8.664968556412677572e+03 7.958333111471051780e+01
8.665168675781633283e+03 7.474397218391692377e+01
8.665368795150590813e+03 7.349606147069090412e+01
8.665568914519544705e+03 7.373846863380526884e+01
8.665769033888500417e+03 7.219325645377907108e+01
8.665969153257456128e+03 6.614506134125019798e+01
8.666169272626411839e+03 6.238677725012725972e+01
8.666369391995369369e+03 5.536243356951109007e+01
8.666569511364323262e+03 5.434722012415481629e+01
8.666769630733278973e+03 4.635889488044953310e+01
8.666969750102234684e+03 4.254396014500495227e+01
8.667169869471190395e+03 3.545185454148769821e+01
8.667369988840147926e+03 3.520271160699503099e+01
8.667570108209103637e+03 3.536709937884734956e+01
8.667770227578057529e+03 4.812129883474715086e+01
8.667970346947013240e+03 5.174923092547869174e+01
8.668170466315968952e+03 5.838571670914458878e+01
8.668370585684926482e+03 6.348277270905376213e+01
8.668570705053882193e+03 6.234784080744778834e+01
8.668770824422836085e+03 6.273035416164850631e+01
8.668970943791791797e+03 6.830803198245936869e+01
8.669171063160747508e+03 6.944594077456510206e+01
8.669371182529705038e+03 7.724859558812507032e+01
8.669571301898658930e+03 7.385135652734092560e+01
8.669771421267614642e+03 8.002788278061096605e+01
8.669971540636570353e+03 7.994749837034854067e+01
8.670171660005526064e+03 8.000005476022606388e+01
8.670371779374483594e+03 8.133785377769369518e+01
8.670571898743437487e+03 8.312857712400698063e+01
8.670772018112393198e+03 8.480895786856362406e+01
8.670972137481348909e+03 8.299146902084888211e+01
8.671172256850304620e+03 8.149976206966616132e+01
8.671372376219262151e+03 8.761179295931799516e+01
8.671572495588216043e+03 8.594002372562709979e+01
8.671772614957171754e+03 9.004429929676682320e+01
8.671972734326127465e+03 9.121596581664837800e+01
8.672172853695083177e+03 8.963986742314126843e+01
8.672372973064040707e+03 8.604630923678772092e+01
8.672573092432994599e+03 8.439062803915371092e+01
8.672773211801950310e+03 8.667256788797297418e+01
8.672973331170906022e+03 9.451959788754479064e+01
8.673173450539861733e+03 9.299436210021836757e+01
8.673373569908817444e+03 9.287410671253603311e+01
8.673573689277773155e+03 9.799063389301551297e+01
8.673773808646728867e+03 1.016001676410820522e+02
8.673973928015684578e+03 9.764656098219553826e+01
8.674174047384640289e+03 9.887269204803328648e+01
8.674374166753596000e+03 9.645336995804893832e+01
8.674574286122551712e+03 9.649410473713162162e+01
8.674774405491507423e+03 9.459599434697592812e+01
8.674974524860463134e+03 9.583498613696258417e+01
8.675174644229418845e+03 9.294008773489075281e+01
8.675374763598374557e+03 9.430205427217011049e+01
8.675574882967330268e+03 8.961275638522755571e+01
8.675775002336285979e+03 9.666706296204452542e+01
8.675975121705241691e+03 9.147376530050048871e+01
8.676175241074197402e+03 9.152774907265079207e+01
8.676375360443153113e+03 1.022596122300632118e+02
8.676575479812108824e+03 9.117525484169124184e+01
8.676775599181064536e+03 9.320527438288100086e+01
8.676975718550020247e+03 9.264224831478148303e+01
8.677175837918975958e+03 9.614769848545894604e+01
8.677375957287931669e+03 9.277321892492550148e+01
8.677576076656887381e+03 9.947734746191868282e+01
8.677776196025843092e+03 9.301588858673706284e+01
8.677976315394798803e+03 9.883587532904498119e+01
8.678176434763752695e+03 9.389988663889458564e+01
8.678376554132710226e+03 9.676236652326734600e+01
8.678576673501665937e+03 9.673866376371651654e+01
8.678776792870621648e+03 9.625001060614724224e+01
8.678976912239577359e+03 9.869483993342717554e+01
8.679177031608531252e+03 9.408470396987661388e+01
8.679377150977488782e+03 9.393051603084312262e+01
8.679577270346444493e+03 9.307175130553537201e+01
8.679777389715400204e+03 9.033063677771212951e+01
8.679977509084355916e+03 8.370209181947494415e+01
8.680177628453309808e+03 8.791455301737988748e+01
8.680377747822267338e+03 8.761818643733739975e+01
8.680577867191223049e+03 9.355611436358719857e+01
8.680777986560178761e+03 9.582913532568205994e+01
8.680978105929134472e+03 9.746014495941318501e+01
8.681178225298088364e+03 9.982878880168468072e+01
8.681378344667045894e+03 1.015566561172443301e+02
8.681578464036001606e+03 9.811282612111406820e+01
8.681778583404957317e+03 1.007550042598831510e+02
8.681978702773911209e+03 1.014836655103103880e+02
8.682178822142866920e+03 9.914524475333627151e+01
8.682378941511824451e+03 9.766197006509722200e+01
8.682579060880780162e+03 9.441566747085335010e+01
8.682779180249735873e+03 9.348776150841462140e+01
8.682979299618689765e+03 1.025259163079347644e+02
8.683179418987645477e+03 1.029129585962925688e+02
8.683379538356603007e+03 1.015856735822985684e+02
8.683579657725558718e+03 1.037211099099468612e+02
8.683779777094514429e+03 1.009284701002977158e+02
8.683979896463468322e+03 9.546485781385308655e+01
8.684180015832424033e+03 9.751075861189069371e+01
8.684380135201381563e+03 9.513434697364512260e+01
8.684580254570337274e+03 8.961924412966267539e+01
8.684780373939292986e+03 8.702892609245503763e+01
8.684980493308246878e+03 8.589879113502868790e+01
8.685180612677202589e+03 8.889508578097827751e+01
8.685380732046160119e+03 8.608788078501200403e+01
8.685580851415115831e+03 8.781965061772928038e+01
8.685780970784069723e+03 8.849580792458107226e+01
8.685981090153025434e+03 9.298426470217599160e+01
8.686181209521981145e+03 9.613998556949444207e+01
8.686381328890938676e+03 9.423358814614395840e+01
8.686581448259894387e+03 9.809614825388418069e+01
8.686781567628848279e+03 1.019894201048522717e+02
8.686981686997803990e+03 9.776217896828640619e+01
8.687181806366759702e+03 1.000726146809094672e+02
8.687381925735717232e+03 1.000274537419437166e+02
8.687582045104672943e+03 9.389197728931672771e+01
8.687782164473626835e+03 9.864800965657988741e+01
8.687982283842582547e+03 9.307748487547566185e+01
8.688182403211538258e+03 9.412167232293612074e+01
8.688382522580495788e+03 9.861092534453779024e+01
8.688582641949451499e+03 1.003782028084221594e+02
8.688782761318405392e+03 9.906833399946584962e+01
8.688982880687361103e+03 9.347960789330325326e+01
8.689183000056316814e+03 9.951725732802849222e+01
8.689383119425274344e+03 1.024555939692578193e+02
8.689583238794230056e+03 1.010225609854412028e+02
8.689783358163183948e+03 1.000171821787842816e+02
8.689983477532139659e+03 1.037837945450770292e+02
8.690183596901095370e+03 1.025487505110532709e+02
8.690383716270052901e+03 1.043226184327590005e+02
8.690583835639006793e+03 1.000620201596581893e+02
8.690783955007962504e+03 9.771328107167614974e+01
8.690984074376918215e+03 9.803472150359689863e+01
8.691184193745873927e+03 1.000531070929440602e+02
8.691384313114831457e+03 9.484259907327916039e+01
8.691584432483785349e+03 9.269136442359334183e+01
8.691784551852741060e+03 9.797234498150962168e+01
8.691984671221696772e+03 9.699259512125327376e+01
8.692184790590652483e+03 1.001464399990818777e+02
8.692384909959610013e+03 9.378693388692774136e+01
8.692585029328563905e+03 9.915666796883763823e+01
8.692785148697519617e+03 9.939409008090107989e+01
8.692985268066475328e+03 9.366339167388225917e+01
8.693185387435431039e+03 9.230433791329792825e+01
8.693385506804388569e+03 8.391792616945491545e+01
8.693585626173342462e+03 7.935138468488450769e+01
8.693785745542298173e+03 7.521565401791679051e+01
8.693985864911253884e+03 7.754536128684858909e+01
8.694185984280209595e+03 8.125337005390024103e+01
8.694386103649165307e+03 9.193538915295862068e+01
8.694586223018121018e+03 9.470566523803466907e+01
8.694786342387076729e+03 9.618379344201117931e+01
8.694986461756032440e+03 9.457470559961197409e+01
8.695186581124988152e+03 9.602439975257711069e+01
8.695386700493943863e+03 9.452955354146853040e+01
8.695586819862899574e+03 1.016500228813978737e+02
8.695786939231855285e+03 1.013817362496444474e+02
8.695987058600810997e+03 1.031062077099586816e+02
8.696187177969766708e+03 1.002998570856009053e+02
8.696387297338722419e+03 9.572518752455164304e+01
8.696587416707678130e+03 1.000638848828894538e+02
8.696787536076633842e+03 9.693485255676149848e+01
8.696987655445589553e+03 9.728909756598075376e+01
8.697187774814545264e+03 9.657691086539287539e+01
8.697387894183500975e+03 1.030323514293142182e+02
8.697588013552456687e+03 1.023263563962371592e+02
8.697788132921412398e+03 9.845932965739754650e+01
8.697988252290368109e+03 1.013696269172907307e+02
8.698188371659323820e+03 9.777683070241238283e+01
8.698388491028279532e+03 9.913020973935493885e+01
8.698588610397235243e+03 9.823886380843030963e+01
8.698788729766190954e+03 1.007611249961296664e+02
8.698988849135146666e+03 9.717621315465086695e+01
8.699188968504100558e+03 9.421230532910074373e+01
8.699389087873058088e+03 9.364527231609766034e+01
8.699589207242013799e+03 9.190611336792632358e+01
8.699789326610969511e+03 8.913162664542980451e+01
8.699989445979925222e+03 9.515120986365664635e+01
8.700189565348879114e+03 9.703420254451525295e+01
8.700389684717836644e+03 9.347941938058437472e+01
8.700589804086792356e+03 1.006900815835920611e+02
8.700789923455748067e+03 1.024430454140829880e+02
8.700990042824703778e+03 9.613996507277859394e+01
8.701190162193657670e+03 9.941222962421912257e+01
8.701390281562615201e+03 9.805347382892465191e+01
8.701590400931570912e+03 9.678496537195397309e+01
8.701790520300526623e+03 1.006322178256107236e+02
8.701990639669482334e+03 1.015693574548033524e+02
8.702190759038436227e+03 9.889372212627507963e+01
8.702390878407393757e+03 9.729732364785647292e+01
8.702590997776349468e+03 1.007212677979693751e+02
8.702791117145305179e+03 9.801239718372039533e+01
8.702991236514259072e+03 1.017681399682828385e+02
8.703191355883214783e+03 9.970938708007263074e+01
8.703391475252172313e+03 9.953025738538173073e+01
8.703591594621128024e+03 9.816949224725244960e+01
8.703791713990083736e+03 1.001694666543658911e+02
8.703991833359037628e+03 9.622568560741966337e+01
8.704191952727993339e+03 9.604993896557915889e+01
8.704392072096950869e+03 9.139583599037594297e+01
8.704592191465906581e+03 8.695155431716885630e+01
8.704792310834862292e+03 9.190638096418220471e+01
8.704992430203816184e+03 9.238280211073075066e+01
8.705192549572771895e+03 9.443133914144371488e+01
8.705392668941729426e+03 9.900099330777486273e+01
8.705592788310685137e+03 9.643986998573895164e+01
8.705792907679640848e+03 9.839073227489521400e+01
8.705993027048594740e+03 1.011410910257388025e+02
8.706193146417550452e+03 9.468739493218208736e+01
8.706393265786507982e+03 9.265418280255920536e+01
8.706593385155463693e+03 9.759332848647586900e+01
8.706793504524419404e+03 1.013036484883350994e+02
8.706993623893373297e+03 9.536521279089328118e+01
8.707193743262329008e+03 1.047604483705119094e+02
8.707393862631286538e+03 9.920620461927596523e+01
8.707593982000242249e+03 9.671776403049724991e+01
8.707794101369196142e+03 1.032043233484660050e+02
8.707994220738151853e+03 9.997051324258224270e+01
8.708194340107107564e+03 9.705489402392534259e+01
8.708394459476065094e+03 9.806754753804310099e+01
8.708594578845020806e+03 9.963567654731564005e+01
8.708794698213974698e+03 9.875375883504230501e+01
8.708994817582930409e+03 9.951637928854320592e+01
8.709194936951887939e+03 9.438923058810547673e+01
8.709395056320843651e+03 9.721330629896532116e+01
8.709595175689799362e+03 9.939427862518060408e+01
8.709795295058753254e+03 9.953751372474323489e+01
8.709995414427708965e+03 1.012759831412120661e+02
8.710195533796666496e+03 1.023869653384489453e+02
8.710395653165622207e+03 9.841509954571904473e+01
8.710595772534577918e+03 1.011794416307377844e+02
8.710795891903531810e+03 9.936470511155499707e+01
8.710996011272487522e+03 1.032931415687050389e+02
8.711196130641445052e+03 1.047345100594445313e+02
8.711396250010400763e+03 1.023020972280115899e+02
8.711596369379354655e+03 9.922707257506596079e+01
8.711796488748310367e+03 1.018543082713094492e+02
8.711996608117266078e+03 9.864802804167020156e+01
8.712196727486223608e+03 1.000097684867616721e+02
8.712396846855179319e+03 1.004225964942598353e+02
8.712596966224133212e+03 1.023552182250614209e+02
8.712797085593088923e+03 1.008245781501556593e+02
8.712997204962044634e+03 9.838310340722844671e+01
8.713197324331002164e+03 1.004043821476765856e+02
8.713397443699957876e+03 1.004819542745343313e+02
8.713597563068911768e+03 9.772019768367269421e+01
8.713797682437867479e+03 9.902648647256785353e+01
8.713997801806823190e+03 9.798412740416225120e+01
8.714197921175780721e+03 9.930616231070777644e+01
8.714398040544736432e+03 1.000463609026036380e+02
8.714598159913690324e+03 9.819570083398852489e+01
8.714798279282646035e+03 9.720471227133782577e+01
8.714998398651601747e+03 9.501731385381205541e+01
8.715198518020559277e+03 8.856131349577506739e+01
8.715398637389514988e+03 8.688519812791010111e+01
8.715598756758468880e+03 8.478791074506543168e+01
8.715798876127424592e+03 8.840845452382787073e+01
8.715998995496380303e+03 9.512117135479782348e+01
8.716199114865337833e+03 9.387941227820124368e+01
8.716399234234291725e+03 1.028817589949305784e+02
8.716599353603247437e+03 1.002749168650845775e+02
8.716799472972203148e+03 1.010023539703537239e+02
8.716999592341158859e+03 1.036965841162457025e+02
8.717199711710116389e+03 9.553564265158780699e+01
8.717399831079070282e+03 9.759827292904819274e+01
8.717599950448025993e+03 9.271722728941929859e+01
8.717800069816981704e+03 9.212979386709469054e+01
8.718000189185937415e+03 8.753910706487931748e+01
8.718200308554894946e+03 8.668322764450346085e+01
8.718400427923848838e+03 8.731263000561732213e+01
8.718600547292804549e+03 9.071749476684149727e+01
8.718800666661760260e+03 9.201585578619373962e+01
8.719000786030715972e+03 1.002972218014882060e+02
8.719200905399673502e+03 9.833949856950678736e+01
8.719401024768627394e+03 9.686791248055861558e+01
8.719601144137583105e+03 9.832352760967600602e+01
8.719801263506538817e+03 9.986337236677151452e+01
8.720001382875494528e+03 1.002906557520453958e+02
8.720201502244450239e+03 1.053149876778990972e+02
8.720401621613405950e+03 1.029597852409177534e+02
8.720601740982361662e+03 1.013573794892534607e+02
8.720801860351317373e+03 1.017214431492885041e+02
8.721001979720273084e+03 1.032640492268043886e+02
8.721202099089228795e+03 9.868931836184449935e+01
8.721402218458184507e+03 1.026416161466412973e+02
8.721602337827140218e+03 9.626938214853808518e+01
8.721802457196095929e+03 9.997427812770578726e+01
8.722002576565051641e+03 9.580205571201589976e+01
8.722202695934007352e+03 1.029624649668471790e+02
8.722402815302963063e+03 9.696383284362948984e+01
8.722602934671918774e+03 9.126073807599351539e+01
8.722803054040874486e+03 9.246769277973510270e+01
8.723003173409830197e+03 8.778312540604268577e+01
8.723203292778785908e+03 8.722522375621213087e+01
8.723403412147741619e+03 9.789455492166304396e+01
8.723603531516697331e+03 9.876821109429815237e+01
8.723803650885653042e+03 9.934004824532645728e+01
8.724003770254608753e+03 9.445654796892887362e+01
8.724203889623564464e+03 1.031541538945036081e+02
8.724404008992520176e+03 1.020659461354984643e+02
8.724604128361475887e+03 1.013985780430613346e+02
8.724804247730431598e+03 9.753812217390840544e+01
8.725004367099385490e+03 1.008856178214405190e+02
8.725204486468343021e+03 1.044702379973278568e+02
8.725404605837298732e+03 9.662972437747396270e+01
8.725604725206254443e+03 1.027745202512772522e+02
8.725804844575210154e+03 1.012079408228180881e+02
8.726004963944164047e+03 9.725685602153563991e+01
8.726205083313121577e+03 9.803262684918443881e+01
8.726405202682077288e+03 9.621784923863400252e+01
8.726605322051032999e+03 9.508783553089078566e+01
8.726805441419988711e+03 9.994271752559207300e+01
8.727005560788942603e+03 1.020439881238380195e+02
8.727205680157900133e+03 1.055712135767710578e+02
8.727405799526855844e+03 9.751596367877306193e+01
8.727605918895811556e+03 1.014870853650764673e+02
8.727806038264767267e+03 9.646752844876188249e+01
8.728006157633721159e+03 1.017090297950071971e+02
8.728206277002678689e+03 9.986239634315550973e+01
8.728406396371634401e+03 9.770858455564328438e+01
8.728606515740590112e+03 9.970550286589693201e+01
8.728806635109544004e+03 1.020969543526493766e+02
8.729006754478499715e+03 1.013760813807264469e+02
8.729206873847457246e+03 9.967119726715054639e+01
8.729406993216412957e+03 1.021475724969846226e+02
8.729607112585368668e+03 9.826368013350149511e+01
8.729807231954322560e+03 9.422676882837239987e+01
8.730007351323278272e+03 1.004588075016781801e+02
8.730207470692235802e+03 9.898747553814172306e+01
8.730407590061191513e+03 1.002924861203964753e+02
8.730607709430147224e+03 9.371988028800892323e+01
8.730807828799101117e+03 1.000056571202488271e+02
8.731007948168056828e+03 1.017824148794550183e+02
8.731208067537014358e+03 9.946172523385824604e+01
8.731408186905970069e+03 9.960281179975288524e+01
8.731608306274925781e+03 1.004251492012679705e+02
8.731808425643879673e+03 1.017130078680349783e+02
8.732008545012835384e+03 9.723434611011214201e+01
8.732208664381792914e+03 9.835598076481910823e+01
8.732408783750748626e+03 9.772541013144943634e+01
8.732608903119704337e+03 9.528317826825438885e+01
8.732809022488658229e+03 1.006767101312370443e+02
8.733009141857613940e+03 8.965743251985361439e+01
8.733209261226571471e+03 9.083155092460509650e+01
8.733409380595527182e+03 9.367049238559617663e+01
8.733609499964481074e+03 9.313083961943544864e+01
8.733809619333436785e+03 9.352806402242104866e+01
8.734009738702392497e+03 9.422432408538759319e+01
8.734209858071350027e+03 9.166581952385963916e+01
8.734409977440305738e+03 9.988118704742980469e+01
8.734610096809259630e+03 1.036593573108612674e+02
8.734810216178215342e+03 9.657617173018573453e+01
8.735010335547171053e+03 9.892805326940900557e+01
8.735210454916128583e+03 1.002909658055605036e+02
