8.480084800424005152e+03 1.005279720308843565e+02
8.480284802424015652e+03 1.007645521324158437e+02
8.480484804424024333e+03 9.656358398539508414e+01
8.480684806424034832e+03 1.009006601149574038e+02
8.480884808424045332e+03 1.012031314955498971e+02
8.481084810424054012e+03 9.904795421129466604e+01
8.481284812424066331e+03 9.991362743522418555e+01
8.481484814424073193e+03 1.002841010297562008e+02
8.481684816424085511e+03 9.890265797306322781e+01
8.481884818424094192e+03 9.687215018898211838e+01
8.482084820424104691e+03 9.504115216053932613e+01
8.482284822424115191e+03 9.557794959736973794e+01
8.482484824424125691e+03 9.842246273860237693e+01
8.482684826424134371e+03 9.876902753276570479e+01
8.482884828424144871e+03 9.866362720717171442e+01
8.483084830424153552e+03 9.837299654767903689e+01
8.483284832424165870e+03 9.919494951451677878e+01
8.483484834424174551e+03 9.776864312099640131e+01
8.483684836424185050e+03 9.955875302870583710e+01
8.483884838424193731e+03 9.873999585071435092e+01
8.484084840424206050e+03 9.754035952568051471e+01
8.484284842424214730e+03 1.024589122893404749e+02
8.484484844424225230e+03 9.916699907189064334e+01
8.484684846424233911e+03 1.010802512022135033e+02
8.484884848424244410e+03 9.921145995858518063e+01
8.485084850424254910e+03 1.020704455901428531e+02
8.485284852424265409e+03 1.011084622955867331e+02
8.485484854424274090e+03 1.021074832798259990e+02
8.485684856424286409e+03 1.017999070441674831e+02
8.485884858424293270e+03 1.011785856911690189e+02
8.486084860424305589e+03 9.736187273086915184e+01
8.486284862424314269e+03 1.011072437431949851e+02
8.486484864424324769e+03 9.876029928068952302e+01
8.486684866424335269e+03 9.785468872011951191e+01
8.486884868424343949e+03 9.893700302582713846e+01
8.487084870424354449e+03 9.956672336603701012e+01
8.487284872424366768e+03 9.873059186734326431e+01
8.487484874424373629e+03 9.965661260580216663e+01
8.487684876424385948e+03 1.001359576008632644e+02
8.487884878424392809e+03 1.004858233907647644e+02
8.488084880424405128e+03 9.738266891613704956e+01
8.488284882424415628e+03 9.809423388654371934e+01
8.488484884424424308e+03 1.009744126405078504e+02
8.488684886424434808e+03 1.019451717270224691e+02
8.488884888424445307e+03 1.004447927692800846e+02
8.489084890424453988e+03 9.867663300801656590e+01
8.489284892424466307e+03 9.992404332390493948e+01
8.489484894424474987e+03 1.019875879908784952e+02
8.489684896424485487e+03 1.025097873115553142e+02
8.489884898424494168e+03 9.794669718448463414e+01
8.490084900424504667e+03 1.012906261962667998e+02
8.490284902424515167e+03 9.661585691672144094e+01
8.490484904424525666e+03 9.805129050992508155e+01
8.490684906424534347e+03 9.930542238924240905e+01
8.490884908424544847e+03 1.034585156678586628e+02
8.491084910424555346e+03 9.749263702837393453e+01
8.491284912424565846e+03 9.654260458656706589e+01
8.491484914424574526e+03 1.007838263514610304e+02
8.491684916424585026e+03 1.019673896775494200e+02
8.491884918424593707e+03 9.797678612346720683e+01
8.492084920424606025e+03 9.890302787238873350e+01
8.492284922424614706e+03 9.918479815199000882e+01
8.492484924424625206e+03 9.676580010692121903e+01
8.492684926424635705e+03 9.852878062395137704e+01
8.492884928424644386e+03 9.916931402393711892e+01
8.493084930424654885e+03 9.831716680301410349e+01
8.493284932424665385e+03 9.590429991600940696e+01
8.493484934424674066e+03 9.686563036164380947e+01
8.493684936424686384e+03 9.951934372630694270e+01
8.493884938424693246e+03 9.837445580547901613e+01
8.494084940424705565e+03 9.758166710410165479e+01
8.494284942424716064e+03 9.996549039068796105e+01
8.494484944424724745e+03 9.980631516784841040e+01
8.494684946424735244e+03 9.926268536686683319e+01
8.494884948424743925e+03 9.640389477840322741e+01
8.495084950424754425e+03 9.504584179482154127e+01
8.495284952424766743e+03 1.010734025863905003e+02
8.495484954424773605e+03 9.813554670806414038e+01
8.495684956424785923e+03 9.640151106814559512e+01
8.495884958424794604e+03 9.420276667565642015e+01
8.496084960424805104e+03 9.172158196012271958e+01
8.496284962424815603e+03 9.286475777728809078e+01
8.496484964424824284e+03 8.776096617357389107e+01
8.496684966424834784e+03 8.713998295997518539e+01
8.496884968424845283e+03 8.013147777784260484e+01
8.497084970424853964e+03 7.751221445255484355e+01
8.497284972424866282e+03 7.127261712753335132e+01
8.497484974424874963e+03 6.462678158982976129e+01
8.497684976424885463e+03 5.556061266601602711e+01
8.497884978424894143e+03 5.089506073193848579e+01
8.498084980424906462e+03 4.763699614954577299e+01
8.498284982424915142e+03 5.297869396889840488e+01
8.498484984424925642e+03 5.722054191653467825e+01
8.498684986424934323e+03 6.549090306380067261e+01
8.498884988424944822e+03 7.348170058485021627e+01
8.499084990424955322e+03 7.561432980392396530e+01
8.499284992424965822e+03 8.039277766246890167e+01
8.499484994424974502e+03 8.818644586407815211e+01
8.499684996424986821e+03 8.941841485144820467e+01
8.499884998424993682e+03 9.284195188596046933e+01
8.500085000425006001e+03 9.601263511643379900e+01
8.500285002425014682e+03 9.598930088558857676e+01
8.500485004425025181e+03 9.529991228290263905e+01
8.500685006425035681e+03 9.843879532860323422e+01
8.500885008425044362e+03 9.336897303102901446e+01
8.501085010425054861e+03 9.692804221221147998e+01
8.501285012425067180e+03 9.775314035216811703e+01
8.501485014425074041e+03 9.732043913857077655e+01
8.501685016425086360e+03 9.718461594437167150e+01
8.501885018425093222e+03 9.706564871592188126e+01
8.502085020425105540e+03 9.633961059562108176e+01
8.502285022425116040e+03 9.864730396482467256e+01
8.502485024425124720e+03 9.448107826845183865e+01
8.502685026425135220e+03 9.788980109689103415e+01
8.502885028425145720e+03 9.788364249985171739e+01
8.503085030425154400e+03 9.946789660325664784e+01
8.503285032425166719e+03 9.857733583213644124e+01
8.503485034425173581e+03 1.011586096132935779e+02
8.503685036425185899e+03 1.009155339020021103e+02
8.503885038425194580e+03 9.926972624822089131e+01
8.504085040425205079e+03 9.866763582550848355e+01
8.504285042425215579e+03 1.014924631289568708e+02
8.504485044425226079e+03 1.002239041026364248e+02
8.504685046425234759e+03 9.474212055262043464e+01
8.504885048425245259e+03 9.971667309975971705e+01
8.505085050425253939e+03 1.006282234727992346e+02
8.505285052425266258e+03 1.029499579014740931e+02
8.505485054425274939e+03 9.811154057554085739e+01
8.505685056425285438e+03 1.017724765387030033e+02
8.505885058425294119e+03 9.883042040018108310e+01
8.506085060425306438e+03 9.977473682720915349e+01
8.506285062425315118e+03 9.976934833731243657e+01
8.506485064425325618e+03 9.947838692458837784e+01
8.506685066425336117e+03 9.793809565607001844e+01
8.506885068425342979e+03 9.760081359844690496e+01
8.507085070425355298e+03 1.015693135310273334e+02
8.507285072425363978e+03 1.001235186903976739e+02
8.507485074425374478e+03 9.982553248073016050e+01
8.507685076425384977e+03 9.896796317595303094e+01
8.507885078425393658e+03 9.784628898157104970e+01
8.508085080425404158e+03 1.010039673387330055e+02
8.508285082425416476e+03 9.714766392447918975e+01
8.508485084425423338e+03 9.651354158642936909e+01
8.508685086425435657e+03 1.001686264280588574e+02
8.508885088425442518e+03 1.004078502488761302e+02
8.509085090425454837e+03 9.893522740673466842e+01
8.509285092425465336e+03 9.907369149802970298e+01
8.509485094425474017e+03 1.021186597985835363e+02
8.509685096425484517e+03 9.812103859542540363e+01
8.509885098425495016e+03 9.746117341090187836e+01
8.510085100425503697e+03 1.000325244793032056e+02
8.510285102425516016e+03 1.005391298836650407e+02
8.510485104425522877e+03 9.858567587610046701e+01
8.510685106425535196e+03 9.747369534889936915e+01
8.510885108425543876e+03 9.907909145731136391e+01
8.511085110425554376e+03 9.932604539538458255e+01
8.511285112425564876e+03 1.007877668564370452e+02
8.511485114425575375e+03 1.024764239201800677e+02
8.511685116425584056e+03 9.716462914351861002e+01
8.511885118425594555e+03 1.004120226514086625e+02
8.512085120425603236e+03 9.986146651093112325e+01
8.512285122425615555e+03 9.941016886129079921e+01
8.512485124425624235e+03 1.025260634971235305e+02
8.512685126425634735e+03 1.012227675079284097e+02
8.512885128425643416e+03 1.023033735308573711e+02
8.513085130425655734e+03 1.022854625320755417e+02
8.513285132425664415e+03 1.012317701318599461e+02
8.513485134425674914e+03 9.651997548390500015e+01
8.513685136425683595e+03 9.334425986358586158e+01
8.513885138425694095e+03 8.839091655314608431e+01
8.514085140425704594e+03 8.661469230630322613e+01
8.514285142425715094e+03 8.858020741844418922e+01
8.514485144425723774e+03 8.984591892806196256e+01
8.514685146425736093e+03 9.506880211450909712e+01
8.514885148425742955e+03 9.654191365191530849e+01
8.515085150425755273e+03 9.465141048487951991e+01
8.515285152425763954e+03 9.389717823210145298e+01
8.515485154425774454e+03 9.438200612272261480e+01
8.515685156425784953e+03 9.738952890760739933e+01
8.515885158425793634e+03 1.021813328431281604e+02
8.516085160425804133e+03 9.915619968795147088e+01
8.516285162425816452e+03 9.969725473616388456e+01
8.516485164425823314e+03 9.974955617736547708e+01
8.516685166425835632e+03 9.937613429225055484e+01
8.516885168425844313e+03 9.741492964809377497e+01
8.517085170425854812e+03 1.014352169882451165e+02
8.517285172425865312e+03 9.891639068221670072e+01
8.517485174425873993e+03 9.492519175065217496e+01
8.517685176425884492e+03 9.641005970826728344e+01
8.517885178425894992e+03 9.779873232407553019e+01
8.518085180425903673e+03 9.854087837183143961e+01
8.518285182425915991e+03 9.649856996637734596e+01
8.518485184425924672e+03 9.977202718064725673e+01
8.518685186425935171e+03 9.651403554499589177e+01
8.518885188425943852e+03 9.772126644513424765e+01
8.519085190425954352e+03 9.785186642814946367e+01
8.519285192425964851e+03 9.951395956326992120e+01
8.519485194425975351e+03 1.018428710050335724e+02
8.519685196425984032e+03 9.941261830605735383e+01
8.519885198425994531e+03 9.811953139480928598e+01
8.520085200426005031e+03 9.969921036604172571e+01
8.520285202426015530e+03 1.021702242728830612e+02
8.520485204426024211e+03 1.021199604449966358e+02
8.520685206426034711e+03 9.669837784508501954e+01
8.520885208426043391e+03 9.812297752909856285e+01
8.521085210426055710e+03 9.724397222474830471e+01
8.521285212426064390e+03 9.944965333461172463e+01
8.521485214426074890e+03 9.929199178578116403e+01
8.521685216426085390e+03 9.941607890203077602e+01
8.521885218426094070e+03 9.696079439237018960e+01
8.522085220426104570e+03 9.884775927519312688e+01
8.522285222426115070e+03 9.839780730127262132e+01
8.522485224426123750e+03 9.929956719006000299e+01
8.522685226426136069e+03 1.002638752105649331e+02
8.522885228426142930e+03 1.005889588980843996e+02
8.523085230426155249e+03 1.006982597783762969e+02
8.523285232426165749e+03 9.885326677771200821e+01
8.523485234426174429e+03 1.000755493775694021e+02
8.523685236426184929e+03 9.866596646403569082e+01
8.523885238426193609e+03 9.886203388920867496e+01
8.524085240426204109e+03 9.964001153487751594e+01
8.524285242426216428e+03 9.823243509146021779e+01
8.524485244426223289e+03 1.003601222528839685e+02
8.524685246426235608e+03 9.944141863170504791e+01
8.524885248426244289e+03 9.933102664333459586e+01
8.525085250426254788e+03 1.014523323478917263e+02
8.525285252426265288e+03 1.003105745023029840e+02
8.525485254426275787e+03 9.567912406995031915e+01
8.525685256426284468e+03 1.004608103233799170e+02
8.525885258426294968e+03 1.001944174683244313e+02
8.526085260426303648e+03 9.861924281587731400e+01
8.526285262426315967e+03 9.925433780657671434e+01
8.526485264426324648e+03 9.769228471568035843e+01
8.526685266426335147e+03 9.654785328575466963e+01
8.526885268426343828e+03 9.592044253033874668e+01
8.527085270426356146e+03 9.750056396181125251e+01
8.527285272426364827e+03 9.405238629337512180e+01
8.527485274426375327e+03 9.584898145523837343e+01
8.527685276426384007e+03 9.852967129065777385e+01
8.527885278426394507e+03 9.920918662136855914e+01
8.528085280426405006e+03 9.549614468997374672e+01
8.528285282426415506e+03 1.008446740511617321e+02
8.528485284426424187e+03 9.990391548060709681e+01
8.528685286426436505e+03 9.819455723974607508e+01
8.528885288426443367e+03 9.917093819975542601e+01
8.529085290426455686e+03 9.986505906784512376e+01
8.529285292426464366e+03 9.947283181633432037e+01
8.529485294426474866e+03 9.714706479710341114e+01
8.529685296426485365e+03 1.010033648603179586e+02
8.529885298426494046e+03 9.573928296300391594e+01
8.530085300426504546e+03 9.983829799870116517e+01
8.530285302426516864e+03 9.814344629299309020e+01
8.530485304426523726e+03 1.006608129085522734e+02
8.530685306426536044e+03 1.010977840344276899e+02
8.530885308426542906e+03 9.656418914545282917e+01
8.531085310426555225e+03 9.783640015278989210e+01
8.531285312426565724e+03 9.741031539162803199e+01
8.531485314426574405e+03 1.001896441437308454e+02
8.531685316426584905e+03 9.698351966440783656e+01
8.531885318426595404e+03 9.822131333171412848e+01
8.532085320426604085e+03 9.681708685439387807e+01
8.532285322426616403e+03 9.476760821391413003e+01
8.532485324426623265e+03 9.748181323278961941e+01
8.532685326426635584e+03 9.485180694205229202e+01
8.532885328426644264e+03 9.910883338756354988e+01
8.533085330426654764e+03 9.656092409862833392e+01
8.533285332426665263e+03 9.818957540080853619e+01
8.533485334426675763e+03 9.504987235818217073e+01
8.533685336426684444e+03 9.575708298676435959e+01
8.533885338426694943e+03 9.552191754010516433e+01
8.534085340426705443e+03 1.000265747276877022e+02
8.534285342426715943e+03 9.674050103212881879e+01
8.534485344426724623e+03 9.490709956374281830e+01
8.534685346426735123e+03 9.467533047139264113e+01
8.534885348426743803e+03 9.637013353251396097e+01
8.535085350426756122e+03 9.659335868753704801e+01
8.535285352426764803e+03 9.541565175238423535e+01
8.535485354426775302e+03 9.878903361576250575e+01
8.535685356426785802e+03 9.511716033835010364e+01
8.535885358426794483e+03 9.340022390683218134e+01
8.536085360426804982e+03 9.434819789283753266e+01
8.536285362426815482e+03 9.167505606335903678e+01
8.536485364426824162e+03 9.301376509113448776e+01
8.536685366426836481e+03 9.301495104119953794e+01
8.536885368426843343e+03 9.414961937157549698e+01
8.537085370426855661e+03 9.329799658394786377e+01
8.537285372426866161e+03 9.259325369958736474e+01
8.537485374426874841e+03 9.096574703590611932e+01
8.537685376426885341e+03 9.079365734745813654e+01
8.537885378426894022e+03 8.974099633985747460e+01
8.538085380426904521e+03 8.855580048342447697e+01
8.538285382426916840e+03 9.314064319237252221e+01
8.538485384426923702e+03 8.601230570775824447e+01
8.538685386426936020e+03 8.728647558742811441e+01
8.538885388426944701e+03 8.813947720157739241e+01
8.539085390426955200e+03 8.280987617770496456e+01
8.539285392426965700e+03 8.175870410167595992e+01
8.539485394426974381e+03 8.181146714543972109e+01
8.539685396426984880e+03 8.207306113721251961e+01
8.539885398426995380e+03 7.934334373839999444e+01
8.540085400427004060e+03 7.512639830211473679e+01
8.540285402427016379e+03 7.258654957354649184e+01
8.540485404427025060e+03 7.120106275845745358e+01
8.540685406427035559e+03 6.959547710109012542e+01
8.540885408427044240e+03 6.651889523388776126e+01
8.541085410427054740e+03 6.460205005419480528e+01
8.541285412427065239e+03 5.825671293278260521e+01
8.541485414427075739e+03 5.705289498585898400e+01
8.541685416427084419e+03 4.794752818851704035e+01
8.541885418427094919e+03 3.970095637696584134e+01
8.542085420427105419e+03 4.030517948821557184e+01
8.542285422427115918e+03 4.264643334239587347e+01
8.542485424427124599e+03 4.666893580691948529e+01
8.542685426427136917e+03 5.152584284697829276e+01
8.542885428427143779e+03 5.383338539948383072e+01
8.543085430427156098e+03 6.013384443600192952e+01
8.543285432427164778e+03 6.167318819933389307e+01
8.543485434427175278e+03 6.656951633689925529e+01
8.543685436427185778e+03 6.831073076337821703e+01
8.543885438427194458e+03 7.040248352176017477e+01
8.544085440427204958e+03 7.540490135819433704e+01
8.544285442427217276e+03 7.763586071302383118e+01
8.544485444427224138e+03 7.743209239944025057e+01
8.544685446427236457e+03 8.119043351158984478e+01
8.544885448427243318e+03 8.126458343426224928e+01
8.545085450427255637e+03 8.127071704465699042e+01
8.545285452427266137e+03 8.297146179929586651e+01
8.545485454427274817e+03 8.710333476487612359e+01
8.545685456427285317e+03 8.384355030974177225e+01
8.545885458427295816e+03 8.754438084721432745e+01
8.546085460427304497e+03 8.563250205797803005e+01
8.546285462427316816e+03 8.699864030985786201e+01
8.546485464427323677e+03 8.817520620997723313e+01
8.546685466427335996e+03 9.152426987136391290e+01
8.546885468427344676e+03 9.311304514470880633e+01
8.547085470427355176e+03 9.074282097525822621e+01
8.547285472427365676e+03 9.326704584228798467e+01
8.547485474427376175e+03 9.313828905627393340e+01
8.547685476427384856e+03 9.357882322163723643e+01
8.547885478427395356e+03 9.610744778186769111e+01
8.548085480427404036e+03 9.258328311816342193e+01
8.548285482427416355e+03 9.568993317907154506e+01
8.548485484427425035e+03 9.445323561157748316e+01
8.548685486427433716e+03 9.283803846933361115e+01
8.548885488427444216e+03 9.595967506375755818e+01
8.549085490427454715e+03 9.628971406661656829e+01
8.549285492427465215e+03 9.363051190378430988e+01
8.549485494427473895e+03 9.714002187324744853e+01
8.549685496427484395e+03 9.541815145777212592e+01
8.549885498427493076e+03 9.712730488434432630e+01
8.550085500427505394e+03 9.473691796894271988e+01
8.550285502427514075e+03 9.731739476609496364e+01
8.550485504427524575e+03 9.425749753525765584e+01
8.550685506427535074e+03 9.701312158134150820e+01
8.550885508427543755e+03 9.765002213074302517e+01
8.551085510427554254e+03 9.816138944303808955e+01
8.551285512427564754e+03 9.839729904720205411e+01
8.551485514427573435e+03 9.791316363287060653e+01
8.551685516427585753e+03 9.649222834175134267e+01
8.551885518427592615e+03 9.828929757505952125e+01
8.552085520427604934e+03 9.749115084110346174e+01
8.552285522427615433e+03 9.885886922025595425e+01
8.552485524427624114e+03 9.676337323156056414e+01
8.552685526427634613e+03 9.687064730563078285e+01
8.552885528427645113e+03 9.887758568899626255e+01
8.553085530427653794e+03 9.970817183455682198e+01
8.553285532427666112e+03 9.765754837809502931e+01
8.553485534427672974e+03 9.877247294861631133e+01
8.553685536427685292e+03 9.849396207869351372e+01
8.553885538427693973e+03 9.869738236617955351e+01
8.554085540427704473e+03 9.780721605132895036e+01
8.554285542427714972e+03 9.793018972921532850e+01
8.554485544427725472e+03 9.941277167402536463e+01
8.554685546427734153e+03 1.000964162432309621e+02
8.554885548427744652e+03 1.030245172681509018e+02
8.555085550427753333e+03 9.932164278859407602e+01
8.555285552427765651e+03 1.005378021042783558e+02
8.555485554427774332e+03 9.946828750438854172e+01
8.555685556427784832e+03 9.862696435014649410e+01
8.555885558427793512e+03 9.909362799915960807e+01
8.556085560427805831e+03 9.494571170437460239e+01
8.556285562427814511e+03 9.757444221556580999e+01
8.556485564427825011e+03 9.878910539234161092e+01
8.556685566427833692e+03 9.570252503688173817e+01
8.556885568427844191e+03 9.514473932410169255e+01
8.557085570427854691e+03 9.615485946730559874e+01
8.557285572427865191e+03 9.742178487360766326e+01
8.557485574427873871e+03 9.656237878061246249e+01
8.557685576427886190e+03 9.617884748746521950e+01
8.557885578427893051e+03 9.707056182282769896e+01
8.558085580427905370e+03 9.874983117387002096e+01
8.558285582427914051e+03 1.002083197212430861e+02
8.558485584427924550e+03 9.942397286790277633e+01
8.558685586427935050e+03 1.001444767527881083e+02
8.558885588427943730e+03 9.708798067707350299e+01
8.559085590427954230e+03 9.795221829488819765e+01
8.559285592427966549e+03 9.950526146179385023e+01
8.559485594427973410e+03 9.798090639353868880e+01
8.559685596427985729e+03 9.823345449092276738e+01
8.559885598427992591e+03 9.658249687853803778e+01
8.560085600428004909e+03 9.968519515891630078e+01
8.560285602428015409e+03 9.923448993232010196e+01
8.560485604428024089e+03 9.953541069152333876e+01
8.560685606428034589e+03 9.944337575278537145e+01
8.560885608428045089e+03 9.899837392227885857e+01
8.561085610428053769e+03 9.978055423280098069e+01
8.561285612428066088e+03 9.694547237769941717e+01
8.561485614428074769e+03 9.694269265538082436e+01
8.561685616428085268e+03 9.945502043320732355e+01
8.561885618428093949e+03 1.000437510366844975e+02
8.562085620428104448e+03 9.891705798330397670e+01
8.562285622428114948e+03 9.941162642613446110e+01
8.562485624428125448e+03 9.679159909009686658e+01
8.562685626428134128e+03 1.008259147311116806e+02
8.562885628428144628e+03 9.880727239505996806e+01
8.563085630428155127e+03 9.887308056435774972e+01
8.563285632428165627e+03 1.006680579742585309e+02
8.563485634428174308e+03 9.947036906509367782e+01
8.563685636428184807e+03 9.896820301116365215e+01
8.563885638428193488e+03 9.807114785407961222e+01
8.564085640428205807e+03 9.980863106880683233e+01
8.564285642428214487e+03 9.881484967878162706e+01
8.564485644428224987e+03 1.017406203515915450e+02
8.564685646428235486e+03 9.831995007502813166e+01
8.564885648428244167e+03 9.858348582975307295e+01
8.565085650428254667e+03 1.002772197500042921e+02
8.565285652428265166e+03 9.958555830771803130e+01
8.565485654428273847e+03 1.019323644399539717e+02
8.565685656428286165e+03 1.011883418886535821e+02
8.565885658428293027e+03 1.001155350652783085e+02
8.566085660428305346e+03 1.017773449355529181e+02
8.566285662428315845e+03 1.019159027929901242e+02
8.566485664428324526e+03 1.018573538168973158e+02
8.566685666428335026e+03 9.613612740114052713e+01
8.566885668428343706e+03 9.701599865049230687e+01
8.567085670428354206e+03 1.002786032956154116e+02
8.567285672428366524e+03 9.968811603310867042e+01
8.567485674428373386e+03 1.041538258870214690e+02
8.567685676428385705e+03 9.663184596358311751e+01
8.567885678428394385e+03 9.910107660024675624e+01
8.568085680428404885e+03 1.002176536115592000e+02
8.568285682428415384e+03 9.985381696303065269e+01
8.568485684428424065e+03 9.881254241685496709e+01
8.568685686428434565e+03 9.751281847984174078e+01
8.568885688428445064e+03 9.888057972878522150e+01
8.569085690428453745e+03 1.000531053219250879e+02
8.569285692428466064e+03 1.008431925659974553e+02
8.569485694428474744e+03 9.898887895365020029e+01
8.569685696428485244e+03 9.829141950761231783e+01
8.569885698428493924e+03 1.003234734623639497e+02
8.570085700428506243e+03 1.010640558361815948e+02
8.570285702428514924e+03 9.934556269440152221e+01
8.570485704428525423e+03 9.840193980834830256e+01
8.570685706428534104e+03 9.742711759422876128e+01
8.570885708428544604e+03 9.873500678529396168e+01
8.571085710428555103e+03 1.008293799179673158e+02
8.571285712428565603e+03 9.967997760356655590e+01
8.571485714428574283e+03 9.741935545917597494e+01
8.571685716428586602e+03 9.708299192564970781e+01
8.571885718428593464e+03 9.867072769819840516e+01
8.572085720428605782e+03 9.879432566869211030e+01
8.572285722428614463e+03 1.037149017447216011e+02
8.572485724428624962e+03 1.010616660456592513e+02
8.572685726428635462e+03 1.034253506056015510e+02
8.572885728428644143e+03 1.003605327710564268e+02
8.573085730428654642e+03 9.837476901916099337e+01
8.573285732428666961e+03 9.886818686711433202e+01
8.573485734428673823e+03 1.002843452201651360e+02
8.573685736428686141e+03 1.022044984832838423e+02
8.573885738428693003e+03 9.998924002088128304e+01
8.574085740428705321e+03 9.947280598108230265e+01
8.574285742428715821e+03 9.817323365246807043e+01
8.574485744428724502e+03 9.939404761404269095e+01
8.574685746428735001e+03 9.926330809030781666e+01
8.574885748428745501e+03 1.005702413572425229e+02
8.575085750428754181e+03 1.003638630472839566e+02
8.575285752428766500e+03 1.024111613441176871e+02
8.575485754428773362e+03 9.980888096077536886e+01
8.575685756428785680e+03 9.983833475642290978e+01
8.575885758428794361e+03 1.006036141755317459e+02
8.576085760428804861e+03 9.725117451507902899e+01
8.576285762428815360e+03 1.013465782027084998e+02
8.576485764428825860e+03 9.954386432799839213e+01
8.576685766428834540e+03 9.588931773011825044e+01
8.576885768428845040e+03 1.010782494086144538e+02
8.577085770428853721e+03 9.951784399763776889e+01
8.577285772428866039e+03 9.847515293190204488e+01
8.577485774428874720e+03 9.960443537129843605e+01
8.577685776428885220e+03 1.001472028022036795e+02
8.577885778428893900e+03 9.984498338208545931e+01
8.578085780428906219e+03 9.966475301950683274e+01
8.578285782428914899e+03 1.011883451972030628e+02
8.578485784428925399e+03 9.977720420703175819e+01
8.578685786428935899e+03 9.742762279997576513e+01
8.578885788428944579e+03 1.007248610429374907e+02
8.579085790428955079e+03 9.966582997654080600e+01
8.579285792428965578e+03 9.950484846292850705e+01
8.579485794428974259e+03 1.000120811618816532e+02
8.579685796428986578e+03 9.721650957446824748e+01
8.579885798428993439e+03 9.869494155857651663e+01
8.580085800429005758e+03 9.840964122396410119e+01
8.580285802429016258e+03 1.034477536856587534e+02
8.580485804429024938e+03 9.815689576796397375e+01
8.580685806429035438e+03 9.864096004418527741e+01
8.580885808429044118e+03 9.708415713533811697e+01
8.581085810429054618e+03 9.995395431347871806e+01
8.581285812429066937e+03 1.003879485961562636e+02
8.581485814429073798e+03 1.004471634164600147e+02
8.581685816429086117e+03 9.889304407616286596e+01
8.581885818429094797e+03 9.457809069595361962e+01
8.582085820429105297e+03 9.442482193696739046e+01
8.582285822429115797e+03 9.140139475352783904e+01
8.582485824429124477e+03 9.527915086028397695e+01
8.582685826429134977e+03 9.861606557305185561e+01
8.582885828429145477e+03 9.907854391556826101e+01
8.583085830429154157e+03 1.007992022744250988e+02
8.583285832429166476e+03 9.821961318523433704e+01
8.583485834429175156e+03 1.010908400466561119e+02
8.583685836429185656e+03 9.858488980971110038e+01
8.583885838429194337e+03 9.926653788453853622e+01
8.584085840429204836e+03 1.020644867761861150e+02
8.584285842429215336e+03 9.785554069559593415e+01
8.584485844429225835e+03 9.933722385133197008e+01
8.584685846429234516e+03 9.650199524707674925e+01
8.584885848429245016e+03 1.005724580237478989e+02
8.585085850429255515e+03 9.812663967676402876e+01
8.585285852429266015e+03 9.792769946014377069e+01
8.585485854429274696e+03 9.768662709703527014e+01
8.585685856429285195e+03 9.594384719030584563e+01
8.585885858429293876e+03 9.921742941041547681e+01
8.586085860429306194e+03 9.843917054492936813e+01
8.586285862429314875e+03 9.893990819381745894e+01
8.586485864429325375e+03 1.009435452070372747e+02
8.586685866429335874e+03 1.007277446856161447e+02
8.586885868429344555e+03 9.642764182901940728e+01
8.587085870429355055e+03 1.010851878988293606e+02
8.587285872429365554e+03 1.002898339619959103e+02
8.587485874429374235e+03 1.009926470684316371e+02
8.587685876429386553e+03 9.810838915149490447e+01
8.587885878429393415e+03 9.896866155104403617e+01
8.588085880429405734e+03 9.773781360430419340e+01
8.588285882429416233e+03 9.927541395303046556e+01
8.588485884429424914e+03 1.000132081028674946e+02
8.588685886429435413e+03 9.954647449764959788e+01
8.588885888429445913e+03 9.696013866462104147e+01
8.589085890429454594e+03 9.997472705359611211e+01
8.589285892429466912e+03 1.012531629161141780e+02
8.589485894429473774e+03 9.706107323741875348e+01
8.589685896429486093e+03 1.019279700113952032e+02
8.589885898429494773e+03 1.017055444150467309e+02
8.590085900429505273e+03 1.001007148136982039e+02
8.590285902429515772e+03 9.825593097101102558e+01
8.590485904429524453e+03 1.007414911027249218e+02
8.590685906429534953e+03 1.000529801667039607e+02
8.590885908429543633e+03 1.010612538833184431e+02
8.591085910429554133e+03 1.012807119136762424e+02
8.591285912429564632e+03 1.000877804879456647e+02
8.591485914429575132e+03 9.752940086530034591e+01
8.591685916429583813e+03 1.011443630354699792e+02
8.591885918429594312e+03 9.842614514145061833e+01
8.592085920429604812e+03 9.959153167374751092e+01
8.592285922429615312e+03 9.755127105280323008e+01
8.592485924429623992e+03 9.989196428444425635e+01
8.592685926429634492e+03 9.996340786158030767e+01
8.592885928429643172e+03 9.730160036781319377e+01
8.593085930429655491e+03 9.632775461011165419e+01
8.593285932429664172e+03 9.719220916462681714e+01
8.593485934429674671e+03 1.017791076132336912e+02
8.593685936429685171e+03 9.692423978470397117e+01
8.593885938429693852e+03 9.944132415670264891e+01
8.594085940429704351e+03 1.000443686135718195e+02
8.594285942429714851e+03 9.837253228458502008e+01
8.594485944429723531e+03 1.018000030643521256e+02
8.594685946429735850e+03 1.027023851839265660e+02
8.594885948429742712e+03 9.790964048960729826e+01
8.595085950429755030e+03 9.951700054128184547e+01
8.595285952429765530e+03 9.843793793867621389e+01
8.595485954429774210e+03 1.010715941204472159e+02
8.595685956429784710e+03 1.022035004287956355e+02
8.595885958429793391e+03 9.858267269490374929e+01
8.596085960429803890e+03 1.005262237110203358e+02
8.596285962429816209e+03 9.953849211983823864e+01
8.596485964429823071e+03 9.481138424170616474e+01
8.596685966429835389e+03 9.806448747436361657e+01
8.596885968429844070e+03 9.974239869147143622e+01
8.597085970429854569e+03 1.002750490672364378e+02
8.597285972429865069e+03 9.767225490311827230e+01
8.597485974429875569e+03 1.010031178462280366e+02
8.597685976429884249e+03 9.615186370887720102e+01
8.597885978429894749e+03 1.000375628269366501e+02
8.598085980429903429e+03 9.871157922951942965e+01
8.598285982429915748e+03 1.001173973297487407e+02
8.598485984429924429e+03 9.553915147130284424e+01
8.598685986429934928e+03 9.411763224616926493e+01
8.598885988429943609e+03 9.174863495785768919e+01
8.599085990429955928e+03 9.325212368953647513e+01
8.599285992429964608e+03 9.612640401902324072e+01
8.599485994429975108e+03 1.002133497219463152e+02
8.599685996429983788e+03 9.936306990074713497e+01
8.599885998429994288e+03 9.814835868688631138e+01
8.600086000430004788e+03 9.729922167269418765e+01
8.600286002430015287e+03 9.972122645787349882e+01
8.600486004430023968e+03 1.008156900711652071e+02
8.600686006430036286e+03 1.014383442491984511e+02
8.600886008430043148e+03 1.000227280873030224e+02
8.601086010430055467e+03 9.621056191013039438e+01
8.601286012430064147e+03 1.011250465015627356e+02
8.601486014430074647e+03 1.001093556357456151e+02
8.601686016430085147e+03 9.538565516105363429e+01
8.601886018430093827e+03 1.014922200865538997e+02
8.602086020430104327e+03 1.007816797428019129e+02
8.602286022430116645e+03 9.867945315925962291e+01
8.602486024430123507e+03 9.844830671388035626e+01
8.602686026430135826e+03 9.834017293797717230e+01
8.602886028430142687e+03 1.007248639753565413e+02
8.603086030430155006e+03 1.002090387892480976e+02
8.603286032430165506e+03 9.824811578892203556e+01
8.603486034430174186e+03 1.004547266715674567e+02
8.603686036430184686e+03 9.711972201835421004e+01
8.603886038430195185e+03 1.010635002075967321e+02
8.604086040430203866e+03 9.903417211817539112e+01
8.604286042430216185e+03 9.784774308824115963e+01
8.604486044430223046e+03 9.804910608670337524e+01
8.604686046430235365e+03 9.942728125463133892e+01
8.604886048430244045e+03 1.004375068730535219e+02
8.605086050430254545e+03 1.004927373415739424e+02
8.605286052430265045e+03 9.884137704904289023e+01
8.605486054430275544e+03 9.984699855860712603e+01
8.605686056430284225e+03 9.806017701023347399e+01
8.605886058430294725e+03 9.912247125189533392e+01
8.606086060430305224e+03 1.023183849017707416e+02
8.606286062430315724e+03 9.782656793602677681e+01
8.606486064430324404e+03 9.707891162731223744e+01
8.606686066430334904e+03 9.855636412106510136e+01
8.606886068430343585e+03 1.008699226578339250e+02
8.607086070430355903e+03 1.010589548559709954e+02
8.607286072430364584e+03 9.776100399861363144e+01
8.607486074430375083e+03 9.923866623112590446e+01
8.607686076430385583e+03 1.016594575121153241e+02
8.607886078430394264e+03 9.801109846243068091e+01
8.608086080430404763e+03 9.862250995042582247e+01
8.608286082430415263e+03 1.008798336949873971e+02
8.608486084430423944e+03 9.974162552012462868e+01
8.608686086430436262e+03 9.976175222761807504e+01
8.608886088430443124e+03 9.798377365158471264e+01
8.609086090430455442e+03 1.034407995917373597e+02
8.609286092430465942e+03 1.005670752849186584e+02
8.609486094430474623e+03 9.787436072433935408e+01
8.609686096430485122e+03 1.002303109697309793e+02
8.609886098430493803e+03 1.019622097489939847e+02
8.610086100430504302e+03 9.903461023101912986e+01
8.610286102430516621e+03 9.849149141399718133e+01
8.610486104430523483e+03 1.003354559231909633e+02
8.610686106430535801e+03 9.921593013392885041e+01
8.610886108430544482e+03 1.013390171443167134e+02
8.611086110430554982e+03 9.983803209006464385e+01
8.611286112430565481e+03 9.735995947866994982e+01
8.611486114430574162e+03 9.524493300187580758e+01
8.611686116430584661e+03 8.855659088271308121e+01
8.611886118430595161e+03 8.648874308981004333e+01
8.612086120430603842e+03 9.013491787758354690e+01
8.612286122430616160e+03 9.212017890756932559e+01
8.612486124430624841e+03 1.011858748611322625e+02
8.612686126430635341e+03 9.723255109842006050e+01
8.612886128430644021e+03 9.850286740462608748e+01
8.613086130430654521e+03 1.009840178580225256e+02
8.613286132430665020e+03 9.810453037182934111e+01
8.613486134430675520e+03 9.827571351425135049e+01
8.613686136430684201e+03 9.994789319408063477e+01
8.613886138430694700e+03 1.005313962317964638e+02
8.614086140430705200e+03 1.005140560584735283e+02
8.614286142430715699e+03 9.965812820451273524e+01
8.614486144430724380e+03 9.862062291644932088e+01
8.614686146430736699e+03 1.025326551278435829e+02
8.614886148430743560e+03 1.017356154921106679e+02
8.615086150430755879e+03 9.831320748832960987e+01
8.615286152430764560e+03 1.024876357145089116e+02
8.615486154430775059e+03 1.025519492039030638e+02
8.615686156430785559e+03 9.684885046809681342e+01
8.615886158430794239e+03 1.003843246479910363e+02
8.616086160430804739e+03 9.598917467759224564e+01
8.616286162430817058e+03 9.767428556990920185e+01
8.616486164430823919e+03 9.736397310790692927e+01
8.616686166430836238e+03 9.865766581050115747e+01
8.616886168430843099e+03 9.963026933600556845e+01
8.617086170430855418e+03 1.023440104963427757e+02
8.617286172430865918e+03 9.571156790829402894e+01
8.617486174430874598e+03 1.008907302080876889e+02
8.617686176430885098e+03 9.943324187241650236e+01
8.617886178430895598e+03 1.006857186513968259e+02
8.618086180430904278e+03 1.036564206199087721e+02
8.618286182430916597e+03 9.762057248949261634e+01
8.618486184430923458e+03 1.020699087576253561e+02
8.618686186430935777e+03 9.804927135885517941e+01
8.618886188430944458e+03 1.000331432159029816e+02
8.619086190430954957e+03 1.025977877427376228e+02
8.619286192430965457e+03 1.023344450673400559e+02
8.619486194430975956e+03 1.005650902463820557e+02
8.619686196430984637e+03 1.014912634374458378e+02
8.619886198430995137e+03 1.021019058639922434e+02
8.620086200431003817e+03 9.908831395339919368e+01
8.620286202431016136e+03 9.794915641381919613e+01
8.620486204431024817e+03 9.686181442377598216e+01
8.620686206431035316e+03 9.959365831833872562e+01
8.620886208431043997e+03 9.891240618977205656e+01
8.621086210431056315e+03 9.577212953342457524e+01
8.621286212431064996e+03 9.454446978274761193e+01
8.621486214431075496e+03 9.024895695841848919e+01
8.621686216431084176e+03 8.775640453395628526e+01
8.621886218431094676e+03 9.315189149155091286e+01
8.622086220431105176e+03 9.582685309071649726e+01
8.622286222431115675e+03 9.753223438273407453e+01
8.622486224431124356e+03 9.802310244946934858e+01
8.622686226431136674e+03 9.863237820822088509e+01
8.622886228431143536e+03 9.806401801179841016e+01
8.623086230431155855e+03 9.926231363995397317e+01
8.623286232431166354e+03 1.004496757006438656e+02
8.623486234431175035e+03 1.024177230112168928e+02
8.623686236431185534e+03 1.008842543415884734e+02
8.623886238431194215e+03 9.994894761449909026e+01
8.624086240431204715e+03 9.911283049558534231e+01
8.624286242431217033e+03 9.792519725652090301e+01
8.624486244431223895e+03 9.851893066250733000e+01
8.624686246431236214e+03 1.001410544052028513e+02
8.624886248431244894e+03 1.005406033409537514e+02
8.625086250431255394e+03 9.581463892052795472e+01
8.625286252431265893e+03 1.016757292861776989e+02
8.625486254431274574e+03 9.867596446927781528e+01
8.625686256431285074e+03 9.940460907108820265e+01
8.625886258431295573e+03 9.925043718253370173e+01
8.626086260431304254e+03 1.018986586646717285e+02
8.626286262431316572e+03 9.960398425160883562e+01
8.626486264431325253e+03 9.971105888903724690e+01
8.626686266431335753e+03 1.001008078223390214e+02
8.626886268431344433e+03 9.954299638735740530e+01
8.627086270431354933e+03 9.985769261935334384e+01
8.627286272431365433e+03 9.629760363604154350e+01
8.627486274431375932e+03 9.961288632642357754e+01
8.627686276431384613e+03 1.003948334974874115e+02
8.627886278431395112e+03 9.752595476141648589e+01
8.628086280431405612e+03 9.831618962521066862e+01
8.628286282431416112e+03 1.017948513114591265e+02
8.628486284431424792e+03 1.028783605839374076e+02
8.628686286431435292e+03 1.001755950201855683e+02
8.628886288431443973e+03 1.004564668715297131e+02
8.629086290431456291e+03 9.953169544009261926e+01
8.629286292431464972e+03 1.026728306234668509e+02
8.629486294431475471e+03 9.920816190125241008e+01
8.629686296431485971e+03 9.737371945404117923e+01
8.629886298431494652e+03 9.935579008660801037e+01
8.630086300431505151e+03 1.016947769659050635e+02
8.630286302431515651e+03 9.774233944134545027e+01
8.630486304431524331e+03 9.765488917418122128e+01
8.630686306431536650e+03 9.977223396697704061e+01
8.630886308431543512e+03 9.770027776357655114e+01
8.631086310431555830e+03 1.002351377414050830e+02
8.631286312431566330e+03 1.003703094480206062e+02
8.631486314431575011e+03 9.808361304853758611e+01
8.631686316431585510e+03 1.014149028030374637e+02
8.631886318431594191e+03 9.781955645826218415e+01
8.632086320431604690e+03 9.909978498713736883e+01
8.632286322431615190e+03 1.013147304121317518e+02
8.632486324431623871e+03 9.452731993450753123e+01
8.632686326431634370e+03 9.738845072571554340e+01
8.632886328431644870e+03 9.761024472123619944e+01
8.633086330431653550e+03 1.016744415617196182e+02
8.633286332431665869e+03 1.003225301512397891e+02
8.633486334431674550e+03 1.004259407112141247e+02
8.633686336431685049e+03 9.672575025986918718e+01
8.633886338431693730e+03 1.014628493090234684e+02
8.634086340431704230e+03 1.024180460246455766e+02
8.634286342431714729e+03 9.434270174702663780e+01
8.634486344431725229e+03 9.735482606919998716e+01
8.634686346431733909e+03 9.635779037294324212e+01
8.634886348431744409e+03 1.002675581643919998e+02
8.635086350431754909e+03 1.015629094260502683e+02
8.635286352431765408e+03 9.807838514751161085e+01
8.635486354431774089e+03 1.001620074692391142e+02
8.635686356431784588e+03 1.014529951578766145e+02
8.635886358431793269e+03 9.766046016411723940e+01
8.636086360431805588e+03 9.848846962111122139e+01
8.636286362431814268e+03 1.010556550452498783e+02
8.636486364431824768e+03 1.000203111922935761e+02
8.636686366431835268e+03 9.770553383084468635e+01
8.636886368431843948e+03 9.856613469462348576e+01
8.637086370431854448e+03 1.006345399435657413e+02
8.637286372431864947e+03 9.939467223254104056e+01
8.637486374431873628e+03 9.794054800305649167e+01
8.637686376431885947e+03 1.005088601715853684e+02
8.637886378431892808e+03 9.853220302911176987e+01
8.638086380431905127e+03 9.840025458962698224e+01
8.638286382431915627e+03 9.717977314610600104e+01
8.638486384431924307e+03 9.996032409475503755e+01
8.638686386431934807e+03 1.001438327949833962e+02
8.638886388431943487e+03 9.779045863913087544e+01
8.639086390431953987e+03 9.785192770148890418e+01
8.639286392431966306e+03 1.013275973479245948e+02
8.639486394431973167e+03 9.977261472507181850e+01
8.639686396431985486e+03 9.974772203392826952e+01
8.639886398431994166e+03 9.679652789750693387e+01
8.640086400432004666e+03 9.920900212547488195e+01
8.640286402432015166e+03 1.002128987289731299e+02
8.640486404432023846e+03 1.020064455810427262e+02
8.640686406432034346e+03 9.952706096106768996e+01
8.640886408432044846e+03 9.900133354857128154e+01
8.641086410432053526e+03 9.759411337390979213e+01
8.641286412432065845e+03 9.637317760317269233e+01
8.641486414432074525e+03 9.914843780220425629e+01
8.641686416432085025e+03 9.723558268159976592e+01
8.641886418432093706e+03 9.733373921356080416e+01
8.642086420432106024e+03 9.883263399400809135e+01
8.642286422432114705e+03 1.005509684206306389e+02
8.642486424432125204e+03 9.940760357139022574e+01
8.642686426432133885e+03 1.003136454051597468e+02
8.642886428432144385e+03 9.898329275902672464e+01
8.643086430432154884e+03 9.961066191575989137e+01
8.643286432432165384e+03 9.534622637656258348e+01
8.643486434432174065e+03 9.858304934336737801e+01
8.643686436432186383e+03 9.873346312518583545e+01
8.643886438432193245e+03 1.000969191891719561e+02
8.644086440432205563e+03 1.004909892631278723e+02
8.644286442432214244e+03 1.008864003795121249e+02
8.644486444432224744e+03 9.988505784415293931e+01
8.644686446432235243e+03 1.005582144898854722e+02
8.644886448432243924e+03 1.005199087422758595e+02
8.645086450432254424e+03 9.923156341617176679e+01
8.645286452432266742e+03 1.009803900618558288e+02
8.645486454432273604e+03 9.725359254801396958e+01
8.645686456432285922e+03 9.962917134696252219e+01
8.645886458432292784e+03 1.013414749845124163e+02
8.646086460432305103e+03 9.686927845657102409e+01
8.646286462432315602e+03 9.883464618063439389e+01
8.646486464432324283e+03 1.002779566107247291e+02
8.646686466432334782e+03 9.953182938476938091e+01
8.646886468432345282e+03 9.901376601452003001e+01
8.647086470432353963e+03 9.903381444766151276e+01
8.647286472432366281e+03 1.010756598878722343e+02
8.647486474432373143e+03 1.003872181861308093e+02
8.647686476432385462e+03 9.788105330813347393e+01
8.647886478432394142e+03 9.882604084426547786e+01
8.648086480432404642e+03 1.016396746743652244e+02
8.648286482432415141e+03 9.966415002136496071e+01
8.648486484432425641e+03 9.905736876924042633e+01
8.648686486432434322e+03 9.926892505618758378e+01
8.648886488432444821e+03 9.691852699453737330e+01
8.649086490432453502e+03 9.774846953105557645e+01
8.649286492432465820e+03 9.732234027033806001e+01
8.649486494432474501e+03 9.718642089522828087e+01
8.649686496432485001e+03 9.793398184042148102e+01
8.649886498432493681e+03 9.941927134767352925e+01
8.650086500432506000e+03 9.659998727736022772e+01
8.650286502432514681e+03 9.855770107032138583e+01
8.650486504432525180e+03 9.806643018902626352e+01
8.650686506432535680e+03 9.944802116620874699e+01
8.650886508432544360e+03 9.668894473013973823e+01
8.651086510432554860e+03 9.853548086676862283e+01
8.651286512432565360e+03 9.955085703218674098e+01
8.651486514432574040e+03 1.013362833466620145e+02
8.651686516432586359e+03 9.773474125990016148e+01
8.651886518432593220e+03 1.016454120511118759e+02
8.652086520432605539e+03 9.824609164690394891e+01
8.652286522432616039e+03 9.851419377764901242e+01
8.652486524432624719e+03 9.702956925972738134e+01
8.652686526432635219e+03 9.975095877795480703e+01
8.652886528432643900e+03 1.000510106954327512e+02
8.653086530432654399e+03 1.004884319973455575e+02
8.653286532432666718e+03 9.694760431686364655e+01
8.653486534432673579e+03 9.914324819582407144e+01
8.653686536432685898e+03 9.867371555463219579e+01
8.653886538432694579e+03 9.954354727248025370e+01
8.654086540432705078e+03 9.712220165806091643e+01
8.654286542432715578e+03 9.390001159578628176e+01
8.654486544432724259e+03 9.787729692482015764e+01
8.654686546432734758e+03 9.589192277339431314e+01
8.654886548432745258e+03 9.543609763275645719e+01
8.655086550432753938e+03 9.912072997605049807e+01
8.655286552432766257e+03 9.676620894483673396e+01
8.655486554432774938e+03 9.655343796371741405e+01
8.655686556432785437e+03 9.433848854222522107e+01
8.655886558432794118e+03 9.653163151364879013e+01
8.656086560432804617e+03 9.747119677094372037e+01
8.656286562432815117e+03 9.502139795195157035e+01
8.656486564432825617e+03 9.712277679203437231e+01
8.656686566432834297e+03 9.690675492163074978e+01
8.656886568432844797e+03 9.232866544223276151e+01
8.657086570432855297e+03 9.108090546328160997e+01
8.657286572432865796e+03 9.520293193058101622e+01
8.657486574432874477e+03 9.397073714536192313e+01
8.657686576432884976e+03 8.977429958626238715e+01
8.657886578432893657e+03 8.997713946001890406e+01
8.658086580432905976e+03 9.218638261540074552e+01
8.658286582432914656e+03 9.539317764576286152e+01
8.658486584432925156e+03 9.252071310039016794e+01
8.658686586432935655e+03 8.836390192683711575e+01
8.658886588432944336e+03 9.018100231646695875e+01
8.659086590432954836e+03 9.085145965466175255e+01
8.659286592432967154e+03 8.769860527379140080e+01
8.659486594432974016e+03 8.611218248120292174e+01
8.659686596432986335e+03 8.633438043823728947e+01
8.659886598432993196e+03 8.324786443870098651e+01
8.660086600433005515e+03 8.336902075799048362e+01
8.660286602433016014e+03 8.111292998575544289e+01
8.660486604433024695e+03 7.504252746624801773e+01
8.660686606433035195e+03 7.528733447948471280e+01
8.660886608433045694e+03 7.119449506788411952e+01
8.661086610433054375e+03 6.870601118018022646e+01
8.661286612433066693e+03 6.625812603908585174e+01
8.661486614433073555e+03 5.643327383787682550e+01
8.661686616433085874e+03 5.325284193909898534e+01
8.661886618433094554e+03 4.986853761695221010e+01
8.662086620433105054e+03 4.392776780207292120e+01
8.662286622433115554e+03 4.064017881832814538e+01
8.662486624433126053e+03 4.514781153989696350e+01
8.662686626433134734e+03 5.233795215052595040e+01
8.662886628433145233e+03 5.558048663851624127e+01
8.663086630433153914e+03 6.247346343918078304e+01
8.663286632433166233e+03 6.555582408542646533e+01
8.663486634433174913e+03 7.018927754354314175e+01
8.663686636433185413e+03 7.355775237229508434e+01
8.663886638433194094e+03 7.898113771066752520e+01
8.664086640433206412e+03 8.057733105104297522e+01
8.664286642433215093e+03 8.101305153950326599e+01
8.664486644433225592e+03 8.296219476479228661e+01
8.664686646433234273e+03 8.701664891714224837e+01
8.664886648433244773e+03 8.315237597851255202e+01
8.665086650433255272e+03 8.860059067286695722e+01
8.665286652433265772e+03 8.912432651212111523e+01
8.665486654433274452e+03 8.747568582626055900e+01
8.665686656433286771e+03 9.218452207006735932e+01
8.665886658433293633e+03 9.077707894932005672e+01
8.666086660433305951e+03 9.324080177553150861e+01
8.666286662433314632e+03 9.294999808163652233e+01
8.666486664433325132e+03 9.120106553356582424e+01
8.666686666433335631e+03 9.513866189626800463e+01
8.666886668433344312e+03 9.101338736591482359e+01
8.667086670433354811e+03 9.553388868029411185e+01
8.667286672433367130e+03 9.499062364924085955e+01
8.667486674433373992e+03 9.303688535290781658e+01
8.667686676433386310e+03 9.640010604005114203e+01
8.667886678433393172e+03 9.743006132380084239e+01
8.668086680433405490e+03 9.800824570772357447e+01
8.668286682433415990e+03 9.396951049318991522e+01
8.668486684433424671e+03 9.396126898171797848e+01
8.668686686433435170e+03 9.628141949168336566e+01
8.668886688433445670e+03 9.680326359526907254e+01
8.669086690433454351e+03 9.810073820089814944e+01
8.669286692433466669e+03 9.678617284778972873e+01
8.669486694433475350e+03 9.862796034737998241e+01
8.669686696433485849e+03 9.751793092828511078e+01
8.669886698433494530e+03 9.885098541255723603e+01
8.670086700433505030e+03 9.666607379865519079e+01
8.670286702433515529e+03 9.849555688739314974e+01
8.670486704433526029e+03 9.452731360389498150e+01
8.670686706433534710e+03 9.716835382798535647e+01
8.670886708433545209e+03 9.939801979956884281e+01
8.671086710433555709e+03 1.004541033619258599e+02
8.671286712433566208e+03 9.772313586023008725e+01
8.671486714433574889e+03 9.969699581619924800e+01
8.671686716433585389e+03 9.815213917094283147e+01
8.671886718433594069e+03 9.728510368060857161e+01
8.672086720433606388e+03 9.824470570006994308e+01
8.672286722433615068e+03 9.799994613097865681e+01
8.672486724433625568e+03 9.643500687515374636e+01
8.672686726433636068e+03 1.008628212212637294e+02
8.672886728433644748e+03 9.782614892730576628e+01
8.673086730433655248e+03 1.009015608107093698e+02
8.673286732433665748e+03 9.801427537235755949e+01
8.673486734433674428e+03 9.896009677943595761e+01
8.673686736433686747e+03 9.989329938366087447e+01
8.673886738433693608e+03 9.802360477968279895e+01
8.674086740433705927e+03 9.747103385259840991e+01
8.674286742433716427e+03 9.807126417388818140e+01
8.674486744433723288e+03 9.077259330770212387e+01
8.674686746433735607e+03 8.822542170394716265e+01
8.674886748433742468e+03 8.553299906873745329e+01
8.675086750433754787e+03 8.810958472454314006e+01
8.675286752433765287e+03 8.849206994082580024e+01
8.675486754433773967e+03 9.578014572960545081e+01
8.675686756433784467e+03 9.332970306072830624e+01
8.675886758433794967e+03 9.756046999922411089e+01
8.676086760433803647e+03 9.927500457187264260e+01
8.676286762433815966e+03 9.543356381189597926e+01
8.676486764433822827e+03 9.982396121187069582e+01
8.676686766433835146e+03 9.942161491125261819e+01
8.676886768433843827e+03 9.949897103304955692e+01
8.677086770433854326e+03 9.978505030776402407e+01
8.677286772433864826e+03 9.682631167065642330e+01
8.677486774433875325e+03 1.007185214039906782e+02
8.677686776433884006e+03 9.871315183003127913e+01
8.677886778433894506e+03 1.001291360648539097e+02
8.678086780433905005e+03 1.005302377472536222e+02
8.678286782433915505e+03 9.807341722156621699e+01
8.678486784433924186e+03 9.867742173708475661e+01
8.678686786433934685e+03 1.008372511809336771e+02
8.678886788433943366e+03 9.940517733609971174e+01
8.679086790433955684e+03 1.025541971084717403e+02
8.679286792433964365e+03 9.828234284020658151e+01
8.679486794433974865e+03 9.759099696934798374e+01
8.679686796433985364e+03 1.020310190242142454e+02
8.679886798433994045e+03 9.503071633711188326e+01
8.680086800434004545e+03 9.711647169153130221e+01
8.680286802434015044e+03 9.687475529046827205e+01
8.680486804434023725e+03 9.601781793542888011e+01
8.680686806434036043e+03 9.557893115389968841e+01
8.680886808434042905e+03 9.838298494396590854e+01
8.681086810434055224e+03 9.893401949644190552e+01
8.681286812434065723e+03 1.006930310928610055e+02
8.681486814434074404e+03 9.908445174807459921e+01
8.681686816434084903e+03 9.746367422491206867e+01
8.681886818434093584e+03 1.002072840243857428e+02
8.682086820434104084e+03 1.017529815938086557e+02
8.682286822434116402e+03 1.002650413132957965e+02
8.682486824434123264e+03 9.719825838450765332e+01
8.682686826434135583e+03 9.717102077313248287e+01
8.682886828434144263e+03 9.673145914246208577e+01
8.683086830434154763e+03 9.514870549967386637e+01
8.683286832434165262e+03 9.553665429551828936e+01
8.683486834434173943e+03 9.816852820225720677e+01
8.683686836434184443e+03 9.719954513615111580e+01
8.683886838434194942e+03 9.892536760221989312e+01
8.684086840434203623e+03 9.989549924491720390e+01
8.684286842434215941e+03 9.960272033436270078e+01
8.684486844434224622e+03 1.011254705800232045e+02
8.684686846434235122e+03 9.898466501788185212e+01
8.684886848434243802e+03 9.835398835793270678e+01
8.685086850434254302e+03 9.939746026503620158e+01
8.685286852434264802e+03 1.002408311394588338e+02
8.685486854434275301e+03 1.028306420051911516e+02
8.685686856434283982e+03 9.887667592972979946e+01
8.685886858434294481e+03 9.910089389425488093e+01
8.686086860434304981e+03 9.541999856386559031e+01
8.686286862434315481e+03 9.895630750097697614e+01
8.686486864434324161e+03 9.995523537585556539e+01
8.686686866434336480e+03 9.670768411561410005e+01
8.686886868434343342e+03 9.747895324941480055e+01
8.687086870434355660e+03 1.018474181094253481e+02
8.687286872434364341e+03 1.003803911219513907e+02
8.687486874434374840e+03 9.776281325400888988e+01
8.687686876434385340e+03 1.006410930438417353e+02
8.687886878434394021e+03 9.384071826078448453e+01
8.688086880434404520e+03 9.070533594838903468e+01
8.688286882434416839e+03 8.213860505515864929e+01
8.688486884434423700e+03 7.230842957939745475e+01
8.688686886434436019e+03 6.939666405791392378e+01
8.688886888434442881e+03 7.447825392463722949e+01
8.689086890434455199e+03 8.256356490901539757e+01
8.689286892434465699e+03 8.883545742993193528e+01
8.689486894434474380e+03 9.336198632584792279e+01
8.689686896434484879e+03 9.729037251529872776e+01
8.689886898434495379e+03 9.840173042440297024e+01
8.690086900434504059e+03 1.004267796903321397e+02
8.690286902434516378e+03 1.008822015337785132e+02
8.690486904434523240e+03 9.723043434394291751e+01
8.690686906434535558e+03 1.000007210836026417e+02
8.690886908434544239e+03 1.017460248283131676e+02
8.691086910434554738e+03 1.005015848008806927e+02
8.691286912434565238e+03 1.019918912436923648e+02
8.691486914434575738e+03 9.974562502707335909e+01
8.691686916434584418e+03 1.002797949820512713e+02
8.691886918434594918e+03 9.905529331417554317e+01
8.692086920434603599e+03 9.869553155004197720e+01
8.692286922434615917e+03 1.013959465769215171e+02
8.692486924434624598e+03 1.003540668036980037e+02
8.692686926434635097e+03 1.026155815629244188e+02
8.692886928434643778e+03 9.887928034296963631e+01
8.693086930434656097e+03 1.005360726352584777e+02
8.693286932434664777e+03 1.007973760998703057e+02
8.693486934434675277e+03 1.002284735934526338e+02
8.693686936434683957e+03 9.839920651395054563e+01
8.693886938434694457e+03 1.007291812069570085e+02
8.694086940434704957e+03 9.683237968854963640e+01
8.694286942434715456e+03 9.728625198517302408e+01
8.694486944434724137e+03 1.001854674083371179e+02
8.694686946434736456e+03 9.925597597206250100e+01
8.694886948434743317e+03 9.904154553150107176e+01
8.695086950434755636e+03 1.003066224985608130e+02
8.695286952434766135e+03 9.658505988460886726e+01
8.695486954434774816e+03 9.996769081649237876e+01
8.695686956434785316e+03 9.762266185752791614e+01
8.695886958434793996e+03 9.827404505866722673e+01
8.696086960434804496e+03 9.703940796952902303e+01
8.696286962434816814e+03 9.704333900444864014e+01
8.696486964434823676e+03 1.001096581925715157e+02
8.696686966434835995e+03 1.007589147670180267e+02
8.696886968434844675e+03 1.017402827697690526e+02
8.697086970434855175e+03 9.934769224398107212e+01
8.697286972434865675e+03 1.015964329858603179e+02
8.697486974434874355e+03 9.979597932826084161e+01
8.697686976434884855e+03 1.005683631346372380e+02
8.697886978434895354e+03 1.003830606380477377e+02
8.698086980434904035e+03 9.701783696437733795e+01
8.698286982434916354e+03 1.016861530835391250e+02
8.698486984434925034e+03 1.026970102097177318e+02
8.698686986434935534e+03 9.460684401180860448e+01
8.698886988434944215e+03 9.659109386494283456e+01
8.699086990434954714e+03 9.892025198259469221e+01
8.699286992434965214e+03 9.654850922924207168e+01
8.699486994434975713e+03 9.415925927543653984e+01
8.699686996434984394e+03 9.349182944285369956e+01
8.699886998434994894e+03 9.784590235065967079e+01
8.700087000435005393e+03 1.011615775936829067e+02
8.700287002435015893e+03 9.825226764295874204e+01
8.700487004435024573e+03 9.959090344942124773e+01
8.700687006435035073e+03 1.005776953000334686e+02
8.700887008435043754e+03 9.977783476540570007e+01
8.701087010435056072e+03 9.612121141204399066e+01
8.701287012435064753e+03 1.023814503684235433e+02
8.701487014435075253e+03 1.002892502088559041e+02
8.701687016435085752e+03 9.964499009796864470e+01
8.701887018435094433e+03 1.007064560257520895e+02
8.702087020435104932e+03 1.006285153456787071e+02
8.702287022435115432e+03 1.019972933831382989e+02
8.702487024435124113e+03 1.013703207759044176e+02
8.702687026435136431e+03 1.022856201855136931e+02
8.702887028435143293e+03 1.014120292157900280e+02
8.703087030435155611e+03 9.596959233870451556e+01
8.703287032435166111e+03 1.006661524292686494e+02
8.703487034435174792e+03 9.991458278245771396e+01
8.703687036435185291e+03 1.011361065198225191e+02
8.703887038435193972e+03 9.865299733528219406e+01
8.704087040435204472e+03 1.009203967850734500e+02
8.704287042435216790e+03 1.029927378140598506e+02
8.704487044435223652e+03 1.019695922666100074e+02
8.704687046435235970e+03 9.886270501642557917e+01
8.704887048435244651e+03 1.004296992015456027e+02
8.705087050435255151e+03 1.010642396977032860e+02
8.705287052435265650e+03 1.005648514551615449e+02
8.705487054435276150e+03 9.940735160118913427e+01
8.705687056435284831e+03 1.008719952706344145e+02
8.705887058435295330e+03 9.982113718421642545e+01
8.706087060435304011e+03 1.016745123296686870e+02
8.706287062435316329e+03 1.009182383630731294e+02
8.706487064435325010e+03 1.029104543865056201e+02
8.706687066435335510e+03 1.009818976704232796e+02
8.706887068435344190e+03 9.875674069361888030e+01
8.707087070435356509e+03 9.962121950363516021e+01
8.707287072435365189e+03 1.004181385888483220e+02
8.707487074435375689e+03 9.939912575438418685e+01
8.707687076435384370e+03 9.964995945407244449e+01
8.707887078435394869e+03 1.011774282537468537e+02
8.708087080435405369e+03 9.850540961847700316e+01
8.708287082435415869e+03 1.029707909282459468e+02
8.708487084435424549e+03 9.853113973131729608e+01
8.708687086435436868e+03 9.923496725946402819e+01
8.708887088435443729e+03 9.873549635917133571e+01
8.709087090435456048e+03 1.010501037151279746e+02
8.709287092435464729e+03 9.792114168007620378e+01
8.709487094435475228e+03 1.029095184773869391e+02
8.709687096435485728e+03 9.527335276578645562e+01
8.709887098435494408e+03 9.622630662217090958e+01
8.710087100435504908e+03 9.486396558964860048e+01
8.710287102435517227e+03 9.453336036041692125e+01
8.710487104435524088e+03 9.012899862422726471e+01
8.710687106435536407e+03 9.408449986027427769e+01
8.710887108435543269e+03 9.235645413283879179e+01
8.711087110435555587e+03 9.881793288218482019e+01
8.711287112435566087e+03 9.849571084238951357e+01
8.711487114435574767e+03 1.027962260108837000e+02
8.711687116435585267e+03 9.899909373864529982e+01
8.711887118435595767e+03 9.866532247603160499e+01
8.712087120435604447e+03 1.006852459826829289e+02
8.712287122435616766e+03 9.985895906004479627e+01
8.712487124435623628e+03 9.971510089754390549e+01
8.712687126435635946e+03 9.554103311266469234e+01
8.712887128435644627e+03 9.467493454112118911e+01
8.713087130435655126e+03 9.548553153743240784e+01
8.713287132435665626e+03 9.417153174357689238e+01
8.713487134435676126e+03 9.555848466286605003e+01
8.713687136435684806e+03 1.006364912788257726e+02
8.713887138435695306e+03 9.938480636090882570e+01
8.714087140435705805e+03 1.001347262509917471e+02
8.714287142435716305e+03 1.003834194919693061e+02
8.714487144435724986e+03 9.893498476733491032e+01
8.714687146435735485e+03 1.030955698373665399e+02
8.714887148435744166e+03 9.885772165489969154e+01
8.715087150435756485e+03 9.900302462458903108e+01
8.715287152435765165e+03 1.006464338560071496e+02
8.715487154435775665e+03 9.844532680053161755e+01
8.715687156435786164e+03 1.000768038783141662e+02
8.715887158435794845e+03 1.015705044226359774e+02
8.716087160435805345e+03 9.903148099779124891e+01
8.716287162435814025e+03 1.033108189727974349e+02
8.716487164435824525e+03 1.002199356416030724e+02
8.716687166435835024e+03 9.970304961047592940e+01
8.716887168435843705e+03 9.922784726344514183e+01
8.717087170435854205e+03 1.005416496239623143e+02
8.717287172435866523e+03 9.653360366989461738e+01
8.717487174435873385e+03 9.807950376222498790e+01
8.717687176435885704e+03 9.302044693755726712e+01
8.717887178435892565e+03 9.752399611455757622e+01
8.718087180435904884e+03 9.753249990446089157e+01
8.718287182435915383e+03 9.754748002951832575e+01
8.718487184435924064e+03 9.819879294062590702e+01
8.718687186435934564e+03 1.027166639781309954e+02
8.718887188435945063e+03 9.886106333048176964e+01
8.719087190435953744e+03 9.998951769758940600e+01
8.719287192435966062e+03 9.918292988642177477e+01
8.719487194435972924e+03 1.021887842925562069e+02
8.719687196435985243e+03 9.749335004498554724e+01
8.719887198435993923e+03 9.765711039706008023e+01
8.720087200436004423e+03 9.957736541888455406e+01
8.720287202436014923e+03 1.006505159727440315e+02
8.720487204436025422e+03 1.008187917195895693e+02
8.720687206436034103e+03 9.867066732470748036e+01
8.720887208436044602e+03 9.915092935401220586e+01
8.721087210436053283e+03 1.021199486242757501e+02
8.721287212436065602e+03 1.003625054907454341e+02
8.721487214436074282e+03 1.000379682676595365e+02
8.721687216436084782e+03 9.994645278026393953e+01
8.721887218436093463e+03 1.020529204732160480e+02
8.722087220436105781e+03 1.024111509442900143e+02
8.722287222436114462e+03 1.027436948358170241e+02
8.722487224436124961e+03 9.965179844862200298e+01
8.722687226436135461e+03 9.906531436756745279e+01
8.722887228436144142e+03 9.974383573341526699e+01
8.723087230436154641e+03 9.844036957541572974e+01
8.723287232436165141e+03 9.671028122719916098e+01
8.723487234436173821e+03 1.000284895872632802e+02
8.723687236436186140e+03 1.006594260296547390e+02
8.723887238436193002e+03 9.925868658163530256e+01
8.724087240436205320e+03 1.003435808783734302e+02
8.724287242436215820e+03 1.033503459664982671e+02
8.724487244436224501e+03 9.975675716672087390e+01
8.724687246436235000e+03 1.023809421991275030e+02
8.724887248436243681e+03 9.955318136016703079e+01
8.725087250436254180e+03 9.798881314552298250e+01
8.725287252436266499e+03 9.868642327028834416e+01
8.725487254436273361e+03 9.967647051662748936e+01
8.725687256436285679e+03 1.016239858290199436e+02
8.725887258436294360e+03 9.916884895818375867e+01
8.726087260436304859e+03 1.000393235562182213e+02
8.726287262436315359e+03 1.025945300441938741e+02
8.726487264436324040e+03 9.850002722986010895e+01
8.726687266436334539e+03 9.988068841435196532e+01
8.726887268436345039e+03 1.005553414181412535e+02
8.727087270436353720e+03 1.034191499998656099e+02
8.727287272436366038e+03 9.870201106468915953e+01
8.727487274436374719e+03 9.604118527706562247e+01
8.727687276436385218e+03 1.026259932248447626e+02
8.727887278436393899e+03 9.790739324960837564e+01
8.728087280436404399e+03 9.861622893120717492e+01
8.728287282436414898e+03 9.954645994549434818e+01
8.728487284436425398e+03 9.769909847544590775e+01
8.728687286436434078e+03 9.963433616525777836e+01
8.728887288436444578e+03 9.832297949348998145e+01
8.729087290436455078e+03 1.006093757997107190e+02
8.729287292436465577e+03 9.847506065290492927e+01
8.729487294436474258e+03 1.009037447645031875e+02
8.729687296436484758e+03 9.966362022376962670e+01
8.729887298436493438e+03 1.002889242176135554e+02
8.730087300436505757e+03 9.718725271344231942e+01
