8.479095514903297953e+03 1.010892395227489118e+02
8.479295493571104089e+03 9.958807604935005031e+01
8.479495472238906586e+03 9.924691345223136807e+01
8.479695450906710903e+03 1.032495010877875501e+02
8.479895429574515219e+03 9.885496930471394705e+01
8.480095408242319536e+03 9.955652816124022308e+01
8.480295386910125671e+03 9.791434020870293864e+01
8.480495365577928169e+03 9.769728626752818457e+01
8.480695344245734304e+03 1.008646378862717086e+02
8.480895322913536802e+03 9.908445055490011555e+01
8.481095301581341118e+03 9.720091981702559281e+01
8.481295280249147254e+03 9.833440397427033020e+01
8.481495258916949751e+03 9.943781697401115593e+01
8.481695237584755887e+03 1.005569136301768225e+02
8.481895216252558384e+03 9.767736846165647080e+01
8.482095194920364520e+03 9.986488691594520617e+01
8.482295173588168836e+03 1.017369394883859286e+02
8.482495152255973153e+03 9.870085768946913163e+01
8.482695130923777469e+03 9.874330858858375848e+01
8.482895109591579967e+03 1.012384435300921552e+02
8.483095088259386102e+03 1.000153310142884635e+02
8.483295066927190419e+03 9.961616986672684959e+01
8.483495045594994735e+03 9.984437950883526014e+01
8.483695024262799052e+03 9.926937857150693389e+01
8.483895002930603368e+03 1.007250125444770106e+02
8.484094981598407685e+03 1.009592227329538190e+02
8.484294960266212001e+03 9.932845374235743918e+01
8.484494938934016318e+03 1.005435298466146037e+02
8.484694917601820634e+03 1.004337449619268057e+02
8.484894896269623132e+03 9.757709267999211988e+01
8.485094874937427448e+03 1.005977906789731975e+02
8.485294853605233584e+03 1.015664042091825081e+02
8.485494832273036081e+03 1.017623813745454555e+02
8.485694810940840398e+03 1.007917647962874952e+02
8.485894789608644714e+03 1.009907481958469475e+02
8.486094768276449031e+03 1.004354621128645846e+02
8.486294746944255166e+03 1.007508260410159124e+02
8.486494725612057664e+03 9.812088346004973971e+01
8.486694704279863799e+03 1.014268535756465184e+02
8.486894682947666297e+03 9.995273175041526770e+01
8.487094661615470613e+03 9.824520149235684130e+01
8.487294640283276749e+03 9.875425197044339143e+01
8.487494618951079246e+03 9.959776999676661546e+01
8.487694597618885382e+03 9.978293679933632632e+01
8.487894576286687879e+03 1.021165016894171202e+02
8.488094554954494015e+03 9.794115378162524621e+01
8.488294533622298331e+03 9.905252597739197995e+01
8.488494512290102648e+03 9.963621343178765244e+01
8.488694490957906964e+03 1.013092216534814298e+02
8.488894469625709462e+03 9.971996134026825587e+01
8.489094448293515597e+03 1.009018851726151098e+02
8.489294426961319914e+03 1.007010709646063447e+02
8.489494405629124230e+03 9.982158966369888731e+01
8.489694384296928547e+03 9.899037420047551450e+01
8.489894362964732863e+03 9.935477771082315712e+01
8.490094341632537180e+03 1.005515755395912407e+02
8.490294320300341496e+03 1.011312183897613579e+02
8.490494298968145813e+03 9.837102193174469278e+01
8.490694277635950129e+03 1.022915511118050915e+02
8.490894256303754446e+03 1.030169001419703818e+02
8.491094234971558762e+03 1.004606548780330968e+02
8.491294213639364898e+03 9.983504043731907984e+01
8.491494192307167395e+03 9.911283057623982984e+01
8.491694170974969893e+03 9.920003468707886896e+01
8.491894149642774209e+03 1.001901574929700729e+02
8.492094128310578526e+03 1.003788727672593240e+02
8.492294106978384661e+03 1.001288563456258061e+02
8.492494085646187159e+03 1.004398230794755591e+02
8.492694064313993294e+03 9.911481100960466506e+01
8.492894042981795792e+03 1.000880100593133193e+02
8.493094021649600109e+03 1.000508386589433343e+02
8.493294000317406244e+03 9.757673275956760506e+01
8.493493978985208742e+03 9.894386465113241513e+01
8.493693957653014877e+03 9.582350803156585073e+01
8.493893936320817375e+03 9.908775022686513978e+01
8.494093914988623510e+03 1.006124647442473474e+02
8.494293893656427826e+03 9.732331647734140745e+01
8.494493872324232143e+03 9.982369730271859964e+01
8.494693850992036460e+03 9.812085610124418622e+01
8.494893829659838957e+03 9.913525120406367819e+01
8.495093808327645093e+03 9.847523733984617422e+01
8.495293786995449409e+03 9.674862097982527587e+01
8.495493765663253726e+03 9.691238229517182390e+01
8.495693744331058042e+03 9.418526988585321646e+01
8.495893722998862359e+03 9.258281122918585027e+01
8.496093701666666675e+03 8.554092701899455164e+01
8.496293680334470992e+03 8.101553017887452768e+01
8.496493659002275308e+03 7.472831474026341425e+01
8.496693637670079625e+03 6.517103906540107516e+01
8.496893616337883941e+03 5.716105492888831208e+01
8.497093595005688258e+03 5.466940508948746213e+01
8.497293573673494393e+03 5.684356670662718614e+01
8.497493552341296891e+03 6.136615320649094940e+01
8.497693531009101207e+03 7.137896085543918900e+01
8.497893509676905524e+03 8.046874188188112953e+01
8.498093488344709840e+03 8.732311221554731162e+01
8.498293467012515976e+03 8.740258265575442920e+01
8.498493445680316654e+03 9.386939066575303059e+01
8.498693424348122790e+03 9.604010461069212568e+01
8.498893403015925287e+03 9.544673880444553049e+01
8.499093381683729604e+03 9.834767200161979872e+01
8.499293360351535739e+03 9.746347655803333510e+01
8.499493339019338237e+03 9.786830865094708543e+01
8.499693317687144372e+03 1.001760415692213684e+02
8.499893296354946870e+03 9.801836794569265976e+01
8.500093275022753005e+03 9.717305367837559515e+01
8.500293253690557322e+03 9.795243335123862494e+01
8.500493232358361638e+03 9.749294038549510333e+01
8.500693211026165955e+03 9.835122547406129456e+01
8.500893189693968452e+03 9.933165207353366100e+01
8.501093168361774588e+03 9.882212610470121206e+01
8.501293147029578904e+03 9.773428369960134887e+01
8.501493125697383221e+03 9.916906895476203943e+01
8.501693104365187537e+03 9.755728054658290205e+01
8.501893083032991854e+03 9.661775787108462055e+01
8.502093061700796170e+03 1.015667745804002493e+02
8.502293040368600487e+03 9.991450129653057388e+01
8.502493019036404803e+03 1.013171021776115737e+02
8.502692997704209120e+03 1.006608664908250717e+02
8.502892976372013436e+03 9.806589440899961119e+01
8.503092955039817753e+03 9.865138538733395990e+01
8.503292933707623888e+03 1.004152271720625293e+02
8.503492912375426386e+03 1.005756578720095717e+02
8.503692891043230702e+03 9.867246319934675114e+01
8.503892869711035019e+03 9.752679026318214994e+01
8.504092848378839335e+03 9.742052145484049674e+01
8.504292827046645471e+03 9.673228122654938943e+01
8.504492805714447968e+03 9.937173716584676697e+01
8.504692784382254104e+03 9.875699340045551367e+01
8.504892763050056601e+03 9.850684852309181849e+01
8.505092741717860918e+03 9.814084039888128075e+01
8.505292720385665234e+03 9.948828298932589576e+01
8.505492699053467732e+03 9.897448815734637151e+01
8.505692677721273867e+03 1.024019051916555867e+02
8.505892656389076365e+03 1.007504535714626286e+02
8.506092635056882500e+03 9.953978756223409619e+01
8.506292613724686817e+03 9.993635172583262261e+01
8.506492592392491133e+03 1.002340175250003824e+02
8.506692571060295450e+03 9.767515125254611519e+01
8.506892549728097947e+03 1.008479439370072299e+02
8.507092528395904083e+03 1.004197308792731604e+02
8.507292507063708399e+03 9.938058700146764579e+01
8.507492485731512716e+03 9.986984886428803065e+01
8.507692464399317032e+03 9.801381711357984727e+01
8.507892443067121349e+03 1.003593913905082644e+02
8.508092421734925665e+03 1.009190048697818867e+02
8.508292400402729982e+03 9.921487927720768596e+01
8.508492379070534298e+03 1.003443436874416506e+02
8.508692357738338615e+03 1.013230965103992247e+02
8.508892336406142931e+03 9.942362528916740416e+01
8.509092315073947248e+03 9.826555729025034225e+01
8.509292293741753383e+03 1.011724065144646403e+02
8.509492272409555881e+03 1.003431015157466533e+02
8.509692251077360197e+03 9.878761283605479093e+01
8.509892229745164514e+03 1.001052892931599700e+02
8.510092208412968830e+03 1.026320200746804119e+02
8.510292187080774966e+03 9.805754400846237218e+01
8.510492165748577463e+03 9.879867792241518032e+01
8.510692144416383599e+03 1.001126600828020514e+02
8.510892123084186096e+03 9.935248090881738392e+01
8.511092101751990413e+03 1.000125404979792023e+02
8.511292080419796548e+03 9.914034684015395271e+01
8.511492059087599046e+03 1.002718345861069906e+02
8.511692037755405181e+03 9.884584482448059362e+01
8.511892016423205860e+03 9.801501889666255352e+01
8.512091995091011995e+03 1.021472419607431590e+02
8.512291973758816312e+03 9.995464961285082950e+01
8.512491952426620628e+03 9.761323521835073791e+01
8.512691931094424945e+03 9.626813910537391905e+01
8.512891909762227442e+03 9.731238472258183947e+01
8.513091888430033578e+03 9.629346347384050375e+01
8.513291867097837894e+03 9.585997692359909195e+01
8.513491845765642211e+03 9.717940372337656640e+01
8.513691824433446527e+03 9.952630648423661341e+01
8.513891803101250844e+03 9.886247554141563398e+01
8.514091781769055160e+03 1.000011910996564382e+02
8.514291760436859477e+03 1.016151082389910698e+02
8.514491739104663793e+03 9.945694906177720895e+01
8.514691717772468110e+03 9.829220462425804783e+01
8.514891696440272426e+03 1.011703725001118528e+02
8.515091675108076743e+03 1.004662891875876198e+02
8.515291653775882878e+03 9.881962617643625890e+01
8.515491632443685376e+03 9.759953787852055029e+01
8.515691611111489692e+03 9.837648042744858401e+01
8.515891589779294009e+03 1.004408386189742828e+02
8.516091568447098325e+03 9.786403686741672914e+01
8.516291547114904461e+03 9.769178885842356408e+01
8.516491525782706958e+03 9.947211357590929026e+01
8.516691504450513094e+03 1.005090784494112910e+02
8.516891483118315591e+03 1.004176600080079709e+02
8.517091461786119908e+03 1.031800652056646612e+02
8.517291440453926043e+03 1.009755682670858619e+02
8.517491419121728541e+03 9.845802598856816701e+01
8.517691397789534676e+03 9.996299009500854993e+01
8.517891376457337174e+03 9.886374283890259562e+01
8.518091355125143309e+03 1.008897713750353802e+02
8.518291333792947626e+03 9.787794602664799015e+01
8.518491312460751942e+03 9.721163717514839675e+01
8.518691291128554440e+03 1.005564366180906148e+02
8.518891269796356937e+03 1.019677872837301038e+02
8.519091248464163073e+03 9.956058686172085004e+01
8.519291227131967389e+03 1.014315845461702139e+02
8.519491205799771706e+03 1.021485450527106593e+02
8.519691184467576022e+03 9.892422609914662246e+01
8.519891163135380339e+03 9.809875063278113316e+01
8.520091141803184655e+03 1.000962879082613597e+02
8.520291120470988972e+03 1.005341486619650198e+02
8.520491099138793288e+03 1.006605991225426351e+02
8.520691077806597605e+03 9.958797398440422910e+01
8.520891056474401921e+03 9.884142121172678230e+01
8.521091035142206238e+03 9.972106335316755121e+01
8.521291013810012373e+03 1.023605500651488001e+02
8.521490992477814871e+03 9.910866708707662553e+01
8.521690971145619187e+03 9.757150546867269725e+01
8.521890949813423504e+03 1.025398897939918044e+02
8.522090928481227820e+03 9.959443341846646547e+01
8.522290907149033956e+03 1.004177302374377234e+02
8.522490885816836453e+03 1.003247398292728150e+02
8.522690864484642589e+03 9.926771369549022950e+01
8.522890843152445086e+03 9.907416176692485976e+01
8.523090821820249403e+03 1.006021688070348006e+02
8.523290800488055538e+03 9.871857106646884006e+01
8.523490779155858036e+03 1.002257743750752041e+02
8.523690757823664171e+03 1.008046235719042727e+02
8.523890736491466669e+03 9.947654434963232006e+01
8.524090715159272804e+03 9.881377328471415922e+01
8.524290693827077121e+03 9.885890565162935673e+01
8.524490672494879618e+03 1.001937070391297340e+02
8.524690651162685754e+03 9.888519730016678011e+01
8.524890629830488251e+03 1.023434653690572560e+02
8.525090608498294387e+03 9.850955969504319398e+01
8.525290587166098703e+03 9.881008533162061269e+01
8.525490565833901201e+03 1.002603821643232465e+02
8.525690544501705517e+03 1.008320320741693052e+02
8.525890523169509834e+03 9.791821741950916191e+01
8.526090501837314150e+03 9.858352631447434078e+01
8.526290480505118467e+03 9.946078332458738203e+01
8.526490459172922783e+03 9.579854189182580626e+01
8.526690437840727100e+03 1.003176246041941226e+02
8.526890416508531416e+03 1.008183019552323145e+02
8.527090395176335733e+03 9.940492119626918566e+01
8.527290373844141868e+03 1.004901104931951465e+02
8.527490352511944366e+03 9.900124156021564659e+01
8.527690331179748682e+03 1.007266337781941701e+02
8.527890309847552999e+03 9.905097199081129133e+01
8.528090288515357315e+03 9.842704674273454657e+01
8.528290267183163451e+03 9.825320443748590549e+01
8.528490245850965948e+03 1.008347099111262537e+02
8.528690224518772084e+03 9.812855071753098457e+01
8.528890203186574581e+03 1.001660233909968127e+02
8.529090181854378898e+03 1.031929755162825728e+02
8.529290160522185033e+03 9.671991036096244443e+01
8.529490139189987531e+03 9.867354557613286659e+01
8.529690117857793666e+03 1.012546533070857180e+02
8.529890096525596164e+03 1.020596223977901786e+02
8.530090075193402299e+03 9.839854864276792057e+01
8.530290053861206616e+03 9.852215541946206656e+01
8.530490032529009113e+03 9.870400674845558342e+01
8.530690011196815249e+03 9.870955176835562384e+01
8.530889989864617746e+03 1.001383082255681813e+02
8.531089968532423882e+03 9.703951761483573080e+01
8.531289947200228198e+03 9.740635501875877367e+01
8.531489925868032515e+03 9.840599502816846211e+01
8.531689904535836831e+03 9.865764193877811294e+01
8.531889883203641148e+03 9.983578820968064349e+01
8.532089861871445464e+03 1.002539336174370419e+02
8.532289840539247962e+03 9.743284448746480564e+01
8.532489819207052278e+03 9.968814033075902614e+01
8.532689797874856595e+03 9.708145330856227417e+01
8.532889776542660911e+03 9.751356016694022344e+01
8.533089755210465228e+03 9.906226752675341629e+01
8.533289733878271363e+03 1.007851831770191211e+02
8.533489712546073861e+03 1.004194833279457839e+02
8.533689691213878177e+03 9.874577972195696418e+01
8.533889669881682494e+03 9.792553626413952372e+01
8.534089648549486810e+03 9.695658332969638593e+01
8.534289627217292946e+03 9.841215560470864432e+01
8.534489605885095443e+03 9.622817695341448996e+01
8.534689584552901579e+03 9.690664267342937421e+01
8.534889563220704076e+03 9.771095311377783332e+01
8.535089541888508393e+03 9.867961468975320827e+01
8.535289520556314528e+03 9.947893994465586331e+01
8.535489499224117026e+03 9.599038340087368226e+01
8.535689477891923161e+03 1.025337247739128088e+02
8.535889456559725659e+03 9.715798632240205279e+01
8.536089435227531794e+03 9.864482705482032543e+01
8.536289413895336111e+03 9.954091373724585878e+01
8.536489392563138608e+03 9.449324796056454545e+01
8.536689371230944744e+03 9.363830685034719181e+01
8.536889349898747241e+03 9.689050429404082365e+01
8.537089328566553377e+03 9.494067782875026751e+01
8.537289307234357693e+03 9.608288931064382155e+01
8.537489285902162010e+03 9.335143134198104065e+01
8.537689264569966326e+03 9.425360172345705223e+01
8.537889243237770643e+03 9.361562774571871159e+01
8.538089221905574959e+03 9.415129642431942614e+01
8.538289200573379276e+03 8.995401408523632369e+01
8.538489179241183592e+03 9.057310371695953677e+01
8.538689157908987909e+03 8.888394771526461113e+01
8.538889136576792225e+03 9.019225747199027410e+01
8.539089115244594723e+03 8.606600584263600240e+01
8.539289093912400858e+03 8.274971438267746748e+01
8.539489072580203356e+03 8.332575503037979558e+01
8.539689051248007672e+03 7.751680790707884228e+01
8.539889029915811989e+03 7.608955771657228695e+01
8.540089008583616305e+03 7.154516955741681272e+01
8.540288987251422441e+03 6.505924622356234011e+01
8.540488965919224938e+03 6.274031742162456737e+01
8.540688944587031074e+03 5.397304081730452197e+01
8.540888923254833571e+03 5.155707465778240106e+01
8.541088901922637888e+03 4.760127372738205054e+01
8.541288880590444023e+03 4.163410575081794462e+01
8.541488859258246521e+03 4.820932137273634766e+01
8.541688837926052656e+03 5.627864520156431638e+01
8.541888816593855154e+03 6.197461480777523946e+01
8.542088795261661289e+03 6.266856935887012270e+01
8.542288773929465606e+03 6.846555975324251619e+01
8.542488752597268103e+03 7.321614308471933441e+01
8.542688731265074239e+03 7.537649388302983766e+01
8.542888709932876736e+03 8.100294784175432028e+01
8.543088688600682872e+03 8.492262419622078085e+01
8.543288667268487188e+03 8.619719274909694207e+01
8.543488645936291505e+03 8.455766002686003446e+01
8.543688624604095821e+03 8.608579014700778487e+01
8.543888603271900138e+03 8.930342487509726368e+01
8.544088581939704454e+03 9.114575929726008496e+01
8.544288560607508771e+03 9.012648502844899667e+01
8.544488539275313087e+03 9.402644687054743144e+01
8.544688517943117404e+03 9.618696231919575723e+01
8.544888496610921720e+03 9.233029118779023747e+01
8.545088475278726037e+03 9.375296768407616810e+01
8.545288453946532172e+03 9.407136585723986855e+01
8.545488432614334670e+03 9.261949020895063711e+01
8.545688411282137167e+03 9.490804129243319665e+01
8.545888389949941484e+03 9.591906977929350830e+01
8.546088368617745800e+03 9.720700545669723169e+01
8.546288347285551936e+03 9.829687146698633171e+01
8.546488325953354433e+03 9.645087027608538222e+01
8.546688304621160569e+03 9.514173467731713174e+01
8.546888283288963066e+03 9.646356846968608068e+01
8.547088261956767383e+03 9.855428205733585401e+01
8.547288240624573518e+03 9.763432263480338236e+01
8.547488219292376016e+03 9.563243524962140896e+01
8.547688197960182151e+03 9.910500064813930976e+01
8.547888176627984649e+03 9.923009038441186647e+01
8.548088155295790784e+03 9.681007562244461440e+01
8.548288133963595101e+03 9.579785009030544529e+01
8.548488112631397598e+03 9.706654687470548026e+01
8.548688091299203734e+03 9.860528377533037769e+01
8.548888069967006231e+03 1.004992337782321243e+02
8.549088048634812367e+03 9.840152256293653465e+01
8.549288027302616683e+03 9.629657463771144421e+01
8.549488005970421000e+03 1.000581559992338327e+02
8.549687984638225316e+03 9.677495266329493973e+01
8.549887963306029633e+03 9.802581887653758486e+01
8.550087941973833949e+03 9.832938413102165498e+01
8.550287920641638266e+03 1.015410302791682682e+02
8.550487899309442582e+03 1.008913964252559197e+02
8.550687877977246899e+03 1.012747493259505660e+02
8.550887856645051215e+03 9.733270055649116159e+01
8.551087835312855532e+03 9.837869093717401370e+01
8.551287813980661667e+03 1.006819171155262040e+02
8.551487792648464165e+03 1.004374612399585800e+02
8.551687771316268481e+03 9.847499632936553837e+01
8.551887749984072798e+03 9.917352996873091797e+01
8.552087728651877114e+03 9.911189002452299235e+01
8.552287707319683250e+03 9.886218070527858970e+01
8.552487685987483928e+03 1.015426059515028641e+02
8.552687664655290064e+03 9.858624432638796975e+01
8.552887643323092561e+03 1.000675093042996906e+02
8.553087621990896878e+03 9.766584163414813702e+01
8.553287600658703013e+03 9.665071872483503057e+01
8.553487579326505511e+03 9.953406105888392119e+01
8.553687557994311646e+03 9.835407347474883011e+01
8.553887536662114144e+03 9.895215451531022666e+01
8.554087515329920279e+03 9.932180921572977184e+01
8.554287493997724596e+03 1.009246329523894019e+02
8.554487472665527093e+03 9.952674690296342419e+01
8.554687451333333229e+03 9.943096870388191633e+01
8.554887430001135726e+03 9.938204370396005061e+01
8.555087408668941862e+03 9.854009960869169049e+01
8.555287387336746178e+03 1.006724227704280565e+02
8.555487366004550495e+03 9.787328926697092868e+01
8.555687344672354811e+03 9.778886071442163086e+01
8.555887323340159128e+03 1.006782085224007233e+02
8.556087302007963444e+03 9.866708578304320554e+01
8.556287280675767761e+03 9.928808560793656568e+01
8.556487259343572077e+03 9.995217597584824887e+01
8.556687238011376394e+03 9.795712518463061258e+01
8.556887216679180710e+03 9.784657159696860163e+01
8.557087195346985027e+03 9.853272681467886684e+01
8.557287174014791162e+03 9.895648297364320456e+01
8.557487152682593660e+03 9.944351384230137114e+01
8.557687131350397976e+03 1.011118461602160750e+02
8.557887110018202293e+03 9.806589200257364780e+01
8.558087088686006609e+03 9.905690961352492252e+01
8.558287067353812745e+03 1.006588530407269531e+02
8.558487046021615242e+03 9.979420629301020540e+01
8.558687024689421378e+03 9.900103461268544436e+01
8.558887003357223875e+03 9.902339028782267860e+01
8.559086982025028192e+03 9.667750776822533965e+01
8.559286960692832508e+03 1.018762490596755157e+02
8.559486939360635006e+03 1.014313020683401163e+02
8.559686918028441141e+03 1.003603518340473642e+02
8.559886896696243639e+03 9.799470608475061795e+01
8.560086875364049774e+03 1.018093691879659701e+02
8.560286854031854091e+03 9.838005023537897387e+01
8.560486832699656588e+03 9.744882550217410255e+01
8.560686811367462724e+03 9.855866400800111649e+01
8.560886790035265221e+03 1.007826657876895240e+02
8.561086768703071357e+03 9.959690182073673270e+01
8.561286747370875673e+03 1.001904226279122128e+02
8.561486726038679990e+03 9.924222907805426530e+01
8.561686704706484306e+03 1.028008582802918625e+02
8.561886683374288623e+03 9.935786604295553559e+01
8.562086662042092939e+03 9.984491318962378159e+01
8.562286640709897256e+03 9.984006026681578305e+01
8.562486619377701572e+03 9.795752531874155977e+01
8.562686598045505889e+03 1.015491407033277511e+02
8.562886576713310205e+03 9.861137894226401102e+01
8.563086555381114522e+03 9.857357334800101967e+01
8.563286534048920657e+03 1.003113145090254790e+02
8.563486512716723155e+03 9.814498747142914681e+01
8.563686491384527471e+03 1.030187640219128724e+02
8.563886470052331788e+03 9.927950373107029236e+01
8.564086448720136104e+03 1.001887604283022739e+02
8.564286427387942240e+03 9.839948478895001927e+01
8.564486406055744737e+03 9.867896676031382697e+01
8.564686384723550873e+03 1.003653602198671564e+02
8.564886363391353370e+03 9.943316148449869729e+01
8.565086342059157687e+03 1.014383161448653681e+02
8.565286320726963822e+03 1.025244496959490448e+02
8.565486299394766320e+03 9.811578881024860266e+01
8.565686278062572455e+03 1.015221634979893537e+02
8.565886256730374953e+03 9.850060616950813142e+01
8.566086235398179269e+03 1.000455776742344511e+02
8.566286214065983586e+03 9.765030329977166446e+01
8.566486192733786083e+03 1.027529891484671083e+02
8.566686171401592219e+03 9.967188227513089771e+01
8.566886150069394716e+03 9.916531219918358886e+01
8.567086128737200852e+03 9.479848080150335932e+01
8.567286107405005168e+03 1.011037159736242614e+02
8.567486086072809485e+03 1.000494605191455690e+02
8.567686064740613801e+03 9.834112923623484903e+01
8.567886043408418118e+03 9.848090323502687227e+01
8.568086022076222434e+03 9.880995290823396715e+01
8.568286000744026751e+03 1.003480817845467925e+02
8.568485979411831067e+03 9.777571942509349867e+01
8.568685958079635384e+03 9.879634239223800307e+01
8.568885936747439700e+03 9.858557986496289516e+01
8.569085915415244017e+03 9.887736206135635086e+01
8.569285894083050152e+03 1.003439958284543678e+02
8.569485872750852650e+03 1.023299707576523190e+02
8.569685851418656966e+03 1.014551676751652849e+02
8.569885830086461283e+03 9.983973147493220779e+01
8.570085808754265599e+03 1.001499187149386216e+02
8.570285787422071735e+03 9.998673338436881863e+01
8.570485766089874232e+03 9.973086966560586575e+01
8.570685744757680368e+03 9.994185720329616629e+01
8.570885723425482865e+03 1.001496159762717326e+02
8.571085702093287182e+03 9.855983915155037778e+01
8.571285680761093317e+03 1.009745611930840710e+02
8.571485659428895815e+03 9.949231331860906380e+01
8.571685638096701950e+03 1.025879224831389394e+02
8.571885616764504448e+03 1.004615634008417402e+02
8.572085595432310583e+03 1.009806088862132611e+02
8.572285574100114900e+03 1.001313321552940607e+02
8.572485552767917397e+03 9.980360517610745319e+01
8.572685531435721714e+03 9.727968124394583072e+01
8.572885510103524211e+03 9.562987021183479897e+01
8.573085488771330347e+03 9.749165817875987727e+01
8.573285467439134663e+03 9.853993014554238528e+01
8.573485446106938980e+03 1.001668272870617642e+02
8.573685424774743296e+03 1.008540242889564666e+02
8.573885403442547613e+03 1.003370978321316329e+02
8.574085382110351929e+03 9.960127047621772078e+01
8.574285360778156246e+03 9.934153108188775150e+01
8.574485339445960562e+03 9.873350248880157665e+01
8.574685318113764879e+03 9.981059610525566939e+01
8.574885296781569195e+03 1.003926094759600005e+02
8.575085275449373512e+03 1.007488411096231289e+02
8.575285254117179647e+03 9.924567537825180352e+01
8.575485232784982145e+03 1.000413422090989002e+02
8.575685211452786461e+03 9.914871638344935434e+01
8.575885190120590778e+03 9.911661023198158205e+01
8.576085168788395094e+03 9.887440290851829161e+01
8.576285147456201230e+03 9.843735001977321986e+01
8.576485126124003727e+03 9.923706285424630380e+01
8.576685104791809863e+03 1.005916674943361926e+02
8.576885083459612360e+03 9.851958961839459050e+01
8.577085062127416677e+03 1.002706545643496128e+02
8.577285040795222812e+03 9.992881543325468385e+01
8.577485019463025310e+03 9.955194264184008546e+01
8.577684998130831445e+03 1.004286737425673408e+02
8.577884976798633943e+03 1.025580368112617862e+02
8.578084955466440078e+03 1.004423271280781904e+02
8.578284934134244395e+03 1.010949214633845372e+02
8.578484912802046892e+03 1.020497328189945137e+02
8.578684891469853028e+03 9.807787369060751814e+01
8.578884870137655525e+03 9.891972052363938417e+01
8.579084848805461661e+03 9.822084847167097621e+01
8.579284827473265977e+03 1.000793282990042172e+02
8.579484806141068475e+03 9.845328029503070866e+01
8.579684784808872791e+03 1.007215692054044212e+02
8.579884763476677108e+03 9.822337230622976278e+01
8.580084742144481424e+03 9.689296716268857779e+01
8.580284720812285741e+03 9.866716766038045705e+01
8.580484699480090057e+03 1.023650481578120264e+02
8.580684678147894374e+03 1.008625905799077884e+02
8.580884656815698690e+03 1.004571896031318232e+02
8.581084635483503007e+03 1.008912304328649014e+02
8.581284614151309142e+03 9.964322472282405840e+01
8.581484592819111640e+03 9.652656876008811082e+01
8.581684571486915956e+03 1.002282439578447821e+02
8.581884550154720273e+03 9.763488948729904848e+01
8.582084528822524589e+03 9.894954398155472575e+01
8.582284507490330725e+03 1.008571205909727695e+02
8.582484486158133222e+03 1.017285454148792638e+02
8.582684464825939358e+03 9.874041166332696662e+01
8.582884443493741855e+03 1.005236389799843266e+02
8.583084422161546172e+03 1.004843131620323220e+02
8.583284400829352307e+03 1.000228407768472323e+02
8.583484379497154805e+03 9.791288713231973873e+01
8.583684358164960940e+03 9.853693772888411218e+01
8.583884336832763438e+03 1.019077668551911842e+02
8.584084315500569573e+03 1.014734156709874355e+02
8.584284294168373890e+03 9.978406038181003623e+01
8.584484272836176388e+03 1.021271851728993596e+02
8.584684251503982523e+03 9.965321442438164468e+01
8.584884230171785021e+03 9.758727811618108205e+01
8.585084208839591156e+03 9.883412234403901664e+01
8.585284187507395472e+03 1.008819238035577683e+02
8.585484166175199789e+03 1.006839720440009245e+02
8.585684144843004105e+03 9.981446954156115225e+01
8.585884123510808422e+03 9.674435229072673792e+01
8.586084102178612738e+03 9.788058447421261121e+01
8.586284080846415236e+03 9.959043231974462174e+01
8.586484059514219553e+03 1.030052580068296635e+02
8.586684038182023869e+03 9.858402600248966507e+01
8.586884016849828186e+03 9.971206032277947884e+01
8.587083995517632502e+03 9.948799489067005197e+01
8.587283974185438638e+03 1.001890650068102531e+02
8.587483952853241135e+03 1.022766804161483236e+02
8.587683931521045452e+03 9.668694729760488826e+01
8.587883910188849768e+03 9.887194559082443845e+01
8.588083888856654085e+03 1.018559099214485002e+02
8.588283867524460220e+03 1.007930499030751719e+02
8.588483846192262718e+03 9.803318494580264542e+01
8.588683824860068853e+03 9.900346846920240296e+01
8.588883803527871351e+03 9.871159276118417836e+01
8.589083782195675667e+03 1.006879322354022150e+02
8.589283760863481803e+03 9.856399795493285865e+01
8.589483739531284300e+03 9.884211726092665629e+01
8.589683718199090436e+03 1.006517964493633457e+02
8.589883696866892933e+03 1.005511439990767144e+02
8.590083675534699069e+03 9.916475894240028310e+01
8.590283654202503385e+03 1.028166954591544311e+02
8.590483632870305883e+03 9.965168929543784770e+01
8.590683611538112018e+03 1.000272799434397513e+02
8.590883590205914516e+03 9.982435911872357792e+01
8.591083568873720651e+03 9.813384593853827198e+01
8.591283547541524968e+03 9.884244498635877108e+01
8.591483526209329284e+03 9.659224969376393233e+01
8.591683504877133601e+03 1.004950877934279561e+02
8.591883483544936098e+03 1.012538713281104350e+02
8.592083462212742234e+03 1.008873578970784877e+02
8.592283440880546550e+03 9.986771599361219387e+01
8.592483419548350867e+03 9.980188036203412594e+01
8.592683398216155183e+03 9.801909171156357559e+01
8.592883376883959500e+03 1.014818988952812191e+02
8.593083355551761997e+03 9.878836002976852626e+01
8.593283334219568133e+03 9.768591303864731401e+01
8.593483312887370630e+03 1.010365511989090948e+02
8.593683291555174947e+03 1.010736545474582755e+02
8.593883270222979263e+03 1.005138581150517041e+02
8.594083248890783580e+03 9.910060332884849288e+01
8.594283227558589715e+03 9.883417042536422059e+01
8.594483206226392213e+03 9.763994476451610183e+01
8.594683184894198348e+03 9.997212231669207938e+01
8.594883163562000846e+03 9.960214552177538394e+01
8.595083142229805162e+03 9.864497206029778908e+01
8.595283120897611298e+03 1.003434379780127159e+02
8.595483099565413795e+03 1.013005547872961216e+02
8.595683078233219931e+03 1.011283541806591586e+02
8.595883056901022428e+03 9.891791120435523510e+01
8.596083035568828564e+03 1.035582325272719117e+02
8.596283014236632880e+03 9.979498401060919832e+01
8.596482992904435378e+03 1.006192571752427654e+02
8.596682971572241513e+03 9.881721217793942458e+01
8.596882950240044011e+03 9.803454164642177204e+01
8.597082928907850146e+03 9.907884042827826931e+01
8.597282907575654463e+03 9.922661728094095679e+01
8.597482886243458779e+03 9.582577573854094055e+01
8.597682864911263096e+03 9.621656616523931405e+01
8.597882843579065593e+03 9.728526931150774715e+01
8.598082822246871729e+03 9.938112330413851225e+01
8.598282800914676045e+03 1.018927003487262368e+02
8.598482779582480362e+03 1.009228707265362317e+02
8.598682758250284678e+03 9.916196257584773832e+01
8.598882736918088995e+03 9.834875409362749110e+01
8.599082715585893311e+03 9.961579370925758781e+01
8.599282694253699447e+03 1.005200083940336810e+02
8.599482672921501944e+03 1.045738372693850806e+02
8.599682651589304442e+03 9.953758688289157419e+01
8.599882630257108758e+03 1.010015767498304342e+02
8.600082608924913075e+03 9.870226686448980047e+01
8.600282587592719210e+03 1.000472909835304165e+02
8.600482566260521708e+03 1.026585092964873667e+02
8.600682544928327843e+03 9.925738450827840609e+01
8.600882523596130341e+03 1.013529055867906834e+02
8.601082502263934657e+03 1.003357772320709387e+02
8.601282480931740793e+03 1.016304797188742839e+02
8.601482459599543290e+03 9.972781109031895141e+01
8.601682438267349426e+03 9.997097004852626867e+01
8.601882416935151923e+03 9.983138484432315352e+01
8.602082395602958059e+03 1.009332091239556206e+02
8.602282374270762375e+03 1.015260507304014510e+02
8.602482352938564873e+03 1.018721818712426028e+02
8.602682331606371008e+03 1.002872180025536295e+02
8.602882310274173506e+03 1.002743385840958439e+02
8.603082288941979641e+03 9.921893739771518028e+01
8.603282267609783958e+03 9.657151738555408826e+01
8.603482246277588274e+03 1.033116131537523898e+02
8.603682224945392591e+03 9.811609490076664031e+01
8.603882203613195088e+03 1.020752486957877920e+02
8.604082182281001224e+03 1.010317794978347052e+02
8.604282160948805540e+03 9.931996258951568279e+01
8.604482139616609857e+03 9.915953100189334180e+01
8.604682118284414173e+03 9.922248971634090253e+01
8.604882096952218490e+03 1.020009399144936850e+02
8.605082075620022806e+03 9.745154159068792410e+01
8.605282054287828942e+03 9.950334265554600677e+01
8.605482032955631439e+03 1.014049770294862611e+02
8.605682011623435756e+03 1.006157341465222430e+02
8.605881990291240072e+03 9.916475241763296822e+01
8.606081968959044389e+03 9.985265829978214924e+01
8.606281947626850524e+03 1.000979002395203139e+02
8.606481926294651203e+03 1.003048700149323338e+02
8.606681904962457338e+03 9.946217597266912946e+01
8.606881883630259836e+03 9.927990246890122705e+01
8.607081862298064152e+03 9.951949788810080122e+01
8.607281840965870288e+03 1.023849172470218747e+02
8.607481819633672785e+03 1.029440343576060855e+02
8.607681798301478921e+03 9.830819138124888923e+01
8.607881776969281418e+03 9.974152169155684078e+01
8.608081755637087554e+03 1.015558061234290648e+02
8.608281734304891870e+03 1.009817170157079715e+02
8.608481712972694368e+03 1.009424388428800370e+02
8.608681691640500503e+03 1.024789249402327158e+02
8.608881670308303001e+03 9.858986494981378712e+01
8.609081648976109136e+03 9.924825637928937283e+01
8.609281627643913453e+03 9.812765212348486443e+01
8.609481606311717769e+03 1.006297255953343495e+02
8.609681584979522086e+03 9.924277620036347969e+01
8.609881563647324583e+03 1.033635589145228124e+02
8.610081542315130719e+03 9.955105030544628164e+01
8.610281520982935035e+03 9.897316345163861229e+01
8.610481499650739352e+03 9.389183383157995877e+01
8.610681478318543668e+03 9.432182733737782598e+01
8.610881456986347985e+03 9.601073917790456846e+01
8.611081435654152301e+03 9.489614482121299943e+01
8.611281414321958437e+03 9.888448282670044875e+01
8.611481392989760934e+03 9.962725226656758082e+01
8.611681371657565251e+03 1.007146308439933335e+02
8.611881350325369567e+03 9.944205750409797417e+01
8.612081328993173884e+03 1.013573465186311466e+02
8.612281307660980019e+03 9.865001550041084499e+01
8.612481286328782517e+03 9.756374242212763193e+01
8.612681264996588652e+03 1.025205765942183262e+02
8.612881243664391150e+03 9.825955161022125139e+01
8.613081222332195466e+03 9.998504758720196151e+01
8.613281200999999783e+03 1.002304648986141160e+02
8.613481179667802280e+03 1.015921495582911689e+02
8.613681158335608416e+03 9.830092785657954835e+01
8.613881137003410913e+03 1.023473192234201576e+02
8.614081115671217049e+03 1.005084949215379595e+02
8.614281094339021365e+03 1.006183431480041861e+02
8.614481073006823863e+03 1.001523310120033727e+02
8.614681051674629998e+03 9.988744575177906881e+01
8.614881030342432496e+03 1.006499600330146791e+02
8.615081009010238631e+03 1.012256822385285773e+02
8.615280987678042948e+03 9.809756298232493066e+01
8.615480966345847264e+03 9.853500121433687298e+01
8.615680945013651581e+03 9.733294983830555225e+01
8.615880923681454078e+03 1.009084233298499811e+02
8.616080902349260214e+03 1.004955834670994506e+02
8.616280881017064530e+03 9.897536393941459210e+01
8.616480859684868847e+03 9.829610065496383697e+01
8.616680838352673163e+03 9.878963815053235464e+01
8.616880817020477480e+03 1.000698238451943922e+02
8.617080795688281796e+03 9.797610045815700630e+01
8.617280774356087932e+03 9.918122717868057237e+01
8.617480753023890429e+03 1.021190866785087792e+02
8.617680731691694746e+03 9.931871095234569680e+01
8.617880710359499062e+03 1.018813349374876793e+02
8.618080689027303379e+03 1.000681001842053917e+02
8.618280667695109514e+03 9.922034689192220469e+01
8.618480646362912012e+03 1.007485639164542022e+02
8.618680625030718147e+03 1.009531600834779113e+02
8.618880603698520645e+03 1.016733304550678127e+02
8.619080582366324961e+03 1.015131318627983461e+02
8.619280561034131097e+03 1.000668261563241259e+02
8.619480539701933594e+03 1.010177611235681923e+02
8.619680518369739730e+03 1.003243628062229504e+02
8.619880497037542227e+03 9.917432937392251802e+01
8.620080475705346544e+03 9.837383013796276998e+01
8.620280454373150860e+03 9.813284655850819149e+01
8.620480433040953358e+03 9.763166245973428659e+01
8.620680411708759493e+03 9.680276786068557726e+01
8.620880390376561991e+03 1.012229389717951307e+02
8.621080369044368126e+03 9.774804650703971731e+01
8.621280347712172443e+03 9.840911541953384756e+01
8.621480326379976759e+03 1.001295066317204885e+02
8.621680305047781076e+03 1.018526428383141678e+02
8.621880283715583573e+03 1.017838600439444861e+02
8.622080262383389709e+03 1.011912574059685994e+02
8.622280241051194025e+03 9.987878240462157464e+01
8.622480219718998342e+03 1.017736595537469810e+02
8.622680198386802658e+03 1.000060994858847891e+02
8.622880177054606975e+03 9.827657528214095350e+01
8.623080155722411291e+03 1.000764419878366596e+02
8.623280134390217427e+03 9.801505811963500037e+01
8.623480113058019924e+03 9.982755722319036806e+01
8.623680091725824241e+03 1.012372718661086139e+02
8.623880070393628557e+03 1.001561288405686696e+02
8.624080049061432874e+03 1.001227107036780524e+02
8.624280027729239009e+03 1.001502649737742416e+02
8.624480006397041507e+03 9.894236739313549833e+01
8.624679985064847642e+03 1.000710306353565926e+02
8.624879963732650140e+03 1.006936018131674047e+02
8.625079942400454456e+03 9.947272887739970315e+01
8.625279921068260592e+03 1.018152497930454956e+02
8.625479899736063089e+03 9.920333340279864842e+01
8.625679878403869225e+03 1.024324209132541910e+02
8.625879857071671722e+03 9.941087004477184053e+01
8.626079835739477858e+03 9.945687589367983605e+01
8.626279814407282174e+03 9.988964035350636550e+01
8.626479793075084672e+03 1.005541862280878576e+02
8.626679771742890807e+03 9.776820629838050536e+01
8.626879750410691486e+03 1.014765227602919282e+02
8.627079729078497621e+03 1.001689541622295536e+02
8.627279707746301938e+03 9.897687565150779676e+01
8.627479686414106254e+03 9.999938047967656018e+01
8.627679665081910571e+03 1.002507092501797814e+02
8.627879643749713068e+03 1.007873783748488989e+02
8.628079622417519204e+03 9.781857159140531621e+01
8.628279601085323520e+03 9.865595910601170715e+01
8.628479579753127837e+03 9.979265528148236797e+01
8.628679558420932153e+03 1.009338882010986822e+02
8.628879537088736470e+03 1.023043818677990515e+02
8.629079515756540786e+03 9.801441716103886392e+01
8.629279494424346922e+03 9.819156608523316265e+01
8.629479473092149419e+03 1.012246886248287439e+02
8.629679451759953736e+03 9.884483508490230008e+01
8.629879430427758052e+03 9.855833518293749762e+01
8.630079409095562369e+03 1.001089845156130309e+02
8.630279387763368504e+03 1.006554910178405180e+02
8.630479366431171002e+03 9.627966915098734546e+01
8.630679345098977137e+03 1.020268821330969189e+02
8.630879323766779635e+03 1.019443166192956909e+02
8.631079302434583951e+03 9.831009638869285538e+01
8.631279281102390087e+03 9.863720944732939699e+01
8.631479259770192584e+03 1.022580289211450690e+02
8.631679238437998720e+03 9.964992841734678564e+01
8.631879217105801217e+03 9.940029629798428346e+01
8.632079195773607353e+03 1.007621159894481906e+02
8.632279174441411669e+03 1.004890550644778244e+02
8.632479153109214167e+03 9.906263872868807141e+01
8.632679131777020302e+03 9.629704413090877324e+01
8.632879110444822800e+03 9.936429021955626695e+01
8.633079089112628935e+03 9.821032178202224827e+01
8.633279067780433252e+03 1.010544564383421147e+02
8.633479046448235749e+03 9.847256156084431211e+01
8.633679025116040066e+03 9.691146755343918073e+01
8.633879003783842563e+03 9.845451174593672761e+01
8.634078982451648699e+03 1.007682050918420913e+02
8.634278961119453015e+03 1.021033348014497619e+02
8.634478939787257332e+03 9.719473914340130705e+01
8.634678918455061648e+03 9.975425121056599664e+01
8.634878897122865965e+03 9.665881841388329576e+01
8.635078875790670281e+03 9.978348199311193412e+01
8.635278854458476417e+03 9.859556671799083460e+01
8.635478833126278914e+03 1.001815323553507397e+02
8.635678811794083231e+03 1.000025124662862765e+02
8.635878790461887547e+03 1.016670413542406664e+02
8.636078769129691864e+03 1.001715238122503280e+02
8.636278747797497999e+03 1.000896196356828654e+02
8.636478726465300497e+03 1.009775623380774476e+02
8.636678705133106632e+03 1.032850921833195628e+02
8.636878683800909130e+03 9.892546122208347015e+01
8.637078662468713446e+03 1.011565592534370097e+02
8.637278641136519582e+03 1.000469293369175432e+02
8.637478619804322079e+03 9.928744526632442557e+01
8.637678598472128215e+03 9.876693742801994347e+01
8.637878577139930712e+03 1.006262880445104031e+02
8.638078555807736848e+03 1.000528724302328527e+02
8.638278534475541164e+03 1.009055337977604410e+02
8.638478513143343662e+03 1.017855439237421535e+02
8.638678491811149797e+03 1.006644971553274814e+02
8.638878470478952295e+03 9.982803213288772781e+01
8.639078449146758430e+03 1.012943201483454914e+02
8.639278427814562747e+03 9.925442299587977857e+01
8.639478406482367063e+03 1.006364047691824197e+02
8.639678385150171380e+03 9.998378970821646305e+01
8.639878363817973877e+03 9.977069095448352698e+01
8.640078342485780013e+03 1.021951958612997089e+02
8.640278321153582510e+03 9.929533463157309825e+01
8.640478299821386827e+03 9.918057745030949945e+01
8.640678278489191143e+03 1.032600733979505208e+02
8.640878257156995460e+03 1.013536777767327379e+02
8.641078235824799776e+03 9.946493539722978028e+01
8.641278214492605912e+03 1.004671275182254249e+02
8.641478193160408409e+03 9.849022479149364528e+01
8.641678171828212726e+03 1.000481645556865260e+02
8.641878150496017042e+03 9.998104921895793495e+01
8.642078129163821359e+03 9.829156237820488684e+01
8.642278107831627494e+03 1.003877959721157822e+02
8.642478086499429992e+03 1.021506720344743258e+02
8.642678065167236127e+03 1.001376886637432904e+02
8.642878043835038625e+03 1.003914124865105748e+02
8.643078022502842941e+03 9.912116065122059183e+01
8.643278001170649077e+03 9.875364573535746615e+01
8.643477979838451574e+03 1.001698398857446506e+02
8.643677958506257710e+03 9.964723150758959491e+01
8.643877937174060207e+03 1.004905477618218441e+02
8.644077915841866343e+03 1.021508325922647913e+02
8.644277894509670659e+03 9.963360111159371968e+01
8.644477873177473157e+03 1.013431946734223175e+02
8.644677851845279292e+03 1.010915822755061981e+02
8.644877830513081790e+03 1.004237995360962401e+02
8.645077809180887925e+03 1.005084687453955894e+02
8.645277787848692242e+03 1.007528361224565430e+02
8.645477766516496558e+03 9.774484427987962931e+01
8.645677745184300875e+03 9.900334684144075936e+01
8.645877723852103372e+03 9.803913751916122976e+01
8.646077702519909508e+03 9.749588066563219968e+01
8.646277681187713824e+03 9.904595758165238806e+01
8.646477659855518141e+03 1.008703031851971161e+02
8.646677638523322457e+03 9.954617590062088084e+01
8.646877617191126774e+03 9.768473332550867383e+01
8.647077595858929271e+03 9.964507681635024028e+01
8.647277574526735407e+03 9.996069103141266510e+01
8.647477553194537904e+03 1.000751422711268361e+02
8.647677531862342221e+03 1.012464747835007870e+02
8.647877510530146537e+03 9.835070866945646628e+01
8.648077489197950854e+03 1.005846860385979369e+02
8.648277467865756989e+03 9.947478775390355565e+01
8.648477446533559487e+03 9.961285373709247892e+01
8.648677425201365622e+03 1.012666152373801367e+02
8.648877403869168120e+03 1.002476334888770708e+02
8.649077382536972436e+03 9.792164264946407570e+01
8.649277361204778572e+03 9.824587053708619067e+01
8.649477339872581069e+03 9.975609500615352943e+01
8.649677318540387205e+03 1.001244110717384359e+02
8.649877297208189702e+03 1.045134165199228846e+02
8.650077275875995838e+03 9.878848459930917159e+01
8.650277254543800154e+03 9.965301665416953369e+01
8.650477233211602652e+03 9.932979806358108021e+01
8.650677211879408787e+03 9.743589678689609457e+01
8.650877190547211285e+03 9.662698725327481952e+01
8.651077169215017420e+03 9.880017242380455400e+01
8.651277147882821737e+03 9.872394778227946688e+01
8.651477126550626053e+03 9.934445306481077864e+01
8.651677105218430370e+03 1.002356620505791795e+02
8.651877083886232867e+03 9.980939237272042419e+01
8.652077062554039003e+03 1.031237122364165657e+02
8.652277041221843319e+03 1.006854327382284566e+02
8.652477019889647636e+03 9.749711088716263419e+01
8.652676998557451952e+03 1.012167480842083762e+02
8.652876977225256269e+03 9.959413792051296355e+01
8.653076955893060585e+03 1.001679902717736184e+02
8.653276934560866721e+03 9.864822578203319381e+01
8.653476913228669218e+03 9.767227438110261062e+01
8.653676891896473535e+03 9.698664771210668789e+01
8.653876870564276032e+03 1.012872220788038504e+02
8.654076849232080349e+03 1.005182319099786952e+02
8.654276827899886484e+03 1.000168959102211232e+02
8.654476806567688982e+03 9.732542230320444787e+01
8.654676785235495117e+03 9.694242481135833600e+01
8.654876763903297615e+03 9.747349365048717118e+01
8.655076742571101931e+03 1.007125868222698699e+02
8.655276721238908067e+03 9.963654090274221176e+01
8.655476699906710564e+03 9.572339901298944653e+01
8.655676678574516700e+03 1.006892582262665456e+02
8.655876657242319197e+03 9.690766755756909845e+01
8.656076635910125333e+03 9.788053478815240283e+01
8.656276614577929649e+03 9.729149452658013786e+01
8.656476593245732147e+03 9.510313510369454093e+01
8.656676571913538282e+03 9.877072060647819285e+01
8.656876550581340780e+03 9.819830561055883322e+01
8.657076529249146915e+03 9.924251335145366681e+01
8.657276507916951232e+03 9.845074892958224666e+01
8.657476486584755548e+03 9.480104021510298651e+01
8.657676465252559865e+03 9.570055903261722108e+01
8.657876443920362362e+03 9.795949541098354985e+01
8.658076422588168498e+03 9.758517244476402652e+01
8.658276401255972814e+03 9.424645720951033923e+01
8.658476379923777131e+03 9.286358992677580204e+01
8.658676358591581447e+03 9.232566976928012537e+01
8.658876337259385764e+03 9.470200347434636967e+01
8.659076315927190080e+03 8.981117191138157807e+01
8.659276294594994397e+03 8.787450197842846933e+01
8.659476273262798713e+03 8.835923471398818663e+01
8.659676251930603030e+03 8.332095745902741157e+01
8.659876230598407346e+03 7.727756141724103145e+01
8.660076209266211663e+03 7.585326896607794822e+01
8.660276187934017798e+03 7.107727436825274481e+01
8.660476166601818477e+03 6.361028599723961463e+01
8.660676145269624612e+03 5.829147421803531159e+01
8.660876123937427110e+03 4.967709069991025927e+01
8.661076102605231426e+03 4.764031919075652866e+01
8.661276081273037562e+03 4.390570057359281719e+01
8.661476059940840059e+03 5.081675726582164287e+01
8.661676038608646195e+03 5.700222846813097277e+01
8.661876017276448692e+03 6.311486266655261090e+01
8.662075995944254828e+03 7.022260534996102876e+01
8.662275974612059144e+03 7.066887851021846245e+01
8.662475953279861642e+03 7.990046849842529753e+01
8.662675931947667777e+03 8.409137448004229043e+01
8.662875910615470275e+03 8.696136237103233668e+01
8.663075889283276410e+03 9.056568902405054189e+01
8.663275867951080727e+03 8.890261270986677289e+01
8.663475846618885043e+03 8.860621801099006234e+01
8.663675825286689360e+03 9.399951981114644184e+01
8.663875803954491857e+03 9.350851153434911112e+01
8.664075782622297993e+03 9.293108157029649874e+01
8.664275761290102309e+03 9.445677629625333793e+01
8.664475739957906626e+03 9.277852779222330071e+01
8.664675718625710942e+03 9.612280849365163249e+01
8.664875697293515259e+03 9.652284911148348101e+01
8.665075675961319575e+03 9.644352399605172366e+01
8.665275654629123892e+03 9.719576996457234941e+01
8.665475633296928208e+03 9.891152238286922227e+01
8.665675611964732525e+03 9.812080116251344464e+01
8.665875590632536841e+03 9.916437225367239705e+01
8.666075569300341158e+03 1.016638422853512367e+02
8.666275547968147293e+03 9.712428660132269442e+01
8.666475526635949791e+03 9.801660679703753942e+01
8.666675505303755926e+03 9.700117723154968985e+01
8.666875483971558424e+03 9.792078442298270602e+01
8.667075462639362740e+03 9.512375642224886008e+01
8.667275441307167057e+03 9.837314810107083929e+01
8.667475419974969554e+03 9.922950473618365663e+01
8.667675398642775690e+03 1.006925806727756481e+02
8.667875377310578187e+03 9.841664747717216244e+01
8.668075355978384323e+03 9.875618932583098797e+01
8.668275334646188639e+03 9.869447599777278413e+01
8.668475313313991137e+03 9.990438496247571720e+01
8.668675291981797272e+03 9.794721766279674569e+01
8.668875270649599770e+03 9.797677713432533153e+01
8.669075249317405905e+03 1.005652497705890767e+02
8.669275227985210222e+03 1.002729806464311650e+02
8.669475206653014538e+03 9.746640975503484583e+01
8.669675185320818855e+03 9.986105390787467684e+01
8.669875163988621352e+03 9.970466907768822296e+01
8.670075142656427488e+03 9.703432733805608734e+01
8.670275121324231804e+03 9.719436511158627923e+01
8.670475099992036121e+03 9.754184648214115327e+01
8.670675078659840437e+03 9.878411891386302557e+01
8.670875057327644754e+03 1.005122728547941762e+02
8.671075035995449070e+03 9.719477679779360813e+01
8.671275014663253387e+03 1.007727654530337418e+02
8.671474993331057703e+03 9.923651894490764391e+01
8.671674971998862020e+03 9.703117547496307793e+01
8.671874950666666336e+03 1.017191474452669695e+02
8.672074929334470653e+03 1.010105083131968939e+02
8.672274908002276788e+03 1.006730280958476982e+02
8.672474886670079286e+03 9.766145149785037916e+01
8.672674865337885421e+03 9.821482121033233170e+01
8.672874844005687919e+03 9.981689012432886443e+01
8.673074822673492235e+03 9.921637055207794731e+01
8.673274801341298371e+03 1.009033447946497972e+02
8.673474780009100868e+03 9.747408088857778807e+01
8.673674758676907004e+03 9.875399546597785161e+01
8.673874737344709501e+03 9.623555673418715628e+01
8.674074716012513818e+03 9.676504025547448862e+01
8.674274694680318134e+03 9.925376233488916000e+01
8.674474673348120632e+03 9.889569054534953807e+01
8.674674652015926767e+03 1.006227919435650335e+02
8.674874630683729265e+03 9.855098146129422787e+01
8.675074609351535400e+03 1.005295884065645140e+02
8.675274588019339717e+03 9.952656418478474620e+01
8.675474566687144033e+03 9.740166248745637745e+01
8.675674545354948350e+03 9.764347639130426160e+01
8.675874524022750848e+03 9.693146696385194616e+01
8.676074502690556983e+03 9.961941848773676611e+01
8.676274481358361299e+03 9.919940182041275989e+01
8.676474460026165616e+03 9.982791137354929845e+01
8.676674438693969933e+03 1.001232584684241402e+02
8.676874417361774249e+03 9.786962537782295612e+01
8.677074396029578566e+03 9.917596547032695753e+01
8.677274374697382882e+03 9.894137883839825065e+01
8.677474353365187199e+03 1.001090418020978348e+02
8.677674332032991515e+03 9.840036164892015336e+01
8.677874310700795832e+03 9.964182752189584846e+01
8.678074289368600148e+03 9.774818516774033128e+01
8.678274268036406283e+03 9.870196413033428939e+01
8.678474246704208781e+03 1.001315858066451341e+02
8.678674225372014917e+03 9.802419887955687727e+01
8.678874204039817414e+03 1.007178095518784033e+02
8.679074182707621731e+03 1.009693487305355006e+02
8.679274161375427866e+03 9.949904680351377806e+01
8.679474140043230364e+03 9.794697981569365197e+01
8.679674118711036499e+03 9.752847284467563327e+01
8.679874097378838997e+03 1.025879652084687734e+02
8.680074076046645132e+03 1.004051302157442933e+02
8.680274054714449449e+03 1.008417971612412458e+02
8.680474033382251946e+03 9.988502344170315439e+01
8.680674012050058082e+03 1.017864274149054467e+02
8.680873990717858760e+03 9.966421774834508085e+01
8.681073969385664896e+03 9.948363343292332672e+01
8.681273948053469212e+03 1.008149249712646736e+02
8.681473926721273529e+03 9.808105666638103060e+01
8.681673905389077845e+03 9.940779375766254589e+01
8.681873884056880343e+03 9.929209182999619543e+01
8.682073862724686478e+03 9.903385375920890965e+01
8.682273841392490795e+03 1.015355434044361260e+02
8.682473820060295111e+03 1.000451347759531444e+02
8.682673798728099428e+03 9.914064413291751521e+01
8.682873777395903744e+03 1.024790020542666156e+02
8.683073756063708061e+03 9.974112202776659331e+01
8.683273734731512377e+03 1.022921828049803281e+02
8.683473713399316694e+03 1.003331260303846051e+02
8.683673692067121010e+03 1.004913718009252221e+02
8.683873670734925327e+03 9.625116125499631892e+01
8.684073649402729643e+03 1.006918951069854131e+02
8.684273628070535779e+03 9.868647081085057948e+01
8.684473606738338276e+03 9.950512927308358258e+01
8.684673585406144412e+03 1.005234163556042972e+02
8.684873564073946909e+03 1.016462420078876363e+02
8.685073542741751226e+03 9.905802755109004920e+01
8.685273521409557361e+03 9.730372887300261198e+01
8.685473500077359859e+03 9.953421114139317183e+01
8.685673478745165994e+03 1.009064219751243172e+02
8.685873457412968492e+03 9.876396205930846861e+01
8.686073436080774627e+03 1.015639580168895435e+02
8.686273414748578944e+03 9.932300520715324410e+01
8.686473393416381441e+03 9.989026206138548503e+01
8.686673372084187577e+03 9.981982144440056004e+01
8.686873350751990074e+03 1.001119058987275849e+02
8.687073329419796210e+03 9.331790345547743470e+01
8.687273308087600526e+03 9.160945200703481817e+01
8.687473286755403024e+03 8.752912541893036291e+01
8.687673265423207340e+03 8.668225609215352279e+01
8.687873244091009838e+03 8.785159406386723902e+01
8.688073222758815973e+03 8.924404212622981447e+01
8.688273201426620290e+03 9.847885263308994297e+01
8.688473180094424606e+03 1.003998014572336501e+02
8.688673158762228923e+03 9.967279202168931818e+01
8.688873137430033239e+03 9.911294162119904172e+01
8.689073116097837556e+03 1.006429951940763203e+02
8.689273094765641872e+03 9.973207850213759684e+01
8.689473073433446189e+03 1.016993638000717510e+02
8.689673052101250505e+03 1.021669553239126316e+02
8.689873030769054822e+03 9.976530446246889028e+01
8.690073009436859138e+03 9.778718789579696136e+01
8.690272988104665274e+03 1.002382103792230623e+02
8.690472966772467771e+03 9.948063390401513573e+01
8.690672945440273907e+03 1.009701359413436990e+02
8.690872924108076404e+03 1.000879901654320463e+02
8.691072902775880721e+03 1.010855027772302037e+02
8.691272881443686856e+03 1.002468830223940586e+02
8.691472860111489354e+03 1.014884404346055504e+02
8.691672838779295489e+03 1.007521909742849431e+02
8.691872817447097987e+03 9.982267671692970623e+01
8.692072796114904122e+03 1.000229876721689379e+02
8.692272774782708439e+03 1.012840014443551411e+02
8.692472753450510936e+03 1.007778070941790389e+02
8.692672732118317072e+03 9.874575505406190246e+01
8.692872710786119569e+03 1.010248792929385075e+02
8.693072689453925705e+03 9.996018185709627346e+01
8.693272668121730021e+03 9.971828103404946830e+01
8.693472646789534338e+03 1.002429544379095887e+02
8.693672625457338654e+03 9.913731542905441074e+01
8.693872604125141152e+03 1.007822138855044898e+02
8.694072582792947287e+03 1.000779796994843736e+02
8.694272561460749785e+03 9.651507364568651326e+01
8.694472540128554101e+03 9.997493576934157034e+01
8.694672518796358418e+03 9.955227931536647645e+01
8.694872497464162734e+03 9.810762045213346028e+01
8.695072476131967051e+03 9.961330963361274371e+01
8.695272454799771367e+03 1.010477049845824240e+02
8.695472433467575684e+03 9.842178561424709926e+01
8.695672412135380000e+03 9.935270044530940936e+01
8.695872390803184317e+03 1.016623019764342217e+02
8.696072369470988633e+03 9.968452372132577466e+01
8.696272348138794769e+03 1.001182469773838335e+02
8.696472326806597266e+03 1.003624749090407988e+02
8.696672305474403402e+03 9.868900285777834824e+01
8.696872284142205899e+03 9.607377126708375670e+01
8.697072262810010216e+03 1.026592478804318773e+02
8.697272241477816351e+03 9.758870330941141447e+01
8.697472220145618849e+03 9.942939325255788674e+01
8.697672198813424984e+03 1.012185220744690923e+02
8.697872177481227482e+03 9.999088628916661037e+01
8.698072156149033617e+03 9.937755431724151833e+01
8.698272134816837934e+03 9.697113580850266601e+01
8.698472113484640431e+03 9.730748028374469527e+01
8.698672092152446567e+03 1.006182274646993875e+02
8.698872070820249064e+03 1.000473875091096119e+02
8.699072049488055200e+03 9.899477497722006092e+01
8.699272028155859516e+03 9.840916711506518766e+01
8.699472006823663833e+03 1.018819018485587122e+02
8.699671985491468149e+03 9.900634688783416948e+01
8.699871964159270647e+03 9.985885722764275840e+01
8.700071942827076782e+03 9.770186263202651844e+01
8.700271921494881099e+03 1.013863225960988075e+02
8.700471900162685415e+03 9.938157456894226982e+01
8.700671878830489732e+03 1.001524446150337297e+02
8.700871857498294048e+03 9.774355381905886020e+01
8.701071836166096546e+03 1.007289093349089342e+02
8.701271814833900862e+03 9.788922128542033363e+01
8.701471793501705179e+03 9.799536138997146395e+01
8.701671772169509495e+03 1.044728163996171162e+02
8.701871750837313812e+03 1.029426375177382766e+02
8.702071729505118128e+03 1.004724136549796043e+02
8.702271708172924264e+03 9.817231265125580819e+01
8.702471686840726761e+03 1.005215313494259703e+02
8.702671665508532897e+03 1.021999770949918371e+02
8.702871644176335394e+03 1.007103887128848783e+02
8.703071622844139711e+03 1.024375170373499202e+02
8.703271601511945846e+03 9.909171517303413168e+01
8.703471580179748344e+03 1.009431965586390874e+02
8.703671558847554479e+03 1.001227024858341821e+02
8.703871537515356977e+03 1.005976449183656456e+02
8.704071516183163112e+03 1.009724591269214784e+02
8.704271494850967429e+03 1.026905419496151382e+02
8.704471473518769926e+03 1.000342688106992881e+02
8.704671452186576062e+03 9.970454143922852097e+01
8.704871430854378559e+03 9.918299863696975649e+01
8.705071409522184695e+03 9.720771513885864579e+01
8.705271388189989011e+03 9.943369752901665493e+01
8.705471366857793328e+03 1.000832930891827743e+02
8.705671345525597644e+03 9.746804006541962906e+01
8.705871324193400142e+03 9.817238573457946416e+01
8.706071302861206277e+03 9.990190491312360166e+01
8.706271281529010594e+03 1.005081013721386256e+02
8.706471260196814910e+03 1.037283408903066118e+02
8.706671238864619227e+03 1.002312264186576414e+02
8.706871217532423543e+03 9.838254580740523636e+01
8.707071196200227860e+03 9.973229417306313849e+01
8.707271174868032176e+03 9.869988710800421927e+01
8.707471153535836493e+03 9.786867500324096625e+01
8.707671132203640809e+03 1.002413132751847940e+02
8.707871110871443307e+03 1.014723072181374306e+02
8.708071089539247623e+03 9.897539331680849273e+01
8.708271068207053759e+03 9.850701817475349742e+01
8.708471046874856256e+03 1.007559103397223907e+02
8.708671025542662392e+03 9.895137581297200313e+01
8.708871004210464889e+03 1.012231159407159424e+02
8.709070982878269206e+03 9.769377858560957861e+01
8.709270961546075341e+03 9.911159314759160566e+01
8.709470940213877839e+03 9.845075363319344319e+01
8.709670918881683974e+03 9.944867432487657766e+01
8.709870897549486472e+03 9.841710853268084236e+01
8.710070876217292607e+03 9.908459590368877912e+01
8.710270854885096924e+03 1.001236864024886017e+02
8.710470833552899421e+03 1.011763498016944141e+02
8.710670812220705557e+03 1.001965357775455061e+02
8.710870790888508054e+03 1.025607151042630960e+02
8.711070769556314190e+03 1.006544461773440844e+02
8.711270748224118506e+03 1.008827592269583846e+02
8.711470726891922823e+03 1.011748034424268212e+02
8.711670705559727139e+03 1.027974494290321417e+02
8.711870684227529637e+03 9.909773036420486392e+01
8.712070662895335772e+03 1.017819747505870680e+02
8.712270641563140089e+03 1.013528929582208207e+02
8.712470620230944405e+03 9.889466443592993983e+01
8.712670598898748722e+03 1.011752495545405282e+02
8.712870577566553038e+03 1.021284836115814301e+02
8.713070556234357355e+03 9.893075166415270871e+01
8.713270534902161671e+03 1.011608784290000642e+02
8.713470513569965988e+03 9.984815796683346889e+01
8.713670492237770304e+03 9.976598144814235525e+01
8.713870470905574621e+03 9.916336318756719947e+01
8.714070449573378937e+03 9.912584280251454061e+01
8.714270428241185073e+03 1.008545874129510480e+02
8.714470406908985751e+03 1.008161583434688282e+02
8.714670385576791887e+03 9.861978892751916703e+01
8.714870364244594384e+03 1.013257362230840499e+02
8.715070342912398701e+03 9.963091914789714565e+01
8.715270321580204836e+03 1.030664913957543405e+02
8.715470300248007334e+03 1.006872406056012181e+02
8.715670278915813469e+03 1.003653841651432259e+02
8.715870257583615967e+03 9.997727900197099871e+01
8.716070236251422102e+03 9.700629305539250424e+01
8.716270214919226419e+03 9.618946094059144514e+01
8.716470193587028916e+03 9.894603635463424496e+01
8.716670172254835052e+03 9.811867016064041991e+01
8.716870150922637549e+03 9.837172887093254303e+01
8.717070129590443685e+03 9.726883617193628595e+01
8.717270108258248001e+03 9.870409571946511562e+01
8.717470086926052318e+03 9.995745445234300064e+01
8.717670065593856634e+03 9.924564123772128710e+01
8.717870044261659132e+03 9.998791453047616073e+01
8.718070022929465267e+03 9.995018793581331806e+01
8.718270001597269584e+03 9.996239487698869652e+01
8.718469980265073900e+03 9.895405462019657250e+01
8.718669958932878217e+03 1.014094658705168683e+02
8.718869937600682533e+03 1.008750862833183675e+02
8.719069916268486850e+03 9.966298152445715175e+01
8.719269894936291166e+03 9.725534402375767229e+01
8.719469873604095483e+03 1.026304794442160215e+02
8.719669852271899799e+03 1.009246457116964990e+02
8.719869830939704116e+03 9.860263605264371733e+01
8.720069809607508432e+03 1.003610231554707894e+02
8.720269788275314568e+03 1.011105918223577618e+02
8.720469766943117065e+03 1.013287622736813631e+02
8.720669745610923201e+03 9.826121817022018945e+01
8.720869724278725698e+03 9.977393654487052288e+01
8.721069702946530015e+03 1.015890482365118999e+02
8.721269681614334331e+03 9.860972075260397673e+01
8.721469660282136829e+03 1.020792515613022147e+02
8.721669638949942964e+03 9.993178613160038992e+01
8.721869617617745462e+03 9.989892755269227109e+01
8.722069596285551597e+03 1.010408663832769918e+02
8.722269574953355914e+03 9.864594393527032423e+01
8.722469553621158411e+03 1.018231300489618008e+02
8.722669532288964547e+03 9.841543819727615983e+01
8.722869510956767044e+03 9.860433781132418574e+01
8.723069489624573180e+03 1.005756238602660204e+02
8.723269468292377496e+03 1.010707041188232722e+02
8.723469446960181813e+03 1.001590263783373018e+02
8.723669425627986129e+03 1.008652144814613081e+02
8.723869404295788627e+03 9.887969401520241775e+01
8.724069382963594762e+03 9.976363502798544403e+01
8.724269361631399079e+03 1.009550916964633984e+02
8.724469340299203395e+03 9.803658919799853777e+01
8.724669318967007712e+03 9.686990806124181574e+01
8.724869297634812028e+03 1.012197058619184560e+02
8.725069276302616345e+03 1.013505971788746933e+02
8.725269254970420661e+03 1.007595522011974651e+02
8.725469233638224978e+03 1.008849409997594080e+02
8.725669212306029294e+03 9.837833119575019225e+01
8.725869190973833611e+03 1.004912738213719763e+02
8.726069169641637927e+03 9.805602447738964145e+01
8.726269148309444063e+03 1.003155080673649735e+02
8.726469126977246560e+03 9.853246629365042963e+01
8.726669105645050877e+03 1.007251082682557097e+02
8.726869084312855193e+03 1.013248666151142459e+02
8.727069062980659510e+03 9.862808057862156375e+01
8.727269041648465645e+03 9.683345148105763656e+01
8.727469020316268143e+03 1.006260568155299353e+02
8.727668998984074278e+03 1.000781736005122866e+02
8.727868977651876776e+03 9.690996518716477226e+01
8.728068956319681092e+03 1.000416347868628435e+02
8.728268934987485409e+03 1.002431634338718283e+02
8.728468913655287906e+03 1.012608575673912128e+02
8.728668892323094042e+03 1.011430767843830836e+02
8.728868870990896539e+03 9.895299930996479532e+01
8.729068849658702675e+03 1.007480123493408684e+02
