8.479434685509855626e+03 9.969528485587689204e+01
8.479634672176967797e+03 9.898491913121340247e+01
8.479834658844076330e+03 9.867279813463677840e+01
8.480034645511190320e+03 9.931389205464432735e+01
8.480234632178298853e+03 9.950052465581237016e+01
8.480434618845411023e+03 9.984294880093899849e+01
8.480634605512523194e+03 9.859157120348969272e+01
8.480834592179633546e+03 9.662108382597023137e+01
8.481034578846743898e+03 9.747183458972067172e+01
8.481234565513854250e+03 9.471006034137003837e+01
8.481434552180966421e+03 9.325112905262759000e+01
8.481634538848078591e+03 9.281957713628406736e+01
8.481834525515187124e+03 9.534042671942628999e+01
8.482034512182301114e+03 9.581502612795058837e+01
8.482234498849409647e+03 9.991971461370908969e+01
8.482434485516521818e+03 9.851587009768397252e+01
8.482634472183633989e+03 9.953943174807078265e+01
8.482834458850744340e+03 9.887009573155808084e+01
8.483034445517854692e+03 1.008406265846476089e+02
8.483234432184965044e+03 9.918087267059964063e+01
8.483434418852077215e+03 1.006772773456095109e+02
8.483634405519187567e+03 1.002886543164309074e+02
8.483834392186299738e+03 9.828030058705316208e+01
8.484034378853410090e+03 9.937532525463187483e+01
8.484234365520520441e+03 9.772046243582980196e+01
8.484434352187632612e+03 9.844782166341100549e+01
8.484634338854744783e+03 9.801960295816621738e+01
8.484834325521853316e+03 9.952890937022640117e+01
8.485034312188967306e+03 1.005161746125772311e+02
8.485234298856075839e+03 1.011658714800875742e+02
8.485434285523188009e+03 1.012855343193505888e+02
8.485634272190300180e+03 9.968779181405018619e+01
8.485834258857410532e+03 1.006946936083232913e+02
8.486034245524520884e+03 9.943050525496347802e+01
8.486234232191631236e+03 9.981513852627772110e+01
8.486434218858743407e+03 9.856915568834052976e+01
8.486634205525855577e+03 9.925607835776595778e+01
8.486834192192964110e+03 1.011072624615128888e+02
8.487034178860078100e+03 9.739083030926984463e+01
8.487234165527186633e+03 9.855384124249022193e+01
8.487434152194298804e+03 9.993223097801056554e+01
8.487634138861410975e+03 9.852253145312739946e+01
8.487834125528521326e+03 1.000684799621777898e+02
8.488034112195631678e+03 9.854753650873561810e+01
8.488234098862743849e+03 1.006657461376962317e+02
8.488434085529854201e+03 9.885876227658113180e+01
8.488634072196966372e+03 9.819228993812329520e+01
8.488834058864076724e+03 9.985854368688791283e+01
8.489034045531187076e+03 9.886724332607958843e+01
8.489234032198297427e+03 1.005081452140463085e+02
8.489434018865409598e+03 1.001475872965970524e+02
8.489634005532521769e+03 9.748054043302180105e+01
8.489833992199630302e+03 1.015826975444928593e+02
8.490033978866744292e+03 9.966531926742310077e+01
8.490233965533852825e+03 9.889478899854378824e+01
8.490433952200964995e+03 9.991679735909720250e+01
8.490633938868075347e+03 9.880111844083140227e+01
8.490833925535187518e+03 9.967048934557232087e+01
8.491033912202297870e+03 9.824006922105623119e+01
8.491233898869408222e+03 9.860446003795985348e+01
8.491433885536520393e+03 9.769795712541093735e+01
8.491633872203632563e+03 9.848365309295604675e+01
8.491833858870741096e+03 9.718990808592371877e+01
8.492033845537855086e+03 9.713993060679884195e+01
8.492233832204963619e+03 9.856460711137769692e+01
8.492433818872075790e+03 9.928580843783879573e+01
8.492633805539187961e+03 9.809947288677996369e+01
8.492833792206298313e+03 9.822808597896674598e+01
8.493033778873408664e+03 9.765332850761681982e+01
8.493233765540520835e+03 9.758987151307115937e+01
8.493433752207631187e+03 9.831779865437353294e+01
8.493633738874743358e+03 9.788798092778839077e+01
8.493833725541853710e+03 9.638167083305583560e+01
8.494033712208965881e+03 1.008024419072036153e+02
8.494233698876074413e+03 9.676969509460558072e+01
8.494433685543186584e+03 9.536607956656089868e+01
8.494633672210298755e+03 9.495021820261375467e+01
8.494833658877407288e+03 9.480484222310187192e+01
8.495033645544521278e+03 9.366195068238783961e+01
8.495233632211629811e+03 9.472548954327280057e+01
8.495433618878741981e+03 9.159560783310242016e+01
8.495633605545852333e+03 9.097330568365576653e+01
8.495833592212964504e+03 8.818017910173780649e+01
8.496033578880074856e+03 8.520957291557485291e+01
8.496233565547185208e+03 8.062406869122474973e+01
8.496433552214297379e+03 7.496391757983612081e+01
8.496633538881409550e+03 6.808572120746096346e+01
8.496833525548518082e+03 6.409351700489348502e+01
8.497033512215632072e+03 5.440530071066017825e+01
8.497233498882740605e+03 4.950527336411597901e+01
8.497433485549852776e+03 4.761744018014358204e+01
8.497633472216964947e+03 4.881885805695729630e+01
8.497833458884075299e+03 5.615073347759533817e+01
8.498033445551185650e+03 6.368176311284782543e+01
8.498233432218297821e+03 6.696023644237929773e+01
8.498433418885408173e+03 7.499916274056367627e+01
8.498633405552520344e+03 8.206109027006307599e+01
8.498833392219630696e+03 8.539895962624120784e+01
8.499033378886742867e+03 8.939215339060763199e+01
8.499233365553851399e+03 9.115672275455300166e+01
8.499433352220965389e+03 9.189099612450942800e+01
8.499633338888075741e+03 9.296855253839403588e+01
8.499833325555184274e+03 9.407418114451127167e+01
8.500033312222298264e+03 9.383307734041493120e+01
8.500233298889406797e+03 9.418804590612946015e+01
8.500433285556518967e+03 9.582846135851239922e+01
8.500633272223629319e+03 9.650787616485644094e+01
8.500833258890741490e+03 9.518641967313672581e+01
8.501033245557851842e+03 9.300326551529735752e+01
8.501233232224962194e+03 9.299553588344339516e+01
8.501433218892074365e+03 9.235375120250573389e+01
8.501633205559186536e+03 9.070013035706705296e+01
8.501833192226295068e+03 9.298924586354112876e+01
8.502033178893409058e+03 9.416936252364035909e+01
8.502233165560517591e+03 9.525682402880246968e+01
8.502433152227629762e+03 9.633913706106126540e+01
8.502633138894741933e+03 9.595426207407456332e+01
8.502833125561852285e+03 9.770731963825376454e+01
8.503033112228962636e+03 9.796039584014765467e+01
8.503233098896074807e+03 9.934822259121149557e+01
8.503433085563185159e+03 9.892091424397844435e+01
8.503633072230297330e+03 9.857721060360012189e+01
8.503833058897407682e+03 1.005576735316359986e+02
8.504033045564519853e+03 9.899059404400880169e+01
8.504233032231628385e+03 9.965465351136717231e+01
8.504433018898742375e+03 1.003343150120654599e+02
8.504633005565852727e+03 9.877498198195114298e+01
8.504832992232963079e+03 9.770756640955819705e+01
8.505032978900075250e+03 9.756169616785113874e+01
8.505232965567183783e+03 9.971926555929545088e+01
8.505432952234295954e+03 9.917116294044120650e+01
8.505632938901406305e+03 9.910229580371643010e+01
8.505832925568518476e+03 9.847712075929251796e+01
8.506032912235628828e+03 9.705897382429940023e+01
8.506232898902739180e+03 1.003374796792747929e+02
8.506432885569851351e+03 9.952338446670003691e+01
8.506632872236963522e+03 1.009324095773710610e+02
8.506832858904072054e+03 9.728268784464160035e+01
8.507032845571186044e+03 9.994026068156728115e+01
8.507232832238294577e+03 9.790235765495285136e+01
8.507432818905406748e+03 9.946094559804127755e+01
8.507632805572518919e+03 1.007450009018472343e+02
8.507832792239629271e+03 1.001264919661312547e+02
8.508032778906739622e+03 1.005338735307043407e+02
8.508232765573851793e+03 9.694050318066749128e+01
8.508432752240962145e+03 9.786047954514465630e+01
8.508632738908074316e+03 1.004550710780818719e+02
8.508832725575184668e+03 9.792057462058396311e+01
8.509032712242296839e+03 9.928034301836403586e+01
8.509232698909405372e+03 1.000248493044430802e+02
8.509432685576519361e+03 9.854830579847340744e+01
8.509632672243629713e+03 9.738236960904998796e+01
8.509832658910740065e+03 1.003345754544048702e+02
8.510032645577852236e+03 9.846693931039141034e+01
8.510232632244962588e+03 9.942560738932414210e+01
8.510432618912072940e+03 1.010676473116784848e+02
8.510632605579183291e+03 1.019231154185095534e+02
8.510832592246295462e+03 9.944400928006884044e+01
8.511032578913405814e+03 1.007320555047712531e+02
8.511232565580516166e+03 9.913264675448321839e+01
8.511432552247628337e+03 1.003621053695592167e+02
8.511632538914740508e+03 9.830143236349702818e+01
8.511832525581849040e+03 9.764675903800551282e+01
8.512032512248963030e+03 1.000157295145822900e+02
8.512232498916071563e+03 9.991965607600042176e+01
8.512432485583183734e+03 9.994523638600583126e+01
8.512632472250295905e+03 9.896245757350045835e+01
8.512832458917406257e+03 9.442749417918942356e+01
8.513032445584516609e+03 9.294012858560738266e+01
8.513232432251628779e+03 9.058495039070089661e+01
8.513432418918739131e+03 8.830244277251478024e+01
8.513632405585851302e+03 8.712102514877339843e+01
8.513832392252961654e+03 8.933112410637528455e+01
8.514032378920073825e+03 9.175207615998451161e+01
8.514232365587182358e+03 9.707888415978641206e+01
8.514432352254296347e+03 9.385722916279725325e+01
8.514632338921406699e+03 9.724966975723593521e+01
8.514832325588517051e+03 9.824925617882620088e+01
8.515032312255627403e+03 9.622154867139815337e+01
8.515232298922739574e+03 9.879049416707378839e+01
8.515432285589849926e+03 1.012659138178093627e+02
8.515632272256962096e+03 9.686910819076757662e+01
8.515832258924072448e+03 9.913233458742809034e+01
8.516032245591182800e+03 9.909667648921683281e+01
8.516232232258293152e+03 9.899082531673398933e+01
8.516432218925405323e+03 9.825744139664656984e+01
8.516632205592517494e+03 9.923887132213607742e+01
8.516832192259626026e+03 9.780011516806474958e+01
8.517032178926740016e+03 9.911766842034190006e+01
8.517232165593848549e+03 9.879873951926849429e+01
8.517432152260960720e+03 9.753461194265193512e+01
8.517632138928072891e+03 9.915958125897523701e+01
8.517832125595183243e+03 9.824386169842335903e+01
8.518032112262293595e+03 9.741667076195474806e+01
8.518232098929405765e+03 9.939284541722709321e+01
8.518432085596516117e+03 1.001793655088751223e+02
8.518632072263628288e+03 9.803472910423998599e+01
8.518832058930738640e+03 1.004632265996909410e+02
8.519032045597850811e+03 1.004325485890277889e+02
8.519232032264959344e+03 9.849132415235935412e+01
8.519432018932073333e+03 9.724030794665263500e+01
8.519632005599183685e+03 9.914155665723490074e+01
8.519831992266294037e+03 9.792843211628029110e+01
8.520031978933404389e+03 9.961512877049894144e+01
8.520231965600516560e+03 9.846485772492984268e+01
8.520431952267626912e+03 1.013478318239639435e+02
8.520631938934739082e+03 1.013422574867561110e+02
8.520831925601849434e+03 9.802049260492471205e+01
8.521031912268961605e+03 9.988239775909252671e+01
8.521231898936070138e+03 9.829459346721039026e+01
8.521431885603182309e+03 9.727995285758227340e+01
8.521631872270294480e+03 9.882244273268982226e+01
8.521831858937403013e+03 9.876642656074491811e+01
8.522031845604517002e+03 9.837882468964811267e+01
8.522231832271625535e+03 9.814237883348270941e+01
8.522431818938737706e+03 9.918938063236251423e+01
8.522631805605849877e+03 9.919172432804023742e+01
8.522831792272960229e+03 1.003180773688461755e+02
8.523031778940070581e+03 1.000165791699209592e+02
8.523231765607182751e+03 9.959684515419371564e+01
8.523431752274293103e+03 9.998698145637371226e+01
8.523631738941405274e+03 1.013106567207382795e+02
8.523831725608515626e+03 9.814714178788554477e+01
8.524031712275627797e+03 9.685471309292252329e+01
8.524231698942736330e+03 9.756301651323802560e+01
8.524431685609850319e+03 9.828615319736063327e+01
8.524631672276960671e+03 9.952170275949573863e+01
8.524831658944071023e+03 9.742849643488818856e+01
8.525031645611181375e+03 9.942452945303067224e+01
8.525231632278293546e+03 9.849929445247765614e+01
8.525431618945403898e+03 9.798879393120326142e+01
8.525631605612516069e+03 9.696476301730170633e+01
8.525831592279626420e+03 9.598812955052956397e+01
8.526031578946738591e+03 9.257358689061111079e+01
8.526231565613847124e+03 9.510361228048290627e+01
8.526431552280961114e+03 9.369943109524440672e+01
8.526631538948071466e+03 9.317992326531462766e+01
8.526831525615179999e+03 9.384230012743933003e+01
8.527031512282293988e+03 9.548872192499906930e+01
8.527231498949402521e+03 9.736776201070340164e+01
8.527431485616514692e+03 9.670429823556897020e+01
8.527631472283626863e+03 9.717934583091880540e+01
8.527831458950737215e+03 9.881808849254001359e+01
8.528031445617847567e+03 9.961747307777616811e+01
8.528231432284959737e+03 9.849027473061948967e+01
8.528431418952070089e+03 9.932019421285886551e+01
8.528631405619182260e+03 9.775665039570641568e+01
8.528831392286292612e+03 9.700837732768219723e+01
8.529031378953404783e+03 9.731198847625184101e+01
8.529231365620513316e+03 9.962475146912407808e+01
8.529431352287627305e+03 9.735027764470633826e+01
8.529631338954737657e+03 9.746971471860034342e+01
8.529831325621848009e+03 9.922340688577983769e+01
8.530031312288958361e+03 9.679492268957899626e+01
8.530231298956070532e+03 9.901940202455828910e+01
8.530431285623180884e+03 9.821257133640381198e+01
8.530631272290293055e+03 9.832205859552367144e+01
8.530831258957403406e+03 9.800284147568612525e+01
8.531031245624515577e+03 9.867545792471402422e+01
8.531231232291624110e+03 9.903021757304985329e+01
8.531431218958738100e+03 9.804659367662377178e+01
8.531631205625848452e+03 9.768919363701327541e+01
8.531831192292958804e+03 9.792663603387730120e+01
8.532031178960070974e+03 9.713896759146267357e+01
8.532231165627179507e+03 9.697035564901521809e+01
8.532431152294291678e+03 9.780959245332674357e+01
8.532631138961403849e+03 9.577741780289147755e+01
8.532831125628514201e+03 9.401507603278089675e+01
8.533031112295624553e+03 9.627264157640451003e+01
8.533231098962736723e+03 9.592047973881270195e+01
8.533431085629847075e+03 9.388656108894630847e+01
8.533631072296959246e+03 9.718976644230336603e+01
8.533831058964069598e+03 9.871353319672866178e+01
8.534031045631181769e+03 9.530547746661882513e+01
8.534231032298290302e+03 9.353428938517929225e+01
8.534431018965402473e+03 9.628313815122589858e+01
8.534631005632514643e+03 9.436767658594094144e+01
8.534830992299624995e+03 9.506501296801593526e+01
8.535030978966735347e+03 9.378249649558223666e+01
8.535230965633847518e+03 9.251391963293569631e+01
8.535430952300957870e+03 9.172967571591047431e+01
8.535630938968070041e+03 9.094505818084277848e+01
8.535830925635180392e+03 8.991682942559613423e+01
8.536030912302292563e+03 9.100655199167215414e+01
8.536230898969401096e+03 9.139971977526367652e+01
8.536430885636515086e+03 8.978266082116564917e+01
8.536630872303625438e+03 9.240546849191443357e+01
8.536830858970735790e+03 9.030949094501335139e+01
8.537030845637847960e+03 9.125854264929394333e+01
8.537230832304958312e+03 8.943354624616704029e+01
8.537430818972068664e+03 8.840235703656864530e+01
8.537630805639180835e+03 8.793133647175847045e+01
8.537830792306291187e+03 8.546881970335387280e+01
8.538030778973401539e+03 8.398846713588389434e+01
8.538230765640513710e+03 8.632213857684232039e+01
8.538430752307624061e+03 8.199752228197559134e+01
8.538630738974736232e+03 8.147669231267082068e+01
8.538830725641846584e+03 8.061998727329608982e+01
8.539030712308958755e+03 7.808360117646789433e+01
8.539230698976067288e+03 7.629411684109889791e+01
8.539430685643179459e+03 7.352212214485228969e+01
8.539630672310291629e+03 7.359708975387052021e+01
8.539830658977401981e+03 7.001954578730533285e+01
8.540030645644512333e+03 6.720729639212727591e+01
8.540230632311624504e+03 6.359934030922684656e+01
8.540430618978734856e+03 6.235457584089395766e+01
8.540630605645847027e+03 5.912162891606369186e+01
8.540830592312957378e+03 5.307714840447794558e+01
8.541030578980069549e+03 4.800459022135992626e+01
8.541230565647178082e+03 4.114250579045515366e+01
8.541430552314292072e+03 3.707884205497243357e+01
8.541630538981402424e+03 3.670221016016343185e+01
8.541830525648512776e+03 4.324825869136601142e+01
8.542030512315624946e+03 4.582313961811122027e+01
8.542230498982735298e+03 5.237899775753094644e+01
8.542430485649845650e+03 5.814321437293623518e+01
8.542630472316959640e+03 6.149086146102160200e+01
8.542830458984068173e+03 6.365610500706991104e+01
8.543030445651178525e+03 6.867271354977323483e+01
8.543230432318290696e+03 6.995489519819129498e+01
8.543430418985401047e+03 7.375843497925281156e+01
8.543630405652513218e+03 7.572445288134251484e+01
8.543830392319623570e+03 7.591691147355102487e+01
8.544030378986735741e+03 7.731842487915629647e+01
8.544230365653844274e+03 7.744891498894662618e+01
8.544430352320956445e+03 7.986645066923428260e+01
8.544630338988068615e+03 8.314460007985468337e+01
8.544830325655178967e+03 8.279511491346849539e+01
8.545030312322289319e+03 8.547508728708352521e+01
8.545230298989401490e+03 8.625196063738083296e+01
8.545430285656511842e+03 8.850364238239014014e+01
8.545630272323624013e+03 8.740202914577157856e+01
8.545830258990734364e+03 8.986815705916018260e+01
8.546030245657846535e+03 8.955780094224233778e+01
8.546230232324955068e+03 8.792151536677476997e+01
8.546430218992069058e+03 9.234264132935048508e+01
8.546630205659179410e+03 9.082320747586571485e+01
8.546830192326289762e+03 9.284051774101607180e+01
8.547030178993401933e+03 9.179886882017278538e+01
8.547230165660512284e+03 9.385509012307406351e+01
8.547430152327622636e+03 9.325176312205704221e+01
8.547630138994736626e+03 9.293008856337608847e+01
8.547830125661845159e+03 9.323623483508326615e+01
8.548030112328957330e+03 9.524044303450479276e+01
8.548230098996067682e+03 9.292275774018936829e+01
8.548430085663178033e+03 9.510216843178024249e+01
8.548630072330290204e+03 9.450898565349585567e+01
8.548830058997400556e+03 9.528396634086961114e+01
8.549030045664512727e+03 9.535199656706218718e+01
8.549230032331621260e+03 9.602853155062095425e+01
8.549430018998733431e+03 9.554412310480647363e+01
8.549630005665845601e+03 9.674284948701263431e+01
8.549829992332955953e+03 9.633738368944447927e+01
8.550029979000066305e+03 9.732626166275699120e+01
8.550229965667178476e+03 9.757137440959495223e+01
8.550429952334288828e+03 9.647645666237016826e+01
8.550629939001400999e+03 9.753374060561255021e+01
8.550829925668511351e+03 9.737526289257102974e+01
8.551029912335623521e+03 9.665816085605234775e+01
8.551229899002732054e+03 9.546433144959677009e+01
8.551429885669846044e+03 9.816917073573665675e+01
8.551629872336956396e+03 9.634022365440294777e+01
8.551829859004066748e+03 9.866677805130377976e+01
8.552029845671178919e+03 9.897516351722386219e+01
8.552229832338289270e+03 9.631310675369640251e+01
8.552429819005399622e+03 9.864064032403223337e+01
8.552629805672513612e+03 9.718445313566662946e+01
8.552829792339622145e+03 9.718571752465437896e+01
8.553029779006734316e+03 9.846682896149765440e+01
8.553229765673844668e+03 9.831774953982851173e+01
8.553429752340956838e+03 9.868557919381530041e+01
8.553629739008067190e+03 9.701235875732574243e+01
8.553829725675177542e+03 9.763687504460312994e+01
8.554029712342289713e+03 9.697861766119770266e+01
8.554229699009398246e+03 9.749921987640315990e+01
8.554429685676510417e+03 9.891938105168063089e+01
8.554629672343622588e+03 9.879896609391620643e+01
8.554829659010732939e+03 9.934888243396925134e+01
8.555029645677843291e+03 9.837175730453510880e+01
8.555229632344955462e+03 9.639517924396544402e+01
8.555429619012065814e+03 9.867096104976899085e+01
8.555629605679177985e+03 9.741359529860085331e+01
8.555829592346288337e+03 9.308900341659939670e+01
8.556029579013400507e+03 9.172903124219524784e+01
8.556229565680509040e+03 9.034480517955225309e+01
8.556429552347623030e+03 8.955681350019482068e+01
8.556629539014733382e+03 9.370686277133458475e+01
8.556829525681843734e+03 9.689844093025311622e+01
8.557029512348955905e+03 9.754361927901054230e+01
8.557229499016066256e+03 1.007279656361346412e+02
8.557429485683176608e+03 9.813839803377248927e+01
8.557629472350290598e+03 9.981291794817805396e+01
8.557829459017399131e+03 9.896746344293312347e+01
8.558029445684511302e+03 9.917020798562197115e+01
8.558229432351621654e+03 9.973310625545722985e+01
8.558429419018733824e+03 9.857410003801849996e+01
8.558629405685844176e+03 9.715168032081358263e+01
8.558829392352954528e+03 9.969906699517707693e+01
8.559029379020066699e+03 9.849887007987916832e+01
8.559229365687175232e+03 9.906641043593479878e+01
8.559429352354287403e+03 9.883547942813787301e+01
8.559629339021399574e+03 1.000126256965457117e+02
8.559829325688509925e+03 1.002707280208679776e+02
8.560029312355620277e+03 9.997273581412839860e+01
8.560229299022732448e+03 1.004085943856434824e+02
8.560429285689842800e+03 9.875320099452365241e+01
8.560629272356954971e+03 9.817277003364004884e+01
8.560829259024065323e+03 9.920903636479725662e+01
8.561029245691177493e+03 1.012800213479231815e+02
8.561229232358286026e+03 9.807060538903579072e+01
8.561429219025400016e+03 9.813117977259372537e+01
8.561629205692510368e+03 9.889153610469138300e+01
8.561829192359620720e+03 9.895943123545522724e+01
8.562029179026732891e+03 9.800017957063985818e+01
8.562229165693843242e+03 9.716315349762440690e+01
8.562429152360953594e+03 9.757563735768060553e+01
8.562629139028067584e+03 9.741480217327563196e+01
8.562829125695176117e+03 9.977004300948740934e+01
8.563029112362288288e+03 9.951672425468197503e+01
8.563229099029398640e+03 9.947627354132789890e+01
8.563429085696510811e+03 1.008853796195406431e+02
8.563629072363621162e+03 9.930085417264477599e+01
8.563829059030731514e+03 9.862841191060996948e+01
8.564029045697843685e+03 9.803292044480971867e+01
8.564229032364954037e+03 9.916065653203287411e+01
8.564429019032064389e+03 9.972334522314879734e+01
8.564629005699176560e+03 9.900044411828379509e+01
8.564828992366286911e+03 9.953453338125569871e+01
8.565028979033397263e+03 9.834355302755201933e+01
8.565228965700509434e+03 9.891026075417551056e+01
8.565428952367619786e+03 9.742579977342855102e+01
8.565628939034731957e+03 9.919217870259474523e+01
8.565828925701842309e+03 9.817393921143963098e+01
8.566028912368954479e+03 9.877761164651182924e+01
8.566228899036063012e+03 9.960496835107221614e+01
8.566428885703177002e+03 9.831033996229085403e+01
8.566628872370287354e+03 1.008419589461558559e+02
8.566828859037397706e+03 1.010131216002985894e+02
8.567028845704509877e+03 9.973574667026534257e+01
8.567228832371620229e+03 9.912155751076522847e+01
8.567428819038730580e+03 9.949143872150466450e+01
8.567628805705844570e+03 1.003683640515116480e+02
8.567828792372953103e+03 9.888676918054279952e+01
8.568028779040065274e+03 9.812322266006901827e+01
8.568228765707175626e+03 9.784903572954233653e+01
8.568428752374287797e+03 9.876966029194598207e+01
8.568628739041398148e+03 1.005561193832545825e+02
8.568828725708508500e+03 1.004011932037741985e+02
8.569028712375620671e+03 9.942368161505660851e+01
8.569228699042731023e+03 1.017457336932327223e+02
8.569428685709841375e+03 9.791757024130836840e+01
8.569628672376955365e+03 1.003583019383505501e+02
8.569828659044063897e+03 9.958135649165087955e+01
8.570028645711174249e+03 1.006819642348439743e+02
8.570228632378286420e+03 9.863038604709852564e+01
8.570428619045396772e+03 9.945639888013953112e+01
8.570628605712508943e+03 1.000702811659690639e+02
8.570828592379619295e+03 9.884097189713358489e+01
8.571028579046731465e+03 9.703656609611458350e+01
8.571228565713839998e+03 9.861216488490862275e+01
8.571428552380953988e+03 9.872253409783182576e+01
8.571628539048064340e+03 9.900967164113839658e+01
8.571828525715174692e+03 1.008321949721516972e+02
8.572028512382286863e+03 9.992516563139732000e+01
8.572228499049397215e+03 9.850702676973546090e+01
8.572428485716507566e+03 9.945718139373359179e+01
8.572628472383621556e+03 1.001003050392693297e+02
8.572828459050730089e+03 9.925689220303836180e+01
8.573028445717842260e+03 1.003901060929994742e+02
8.573228432384952612e+03 9.936934896712513421e+01
8.573428419052064783e+03 9.822517145443742947e+01
8.573628405719175134e+03 9.972868828671539632e+01
8.573828392386285486e+03 1.005374993794982430e+02
8.574028379053397657e+03 1.001528380830794731e+02
8.574228365720508009e+03 9.765642730166858598e+01
8.574428352387618361e+03 9.803952982136920014e+01
8.574628339054732351e+03 9.878432532223271778e+01
8.574828325721840883e+03 9.655353540864872741e+01
8.575028312388953054e+03 9.969141325007269927e+01
8.575228299056063406e+03 9.975182489360545901e+01
8.575428285723173758e+03 1.009331694119205309e+02
8.575628272390285929e+03 9.762427665651912889e+01
8.575828259057396281e+03 1.009042561098120530e+02
8.576028245724508452e+03 1.000935137812299303e+02
8.576228232391616984e+03 9.886546044269050526e+01
8.576428219058730974e+03 9.961013411323284572e+01
8.576628205725841326e+03 9.878739528893663646e+01
8.576828192392951678e+03 9.980715908539728787e+01
8.577028179060063849e+03 9.897282588919753721e+01
8.577228165727174201e+03 9.831393574987043849e+01
8.577428152394284552e+03 1.009733845286831553e+02
8.577628139061398542e+03 9.967903722378032683e+01
8.577828125728507075e+03 1.000939068054938019e+02
8.578028112395619246e+03 9.915559583423920742e+01
8.578228099062727779e+03 9.909517757156031337e+01
8.578428085729841769e+03 9.923342194235644342e+01
8.578628072396952120e+03 9.952241104212960465e+01
8.578828059064062472e+03 9.935516166135779770e+01
8.579028045731174643e+03 9.942666880795992768e+01
8.579228032398284995e+03 1.010687014959279821e+02
8.579428019065395347e+03 1.008002678859266439e+02
8.579628005732509337e+03 9.816457700612743054e+01
8.579827992399617870e+03 9.915241487703994494e+01
8.580027979066730040e+03 1.002207951954691794e+02
8.580227965733840392e+03 9.941235347202791672e+01
8.580427952400952563e+03 9.927387002179473541e+01
8.580627939068062915e+03 9.983482230893102383e+01
8.580827925735173267e+03 9.773072929112821328e+01
8.581027912402285438e+03 9.723267468163250271e+01
8.581227899069393970e+03 9.606965072789994053e+01
8.581427885736507960e+03 9.358815482117198314e+01
8.581627872403618312e+03 9.216741115943180773e+01
8.581827859070728664e+03 9.272762521541693559e+01
8.582027845737840835e+03 9.563840563813363360e+01
8.582227832404951187e+03 9.696467296874928365e+01
8.582427819072061538e+03 9.772843218757355999e+01
8.582627805739175528e+03 9.887151436742082922e+01
8.582827792406284061e+03 1.000042897161776239e+02
8.583027779073396232e+03 1.003680606635816588e+02
8.583227765740504765e+03 1.002309265009582759e+02
8.583427752407618755e+03 1.005377872819029790e+02
8.583627739074729107e+03 1.010830142774488536e+02
8.583827725741839458e+03 9.905982067770364097e+01
8.584027712408951629e+03 9.733784477354326725e+01
8.584227699076061981e+03 9.788794135659750850e+01
8.584427685743172333e+03 9.755116296225808981e+01
8.584627672410286323e+03 1.003522210584027761e+02
8.584827659077394856e+03 9.923093606556548707e+01
8.585027645744507026e+03 9.964660466070920108e+01
8.585227632411617378e+03 1.002511057093867208e+02
8.585427619078729549e+03 9.879833212841904810e+01
8.585627605745839901e+03 1.017122627811142479e+02
8.585827592412952072e+03 9.970263284369441692e+01
8.586027579080062424e+03 9.915912652973185004e+01
8.586227565747170956e+03 1.015066270246099549e+02
8.586427552414284946e+03 9.999981128014101728e+01
8.586627539081395298e+03 1.004253080858110536e+02
8.586827525748505650e+03 1.009692259629150044e+02
8.587027512415617821e+03 1.007981922920396443e+02
8.587227499082728173e+03 9.823966408036173448e+01
8.587427485749838524e+03 1.003630040085258770e+02
8.587627472416952514e+03 1.000733288979504181e+02
8.587827459084061047e+03 1.006449685254699062e+02
8.588027445751173218e+03 9.925589507339624618e+01
8.588227432418281751e+03 9.962920777755483925e+01
8.588427419085395741e+03 9.933312271093207357e+01
8.588627405752506093e+03 9.978321082702763078e+01
8.588827392419616444e+03 1.003690174035640155e+02
8.589027379086728615e+03 1.006142428722333761e+02
8.589227365753838967e+03 9.806049955735259971e+01
8.589427352420949319e+03 9.985246480654728884e+01
8.589627339088063309e+03 1.000397167583950448e+02
8.589827325755171842e+03 1.001323645479804156e+02
8.590027312422284012e+03 1.000226838560591887e+02
8.590227299089394364e+03 9.886618282851118522e+01
8.590427285756506535e+03 9.921694332931349436e+01
8.590627272423616887e+03 9.996643742759599149e+01
8.590827259090729058e+03 1.011159780187209662e+02
8.591027245757839410e+03 9.894562554795292897e+01
8.591227232424949761e+03 9.905492231621147425e+01
8.591427219092061932e+03 1.008296051048133393e+02
8.591627205759172284e+03 9.948467644657091569e+01
8.591827192426282636e+03 9.937747189805450887e+01
8.592027179093394807e+03 9.612223253129401712e+01
8.592227165760505159e+03 9.589891748923582782e+01
8.592427152427615511e+03 9.556306616527449194e+01
8.592627139094729500e+03 9.746375024339982929e+01
8.592827125761838033e+03 9.847622708650889933e+01
8.593027112428950204e+03 9.885436380882946139e+01
8.593227099096058737e+03 9.876420399641384051e+01
8.593427085763172727e+03 1.011524596191144099e+02
8.593627072430283079e+03 1.010100817520359726e+02
8.593827059097393430e+03 1.005842285733449160e+02
8.594027045764505601e+03 9.982311179998639261e+01
8.594227032431615953e+03 9.805712914019014192e+01
8.594427019098726305e+03 9.946854743829783274e+01
8.594627005765840295e+03 9.994646577168657586e+01
8.594826992432948828e+03 9.717904553437772108e+01
8.595026979100060998e+03 9.811384232899825975e+01
8.595226965767171350e+03 9.637125071213290539e+01
8.595426952434283521e+03 9.638952939646384266e+01
8.595626939101393873e+03 9.679688232821044380e+01
8.595826925768506044e+03 9.789966935767772327e+01
8.596026912435616396e+03 9.922138446491483421e+01
8.596226899102726748e+03 9.848632164460171623e+01
8.596426885769838918e+03 9.847778018484056872e+01
8.596626872436951089e+03 9.844735625207258067e+01
8.596826859104059622e+03 9.564814205893074472e+01
8.597026845771171793e+03 9.880387282603868471e+01
8.597226832438282145e+03 9.661304612807808212e+01
8.597426819105392497e+03 9.580845490110523599e+01
8.597626805772506486e+03 9.173420411848042022e+01
8.597826792439615019e+03 9.018778134451812889e+01
8.598026779106727190e+03 8.872507870592667700e+01
8.598226765773835723e+03 8.974590648828801420e+01
8.598426752440949713e+03 9.006637619389755400e+01
8.598626739108060065e+03 9.471982522846285235e+01
8.598826725775170416e+03 9.614911655691429360e+01
8.599026712442282587e+03 9.946309018383782075e+01
8.599226699109392939e+03 1.013379918714562962e+02
8.599426685776503291e+03 9.935580818189674801e+01
8.599626672443617281e+03 9.987557455071598156e+01
8.599826659110725814e+03 9.859147076272357424e+01
8.600026645777837984e+03 9.865799745717670532e+01
8.600226632444948336e+03 9.767965317866332953e+01
8.600426619112060507e+03 1.005764307426521924e+02
8.600626605779170859e+03 1.008814652849902416e+02
8.600826592446283030e+03 9.843013967896209238e+01
8.601026579113393382e+03 1.004003271369128214e+02
8.601226565780503734e+03 9.951204893756245440e+01
8.601426552447615904e+03 1.001962916478634469e+02
8.601626539114728075e+03 9.957237669507740918e+01
8.601826525781836608e+03 9.951432645699804880e+01
8.602026512448950598e+03 1.002242998874129682e+02
8.602226499116059131e+03 1.004055797173667486e+02
8.602426485783169483e+03 9.806767512455320457e+01
8.602626472450281653e+03 9.840078061605598236e+01
8.602826459117392005e+03 9.904887170856002854e+01
8.603026445784504176e+03 9.944266513883383141e+01
8.603226432451612709e+03 1.001530784493752435e+02
8.603426419118726699e+03 1.000150276517358066e+02
8.603626405785837051e+03 9.891970650551888866e+01
8.603826392452947402e+03 1.018228960603719031e+02
8.604026379120059573e+03 9.940040364959016017e+01
8.604226365787169925e+03 1.011392948905109108e+02
8.604426352454280277e+03 9.929642178693620735e+01
8.604626339121394267e+03 9.901970966563587240e+01
8.604826325788502800e+03 9.921413071021115115e+01
8.605026312455614971e+03 9.883180867561164007e+01
8.605226299122725322e+03 9.847145534275566092e+01
8.605426285789837493e+03 9.960728477904267208e+01
8.605626272456947845e+03 9.799655512756491760e+01
8.605826259124060016e+03 9.890769453233659192e+01
8.606026245791170368e+03 9.920960602986218646e+01
8.606226232458280720e+03 9.927372231574133821e+01
8.606426219125392890e+03 9.746103882188766931e+01
8.606626205792505061e+03 9.854832369063284148e+01
8.606826192459613594e+03 9.958326736104545773e+01
8.607026179126727584e+03 1.006070727564602265e+02
8.607226165793836117e+03 9.957974671627998475e+01
8.607426152460948288e+03 9.989442435775870877e+01
8.607626139128058639e+03 9.811393354937267475e+01
8.607826125795168991e+03 1.011355874047215195e+02
8.608026112462281162e+03 9.747450482704950048e+01
8.608226099129389695e+03 1.009785683797659175e+02
8.608426085796503685e+03 1.005295089151092895e+02
8.608626072463614037e+03 9.867300434123494313e+01
8.608826059130724389e+03 1.005564454284716049e+02
8.609026045797836559e+03 9.863652386239299119e+01
8.609226032464946911e+03 9.985231858813463646e+01
8.609426019132057263e+03 9.831289697637265590e+01
8.609626005799171253e+03 9.908839835739372859e+01
8.609825992466279786e+03 9.991005447483586011e+01
8.610025979133391957e+03 1.008889306016454839e+02
8.610225965800502308e+03 9.943422050105786525e+01
8.610425952467614479e+03 9.831316424137951060e+01
8.610625939134724831e+03 9.509425614478477939e+01
8.610825925801837002e+03 9.328526768187185780e+01
8.611025912468947354e+03 8.979470287254360983e+01
8.611225899136057706e+03 8.695197680198597823e+01
8.611425885803169876e+03 8.971961798002837440e+01
8.611625872470282047e+03 9.395048697995551379e+01
8.611825859137390580e+03 9.785289770116483510e+01
8.612025845804504570e+03 9.816907985228976941e+01
8.612225832471613103e+03 9.925497126926417479e+01
8.612425819138725274e+03 1.006773805286066334e+02
8.612625805805835626e+03 9.978715814297166276e+01
8.612825792472947796e+03 9.932659315352982787e+01
8.613025779140058148e+03 9.857506804516756915e+01
8.613225765807166681e+03 9.815888376335007592e+01
8.613425752474280671e+03 1.002422752885827748e+02
8.613625739141391023e+03 9.857168869169677805e+01
8.613825725808501375e+03 9.899223537874959788e+01
8.614025712475613545e+03 1.010403204887975193e+02
8.614225699142723897e+03 1.001818737074844705e+02
8.614425685809834249e+03 9.947133627236021880e+01
8.614625672476948239e+03 9.646074395873921503e+01
8.614825659144056772e+03 1.018309097606714317e+02
8.615025645811168943e+03 9.941920390392110107e+01
8.615225632478279294e+03 9.825239018185379791e+01
8.615425619145391465e+03 9.751581577152306579e+01
8.615625605812501817e+03 9.726524042818030580e+01
8.615825592479613988e+03 9.622082747056185781e+01
8.616025579146724340e+03 9.947640505678779732e+01
8.616225565813834692e+03 9.918975676572564737e+01
8.616425552480946862e+03 1.003277902358268392e+02
8.616625539148059033e+03 1.003966739553261078e+02
8.616825525815167566e+03 1.001636269728759743e+02
8.617025512482281556e+03 1.011841504430442029e+02
8.617225499149390089e+03 1.019598922844454592e+02
8.617425485816502260e+03 9.929615946466290666e+01
8.617625472483612612e+03 9.879516003377327138e+01
8.617825459150724782e+03 9.742903653470550296e+01
8.618025445817835134e+03 9.829427119812334013e+01
8.618225432484945486e+03 9.950217183135957555e+01
8.618425419152057657e+03 9.949318603095171909e+01
8.618625405819168009e+03 9.969825610408925343e+01
8.618825392486278361e+03 1.005922929865485287e+02
8.619025379153390531e+03 1.005423181175814449e+02
8.619225365820500883e+03 1.000220906413331647e+02
8.619425352487611235e+03 1.001423621519885927e+02
8.619625339154725225e+03 1.014292341230664505e+02
8.619825325821833758e+03 1.010464249575990010e+02
8.620025312488945929e+03 1.012173288388320884e+02
8.620225299156056280e+03 9.918035088542021072e+01
8.620425285823168451e+03 9.877492634719965281e+01
8.620625272490278803e+03 9.633441770551887373e+01
8.620825259157390974e+03 9.178046636054016005e+01
8.621025245824501326e+03 8.830648584691053316e+01
8.621225232491611678e+03 9.206560989499647008e+01
8.621425219158723849e+03 9.550058545868854765e+01
8.621625205825836019e+03 9.791780126748692226e+01
8.621825192492944552e+03 9.912316468754666232e+01
8.622025179160058542e+03 1.007250007449762990e+02
8.622225165827167075e+03 9.912548554442922466e+01
8.622425152494279246e+03 9.878103249904694394e+01
8.622625139161389598e+03 9.970272626391083293e+01
8.622825125828501768e+03 1.014623484220256842e+02
8.623025112495612120e+03 9.956008995625845159e+01
8.623225099162722472e+03 9.881959296331477560e+01
8.623425085829834643e+03 9.993568439175052731e+01
8.623625072496946814e+03 1.013574049185810253e+02
8.623825059164055347e+03 1.002729765266352047e+02
8.624025045831167517e+03 1.018057712117563938e+02
8.624225032498277869e+03 9.995018806323500371e+01
8.624425019165388221e+03 1.020711554666639955e+02
8.624625005832502211e+03 1.006658526250347450e+02
8.624824992499610744e+03 1.014022230287023518e+02
8.625024979166722915e+03 9.979286498055665788e+01
8.625224965833833267e+03 1.012024336770034552e+02
8.625424952500945437e+03 1.007745221291174005e+02
8.625624939168055789e+03 1.002347242994985095e+02
8.625824925835167960e+03 9.894670135265327815e+01
8.626024912502278312e+03 1.001183498456720002e+02
8.626224899169388664e+03 1.011177930843783486e+02
8.626424885836500835e+03 1.007856014525301447e+02
8.626624872503613005e+03 9.947969488661375692e+01
8.626824859170721538e+03 1.027260567896013441e+02
8.627024845837833709e+03 1.002390129812527988e+02
8.627224832504944061e+03 9.999494183258572377e+01
8.627424819172056232e+03 1.014199388450973345e+02
8.627624805839166584e+03 9.930703943872789807e+01
8.627824792506278754e+03 9.825747164915165399e+01
8.628024779173389106e+03 9.760310462527829145e+01
8.628224765840499458e+03 1.005794288274640707e+02
8.628424752507611629e+03 9.802373701139674722e+01
8.628624739174723800e+03 9.991676605542673428e+01
8.628824725841832333e+03 9.924796226297810620e+01
8.629024712508946322e+03 1.002005672059875963e+02
8.629224699176054855e+03 9.876488769920243271e+01
8.629424685843165207e+03 1.010318479545892245e+02
8.629624672510279197e+03 9.885733324519897280e+01
8.629824659177387730e+03 9.891146840111380811e+01
8.630024645844499901e+03 1.004168171965000624e+02
8.630224632511610253e+03 1.015658989514666928e+02
8.630424619178722423e+03 9.863204829184691391e+01
8.630624605845832775e+03 9.884723198491381879e+01
8.630824592512944946e+03 9.957273509088702212e+01
8.631024579180055298e+03 1.006957400316010478e+02
8.631224565847165650e+03 9.888978098944015471e+01
8.631424552514277821e+03 9.909383084518499629e+01
8.631624539181389991e+03 9.695664753408797765e+01
8.631824525848498524e+03 9.832969784404437519e+01
8.632024512515610695e+03 9.992232076466649460e+01
8.632224499182721047e+03 9.682167782616438956e+01
8.632424485849833218e+03 9.860249088492629710e+01
8.632624472516943570e+03 1.016614491123731483e+02
8.632824459184055740e+03 9.845203962821980781e+01
8.633024445851166092e+03 9.929906464039186176e+01
8.633224432518276444e+03 9.965800250758356071e+01
8.633424419185388615e+03 1.002710552190475255e+02
8.633624405852500786e+03 1.005698237021137800e+02
8.633824392519609319e+03 1.009679531323640305e+02
8.634024379186723309e+03 1.000392075251080257e+02
8.634224365853831841e+03 9.942156809708694709e+01
8.634424352520944012e+03 1.007199095649683898e+02
8.634624339188056183e+03 9.942900910480534549e+01
8.634824325855164716e+03 9.909726010718894429e+01
8.635024312522276887e+03 1.003824966079838390e+02
8.635224299189387239e+03 1.002178324792150903e+02
8.635424285856499409e+03 9.991348788160685501e+01
8.635624272523609761e+03 9.928320735480021142e+01
8.635824259190721932e+03 9.967886186426591166e+01
8.636024245857832284e+03 9.857212571143254820e+01
8.636224232524942636e+03 9.915249657032821062e+01
8.636424219192054807e+03 1.018722356253268941e+02
8.636624205859166977e+03 9.822373768710025388e+01
8.636824192526275510e+03 1.001074769849074357e+02
8.637024179193387681e+03 9.810668034885181044e+01
8.637224165860498033e+03 9.968623825425042639e+01
8.637424152527610204e+03 9.897789433137631931e+01
8.637624139194720556e+03 9.992345055708953794e+01
8.637824125861832727e+03 9.950988451998719597e+01
8.638024112528943078e+03 1.019948683006948329e+02
8.638224099196053430e+03 1.010680318034252139e+02
8.638424085863165601e+03 9.887955690400860931e+01
8.638624072530277772e+03 9.978950927983899533e+01
8.638824059197386305e+03 9.936190943633610573e+01
8.639024045864500295e+03 9.832838992421555702e+01
8.639224032531608827e+03 1.000439605903764289e+02
8.639424019198720998e+03 1.002080136518095657e+02
8.639624005865833169e+03 9.999932546554553880e+01
8.639823992532943521e+03 9.827862574083293623e+01
8.640023979200053873e+03 1.005402239151677577e+02
8.640223965867164225e+03 9.935787228862076859e+01
8.640423952534276395e+03 1.014742896627540745e+02
8.640623939201386747e+03 9.787976181631999850e+01
8.640823925868498918e+03 1.005797935178304812e+02
8.641023912535609270e+03 9.995571493685238806e+01
8.641223899202719622e+03 1.010657022712377824e+02
8.641423885869831793e+03 9.847944073931159892e+01
8.641623872536943963e+03 9.923876841205830601e+01
8.641823859204052496e+03 9.896281642612525786e+01
8.642023845871164667e+03 9.799360568284788542e+01
8.642223832538275019e+03 1.014922129782628701e+02
8.642423819205387190e+03 9.888170344437007486e+01
8.642623805872497542e+03 1.008705385081324835e+02
8.642823792539609713e+03 9.777066452823342502e+01
8.643023779206720064e+03 1.014531712380382231e+02
8.643223765873830416e+03 9.766992625155877761e+01
8.643423752540942587e+03 1.001911674945001494e+02
8.643623739208054758e+03 1.005530556587998205e+02
8.643823725875163291e+03 9.844926965185500478e+01
8.644023712542277281e+03 1.007507685894737079e+02
8.644223699209385813e+03 9.878347298050377390e+01
8.644423685876497984e+03 9.720756995155855407e+01
8.644623672543610155e+03 9.901004287782589586e+01
8.644823659210720507e+03 9.963871984111545999e+01
8.645023645877830859e+03 9.920539229843960527e+01
8.645223632544943030e+03 9.799828266830589030e+01
8.645423619212053381e+03 9.935027243018144816e+01
8.645623605879163733e+03 9.813286908405842723e+01
8.645823592546275904e+03 1.000191705601275345e+02
8.646023579213386256e+03 9.843065324189171861e+01
8.646223565880496608e+03 1.002130678278155642e+02
8.646423552547606960e+03 9.929071155853630160e+01
8.646623539214720950e+03 9.837102323523470204e+01
8.646823525881829482e+03 1.008673097807966457e+02
8.647023512548941653e+03 9.875814863560033530e+01
8.647223499216052005e+03 9.762817588389071943e+01
8.647423485883164176e+03 9.619720546768110125e+01
8.647623472550274528e+03 9.206915356787698101e+01
8.647823459217386699e+03 9.338861592367391040e+01
8.648023445884497050e+03 9.113358824273772996e+01
8.648223432551607402e+03 9.602841046901134803e+01
8.648423419218719573e+03 9.691125052296462172e+01
8.648623405885831744e+03 9.755281286890523518e+01
8.648823392552940277e+03 9.796889936098791907e+01
8.649023379220054267e+03 9.969567964350702027e+01
8.649223365887162799e+03 9.997440569461177517e+01
8.649423352554274970e+03 9.950562557589448431e+01
8.649623339221387141e+03 9.926626761858400982e+01
8.649823325888497493e+03 9.848368965427600585e+01
8.650023312555607845e+03 9.767741494059646357e+01
8.650223299222720016e+03 9.751815578695880049e+01
8.650423285889830368e+03 9.905533471858005612e+01
8.650623272556942538e+03 9.896757822014579631e+01
8.650823259224052890e+03 9.913521231803188982e+01
8.651023245891163242e+03 9.881647395452309013e+01
8.651223232558273594e+03 9.730996334445143248e+01
8.651423219225383946e+03 9.899049965541996698e+01
8.651623205892497936e+03 9.821428516546635024e+01
8.651823192559606468e+03 9.979127547773794049e+01
8.652023179226718639e+03 9.881058617303347091e+01
8.652223165893828991e+03 9.778011847897577979e+01
8.652423152560941162e+03 9.911483704738570566e+01
8.652623139228051514e+03 9.796719747202259043e+01
8.652823125895163685e+03 9.681936559517305341e+01
8.653023112562274036e+03 1.000109250002503245e+02
8.653223099229384388e+03 9.954084742889267545e+01
8.653423085896496559e+03 9.730039780084021572e+01
8.653623072563608730e+03 9.680030060735698783e+01
8.653823059230717263e+03 9.797786706169081583e+01
8.654023045897831253e+03 9.761556135773926712e+01
8.654223032564939786e+03 9.664125389892878104e+01
8.654423019232051956e+03 9.707486763281765718e+01
8.654623005899164127e+03 9.594690032136604430e+01
8.654822992566274479e+03 9.419231387119505428e+01
8.655022979233384831e+03 9.591144200484866644e+01
8.655222965900497002e+03 9.542853954418839635e+01
8.655422952567607354e+03 9.614892103223253628e+01
8.655622939234719524e+03 9.636768462381826339e+01
8.655822925901829876e+03 9.624704017292172864e+01
8.656022912568942047e+03 9.615545971147219007e+01
8.656222899236050580e+03 9.547677902793378735e+01
8.656422885903160932e+03 9.679915936276199773e+01
8.656622872570274922e+03 9.247884528528740589e+01
8.656822859237383454e+03 9.519617554746915289e+01
8.657022845904495625e+03 9.684119375653389739e+01
8.657222832571605977e+03 9.463853402200290077e+01
8.657422819238718148e+03 9.382533321281945859e+01
8.657622805905828500e+03 9.269018081341528159e+01
8.657822792572940671e+03 8.839336928302910223e+01
8.658022779240051022e+03 9.234216817963977064e+01
8.658222765907161374e+03 8.707826081225712755e+01
8.658422752574273545e+03 8.711126600915810059e+01
8.658622739241385716e+03 8.793746813744994029e+01
8.658822725908494249e+03 8.558380457006184372e+01
8.659022712575608239e+03 8.316630486317070847e+01
8.659222699242716772e+03 8.393967233150010543e+01
8.659422685909828942e+03 7.950368180935609530e+01
8.659622672576941113e+03 7.850684137791816397e+01
8.659822659244051465e+03 7.519677794969429385e+01
8.660022645911161817e+03 7.592794364082010361e+01
8.660222632578273988e+03 6.914490887689171927e+01
8.660422619245384340e+03 6.512431576346850193e+01
8.660622605912496510e+03 6.282117905860066287e+01
8.660822592579606862e+03 5.635345044984371299e+01
8.661022579246719033e+03 5.122797906782965072e+01
8.661222565913827566e+03 4.431509019492753509e+01
8.661422552580939737e+03 3.972033866649169909e+01
8.661622539248051908e+03 3.823528199074170431e+01
8.661822525915160440e+03 4.184561361449873829e+01
8.662022512582272611e+03 4.931070072493723444e+01
8.662222499249382963e+03 5.470329408114276504e+01
8.662422485916495134e+03 5.949741478363952751e+01
8.662622472583605486e+03 6.419925473950063122e+01
8.662822459250717657e+03 6.761191534160673200e+01
8.663022445917828009e+03 7.309291450382931998e+01
8.663222432584938360e+03 7.781854607492908826e+01
8.663422419252050531e+03 7.885768712366476052e+01
8.663622405919162702e+03 7.923848908751286046e+01
8.663822392586271235e+03 8.216556804542148029e+01
8.664022379253385225e+03 8.164893625856727510e+01
8.664222365920493758e+03 8.238454514639988702e+01
8.664422352587605928e+03 8.345942958598965333e+01
8.664622339254718099e+03 8.551837381314739162e+01
8.664822325921828451e+03 8.727418937498224238e+01
8.665022312588938803e+03 8.813807042309531425e+01
8.665222299256050974e+03 8.908107698324221246e+01
8.665422285923161326e+03 9.160564433892290026e+01
8.665622272590273496e+03 9.066724590227453007e+01
8.665822259257383848e+03 9.326685304096753271e+01
8.666022245924496019e+03 9.367660315891546929e+01
8.666222232591604552e+03 9.128232140154810281e+01
8.666422219258716723e+03 9.487001224217443962e+01
8.666622205925828894e+03 9.294870601264345567e+01
8.666822192592939246e+03 9.429010619882673438e+01
8.667022179260049597e+03 9.379721799438273422e+01
8.667222165927159949e+03 9.588872950666399220e+01
8.667422152594272120e+03 9.680920621549786631e+01
8.667622139261382472e+03 9.566250315806057358e+01
8.667822125928494643e+03 9.533762694180315123e+01
8.668022112595604995e+03 9.562843128778484925e+01
8.668222099262715346e+03 9.712210620368578873e+01
8.668422085929827517e+03 9.673532817124818450e+01
8.668622072596939688e+03 9.764907217653363602e+01
8.668822059264048221e+03 9.750817100459400422e+01
8.669022045931162211e+03 9.825954117305766999e+01
8.669222032598270744e+03 9.882134943412944494e+01
8.669422019265382914e+03 9.581969080135678496e+01
8.669622005932495085e+03 9.547174091433544163e+01
8.669821992599605437e+03 9.726156140717807830e+01
8.670021979266715789e+03 9.584712001759766054e+01
8.670221965933827960e+03 9.718808938931454122e+01
8.670421952600938312e+03 9.747311838330708156e+01
8.670621939268050482e+03 9.728941913843799227e+01
8.670821925935159015e+03 9.738837498084909328e+01
8.671021912602273005e+03 9.736272785093144932e+01
8.671221899269381538e+03 9.704444234196772356e+01
8.671421885936493709e+03 9.826383383125032367e+01
8.671621872603605880e+03 9.809338902725335174e+01
8.671821859270716232e+03 9.653763957467619150e+01
8.672021845937826583e+03 9.991801714802480205e+01
8.672221832604938754e+03 9.688206375557902561e+01
8.672421819272049106e+03 9.803514101515844459e+01
8.672621805939159458e+03 9.868410357914173403e+01
8.672821792606271629e+03 9.762880164890978563e+01
8.673021779273381981e+03 9.790558364149339354e+01
8.673221765940492332e+03 9.918964232672550452e+01
8.673421752607604503e+03 9.827694750049506922e+01
8.673621739274716674e+03 9.825634092842182099e+01
8.673821725941825207e+03 9.352597024508045820e+01
8.674021712608939197e+03 8.968259332555791730e+01
8.674221699276047730e+03 8.726507506858472141e+01
8.674421685943159900e+03 8.980783153947621145e+01
8.674621672610272071e+03 9.201414799997095884e+01
8.674821659277382423e+03 9.452346574959570091e+01
8.675021645944492775e+03 9.527578742705500758e+01
8.675221632611604946e+03 9.659427825072094720e+01
8.675421619278715298e+03 9.869229666460418571e+01
8.675621605945827469e+03 9.980309140076609253e+01
8.675821592612936001e+03 9.840342895583141569e+01
8.676021579280049991e+03 9.987012784050264713e+01
8.676221565947158524e+03 1.003389559381160439e+02
8.676421552614270695e+03 9.808786145735213324e+01
8.676621539281382866e+03 9.947673450165150655e+01
8.676821525948493218e+03 9.784410390029322002e+01
8.677021512615603569e+03 9.779409110136791128e+01
8.677221499282715740e+03 9.833129575809584821e+01
8.677421485949826092e+03 9.889748421536538103e+01
8.677621472616938263e+03 9.856880931981241645e+01
8.677821459284048615e+03 9.943087391522786334e+01
8.678021445951158967e+03 9.918239783146971433e+01
8.678221432618269318e+03 9.852060265539019213e+01
8.678421419285381489e+03 9.998037394904557118e+01
8.678621405952493660e+03 9.699803594663964645e+01
8.678821392619602193e+03 9.644794190253652744e+01
8.679021379286716183e+03 9.436518571951695833e+01
8.679221365953824716e+03 9.619378617503841156e+01
8.679421352620936887e+03 9.458565052947324148e+01
8.679621339288049057e+03 9.465853076573765179e+01
8.679821325955159409e+03 9.476183736220707488e+01
8.680021312622269761e+03 9.467485420319928835e+01
8.680221299289381932e+03 9.724196860150806287e+01
8.680421285956492284e+03 9.711680760944857127e+01
8.680621272623604455e+03 9.774742704091899270e+01
8.680821259290712987e+03 9.972560582828826625e+01
8.681021245957826977e+03 9.891694203582530065e+01
8.681221232624935510e+03 9.837500281163232785e+01
8.681421219292047681e+03 1.009942701555750233e+02
8.681621205959159852e+03 9.904089046625932724e+01
8.681821192626270204e+03 9.957980796675646218e+01
8.682021179293380555e+03 9.693526106935973985e+01
8.682221165960492726e+03 9.633364379027791813e+01
8.682421152627603078e+03 9.740469820028900472e+01
8.682621139294715249e+03 9.738500107990822130e+01
8.682821125961825601e+03 9.894983470873313536e+01
8.683021112628937772e+03 9.889768938744461479e+01
8.683221099296046305e+03 9.972465066473498041e+01
8.683421085963158475e+03 9.856296748316934497e+01
8.683621072630270646e+03 9.920736793690642230e+01
8.683821059297379179e+03 9.940288938216917813e+01
8.684021045964493169e+03 1.009744670845041270e+02
8.684221032631601702e+03 9.954168514504553400e+01
8.684421019298713873e+03 9.892805741951710274e+01
8.684621005965826043e+03 1.000900413131692517e+02
8.684820992632936395e+03 9.868910205212193887e+01
8.685020979300046747e+03 1.010904378596139566e+02
8.685220965967158918e+03 9.888476241022593172e+01
8.685420952634269270e+03 9.959406501344798812e+01
8.685620939301381441e+03 9.757397912697317111e+01
8.685820925968489973e+03 9.875581297250754176e+01
8.686020912635603963e+03 9.700381627274644813e+01
8.686220899302712496e+03 9.762217003947353078e+01
8.686420885969824667e+03 9.887873570053909589e+01
8.686620872636936838e+03 1.002478165314204830e+02
8.686820859304047190e+03 9.882883376881399329e+01
8.687020845971157541e+03 9.960993319949673719e+01
8.687220832638269712e+03 9.786278699987789764e+01
8.687420819305380064e+03 9.387777608602718260e+01
8.687620805972492235e+03 8.773468267295564260e+01
8.687820792639602587e+03 8.173081857706738163e+01
8.688020779306714758e+03 7.819681113656965010e+01
8.688220765973823291e+03 7.978229852836521729e+01
8.688420752640937280e+03 8.866037056747002509e+01
8.688620739308047632e+03 9.196991294453233934e+01
8.688820725975156165e+03 9.879633281401557099e+01
8.689020712642270155e+03 9.653543265074902990e+01
8.689220699309378688e+03 9.726558895700331675e+01
8.689420685976490859e+03 9.719731324072503753e+01
8.689620672643603029e+03 9.763530921329150658e+01
8.689820659310713381e+03 9.839028514914285495e+01
8.690020645977823733e+03 1.004321638525189258e+02
8.690220632644934085e+03 1.007403278424990560e+02
8.690420619312046256e+03 1.004900453838523475e+02
8.690620605979158427e+03 9.843568968206515990e+01
8.690820592646266959e+03 9.897453903540895226e+01
8.691020579313380949e+03 9.880291447953187856e+01
8.691220565980489482e+03 9.952415076454786913e+01
8.691420552647601653e+03 9.996370920028205376e+01
8.691620539314713824e+03 1.001342838583904182e+02
8.691820525981824176e+03 1.007134987617784105e+02
8.692020512648934528e+03 1.017666397746349105e+02
8.692220499316046698e+03 1.013921701377245626e+02
8.692420485983157050e+03 9.862568121209910998e+01
8.692620472650269221e+03 9.970563330484569065e+01
8.692820459317379573e+03 1.009192973012775951e+02
8.693020445984491744e+03 9.919025132281586821e+01
8.693220432651600277e+03 9.965853007772625460e+01
8.693420419318714266e+03 9.965581004709812873e+01
8.693620405985824618e+03 9.972125039305262817e+01
8.693820392652934970e+03 9.851955460124990793e+01
8.694020379320047141e+03 9.723355339131893516e+01
8.694220365987155674e+03 9.675007168140432157e+01
8.694420352654267845e+03 9.785358093833320936e+01
8.694620339321380015e+03 1.001416765387155579e+02
8.694820325988490367e+03 9.890556698942320679e+01
8.695020312655600719e+03 1.008251539360293805e+02
8.695220299322711071e+03 9.958911907943024744e+01
8.695420285989823242e+03 9.973408140369727448e+01
8.695620272656935413e+03 9.686413755978351503e+01
8.695820259324043946e+03 1.001776498814924139e+02
8.696020245991157935e+03 9.915638645168814946e+01
8.696220232658266468e+03 9.816535568821643665e+01
8.696420219325378639e+03 9.814606672163127143e+01
8.696620205992490810e+03 9.742988571953512178e+01
8.696820192659601162e+03 9.891548730155687963e+01
8.697020179326711514e+03 1.000042608166829154e+02
8.697220165993823684e+03 1.005983632968164585e+02
8.697420152660934036e+03 1.017197576957237430e+02
8.697620139328046207e+03 1.003385826940501886e+02
8.697820125995156559e+03 1.001290161361826136e+02
8.698020112662268730e+03 9.927630503500685677e+01
8.698220099329377263e+03 9.865610484376870204e+01
8.698420085996491252e+03 9.622775963514457942e+01
8.698620072663601604e+03 9.255360044268232400e+01
8.698820059330711956e+03 9.302314608998972290e+01
8.699020045997824127e+03 9.639105619029238881e+01
8.699220032664934479e+03 9.706786021191953751e+01
8.699420019332044831e+03 9.947531588746615228e+01
8.699620005999157001e+03 1.002793430256767522e+02
8.699819992666267353e+03 9.759097315128683192e+01
8.700019979333377705e+03 9.840128612414314091e+01
8.700219966000488057e+03 9.940030072436238129e+01
8.700419952667600228e+03 9.960396308180230562e+01
8.700619939334712399e+03 9.817401945965916354e+01
8.700819926001820932e+03 9.847420360535193140e+01
8.701019912668934921e+03 1.007183610958139468e+02
8.701219899336043454e+03 9.998727686650464364e+01
8.701419886003155625e+03 9.931151360588891919e+01
8.701619872670267796e+03 9.976815208840862681e+01
8.701819859337378148e+03 1.005494222810644089e+02
8.702019846004488500e+03 1.001305689971190702e+02
8.702219832671600670e+03 1.001625199559151014e+02
8.702419819338711022e+03 9.876402365237989045e+01
8.702619806005823193e+03 9.920616930147451740e+01
8.702819792672933545e+03 9.691857450222249781e+01
8.703019779340045716e+03 9.991148444615744495e+01
8.703219766007154249e+03 1.007471466391067310e+02
8.703419752674268238e+03 1.009121595300778296e+02
8.703619739341378590e+03 1.012109484619057724e+02
8.703819726008488942e+03 1.002233583294473931e+02
8.704019712675601113e+03 1.023812749917686489e+02
8.704219699342711465e+03 9.987929943976435254e+01
8.704419686009821817e+03 1.007284176672114171e+02
8.704619672676935807e+03 9.980361074024160928e+01
8.704819659344044339e+03 9.958302142845933247e+01
8.705019646011154691e+03 1.004775597492006938e+02
8.705219632678265043e+03 9.904908425034359709e+01
8.705419619345377214e+03 1.001844240724447133e+02
8.705619606012489385e+03 9.966722466676809233e+01
8.705819592679597918e+03 9.833871132755957944e+01
8.706019579346711907e+03 9.959687927161600385e+01
8.706219566013820440e+03 9.968160433307393475e+01
8.706419552680932611e+03 9.781166074426592161e+01
8.706619539348044782e+03 9.918976494535898780e+01
8.706819526015155134e+03 9.984830756954121966e+01
8.707019512682265486e+03 9.914287459008752990e+01
8.707219499349377656e+03 9.921486728115391429e+01
8.707419486016488008e+03 9.925797340961918280e+01
8.707619472683600179e+03 9.841220470001898946e+01
8.707819459350710531e+03 9.914957733595912259e+01
8.708019446017822702e+03 9.872913493945468133e+01
8.708219432684931235e+03 9.991749608772524027e+01
8.708419419352045225e+03 1.009726667621450815e+02
8.708619406019155576e+03 9.984088316525934204e+01
8.708819392686265928e+03 9.899379325403862140e+01
8.709019379353378099e+03 1.000294799922350109e+02
8.709219366020488451e+03 9.749773814488055734e+01
8.709419352687598803e+03 9.395125335219142926e+01
8.709619339354712793e+03 9.175088342635415017e+01
8.709819326021821325e+03 9.041351344439968329e+01
8.710019312688933496e+03 8.972230857832721540e+01
8.710219299356042029e+03 9.532647974048083483e+01
8.710419286023154200e+03 9.837368956307699364e+01
8.710619272690266371e+03 1.002608846946939991e+02
8.710819259357374904e+03 1.012123584303367494e+02
8.711019246024488893e+03 9.765680821133501865e+01
8.711219232691597426e+03 9.936671731411257724e+01
8.711419219358709597e+03 9.982849437092447431e+01
8.711619206025821768e+03 1.004278867663842192e+02
8.711819192692932120e+03 9.588688254927262733e+01
8.712019179360042472e+03 9.806875261394651488e+01
8.712219166027154643e+03 9.611293051155359990e+01
8.712419152694264994e+03 9.334431951260373239e+01
8.712619139361377165e+03 9.232981424328760056e+01
8.712819126028487517e+03 9.313713076121339896e+01
8.713019112695599688e+03 9.441803823964281150e+01
8.713219099362708221e+03 9.815269126763932661e+01
8.713419086029822211e+03 9.875022577279314362e+01
8.713619072696932562e+03 1.001996947203111858e+02
8.713819059364042914e+03 9.934402184561942306e+01
8.714019046031155085e+03 9.810335648292887356e+01
8.714219032698265437e+03 1.003550545643862080e+02
8.714419019365375789e+03 9.951120409897102093e+01
8.714619006032487960e+03 9.980221488911999472e+01
8.714818992699598311e+03 1.004719964495239424e+02
8.715018979366710482e+03 9.946088788884401310e+01
8.715218966033819015e+03 9.980839612114593251e+01
8.715418952700933005e+03 1.006801922279033619e+02
8.715618939368043357e+03 9.990308744299586863e+01
8.715818926035151890e+03 9.994229861338472176e+01
8.716018912702265879e+03 1.008929486476959028e+02
8.716218899369374412e+03 1.004897908004344913e+02
8.716418886036486583e+03 1.001693833321215692e+02
8.716618872703598754e+03 9.821871842978023892e+01
8.716818859370709106e+03 9.788016241752012547e+01
8.717018846037819458e+03 9.299068202282573736e+01
8.717218832704931629e+03 9.112987775600187490e+01
8.717418819372041980e+03 9.296602586316444672e+01
8.717618806039154151e+03 9.630860332227805998e+01
8.717818792706264503e+03 9.837269815047260124e+01
8.718018779373376674e+03 1.008982593330621143e+02
8.718218766040485207e+03 9.926481685395455656e+01
8.718418752707599197e+03 1.004166271288198544e+02
8.718618739374709548e+03 9.792455720567575383e+01
8.718818726041819900e+03 1.008829362770283495e+02
8.719018712708932071e+03 1.004310939036834611e+02
8.719218699376042423e+03 9.944375135347466710e+01
8.719418686043152775e+03 1.018494675385010595e+02
8.719618672710264946e+03 1.012888759940698122e+02
8.719818659377375297e+03 9.974222511096962762e+01
8.720018646044487468e+03 9.961330962962796320e+01
8.720218632711596001e+03 9.858391694961663632e+01
8.720418619378709991e+03 9.974213482860929503e+01
8.720618606045820343e+03 9.845901618552406376e+01
8.720818592712930695e+03 9.891719401974994241e+01
8.721018579380042866e+03 1.010040230162111641e+02
8.721218566047151398e+03 9.700790943683243484e+01
8.721418552714263569e+03 9.972773104253114695e+01
8.721618539381375740e+03 1.013799827516420180e+02
8.721818526048486092e+03 1.008956453713801409e+02
8.722018512715596444e+03 1.000445821283053220e+02
8.722218499382708615e+03 1.012005776099828580e+02
8.722418486049818966e+03 1.021646744465787435e+02
8.722618472716931137e+03 1.003386566277426937e+02
8.722818459384041489e+03 9.962090300065096926e+01
8.723018446051153660e+03 1.017436011331842138e+02
8.723218432718262193e+03 9.938991645464486169e+01
8.723418419385376183e+03 9.973625659516541475e+01
8.723618406052486534e+03 1.011443184951691308e+02
8.723818392719596886e+03 9.935025770039096926e+01
8.724018379386709057e+03 1.001941164077834827e+02
8.724218366053819409e+03 9.926162991179400308e+01
8.724418352720929761e+03 9.966229970654124770e+01
8.724618339388041932e+03 1.002847929566521969e+02
8.724818326055152284e+03 1.003058736627650234e+02
8.725018312722264454e+03 9.907370414611264664e+01
8.725218299389372987e+03 9.848073032566136931e+01
8.725418286056486977e+03 1.013264786420218257e+02
8.725618272723597329e+03 1.006089535880276742e+02
8.725818259390707681e+03 9.949428631103418752e+01
8.726018246057819852e+03 1.007038550142629845e+02
8.726218232724930203e+03 9.834549794083963548e+01
8.726418219392040555e+03 9.743040825235878799e+01
8.726618206059152726e+03 1.003037391113059869e+02
8.726818192726263078e+03 9.872022392152659620e+01
8.727018179393373430e+03 9.907903749195247656e+01
8.727218166060485601e+03 9.422624353430475708e+01
8.727418152727595952e+03 9.238120133096688846e+01
8.727618139394708123e+03 9.305688484198100241e+01
8.727818126061818475e+03 9.717907779170866434e+01
8.728018112728930646e+03 9.761526170519609025e+01
8.728218099396039179e+03 9.933669968982854925e+01
8.728418086063153169e+03 9.933875657874105514e+01
8.728618072730263520e+03 9.948541790858219258e+01
8.728818059397373872e+03 1.002146902101032424e+02
8.729018046064486043e+03 9.850391471201685079e+01
8.729218032731596395e+03 9.803188717619461556e+01
8.729418019398706747e+03 9.992303628167314855e+01
