8.482205086698535524e+03 1.014685057195830069e+02
8.482405138705298668e+03 1.004315113004443560e+02
8.482605190712059994e+03 9.947812901292506638e+01
8.482805242718821319e+03 1.017738140735813062e+02
8.483005294725582644e+03 1.004129334621012788e+02
8.483205346732345788e+03 9.815138721435882019e+01
8.483405398739107113e+03 9.815407540197226410e+01
8.483605450745868438e+03 9.816533475534797049e+01
8.483805502752629764e+03 9.725844107816982387e+01
8.484005554759391089e+03 9.160423212511716429e+01
8.484205606766154233e+03 9.009053007267100099e+01
8.484405658772915558e+03 9.256742515913823866e+01
8.484605710779676883e+03 9.531997325334003790e+01
8.484805762786440027e+03 9.505946545420972882e+01
8.485005814793199534e+03 9.927268768552069389e+01
8.485205866799962678e+03 9.911842555639186969e+01
8.485405918806725822e+03 9.962238476287957667e+01
8.485605970813485328e+03 9.892190660139776526e+01
8.485806022820248472e+03 9.836692389046517349e+01
8.486006074827007978e+03 1.003044120019995660e+02
8.486206126833771123e+03 9.943886502259803706e+01
8.486406178840534267e+03 9.926204345499492376e+01
8.486606230847293773e+03 1.019494298585791086e+02
8.486806282854056917e+03 1.003635951478073451e+02
8.487006334860818242e+03 9.789022347700279170e+01
8.487206386867579567e+03 1.002786016786862007e+02
8.487406438874342712e+03 1.007422828983000471e+02
8.487606490881104037e+03 9.832186377141286471e+01
8.487806542887865362e+03 9.993875147555375804e+01
8.488006594894626687e+03 9.920909577315141803e+01
8.488206646901389831e+03 1.000799818076402374e+02
8.488406698908151157e+03 1.001835484966067042e+02
8.488606750914912482e+03 9.875092675968532774e+01
8.488806802921675626e+03 9.977776583981498959e+01
8.489006854928435132e+03 1.009059834316278454e+02
8.489206906935196457e+03 9.928699376815880839e+01
8.489406958941961420e+03 9.925970206327838241e+01
8.489607010948720927e+03 9.890006492890309175e+01
8.489807062955482252e+03 1.000963120691838810e+02
8.490007114962243577e+03 9.856337950568345718e+01
8.490207166969006721e+03 9.964419766790213373e+01
8.490407218975768046e+03 9.871144305034762567e+01
8.490607270982529371e+03 9.890970036500139884e+01
8.490807322989292516e+03 1.002286001396958426e+02
8.491007374996052022e+03 1.018072298913934901e+02
8.491207427002815166e+03 9.812837774104411892e+01
8.491407479009578310e+03 9.875082796121424167e+01
8.491607531016337816e+03 9.923758964173632080e+01
8.491807583023100960e+03 9.866432886307474348e+01
8.492007635029862286e+03 9.958700978860724717e+01
8.492207687036623611e+03 9.940977658666791683e+01
8.492407739043386755e+03 1.006985039836474982e+02
8.492607791050148080e+03 1.003339273239379423e+02
8.492807843056909405e+03 9.985396987464994822e+01
8.493007895063668911e+03 9.689225879915538542e+01
8.493207947070433875e+03 9.906576417159219261e+01
8.493407999077195200e+03 9.845056745262699849e+01
8.493608051083954706e+03 9.958941948848075754e+01
8.493808103090719669e+03 9.964245656769372772e+01
8.494008155097479175e+03 9.739469525811085759e+01
8.494208207104240500e+03 9.970444615917840281e+01
8.494408259111005464e+03 1.003278552262664078e+02
8.494608311117764970e+03 9.878357169680828065e+01
8.494808363124526295e+03 1.000418227945454817e+02
8.495008415131289439e+03 9.785532038554055134e+01
8.495208467138050764e+03 9.876483170341101925e+01
8.495408519144812090e+03 9.986227262219505008e+01
8.495608571151575234e+03 9.831696215144677353e+01
8.495808623158336559e+03 9.825755360432495422e+01
8.496008675165096065e+03 9.715418996542257446e+01
8.496208727171859209e+03 9.850983869562836048e+01
8.496408779178622353e+03 9.775823789770484495e+01
8.496608831185381860e+03 9.603553956017850624e+01
8.496808883192143185e+03 9.866154846017028035e+01
8.497008935198906329e+03 9.576989762367348646e+01
8.497208987205667654e+03 9.682274301740493172e+01
8.497409039212428979e+03 9.643154945935756928e+01
8.497609091219192123e+03 9.593846277819960733e+01
8.497809143225953449e+03 9.229724181827752716e+01
8.498009195232712955e+03 9.483073995287367097e+01
8.498209247239477918e+03 9.127395398196608767e+01
8.498409299246239243e+03 9.041678481222962205e+01
8.498609351252998749e+03 8.774237657067401130e+01
8.498809403259763712e+03 8.233954487033685155e+01
8.499009455266523219e+03 7.668457746866337743e+01
8.499209507273284544e+03 7.360569759360299713e+01
8.499409559280049507e+03 6.978697694177216704e+01
8.499609611286809013e+03 6.107193774655799956e+01
8.499809663293570338e+03 5.536347879168538100e+01
8.500009715300333482e+03 4.902544206223105050e+01
8.500209767307094808e+03 4.512737573815210368e+01
8.500409819313856133e+03 4.816184822333789128e+01
8.500609871320617458e+03 5.357020163789069045e+01
8.500809923327380602e+03 6.280673410117361755e+01
8.501009975334140108e+03 6.964608202901204947e+01
8.501210027340903252e+03 7.399494019516211551e+01
8.501410079347666397e+03 8.176916981277307173e+01
8.501610131354425903e+03 8.785206891787997563e+01
8.501810183361187228e+03 9.017270391003600594e+01
8.502010235367950372e+03 9.116721418711209424e+01
8.502210287374711697e+03 9.328772210277988108e+01
8.502410339381473023e+03 9.417402625776725245e+01
8.502610391388236167e+03 9.545157800289010197e+01
8.502810443394997492e+03 9.589288409343335218e+01
8.503010495401756998e+03 9.678923772152781169e+01
8.503210547408521961e+03 9.594068254925990402e+01
8.503410599415283286e+03 9.633310188501535265e+01
8.503610651422042793e+03 9.709605203489867620e+01
8.503810703428807756e+03 9.471389859110105647e+01
8.504010755435567262e+03 9.385032316673505193e+01
8.504210807442328587e+03 9.298811197976998244e+01
8.504410859449091731e+03 9.338529496041562084e+01
8.504610911455853056e+03 9.500021483025153657e+01
8.504810963462614382e+03 9.533913176086051067e+01
8.505011015469375707e+03 9.759873103292316898e+01
8.505211067476138851e+03 9.859747260550649628e+01
8.505411119482900176e+03 9.892953237295414226e+01
8.505611171489661501e+03 9.892122123195056815e+01
8.505811223496424645e+03 9.870954945839204697e+01
8.506011275503184152e+03 9.835298920667982259e+01
8.506211327509947296e+03 9.674466896465018806e+01
8.506411379516710440e+03 1.003930842111494997e+02
8.506611431523469946e+03 9.896875228245494327e+01
8.506811483530233090e+03 9.905148072094110034e+01
8.507011535536994415e+03 9.728041496588083703e+01
8.507211587543755741e+03 9.970041685730581094e+01
8.507411639550518885e+03 9.921369056924883978e+01
8.507611691557280210e+03 1.011157041192885231e+02
8.507811743564041535e+03 9.900745767277342679e+01
8.508011795570801041e+03 1.018573343238685283e+02
8.508211847577564185e+03 9.899200323577485960e+01
8.508411899584327330e+03 9.900556321136396321e+01
8.508611951591086836e+03 9.626122543340520110e+01
8.508812003597849980e+03 9.976175495388027059e+01
8.509012055604611305e+03 9.824299226894740400e+01
8.509212107611372630e+03 1.007542642280912304e+02
8.509412159618135775e+03 1.004291915627332514e+02
8.509612211624897100e+03 9.923016536177627245e+01
8.509812263631658425e+03 9.980433921670723407e+01
8.510012315638419750e+03 1.009513337166174693e+02
8.510212367645182894e+03 9.895772827200123345e+01
8.510412419651944219e+03 9.925318769398069207e+01
8.510612471658705545e+03 9.869434979151772325e+01
8.510812523665468689e+03 1.012650610978772932e+02
8.511012575672228195e+03 9.781716122779685918e+01
8.511212627678991339e+03 9.993329018550652165e+01
8.511412679685754483e+03 1.008700035432465540e+02
8.511612731692513989e+03 9.863813340295516241e+01
8.511812783699277134e+03 9.852264557685809621e+01
8.512012835706036640e+03 1.011381705715837569e+02
8.512212887712799784e+03 9.802610239382805446e+01
8.512412939719562928e+03 9.999493835068122394e+01
8.512612991726322434e+03 1.001700592502273679e+02
8.512813043733085578e+03 9.995418184195955291e+01
8.513013095739846904e+03 1.001089187784079257e+02
8.513213147746608229e+03 9.749048616130788503e+01
8.513413199753371373e+03 9.821699652373847300e+01
8.513613251760132698e+03 1.003128958066181440e+02
8.513813303766894023e+03 9.816778298011270465e+01
8.514013355773655348e+03 1.001246009425701118e+02
8.514213407780416674e+03 9.846639502562852897e+01
8.514413459787179818e+03 9.922548307504366960e+01
8.514613511793941143e+03 1.018436184384852083e+02
8.514813563800702468e+03 9.919486548887404354e+01
8.515013615807463793e+03 1.004300865779184164e+02
8.515213667814226937e+03 9.905520366565899337e+01
8.515413719820988263e+03 9.793022659456836720e+01
8.515613771827749588e+03 9.682917219655857366e+01
8.515813823834510913e+03 9.301482062970326581e+01
8.516013875841272238e+03 8.958694556793449237e+01
8.516213927848035382e+03 8.818744935026023768e+01
8.516413979854796708e+03 8.698579081143407166e+01
8.516614031861558033e+03 9.058550632753095044e+01
8.516814083868321177e+03 9.038535087277561786e+01
8.517014135875080683e+03 9.392025060714908591e+01
8.517214187881843827e+03 9.391662617208569941e+01
8.517414239888606971e+03 9.649176586742082407e+01
8.517614291895366478e+03 9.878930217115986068e+01
8.517814343902129622e+03 9.811826666728082103e+01
8.518014395908890947e+03 1.003572545505442264e+02
8.518214447915652272e+03 9.894627833162132902e+01
8.518414499922415416e+03 9.981857230654999569e+01
8.518614551929176741e+03 1.010092192654374372e+02
8.518814603935938067e+03 9.864261838617989042e+01
8.519014655942699392e+03 9.765246587309887616e+01
8.519214707949462536e+03 9.935615117649695094e+01
8.519414759956223861e+03 9.963910689238761620e+01
8.519614811962983367e+03 9.913276035402016362e+01
8.519814863969746511e+03 9.862835409421033717e+01
8.520014915976507837e+03 9.474537376606519956e+01
8.520214967983269162e+03 9.843352145606526449e+01
8.520415019990032306e+03 9.725540480106897689e+01
8.520615071996793631e+03 9.998078734262119838e+01
8.520815124003554956e+03 9.852790300298785553e+01
8.521015176010316281e+03 9.750237705748908468e+01
8.521215228017079426e+03 9.840949799527614061e+01
8.521415280023840751e+03 9.844193601170789520e+01
8.521615332030602076e+03 9.784163239507469711e+01
8.521815384037365220e+03 9.885391446211644961e+01
8.522015436044124726e+03 9.775432198349587054e+01
8.522215488050887870e+03 1.009955349393517565e+02
8.522415540057651015e+03 9.954708728966075171e+01
8.522615592064410521e+03 9.990772784241552529e+01
8.522815644071173665e+03 1.010162566013766678e+02
8.523015696077934990e+03 9.984267777949210654e+01
8.523215748084696315e+03 1.006545629206036097e+02
8.523415800091457641e+03 9.928387597468122294e+01
8.523615852098220785e+03 1.000218279456517791e+02
8.523815904104982110e+03 9.980593012073305204e+01
8.524015956111741616e+03 9.858039671603759757e+01
8.524216008118506579e+03 9.911533773496358890e+01
8.524416060125267904e+03 9.972923708620400873e+01
8.524616112132027411e+03 9.761499991637411711e+01
8.524816164138792374e+03 9.963515175050693529e+01
8.525016216145551880e+03 9.861678264235435165e+01
8.525216268152313205e+03 9.826508429187281024e+01
8.525416320159078168e+03 9.980931842815984112e+01
8.525616372165837674e+03 9.844224707287152398e+01
8.525816424172599000e+03 9.623189510924390788e+01
8.526016476179360325e+03 9.997800224721723339e+01
8.526216528186123469e+03 9.984353379995810940e+01
8.526416580192884794e+03 9.803977293035667628e+01
8.526616632199646119e+03 9.862245441568443027e+01
8.526816684206409263e+03 9.759670634982568060e+01
8.527016736213168770e+03 9.801855584095849849e+01
8.527216788219930095e+03 1.000540016182436176e+02
8.527416840226695058e+03 9.918231764809722506e+01
8.527616892233454564e+03 9.854530863127729390e+01
8.527816944240215889e+03 9.889823501886826307e+01
8.528016996246979033e+03 1.007064184467876373e+02
8.528217048253740359e+03 9.871461773716175969e+01
8.528417100260501684e+03 9.737841562234027037e+01
8.528617152267264828e+03 9.899077613133243858e+01
8.528817204274026153e+03 9.670965611147266827e+01
8.529017256280785659e+03 9.731140761888093493e+01
8.529217308287550622e+03 9.334967778406715411e+01
8.529417360294311948e+03 9.572682174581694881e+01
8.529617412301071454e+03 9.504463432682496205e+01
8.529817464307836417e+03 9.620696913626392188e+01
8.530017516314595923e+03 9.534952422817735851e+01
8.530217568321357248e+03 9.720825987117467548e+01
8.530417620328122212e+03 9.866243510074923506e+01
8.530617672334881718e+03 9.832871628686768872e+01
8.530817724341643043e+03 9.729489001824896377e+01
8.531017776348404368e+03 9.715664876270983541e+01
8.531217828355167512e+03 9.834092448101303319e+01
8.531417880361928837e+03 9.800618035179986975e+01
8.531617932368688344e+03 1.000980664868953056e+02
8.531817984375453307e+03 9.642626959376713103e+01
8.532018036382212813e+03 9.818597507968949856e+01
8.532218088388974138e+03 9.716827870372073050e+01
8.532418140395739101e+03 9.742062327224083162e+01
8.532618192402498607e+03 9.519791869777341731e+01
8.532818244409259933e+03 9.860036837882331895e+01
8.533018296416023077e+03 1.003175727902448955e+02
8.533218348422784402e+03 9.703996480834193505e+01
8.533418400429545727e+03 9.812226713040305981e+01
8.533618452436308871e+03 9.666374740387475129e+01
8.533818504443070196e+03 9.979060920410370272e+01
8.534018556449829703e+03 9.539241114480468298e+01
8.534218608456594666e+03 9.744027267610923104e+01
8.534418660463355991e+03 9.742277490619949276e+01
8.534618712470115497e+03 9.667697739012699287e+01
8.534818764476878641e+03 9.818495533495240579e+01
8.535018816483639966e+03 9.606100074403109090e+01
8.535218868490401292e+03 9.739175848065650598e+01
8.535418920497164436e+03 9.527982890728024756e+01
8.535618972503925761e+03 9.823998689707782717e+01
8.535819024510687086e+03 9.536419141831004254e+01
8.536019076517448411e+03 9.551231887054427716e+01
8.536219128524211555e+03 9.696414261691803915e+01
8.536419180530972881e+03 9.530173923236972655e+01
8.536619232537734206e+03 9.625550585844906948e+01
8.536819284544497350e+03 9.384484932783462341e+01
8.537019336551256856e+03 9.574531486194526053e+01
8.537219388558020000e+03 9.473932809354772644e+01
8.537419440564783145e+03 9.414454406906718020e+01
8.537619492571542651e+03 9.383194984590947740e+01
8.537819544578303976e+03 9.359868438003744018e+01
8.538019596585067120e+03 9.203488019028326050e+01
8.538219648591828445e+03 9.349462223771578806e+01
8.538419700598589770e+03 9.125509080028844267e+01
8.538619752605351096e+03 9.171199620330092728e+01
8.538819804612114240e+03 9.054126761881587981e+01
8.539019856618873746e+03 9.201987166240013494e+01
8.539219908625636890e+03 9.259432733417600048e+01
8.539419960632400034e+03 9.109140609667910837e+01
8.539620012639159540e+03 9.136581185735887800e+01
8.539820064645922685e+03 9.071272614507550713e+01
8.540020116652684010e+03 9.031115557793678761e+01
8.540220168659445335e+03 8.664952184627190945e+01
8.540420220666208479e+03 8.499717841150490472e+01
8.540620272672969804e+03 8.470730674451264974e+01
8.540820324679731129e+03 8.379448756977683388e+01
8.541020376686492455e+03 8.430526022124777796e+01
8.541220428693255599e+03 8.441323495099641150e+01
8.541420480700016924e+03 8.076990092885183969e+01
8.541620532706778249e+03 8.035339947404733607e+01
8.541820584713541393e+03 8.023621720125960621e+01
8.542020636720300899e+03 7.563724284396852227e+01
8.542220688727064044e+03 7.815243117739008483e+01
8.542420740733825369e+03 7.356244415460540154e+01
8.542620792740586694e+03 7.136136730137343420e+01
8.542820844747349838e+03 6.782819811970610147e+01
8.543020896754109344e+03 6.762872652297853904e+01
8.543220948760872488e+03 6.296661707362710558e+01
8.543421000767635633e+03 5.711256377649316818e+01
8.543621052774395139e+03 5.455509511510373954e+01
8.543821104781158283e+03 4.845099175315898066e+01
8.544021156787917789e+03 4.342620749624322229e+01
8.544221208794680933e+03 4.050254193020164450e+01
8.544421260801444078e+03 4.072794879803890211e+01
8.544621312808203584e+03 4.357290573658177379e+01
8.544821364814966728e+03 4.671861401442053818e+01
8.545021416821728053e+03 5.291938559872492931e+01
8.545221468828489378e+03 5.855584427104415823e+01
8.545421520835252522e+03 6.231508014663803863e+01
8.545621572842013848e+03 6.703004818977774448e+01
8.545821624848775173e+03 6.797091298522974512e+01
8.546021676855536498e+03 7.226706485883309483e+01
8.546221728862297823e+03 7.324396493253057372e+01
8.546421780869060967e+03 7.423422692767766762e+01
8.546621832875822292e+03 7.815065968325777135e+01
8.546821884882583618e+03 8.016039732112351146e+01
8.547021936889344943e+03 7.968809536463921006e+01
8.547221988896108087e+03 8.339750028020587536e+01
8.547422040902869412e+03 8.444277357096142111e+01
8.547622092909630737e+03 8.570545775240879038e+01
8.547822144916393881e+03 8.569392184274653346e+01
8.548022196923153388e+03 8.737307256602068151e+01
8.548222248929916532e+03 8.679976226636102865e+01
8.548422300936679676e+03 8.817372945455636568e+01
8.548622352943439182e+03 8.901573199023501104e+01
8.548822404950202326e+03 8.900640053186673128e+01
8.549022456956963651e+03 8.812613472090818334e+01
8.549222508963724977e+03 9.083854685445207622e+01
8.549422560970488121e+03 9.269436515908148522e+01
8.549622612977247627e+03 9.340511214106712146e+01
8.549822664984010771e+03 9.240677392695876335e+01
8.550022716990770277e+03 9.423649817699146070e+01
8.550222768997533421e+03 9.234027304170358263e+01
8.550422821004296566e+03 9.265191696894910933e+01
8.550622873011056072e+03 9.400907302112706532e+01
8.550822925017819216e+03 9.244719827666244782e+01
8.551022977024580541e+03 9.191434252854378428e+01
8.551223029031341866e+03 9.499164033475705082e+01
8.551423081038105011e+03 9.544641664159745176e+01
8.551623133044866336e+03 9.600128207756822007e+01
8.551823185051627661e+03 9.503307342100312383e+01
8.552023237058388986e+03 9.784601537332976307e+01
8.552223289065152130e+03 9.691130038239744238e+01
8.552423341071913455e+03 9.636414363382043291e+01
8.552623393078674781e+03 9.633593792713402593e+01
8.552823445085437925e+03 9.541539973620199078e+01
8.553023497092197431e+03 9.734260466669266521e+01
8.553223549098960575e+03 9.639561488793339095e+01
8.553423601105723719e+03 9.584018534125164024e+01
8.553623653112483225e+03 9.819102801237440303e+01
8.553823705119244551e+03 9.783340759420687505e+01
8.554023757126007695e+03 9.708464181599141796e+01
8.554223809132769020e+03 9.523948763316057864e+01
8.554423861139530345e+03 9.918125766826072720e+01
8.554623913146293489e+03 9.494918608117583858e+01
8.554823965153054814e+03 9.763685424175172045e+01
8.555024017159814321e+03 9.924842863568844109e+01
8.555224069166579284e+03 9.822172070756869289e+01
8.555424121173340609e+03 9.956677566188763251e+01
8.555624173180100115e+03 9.784383026434572628e+01
8.555824225186863259e+03 9.763822942480031486e+01
8.556024277193624584e+03 9.873320287395586092e+01
8.556224329200385910e+03 9.997963154954381082e+01
8.556424381207149054e+03 9.840855517541072572e+01
8.556624433213910379e+03 9.985975794960374685e+01
8.556824485220671704e+03 9.867442866422422298e+01
8.557024537227433029e+03 9.899296740354408541e+01
8.557224589234196173e+03 9.897904464464477314e+01
8.557424641240957499e+03 9.758090667786628103e+01
8.557624693247717005e+03 9.955962703402998670e+01
8.557824745254481968e+03 9.671693921093985580e+01
8.558024797261241474e+03 9.816968817446284845e+01
8.558224849268002799e+03 9.883964416916390405e+01
8.558424901274767763e+03 9.620349926500955462e+01
8.558624953281527269e+03 9.615295394865067635e+01
8.558825005288288594e+03 9.323283434870428721e+01
8.559025057295051738e+03 9.165543778374855322e+01
8.559225109301813063e+03 9.201748734205804681e+01
8.559425161308574388e+03 9.560218795460070851e+01
8.559625213315337533e+03 9.864970997788260831e+01
8.559825265322098858e+03 9.799594521328836549e+01
8.560025317328858364e+03 9.755176526339781162e+01
8.560225369335623327e+03 9.865043722010803151e+01
8.560425421342384652e+03 1.000325086531249070e+02
8.560625473349144158e+03 9.731656417054119856e+01
8.560825525355909122e+03 9.912117334896176146e+01
8.561025577362668628e+03 1.000716827593043803e+02
8.561225629369429953e+03 9.935015525163368011e+01
8.561425681376193097e+03 1.001087322522414809e+02
8.561625733382954422e+03 1.014175762101867520e+02
8.561825785389715747e+03 9.812298183280289265e+01
8.562025837396475254e+03 9.902304790493322173e+01
8.562225889403240217e+03 1.008388355671404213e+02
8.562425941410001542e+03 9.939943887251590127e+01
8.562625993416761048e+03 9.992633980908219371e+01
8.562826045423526011e+03 9.884670658314948355e+01
8.563026097430285517e+03 9.824697649341165118e+01
8.563226149437046843e+03 1.004953596209649476e+02
8.563426201443811806e+03 9.882030196895108531e+01
8.563626253450571312e+03 9.696004403349542144e+01
8.563826305457332637e+03 9.983433594404937139e+01
8.564026357464095781e+03 9.887967237457172587e+01
8.564226409470857106e+03 9.780382757836960650e+01
8.564426461477618432e+03 9.840743536024459104e+01
8.564626513484381576e+03 1.007931735452444286e+02
8.564826565491142901e+03 9.942399756458107163e+01
8.565026617497902407e+03 1.008158256694471220e+02
8.565226669504665551e+03 9.944995061011519510e+01
8.565426721511428696e+03 9.908549526569289867e+01
8.565626773518188202e+03 9.992907112155394600e+01
8.565826825524951346e+03 9.820556570819127273e+01
8.566026877531712671e+03 1.001921153711918322e+02
8.566226929538473996e+03 9.922431584160034390e+01
8.566426981545237140e+03 9.960184965723260575e+01
8.566627033551998466e+03 9.871923540877027392e+01
8.566827085558759791e+03 9.846416987873799087e+01
8.567027137565521116e+03 9.939778872451796587e+01
8.567227189572284260e+03 9.933440035765094933e+01
8.567427241579045585e+03 9.840198785450427010e+01
8.567627293585805091e+03 1.006472605918609844e+02
8.567827345592570055e+03 1.018195600449455043e+02
8.568027397599329561e+03 9.937974489627190167e+01
8.568227449606090886e+03 9.969553804318880452e+01
8.568427501612855849e+03 9.847862316209869959e+01
8.568627553619615355e+03 9.855666406190637474e+01
8.568827605626376680e+03 9.880203416341966260e+01
8.569027657633138006e+03 9.931120178759567807e+01
8.569227709639901150e+03 1.007326778560329075e+02
8.569427761646662475e+03 9.887756027083419497e+01
8.569627813653423800e+03 9.988768795111677434e+01
8.569827865660186944e+03 9.792670935264322907e+01
8.570027917666946450e+03 9.837870227088548347e+01
8.570227969673709595e+03 9.712004806975721749e+01
8.570428021680472739e+03 9.844826749484546724e+01
8.570628073687232245e+03 9.920834262198945908e+01
8.570828125693995389e+03 1.002110432554130313e+02
8.571028177700756714e+03 1.008074009449556172e+02
8.571228229707518040e+03 9.924011120692037480e+01
8.571428281714281184e+03 9.977944794827530473e+01
8.571628333721042509e+03 9.994425295761713812e+01
8.571828385727803834e+03 9.983491313059198546e+01
8.572028437734565159e+03 1.002401720709570299e+02
8.572228489741328303e+03 9.737744529032814000e+01
8.572428541748089629e+03 9.865741185856030881e+01
8.572628593754850954e+03 1.010496442749586805e+02
8.572828645761612279e+03 1.003828730595370331e+02
8.573028697768373604e+03 9.967335676527316934e+01
8.573228749775136748e+03 1.006685966827966041e+02
8.573428801781898073e+03 9.847033640193988902e+01
8.573628853788659399e+03 9.570251693308415497e+01
8.573828905795420724e+03 9.756603428514213761e+01
8.574028957802182049e+03 9.677574775485248892e+01
8.574229009808945193e+03 9.715358861822609526e+01
8.574429061815706518e+03 9.711198307500185933e+01
8.574629113822467843e+03 1.002177731446406597e+02
8.574829165829230988e+03 9.925447710325786943e+01
8.575029217835990494e+03 9.955059942775478987e+01
8.575229269842753638e+03 1.011815111028891607e+02
8.575429321849516782e+03 9.931084533409631376e+01
8.575629373856276288e+03 1.003850667884550489e+02
8.575829425863039432e+03 9.869338940526115778e+01
8.576029477869800758e+03 1.015235410923274060e+02
8.576229529876562083e+03 9.905745590117284394e+01
8.576429581883325227e+03 1.003235264694178568e+02
8.576629633890084733e+03 1.003674935042900671e+02
8.576829685896847877e+03 9.977180621043055453e+01
8.577029737903609202e+03 9.975009524319185061e+01
8.577229789910370528e+03 9.932717083257227841e+01
8.577429841917133672e+03 1.009475783689141224e+02
8.577629893923894997e+03 9.855748153111521503e+01
8.577829945930656322e+03 1.015073295871633121e+02
8.578029997937417647e+03 9.898905092123391114e+01
8.578230049944180791e+03 9.893927811821347973e+01
8.578430101950942117e+03 9.953272197337992111e+01
8.578630153957703442e+03 1.006042189379354426e+02
8.578830205964466586e+03 9.821585700465433888e+01
8.579030257971226092e+03 9.931492906540695742e+01
8.579230309977989236e+03 9.920713857216168208e+01
8.579430361984750562e+03 1.003470170575956928e+02
8.579630413991511887e+03 9.776969422730712722e+01
8.579830465998275031e+03 1.011144879488782209e+02
8.580030518005034537e+03 9.923575707235930565e+01
8.580230570011797681e+03 9.889103972271796295e+01
8.580430622018559006e+03 9.895770118614474598e+01
8.580630674025320332e+03 1.014151285959625852e+02
8.580830726032083476e+03 9.850667163675301197e+01
8.581030778038842982e+03 9.960532689877929613e+01
8.581230830045606126e+03 1.000514874541660930e+02
8.581430882052369270e+03 9.769446670609131900e+01
8.581630934059128776e+03 9.789745703951551548e+01
8.581830986065891921e+03 9.928253137833512199e+01
8.582031038072653246e+03 1.012456208232334518e+02
8.582231090079414571e+03 9.904906776305820415e+01
8.582431142086177715e+03 9.836229528367255170e+01
8.582631194092939040e+03 9.865576761590513399e+01
8.582831246099700365e+03 1.026328519253211056e+02
8.583031298106461691e+03 9.897379979321893018e+01
8.583231350113224835e+03 9.989971658224472151e+01
8.583431402119986160e+03 9.734876641584777701e+01
8.583631454126747485e+03 9.790818295724221798e+01
8.583831506133510629e+03 9.925660771525693349e+01
8.584031558140270135e+03 9.807437231839033132e+01
8.584231610147031461e+03 9.321631965805414666e+01
8.584431662153796424e+03 9.213699282866849671e+01
8.584631714160555930e+03 9.210920762837506004e+01
8.584831766167317255e+03 9.410028698117153567e+01
8.585031818174080399e+03 9.839429203698472293e+01
8.585231870180841725e+03 9.769043263447306913e+01
8.585431922187603050e+03 9.905551562768239648e+01
8.585631974194364375e+03 9.947582877584514449e+01
8.585832026201127519e+03 9.919203044154608051e+01
8.586032078207887025e+03 9.836303496734643659e+01
8.586232130214650169e+03 9.987420871176108506e+01
8.586432182221413314e+03 9.794663205440538434e+01
8.586632234228172820e+03 9.829409637013742440e+01
8.586832286234935964e+03 9.546847224254064201e+01
8.587032338241697289e+03 9.437542610005118604e+01
8.587232390248458614e+03 9.579253201056849321e+01
8.587432442255221758e+03 9.795976860365092875e+01
8.587632494261983084e+03 9.970011280232300521e+01
8.587832546268744409e+03 9.876349589581901967e+01
8.588032598275503915e+03 9.912369000810058139e+01
8.588232650282268878e+03 1.007242879796232842e+02
8.588432702289030203e+03 1.011646624150211551e+02
8.588632754295789709e+03 9.954865767515114783e+01
8.588832806302554673e+03 9.820981956109046962e+01
8.589032858309314179e+03 9.809524260103110294e+01
8.589232910316075504e+03 1.018407308632221913e+02
8.589432962322840467e+03 9.854978416723103862e+01
8.589633014329599973e+03 9.998176233430129400e+01
8.589833066336361298e+03 1.017285142256079951e+02
8.590033118343124443e+03 9.906581801585157621e+01
8.590233170349885768e+03 9.887875196795388888e+01
8.590433222356647093e+03 9.924301148613521661e+01
8.590633274363410237e+03 9.881458944125462551e+01
8.590833326370171562e+03 9.785817483630961533e+01
8.591033378376931068e+03 9.977807952074864772e+01
8.591233430383696032e+03 1.006215699497029590e+02
8.591433482390457357e+03 1.011149271613646050e+02
8.591633534397216863e+03 9.972550479375649957e+01
8.591833586403978188e+03 1.016565531862071197e+02
8.592033638410741332e+03 9.968429409100697569e+01
8.592233690417502658e+03 9.834244774818033363e+01
8.592433742424263983e+03 9.860320277551500112e+01
8.592633794431027127e+03 9.949198241790419672e+01
8.592833846437788452e+03 9.879098830764169747e+01
8.593033898444547958e+03 9.878244781041925648e+01
8.593233950451312921e+03 9.823587900709401310e+01
8.593434002458074247e+03 1.014567230915044576e+02
8.593634054464833753e+03 9.869868468800426342e+01
8.593834106471598716e+03 1.000340685602561592e+02
8.594034158478358222e+03 1.004129060288552751e+02
8.594234210485119547e+03 9.758492500982735862e+01
8.594434262491884510e+03 9.957064948037150032e+01
8.594634314498644017e+03 9.855653305204570813e+01
8.594834366505405342e+03 9.802602956546564883e+01
8.595034418512168486e+03 9.844521428084905779e+01
8.595234470518929811e+03 9.610252379658957977e+01
8.595434522525691136e+03 9.753918855193730053e+01
8.595634574532452461e+03 9.874719811380693102e+01
8.595834626539215606e+03 1.013976639779592830e+02
8.596034678545975112e+03 9.947943773519480715e+01
8.596234730552738256e+03 9.975022602911882075e+01
8.596434782559501400e+03 1.008263109524343974e+02
8.596634834566260906e+03 9.963831758661279991e+01
8.596834886573024050e+03 1.008416474216116256e+02
8.597034938579785376e+03 9.789996665216980887e+01
8.597234990586546701e+03 1.005868927775257475e+02
8.597435042593308026e+03 9.871810613847718230e+01
8.597635094600071170e+03 9.923559393504032755e+01
8.597835146606832495e+03 9.966160564628030727e+01
8.598035198613592001e+03 9.812330067696338176e+01
8.598235250620356965e+03 9.954743172180161537e+01
8.598435302627118290e+03 9.709455321337455302e+01
8.598635354633877796e+03 9.775073451409240022e+01
8.598835406640642759e+03 9.981763188677884102e+01
8.599035458647402265e+03 9.946994533019487505e+01
8.599235510654163591e+03 9.883907259618921159e+01
8.599435562660926735e+03 9.871870232930369582e+01
8.599635614667688060e+03 9.870198578731324801e+01
8.599835666674449385e+03 9.875425844454109381e+01
8.600035718681210710e+03 9.809936639031312211e+01
8.600235770687973854e+03 9.696429818960902480e+01
8.600435822694735180e+03 9.585468021496555480e+01
8.600635874701496505e+03 9.398804281246160031e+01
8.600835926708259649e+03 8.906665767246042265e+01
8.601035978715019155e+03 9.138461227070730786e+01
8.601236030721782299e+03 9.090615238039860913e+01
8.601436082728545443e+03 9.542291626572173868e+01
8.601636134735304950e+03 9.760314060196863295e+01
8.601836186742068094e+03 9.835591215942461929e+01
8.602036238748829419e+03 1.009922798796657730e+02
8.602236290755590744e+03 9.963345739789092192e+01
8.602436342762353888e+03 1.007941833246185155e+02
8.602636394769115213e+03 9.789550251522528868e+01
8.602836446775876539e+03 1.004560608002951767e+02
8.603036498782637864e+03 9.810725776285198663e+01
8.603236550789399189e+03 9.861430241593657797e+01
8.603436602796162333e+03 9.838132811467353633e+01
8.603636654802921839e+03 9.892454161650451283e+01
8.603836706809684983e+03 9.999077736820089513e+01
8.604036758816446309e+03 9.952000344991664349e+01
8.604236810823207634e+03 9.955940897098665232e+01
8.604436862829970778e+03 9.883338794908482328e+01
8.604636914836732103e+03 9.924726811165244555e+01
8.604836966843493428e+03 9.930361823534602195e+01
8.605037018850254753e+03 1.010215110767950648e+02
8.605237070857017898e+03 1.008396203417150900e+02
8.605437122863779223e+03 9.947422344531344152e+01
8.605637174870540548e+03 9.982056164517288721e+01
8.605837226877303692e+03 9.932389441989575118e+01
8.606037278884063198e+03 1.015681692274814623e+02
8.606237330890826343e+03 1.000736279080830400e+02
8.606437382897589487e+03 1.002880067307823850e+02
8.606637434904348993e+03 9.829207057881919241e+01
8.606837486911112137e+03 9.954903168118754309e+01
8.607037538917871643e+03 9.998239683508116116e+01
8.607237590924634787e+03 9.883294273979606714e+01
8.607437642931397932e+03 9.971485952009592779e+01
8.607637694938157438e+03 9.934002503851957044e+01
8.607837746944920582e+03 9.957385071475842153e+01
8.608037798951681907e+03 9.837638475448258646e+01
8.608237850958443232e+03 9.833873916751649347e+01
8.608437902965206376e+03 9.792316154532011296e+01
8.608637954971967702e+03 9.637293385956084535e+01
8.608838006978729027e+03 9.585348860766740131e+01
8.609038058985490352e+03 9.676209044039964624e+01
8.609238110992251677e+03 9.896792032512863102e+01
8.609438162999014821e+03 9.889605180763209091e+01
8.609638215005776146e+03 9.844007486965332987e+01
8.609838267012537472e+03 9.728724373475270681e+01
8.610038319019298797e+03 9.895488441743711405e+01
8.610238371026061941e+03 9.879187631751797483e+01
8.610438423032823266e+03 9.929264053749599839e+01
8.610638475039584591e+03 9.777770065780936193e+01
8.610838527046345916e+03 9.924955381184523162e+01
8.611038579053107242e+03 1.000105943957348558e+02
8.611238631059870386e+03 1.001517812896822051e+02
8.611438683066631711e+03 1.001787187652184485e+02
8.611638735073393036e+03 9.895978653096688049e+01
8.611838787080156180e+03 9.849361520726819208e+01
8.612038839086915686e+03 1.010661825553261224e+02
8.612238891093678831e+03 9.922637315962110449e+01
8.612438943100441975e+03 1.008207455659463960e+02
8.612638995107201481e+03 9.756229506458826961e+01
8.612839047113964625e+03 9.748879985626531663e+01
8.613039099120725950e+03 9.727942346578574018e+01
8.613239151127487276e+03 9.776837689837014977e+01
8.613439203134250420e+03 9.377987610200236190e+01
8.613639255141011745e+03 9.092125751576242010e+01
8.613839307147773070e+03 8.655575170103600158e+01
8.614039359154534395e+03 8.347734484955242351e+01
8.614239411161297539e+03 8.602238413380469240e+01
8.614439463168058865e+03 9.001882726065484519e+01
8.614639515174818371e+03 9.594063578078501564e+01
8.614839567181583334e+03 9.890275975315323365e+01
8.615039619188342840e+03 1.007094399795483923e+02
8.615239671195104165e+03 1.002769316982970054e+02
8.615439723201867309e+03 9.926575749460275233e+01
8.615639775208628635e+03 9.937957960474570029e+01
8.615839827215389960e+03 9.914616189995564355e+01
8.616039879222151285e+03 1.014543453422321875e+02
8.616239931228914429e+03 9.980077621875614113e+01
8.616439983235675754e+03 9.789829073364032297e+01
8.616640035242437079e+03 9.792586575698406648e+01
8.616840087249200224e+03 9.859990477169328926e+01
8.617040139255959730e+03 9.892093259720361687e+01
8.617240191262722874e+03 1.000287314699898928e+02
8.617440243269486018e+03 9.978745803300026296e+01
8.617640295276245524e+03 1.013538280401762961e+02
8.617840347283008668e+03 1.007050894954088847e+02
8.618040399289769994e+03 9.973916838874855273e+01
8.618240451296531319e+03 9.792322508910989143e+01
8.618440503303292644e+03 9.835420038029417356e+01
8.618640555310055788e+03 9.794269668206867152e+01
8.618840607316817113e+03 9.823216956511701881e+01
8.619040659323576619e+03 1.004494985303929155e+02
8.619240711330341583e+03 9.820906814832669340e+01
8.619440763337102908e+03 9.871484488539618951e+01
8.619640815343862414e+03 9.930993082986067577e+01
8.619840867350627377e+03 1.003346709981661320e+02
8.620040919357386883e+03 9.835088709124413242e+01
8.620240971364148209e+03 1.002735432703357503e+02
8.620441023370913172e+03 9.974710633817335292e+01
8.620641075377672678e+03 9.993296863500793847e+01
8.620841127384434003e+03 1.008252861596181589e+02
8.621041179391197147e+03 9.956693928744999766e+01
8.621241231397958472e+03 9.820625236264999103e+01
8.621441283404719798e+03 9.972242234563616137e+01
8.621641335411481123e+03 9.919443106156697354e+01
8.621841387418244267e+03 9.761427944332999118e+01
8.622041439425003773e+03 1.016944066642384570e+02
8.622241491431765098e+03 9.997580687118151843e+01
8.622441543438530061e+03 1.004527205027339676e+02
8.622641595445289568e+03 9.817803074099582261e+01
8.622841647452050893e+03 9.965063328403205389e+01
8.623041699458814037e+03 9.842642218623605288e+01
8.623241751465575362e+03 9.615147011921817466e+01
8.623441803472336687e+03 9.318600205860842323e+01
8.623641855479099831e+03 9.048827205761251946e+01
8.623841907485861157e+03 8.596845897297660599e+01
8.624041959492620663e+03 8.938405278086345618e+01
8.624242011499385626e+03 9.378860563879726442e+01
8.624442063506146951e+03 9.693704245868804037e+01
8.624642115512906457e+03 1.001742924928236675e+02
8.624842167519671420e+03 9.952188297643628800e+01
8.625042219526430927e+03 9.919207253891745779e+01
8.625242271533192252e+03 1.003494732645523015e+02
8.625442323539957215e+03 1.015678234995310589e+02
8.625642375546716721e+03 1.009553435896021085e+02
8.625842427553478046e+03 1.012476818344813694e+02
8.626042479560239371e+03 9.967989246066824194e+01
8.626242531567002516e+03 1.003698216220712993e+02
8.626442583573763841e+03 1.019504941339019268e+02
8.626642635580525166e+03 9.896396140815038223e+01
8.626842687587288310e+03 9.961860286236759521e+01
8.627042739594047816e+03 9.915149151782101455e+01
8.627242791600809142e+03 1.009632268030418913e+02
8.627442843607574105e+03 9.954363241659383732e+01
8.627642895614333611e+03 9.923024262053823463e+01
8.627842947621094936e+03 1.020322976116212317e+02
8.628042999627858080e+03 1.012677342887215133e+02
8.628243051634619405e+03 9.869911038006512172e+01
8.628443103641380731e+03 1.015420941468013041e+02
8.628643155648143875e+03 1.005814833545114624e+02
8.628843207654905200e+03 9.720136053325921921e+01
8.629043259661664706e+03 9.921520921292433570e+01
8.629243311668429669e+03 9.886145382226068534e+01
8.629443363675190994e+03 9.900459722680778896e+01
8.629643415681950501e+03 1.000136074048488410e+02
8.629843467688713645e+03 1.012249880201260908e+02
8.630043519695474970e+03 1.002136070904445830e+02
8.630243571702236295e+03 1.003789920630271553e+02
8.630443623708999439e+03 1.005808534198296229e+02
8.630643675715760764e+03 9.926656608362111456e+01
8.630843727722522090e+03 9.986845886973135578e+01
8.631043779729283415e+03 9.703226432467373286e+01
8.631243831736046559e+03 9.944200620219997688e+01
8.631443883742807884e+03 1.009307734054956853e+02
8.631643935749569209e+03 9.943719171616449160e+01
8.631843987756332353e+03 1.000739398966814235e+02
8.632044039763091860e+03 1.004004098422581563e+02
8.632244091769855004e+03 1.007289642240436507e+02
8.632444143776618148e+03 9.909336400269873479e+01
8.632644195783377654e+03 1.002341373975757222e+02
8.632844247790140798e+03 9.707593251958302005e+01
8.633044299796902123e+03 9.937247355049738928e+01
8.633244351803663449e+03 9.974627801323404697e+01
8.633444403810424774e+03 1.012299599485768198e+02
8.633644455817186099e+03 9.820214931012471027e+01
8.633844507823949243e+03 9.820733949117325778e+01
8.634044559830708749e+03 1.021118233500460803e+02
8.634244611837471894e+03 9.646542408069468877e+01
8.634444663844235038e+03 9.865869223183322845e+01
8.634644715850994544e+03 9.524592841539377730e+01
8.634844767857757688e+03 9.546832801275820657e+01
8.635044819864519013e+03 9.707913828613320106e+01
8.635244871871280338e+03 9.926546760533399549e+01
8.635444923878043483e+03 9.880344141145975811e+01
8.635644975884804808e+03 9.971300918293469806e+01
8.635845027891566133e+03 9.786457322526902658e+01
8.636045079898327458e+03 9.988384841843226525e+01
8.636245131905090602e+03 9.894531088616172099e+01
8.636445183911851927e+03 9.989368475322714858e+01
8.636645235918613253e+03 9.902893023042216214e+01
8.636845287925376397e+03 1.008339915943435159e+02
8.637045339932135903e+03 1.009636521635436992e+02
8.637245391938899047e+03 9.972943749337414943e+01
8.637445443945660372e+03 9.927584774065849160e+01
8.637645495952421697e+03 9.887368694738813701e+01
8.637845547959184842e+03 9.824815508544433840e+01
8.638045599965944348e+03 9.883183545968363148e+01
8.638245651972707492e+03 9.878581547855009148e+01
8.638445703979470636e+03 9.924180854379974903e+01
8.638645755986230142e+03 9.732257132275825029e+01
8.638845807992993286e+03 9.856254937607558020e+01
8.639045859999754612e+03 9.786905332643635802e+01
8.639245912006515937e+03 9.952820241672975499e+01
8.639445964013279081e+03 9.826319619346416800e+01
8.639646016020038587e+03 9.882903956827719583e+01
8.639846068026801731e+03 9.938757665712765288e+01
8.640046120033563056e+03 9.805871630208960710e+01
8.640246172040324382e+03 9.984928713711728676e+01
8.640446224047087526e+03 1.011943767311475995e+02
8.640646276053848851e+03 9.945248863405728912e+01
8.640846328060610176e+03 9.851202637906989423e+01
8.641046380067371501e+03 9.951721182194799553e+01
8.641246432074132827e+03 9.869115756309558662e+01
8.641446484080895971e+03 1.001357459339312186e+02
8.641646536087657296e+03 9.975680420192142606e+01
8.641846588094418621e+03 9.808370913347941666e+01
8.642046640101179946e+03 9.966865397885668187e+01
8.642246692107943090e+03 9.955121470401310546e+01
8.642446744114704416e+03 1.023181456918696597e+02
8.642646796121465741e+03 9.913451221865153684e+01
8.642846848128228885e+03 1.009895491867679027e+02
8.643046900134988391e+03 9.930966086233421208e+01
8.643246952141751535e+03 9.975741915824812622e+01
8.643447004148514679e+03 9.996642452809830104e+01
8.643647056155274186e+03 9.763998358498638197e+01
8.643847108162037330e+03 9.973024569435979458e+01
8.644047160168798655e+03 9.923057509742275784e+01
8.644247212175559980e+03 1.025718986796344296e+02
8.644447264182323124e+03 1.013170283359926458e+02
8.644647316189084449e+03 1.006096880210674414e+02
8.644847368195845775e+03 9.790001872178247311e+01
8.645047420202605281e+03 9.943885443192426976e+01
8.645247472209368425e+03 9.895306634828025949e+01
8.645447524216131569e+03 9.894248935450735871e+01
8.645647576222891075e+03 9.924178017667792062e+01
8.645847628229654219e+03 9.916918648749880560e+01
8.646047680236415545e+03 9.956895293850521966e+01
8.646247732243176870e+03 1.007112294412160765e+02
8.646447784249940014e+03 9.889093309267644827e+01
8.646647836256701339e+03 9.707575450801985539e+01
8.646847888263462664e+03 9.951973995582730481e+01
8.647047940270223990e+03 9.920850538932343454e+01
8.647247992276987134e+03 9.886173383500621981e+01
8.647448044283748459e+03 9.955881571700922450e+01
8.647648096290509784e+03 9.798468723835253513e+01
8.647848148297272928e+03 9.718560928293111090e+01
8.648048200304032434e+03 9.874635959942212082e+01
8.648248252310795579e+03 1.001663783155136969e+02
8.648448304317558723e+03 9.861505678009608289e+01
8.648648356324318229e+03 9.724350160965002488e+01
8.648848408331079554e+03 9.869721980905920589e+01
8.649048460337842698e+03 1.001306256624481534e+02
8.649248512344604023e+03 1.002815704405539350e+02
8.649448564351365349e+03 9.769441207294946139e+01
8.649648616358128493e+03 9.956255466196870429e+01
8.649848668364889818e+03 9.878769581093605723e+01
8.650048720371649324e+03 9.947492913997930941e+01
8.650248772378414287e+03 9.515999267133472017e+01
8.650448824385175612e+03 9.483101161812417956e+01
8.650648876391935119e+03 9.645597489644295308e+01
8.650848928398700082e+03 9.531802500726347205e+01
8.651048980405459588e+03 9.634348465700382746e+01
8.651249032412220913e+03 9.998570736365125811e+01
8.651449084418984057e+03 9.915044070330228010e+01
8.651649136425745382e+03 9.738772443152546998e+01
8.651849188432506708e+03 9.751180104722141095e+01
8.652049240439268033e+03 9.691493161733068007e+01
8.652249292446031177e+03 9.676657131355929664e+01
8.652449344452792502e+03 9.683049461193878926e+01
8.652649396459552008e+03 9.894924480246640996e+01
8.652849448466316971e+03 9.672682788675032839e+01
8.653049500473076478e+03 9.880919650816215949e+01
8.653249552479837803e+03 9.928370015740453880e+01
8.653449604486602766e+03 9.896006662974708945e+01
8.653649656493362272e+03 9.810782761541547359e+01
8.653849708500123597e+03 9.837836073413976123e+01
8.654049760506886741e+03 9.761104607215223439e+01
8.654249812513648067e+03 9.633608779865441818e+01
8.654449864520409392e+03 1.007643321417951512e+02
8.654649916527172536e+03 9.791612854467445004e+01
8.654849968533933861e+03 9.674529181763959684e+01
8.655050020540693367e+03 9.964175136006036837e+01
8.655250072547458331e+03 9.771856699666410861e+01
8.655450124554219656e+03 9.962336725836880191e+01
8.655650176560979162e+03 1.009063650311426983e+02
8.655850228567744125e+03 9.755640761827001484e+01
8.656050280574503631e+03 9.859114210570061232e+01
8.656250332581264956e+03 9.753785131179624557e+01
8.656450384588028101e+03 9.662501394899067009e+01
8.656650436594789426e+03 9.706594288467800880e+01
8.656850488601550751e+03 9.483290700725194711e+01
8.657050540608310257e+03 9.632428365028735584e+01
8.657250592615075220e+03 9.767258904300237532e+01
8.657450644621836545e+03 9.714491305215791783e+01
8.657650696628596052e+03 9.848994625402146141e+01
8.657850748635361015e+03 9.796682547088811077e+01
8.658050800642120521e+03 9.781093323154880181e+01
8.658250852648881846e+03 9.765656338910170575e+01
8.658450904655646809e+03 9.782096391887861841e+01
8.658650956662406315e+03 9.575178248179211948e+01
8.658851008669167641e+03 9.463321637476241222e+01
8.659051060675930785e+03 9.503089045300563953e+01
8.659251112682692110e+03 9.462640346683095061e+01
8.659451164689453435e+03 9.425975277905847349e+01
8.659651216696216579e+03 9.540496824220427641e+01
8.659851268702977904e+03 9.520069579775892521e+01
8.660051320709737411e+03 9.222093418145672672e+01
8.660251372716500555e+03 9.124090077124051845e+01
8.660451424723263699e+03 9.299104165701280067e+01
8.660651476730023205e+03 8.906524575906043140e+01
8.660851528736786349e+03 9.041539074033229895e+01
8.661051580743547675e+03 8.619232432547680389e+01
8.661251632750309000e+03 8.787752436032009484e+01
8.661451684757072144e+03 8.803203188030710180e+01
8.661651736763833469e+03 8.667463065790045107e+01
8.661851788770594794e+03 8.357418193566499554e+01
8.662051840777356119e+03 8.121439047491402619e+01
8.662251892784119264e+03 8.017767799285496721e+01
8.662451944790880589e+03 8.010910989815690186e+01
8.662651996797641914e+03 7.513272996560159811e+01
8.662852048804405058e+03 7.609347094859435856e+01
8.663052100811164564e+03 6.985365505201917813e+01
8.663252152817925889e+03 6.696488930237813975e+01
8.663452204824690853e+03 6.197350466542620495e+01
8.663652256831450359e+03 5.607780103002890826e+01
8.663852308838211684e+03 4.995947319853775781e+01
8.664052360844973009e+03 4.573286450556416582e+01
8.664252412851736153e+03 4.138350900358693707e+01
8.664452464858497478e+03 4.109387343001412063e+01
8.664652516865258804e+03 4.467669460645291224e+01
8.664852568872021948e+03 4.912380875417930781e+01
8.665052620878781454e+03 5.474089104295528330e+01
8.665252672885544598e+03 6.070911681300942320e+01
8.665452724892307742e+03 6.269774685441097262e+01
8.665652776899067248e+03 7.099437510007365404e+01
8.665852828905830393e+03 7.158176919082070810e+01
8.666052880912591718e+03 7.659623638380357136e+01
8.666252932919353043e+03 7.995758639034760051e+01
8.666452984926116187e+03 7.928219220941062417e+01
8.666653036932877512e+03 8.319881341478483705e+01
8.666853088939638837e+03 8.342294351390432894e+01
8.667053140946400163e+03 8.586069996279020700e+01
8.667253192953163307e+03 8.672689906736499665e+01
8.667453244959924632e+03 8.739759205320322621e+01
8.667653296966685957e+03 8.789601883425955009e+01
8.667853348973447282e+03 9.006579257956606455e+01
8.668053400980208608e+03 8.876490202583784139e+01
8.668253452986971752e+03 9.117889143892878678e+01
8.668453504993733077e+03 9.379826789196106063e+01
8.668653557000494402e+03 9.346788225528156602e+01
8.668853609007257546e+03 9.199770158652047769e+01
8.669053661014017052e+03 9.257601939997016416e+01
8.669253713020780197e+03 9.387197797672776289e+01
8.669453765027541522e+03 9.274013756987822887e+01
8.669653817034302847e+03 9.409277927018233356e+01
8.669853869041065991e+03 9.271397886608706074e+01
8.670053921047825497e+03 9.393869270794672843e+01
8.670253973054588641e+03 9.706272464817571688e+01
8.670454025061351786e+03 9.328483995737892087e+01
8.670654077068111292e+03 9.737842087499447530e+01
8.670854129074874436e+03 9.444486247960729486e+01
8.671054181081635761e+03 9.545767754855869214e+01
8.671254233088397086e+03 9.623437001098477594e+01
8.671454285095160230e+03 9.700512335764973670e+01
8.671654337101919737e+03 9.604833813016348643e+01
8.671854389108682881e+03 9.778585315564977520e+01
8.672054441115444206e+03 9.689418207308622755e+01
8.672254493122205531e+03 9.589712287905604171e+01
8.672454545128968675e+03 9.857025016203716916e+01
8.672654597135730000e+03 9.512840043827426939e+01
8.672854649142491326e+03 9.829986183989157666e+01
8.673054701149252651e+03 9.712352558358522003e+01
8.673254753156015795e+03 9.716952683554445969e+01
8.673454805162777120e+03 9.766076481282743771e+01
8.673654857169538445e+03 9.559753704417768461e+01
8.673854909176301589e+03 9.585605440273855038e+01
8.674054961183061096e+03 9.933480510257527385e+01
8.674255013189824240e+03 9.671658417244555039e+01
8.674455065196587384e+03 9.731858276980342737e+01
8.674655117203346890e+03 9.866362259882575358e+01
8.674855169210110034e+03 9.871604527304093324e+01
8.675055221216869541e+03 1.017712550419778950e+02
8.675255273223632685e+03 9.947532007794278286e+01
8.675455325230394010e+03 9.901834952384446353e+01
8.675655377237155335e+03 9.918701539855584315e+01
8.675855429243918479e+03 9.847011445494173643e+01
8.676055481250677985e+03 9.758880838545873360e+01
8.676255533257441130e+03 9.612625021966360350e+01
8.676455585264204274e+03 9.639291180634987199e+01
8.676655637270963780e+03 9.187786155131358612e+01
8.676855689277726924e+03 8.621335884461140608e+01
8.677055741284488249e+03 8.275098460738014694e+01
8.677255793291249574e+03 8.343141072316139173e+01
8.677455845298012719e+03 8.560561031020422718e+01
8.677655897304774044e+03 8.685146679222569333e+01
8.677855949311535369e+03 8.901576989757566594e+01
8.678056001318296694e+03 9.231655179038453696e+01
8.678256053325059838e+03 9.689284437882703571e+01
8.678456105331821163e+03 9.956684417418352950e+01
8.678656157338582489e+03 9.764658571754547722e+01
8.678856209345345633e+03 9.995799126674828017e+01
8.679056261352105139e+03 9.887059640075889888e+01
8.679256313358866464e+03 9.958895969651014468e+01
8.679456365365631427e+03 9.627131546215622393e+01
8.679656417372390933e+03 1.017386457332315217e+02
8.679856469379152259e+03 9.760235151697384026e+01
8.680056521385915403e+03 9.924960722719345085e+01
8.680256573392676728e+03 9.785699086684347492e+01
8.680456625399438053e+03 9.912983279001596770e+01
8.680656677406201197e+03 1.008306118529033029e+02
8.680856729412962522e+03 9.904086695661624162e+01
8.681056781419722029e+03 9.931362126850730476e+01
8.681256833426485173e+03 9.745255258943485899e+01
8.681456885433248317e+03 9.908803739665526678e+01
8.681656937440007823e+03 9.757966617761718453e+01
8.681856989446770967e+03 9.675850505111665711e+01
8.682057041453532293e+03 9.444155471591798801e+01
8.682257093460293618e+03 9.539381232823346579e+01
8.682457145467056762e+03 9.674938951311827395e+01
8.682657197473818087e+03 9.529229434027799073e+01
8.682857249480579412e+03 9.639594803781959342e+01
8.683057301487338918e+03 9.763444005118640234e+01
8.683257353494103882e+03 9.618600201545974926e+01
8.683457405500865207e+03 9.874581318127081886e+01
8.683657457507624713e+03 9.859896472506316911e+01
8.683857509514389676e+03 1.023877557219317538e+02
8.684057561521149182e+03 9.809994132664228061e+01
8.684257613527910507e+03 9.869782796712472361e+01
8.684457665534675471e+03 1.003607233759397275e+02
8.684657717541434977e+03 9.825648945228842024e+01
8.684857769548196302e+03 9.562183569977426600e+01
8.685057821554959446e+03 9.343104040274570821e+01
8.685257873561720771e+03 9.369067931443338182e+01
8.685457925568482096e+03 9.265583937669831016e+01
8.685657977575245241e+03 9.665653895057550926e+01
8.685858029582006566e+03 9.586550316958494022e+01
8.686058081588766072e+03 9.895848839905816874e+01
8.686258133595531035e+03 1.004625229026697895e+02
8.686458185602292360e+03 1.001044907625728086e+02
8.686658237609051866e+03 9.855083960651032271e+01
8.686858289615813192e+03 1.006725846873404038e+02
8.687058341622576336e+03 9.821309418051224327e+01
8.687258393629337661e+03 1.010597230045465267e+02
8.687458445636098986e+03 9.786034194972529576e+01
8.687658497642862130e+03 1.007244216343856920e+02
8.687858549649623455e+03 9.885027248018076307e+01
8.688058601656382962e+03 1.015265822552221664e+02
8.688258653663147925e+03 9.929422079677779323e+01
8.688458705669909250e+03 9.915638158700791394e+01
8.688658757676668756e+03 9.903895991108106500e+01
8.688858809683433719e+03 9.625527981805683453e+01
8.689058861690193226e+03 9.656712130866286259e+01
8.689258913696954551e+03 9.881584366209045811e+01
8.689458965703719514e+03 9.786661200455590404e+01
8.689659017710479020e+03 1.005695774916731580e+02
8.689859069717240345e+03 9.849997405974276887e+01
8.690059121724003489e+03 9.507377266072504085e+01
8.690259173730764815e+03 8.794365479432539701e+01
8.690459225737526140e+03 8.150828621687669795e+01
8.690659277744287465e+03 7.339301957864643100e+01
8.690859329751050609e+03 6.711508973214102980e+01
8.691059381757810115e+03 6.947127299867642591e+01
8.691259433764573259e+03 7.737576908353224781e+01
8.691459485771336404e+03 8.854221578616079569e+01
8.691659537778095910e+03 9.156396499046491044e+01
8.691859589784859054e+03 9.593335936194749536e+01
8.692059641791620379e+03 9.750480793633474264e+01
8.692259693798381704e+03 9.877087425694884359e+01
8.692459745805144848e+03 9.885826416782440162e+01
8.692659797811906174e+03 9.840225792842112185e+01
8.692859849818667499e+03 1.013957229251186476e+02
8.693059901825427005e+03 1.004286363458872984e+02
8.693259953832191968e+03 1.010752883171099796e+02
8.693460005838953293e+03 9.943529494258233115e+01
8.693660057845712799e+03 9.901166990881853280e+01
8.693860109852477763e+03 9.971476479812632476e+01
8.694060161859237269e+03 9.987849716145926493e+01
8.694260213865998594e+03 9.903209219687920495e+01
8.694460265872761738e+03 1.004043265121864295e+02
8.694660317879523063e+03 1.001295889360598039e+02
8.694860369886284388e+03 9.945216035135217680e+01
8.695060421893045714e+03 9.815292369949770546e+01
8.695260473899808858e+03 9.971002735438489140e+01
8.695460525906570183e+03 9.868324788760978095e+01
8.695660577913331508e+03 1.003611854301711475e+02
8.695860629920094652e+03 1.008533630781245023e+02
8.696060681926854159e+03 9.971382645363785002e+01
8.696260733933617303e+03 1.001910683764232175e+02
8.696460785940380447e+03 9.811096498796642607e+01
8.696660837947139953e+03 1.001479730076102754e+02
8.696860889953903097e+03 9.589625615201849484e+01
8.697060941960664422e+03 9.999067162443415668e+01
8.697260993967425748e+03 9.854790964245333384e+01
8.697461045974188892e+03 1.012495211037713290e+02
8.697661097980950217e+03 1.005528492538442862e+02
8.697861149987711542e+03 9.961360091882089307e+01
8.698061201994472867e+03 9.916138768308942986e+01
8.698261254001234192e+03 9.954409099948024675e+01
8.698461306007997337e+03 1.009819846718639411e+02
8.698661358014758662e+03 9.954691149668353489e+01
8.698861410021519987e+03 9.911913267025701657e+01
8.699061462028281312e+03 1.008462100419928049e+02
8.699261514035042637e+03 9.884317376259397747e+01
8.699461566041805781e+03 9.976859810248193128e+01
8.699661618048567107e+03 1.020044438724154503e+02
8.699861670055328432e+03 9.860841951897158708e+01
8.700061722062089757e+03 1.022625672771911525e+02
8.700261774068852901e+03 9.954682005182175430e+01
8.700461826075614226e+03 9.814335606329753148e+01
8.700661878082375551e+03 1.005162718007855744e+02
8.700861930089138696e+03 9.684663621924487131e+01
8.701061982095898202e+03 9.896971566517599683e+01
8.701262034102661346e+03 9.722211909963171195e+01
8.701462086109424490e+03 9.462118085169367987e+01
8.701662138116183996e+03 9.368108615051097843e+01
8.701862190122947140e+03 9.596363028740464074e+01
8.702062242129706647e+03 9.656380609843979812e+01
8.702262294136469791e+03 1.000943174179758870e+02
8.702462346143232935e+03 1.004536313871544877e+02
8.702662398149992441e+03 1.008236148409151838e+02
8.702862450156755585e+03 1.010855201536938068e+02
8.703062502163516911e+03 9.782920637490396132e+01
8.703262554170278236e+03 9.821053377939324491e+01
8.703462606177041380e+03 9.906911192900270180e+01
8.703662658183802705e+03 1.017661857454376673e+02
8.703862710190564030e+03 9.856013508361328945e+01
8.704062762197325355e+03 1.003243081849296487e+02
8.704262814204088500e+03 9.908416376702284367e+01
8.704462866210849825e+03 9.971059513914350703e+01
8.704662918217611150e+03 9.988111907189640704e+01
8.704862970224372475e+03 9.805809095556038812e+01
8.705063022231133800e+03 9.898346812049450705e+01
8.705263074237896944e+03 9.935182573113479521e+01
8.705463126244658270e+03 1.002708625928153197e+02
8.705663178251419595e+03 1.018703543361407782e+02
8.705863230258180920e+03 9.904880199430083110e+01
8.706063282264942245e+03 1.012085583879210020e+02
8.706263334271705389e+03 9.994045312478715459e+01
8.706463386278466714e+03 1.009998661215572326e+02
8.706663438285228040e+03 1.004263235418494276e+02
8.706863490291991184e+03 1.001629934334587659e+02
8.707063542298750690e+03 1.014585110026681463e+02
8.707263594305513834e+03 1.002749592452688034e+02
8.707463646312276978e+03 1.002928608309495075e+02
8.707663698319036484e+03 1.008923295454644347e+02
8.707863750325799629e+03 1.002045588701333259e+02
8.708063802332560954e+03 1.000585415911237419e+02
8.708263854339322279e+03 9.942309194985894294e+01
8.708463906346085423e+03 9.980213449755733279e+01
8.708663958352846748e+03 9.981170024905532046e+01
8.708864010359608073e+03 1.012550841500579395e+02
8.709064062366367580e+03 9.832498965238428923e+01
8.709264114373132543e+03 1.009954570943138208e+02
8.709464166379893868e+03 9.987191346819966498e+01
8.709664218386653374e+03 1.005107076369627492e+02
8.709864270393418337e+03 9.812810567501631454e+01
8.710064322400177844e+03 9.917618365066283559e+01
8.710264374406939169e+03 9.971575301260851631e+01
8.710464426413704132e+03 9.768694842227877473e+01
8.710664478420463638e+03 9.886976541257246254e+01
8.710864530427224963e+03 1.008705452352541414e+02
8.711064582433986288e+03 1.011322144566881605e+02
8.711264634440749433e+03 9.894930292331446253e+01
8.711464686447510758e+03 9.873687896529237662e+01
8.711664738454272083e+03 9.825492075250005541e+01
8.711864790461035227e+03 9.814899886703719289e+01
8.712064842467794733e+03 9.651764318507702001e+01
8.712264894474557877e+03 9.186388046680686159e+01
8.712464946481321022e+03 8.921779985797145685e+01
8.712664998488080528e+03 8.588393575126258384e+01
8.712865050494841853e+03 8.892254751905926469e+01
8.713065102501604997e+03 9.425783110070594262e+01
8.713265154508366322e+03 9.588373838858464637e+01
8.713465206515127647e+03 9.802429400236792389e+01
8.713665258521890792e+03 9.983856031032861722e+01
8.713865310528652117e+03 9.942059464759782372e+01
8.714065362535411623e+03 9.877543326684343583e+01
8.714265414542176586e+03 9.745640114119815678e+01
8.714465466548937911e+03 9.998910246555625747e+01
8.714665518555697417e+03 9.711970636899444287e+01
8.714865570562462381e+03 9.396571445266728517e+01
8.715065622569221887e+03 9.278295222095485428e+01
8.715265674575983212e+03 9.083447218683430435e+01
8.715465726582748175e+03 8.812193268533212631e+01
8.715665778589507681e+03 9.299588124852350290e+01
8.715865830596269006e+03 9.373601645332371390e+01
8.716065882603032151e+03 9.869551280343672772e+01
8.716265934609793476e+03 9.963845742439399089e+01
8.716465986616554801e+03 1.019981326780174555e+02
8.716666038623316126e+03 1.012217331558640439e+02
8.716866090630079270e+03 1.000966855115877507e+02
8.717066142636838777e+03 1.013849419751687719e+02
8.717266194643600102e+03 9.942581155622707456e+01
8.717466246650365065e+03 1.006754850350143755e+02
8.717666298657124571e+03 1.010310676821947453e+02
8.717866350663885896e+03 1.015649047299854999e+02
8.718066402670649040e+03 1.005015659345490491e+02
8.718266454677410366e+03 9.933312484585525226e+01
8.718466506684171691e+03 9.828785119206030174e+01
8.718666558690934835e+03 9.906223820116967715e+01
8.718866610697696160e+03 9.971467893780123859e+01
8.719066662704455666e+03 9.965706600692989525e+01
8.719266714711220629e+03 9.808887201084924357e+01
8.719466766717981955e+03 9.714925209169132359e+01
8.719666818724741461e+03 9.691927782788977197e+01
8.719866870731506424e+03 9.420704684670256768e+01
8.720066922738265930e+03 9.252974255342263632e+01
8.720266974745027255e+03 9.448407115177890603e+01
8.720467026751790399e+03 9.595648311239663997e+01
8.720667078758551725e+03 9.749765747991831688e+01
8.720867130765313050e+03 9.776345332358292239e+01
8.721067182772074375e+03 1.000293404634208656e+02
8.721267234778837519e+03 9.988000483758966652e+01
8.721467286785598844e+03 9.783512173037183857e+01
8.721667338792360169e+03 9.818920515116629133e+01
8.721867390799123314e+03 9.841694594406831698e+01
8.722067442805882820e+03 9.994512921457084076e+01
8.722267494812645964e+03 9.918858146925826702e+01
8.722467546819409108e+03 9.865391235930549385e+01
8.722667598826168614e+03 1.017161790270870085e+02
8.722867650832929939e+03 9.788655242058182182e+01
8.723067702839693084e+03 1.003958623646900037e+02
8.723267754846454409e+03 1.004639699416713370e+02
8.723467806853215734e+03 1.001924417558434186e+02
8.723667858859978878e+03 1.003164120810818787e+02
8.723867910866740203e+03 9.951632125620479030e+01
8.724067962873499710e+03 9.805503620335537107e+01
8.724268014880262854e+03 9.990167355184337339e+01
8.724468066887025998e+03 9.877373661663970950e+01
8.724668118893785504e+03 9.926325777673770290e+01
8.724868170900548648e+03 1.008117315709436923e+02
8.725068222907309973e+03 9.941845039332676492e+01
8.725268274914071299e+03 9.806635956298751466e+01
8.725468326920834443e+03 9.906836305201514392e+01
8.725668378927595768e+03 9.931727197255453632e+01
8.725868430934357093e+03 9.856861711134834536e+01
8.726068482941118418e+03 9.980540825379020475e+01
8.726268534947881562e+03 9.790667561522495532e+01
8.726468586954642888e+03 9.959568513579836235e+01
8.726668638961404213e+03 1.005001578977757788e+02
8.726868690968167357e+03 9.816742912436613722e+01
8.727068742974926863e+03 9.900949231077537149e+01
8.727268794981690007e+03 9.899144211089019052e+01
8.727468846988453151e+03 9.959665571513647819e+01
8.727668898995212658e+03 1.010553700492154974e+02
8.727868951001975802e+03 9.940070864286659003e+01
8.728069003008735308e+03 9.850048486596480757e+01
8.728269055015498452e+03 9.904074251403959295e+01
8.728469107022261596e+03 9.957323957502092071e+01
8.728669159029021102e+03 1.003998228232873515e+02
8.728869211035784247e+03 1.005401652763762712e+02
8.729069263042543753e+03 1.003968199951073785e+02
8.729269315049306897e+03 1.000907565383957376e+02
8.729469367056070041e+03 9.839585559009178439e+01
8.729669419062829547e+03 9.794068458873957184e+01
8.729869471069592691e+03 9.787823835309181675e+01
8.730069523076354017e+03 9.612303978642567870e+01
8.730269575083115342e+03 9.684359906306860921e+01
8.730469627089878486e+03 9.564644266255534433e+01
8.730669679096639811e+03 9.573618206872069436e+01
8.730869731103401136e+03 9.809191164847139532e+01
8.731069783110162462e+03 9.671463158807567595e+01
8.731269835116925606e+03 9.778525493140263336e+01
8.731469887123686931e+03 1.006496577740121836e+02
8.731669939130448256e+03 9.901783382579817783e+01
8.731869991137209581e+03 1.010635198998848807e+02
8.732070043143970906e+03 9.759437956925928859e+01
8.732270095150734051e+03 1.010383341582552390e+02
