8.482261634924863756e+03 9.857065295224582258e+01
8.482461688265309931e+03 1.019251626604362428e+02
8.482661741605756106e+03 9.973993866705673383e+01
8.482861794946202281e+03 1.012225273400860175e+02
8.483061848286648456e+03 1.001537138348756599e+02
8.483261901627094630e+03 9.934403374777447482e+01
8.483461954967542624e+03 9.818195308262485810e+01
8.483662008307986980e+03 9.628580833788207372e+01
8.483862061648433155e+03 9.672820350008188939e+01
8.484062114988879330e+03 9.242861849697588639e+01
8.484262168329325505e+03 9.189001685668468156e+01
8.484462221669773498e+03 9.297774598464305029e+01
8.484662275010217854e+03 9.551778571847874844e+01
8.484862328350665848e+03 9.744150637866169973e+01
8.485062381691112023e+03 1.003172694409201426e+02
8.485262435031558198e+03 9.866241094101103215e+01
8.485462488372006192e+03 9.850378378769836729e+01
8.485662541712450547e+03 9.826108547931765713e+01
8.485862595052898541e+03 9.860608015984911390e+01
8.486062648393342897e+03 9.978228921161291964e+01
8.486262701733789072e+03 9.977118276745768810e+01
8.486462755074237066e+03 1.005912674886061637e+02
8.486662808414681422e+03 1.003707982699657890e+02
8.486862861755129416e+03 9.780263210155003151e+01
8.487062915095573771e+03 9.874836498497207060e+01
8.487262968436019946e+03 9.843959106794798686e+01
8.487463021776469759e+03 9.863089626384963537e+01
8.487663075116914115e+03 9.783067317613384262e+01
8.487863128457362109e+03 1.017927807344828040e+02
8.488063181797806465e+03 9.862478347395149569e+01
8.488263235138254458e+03 1.007481342246994984e+02
8.488463288478700633e+03 9.926212906195691232e+01
8.488663341819144989e+03 1.000918769612415531e+02
8.488863395159592983e+03 1.008095326800410731e+02
8.489063448500037339e+03 1.012440095039988677e+02
8.489263501840485333e+03 9.933965640734817271e+01
8.489463555180931507e+03 9.796757208115290894e+01
8.489663608521375863e+03 9.751704995547386545e+01
8.489863661861823857e+03 9.939036249736368234e+01
8.490063715202268213e+03 9.788933575185178881e+01
8.490263768542718026e+03 9.726092350023853328e+01
8.490463821883164201e+03 9.992768130926810954e+01
8.490663875223610376e+03 9.923233227569217263e+01
8.490863928564056550e+03 9.911289855858470332e+01
8.491063981904500906e+03 9.974517141270989384e+01
8.491264035244948900e+03 1.014663113943206696e+02
8.491464088585395075e+03 1.007985373979805956e+02
8.491664141925841250e+03 1.007353257074705368e+02
8.491864195266287425e+03 9.860536887956106966e+01
8.492064248606731780e+03 9.946273651627031143e+01
8.492264301947179774e+03 9.772707810329511346e+01
8.492464355287625949e+03 9.865400373396164468e+01
8.492664408628072124e+03 9.827158906305734831e+01
8.492864461968520118e+03 1.003707383666555302e+02
8.493064515308966293e+03 9.930354203290961834e+01
8.493264568649412467e+03 1.000345830049774207e+02
8.493464621989858642e+03 9.865000994428049808e+01
8.493664675330304817e+03 9.759190282489244339e+01
8.493864728670750992e+03 9.475742062842606117e+01
8.494064782011197167e+03 9.873278946006035994e+01
8.494264835351643342e+03 9.903037233702856668e+01
8.494464888692089517e+03 9.733763562605419395e+01
8.494664942032535691e+03 9.851696109067157181e+01
8.494864995372981866e+03 9.876893266656641401e+01
8.495065048713428041e+03 9.968808190364390498e+01
8.495265102053874216e+03 9.848316189575028545e+01
8.495465155394322210e+03 9.984567653071957238e+01
8.495665208734768385e+03 9.850737511965635917e+01
8.495865262075214559e+03 9.608701165481193129e+01
8.496065315415660734e+03 9.758752910698733274e+01
8.496265368756106909e+03 9.901128568170926769e+01
8.496465422096554903e+03 9.490133405371028630e+01
8.496665475436999259e+03 9.821236067628043998e+01
8.496865528777445434e+03 9.473975641543852078e+01
8.497065582117891609e+03 9.620532015977109097e+01
8.497265635458337783e+03 9.612327369990694592e+01
8.497465688798785777e+03 9.693878204507829821e+01
8.497665742139230133e+03 9.556823834349812330e+01
8.497865795479678127e+03 9.405268558036887327e+01
8.498065848820122483e+03 9.276402767797732452e+01
8.498265902160570477e+03 9.060671933769957320e+01
8.498465955501018470e+03 9.126385426381938260e+01
8.498666008841462826e+03 8.591964665876524521e+01
8.498866062181910820e+03 8.291008472201735913e+01
8.499066115522355176e+03 7.878342104579984095e+01
8.499266168862803170e+03 7.265363854455475234e+01
8.499466222203249345e+03 6.705274411473411078e+01
8.499666275543693700e+03 6.400530932936169393e+01
8.499866328884141694e+03 5.537914933543436291e+01
8.500066382224586050e+03 4.928601819116422433e+01
8.500266435565034044e+03 4.515948095512162297e+01
8.500466488905480219e+03 4.862476685794585762e+01
8.500666542245924575e+03 5.458113179735254761e+01
8.500866595586372569e+03 6.298559446484454583e+01
8.501066648926818743e+03 7.079821917175156898e+01
8.501266702267266737e+03 7.535790009525736366e+01
8.501466755607712912e+03 8.108645211425213972e+01
8.501666808948159087e+03 8.604307157872212031e+01
8.501866862288605262e+03 9.126004398192711164e+01
8.502066915629049618e+03 9.043448048806867234e+01
8.502266968969497611e+03 9.453833903964184060e+01
8.502467022309943786e+03 9.227807073035896224e+01
8.502667075650389961e+03 9.503412906886900657e+01
8.502867128990836136e+03 9.713285571980972577e+01
8.503067182331280492e+03 9.598690779986984012e+01
8.503267235671728486e+03 9.855546699991666060e+01
8.503467289012174660e+03 9.742055494429615692e+01
8.503667342352622654e+03 9.411220624115377120e+01
8.503867395693068829e+03 9.417299629205102462e+01
8.504067449033515004e+03 9.291501278905771244e+01
8.504267502373961179e+03 9.559803508365122582e+01
8.504467555714407354e+03 9.371412883040727593e+01
8.504667609054853529e+03 9.634914465820732232e+01
8.504867662395299703e+03 9.680389800935746791e+01
8.505067715735745878e+03 9.712809463083620187e+01
8.505267769076192053e+03 1.000399587605690925e+02
8.505467822416638228e+03 9.820176650002328245e+01
8.505667875757084403e+03 1.000400963775653906e+02
8.505867929097530578e+03 9.667935983422172797e+01
8.506067982437976752e+03 9.974923914316369178e+01
8.506268035778422927e+03 9.801394143760875011e+01
8.506468089118872740e+03 9.879112687219098632e+01
8.506668142459317096e+03 1.012168878729598447e+02
8.506868195799763271e+03 9.941693280094801821e+01
8.507068249140209446e+03 9.933094271485379068e+01
8.507268302480655620e+03 1.009926147730254513e+02
8.507468355821103614e+03 9.901646597250196180e+01
8.507668409161547970e+03 1.001103851464599046e+02
8.507868462501994145e+03 1.003754244740157020e+02
8.508068515842440320e+03 9.912464948309896329e+01
8.508268569182886495e+03 9.967971910042963657e+01
8.508468622523334489e+03 9.880924034069964534e+01
8.508668675863778844e+03 9.904877586971048231e+01
8.508868729204226838e+03 9.813826181181599395e+01
8.509068782544673013e+03 9.960491179709860887e+01
8.509268835885119188e+03 9.868524837908854863e+01
8.509468889225567182e+03 1.002405793141199695e+02
8.509668942566011538e+03 9.936419511101009050e+01
8.509868995906459531e+03 9.822405751121574724e+01
8.510069049246903887e+03 9.919004379884310652e+01
8.510269102587350062e+03 1.004628718972809480e+02
8.510469155927798056e+03 9.946560573673873762e+01
8.510669209268242412e+03 9.983179679259228578e+01
8.510869262608690406e+03 9.863463468921645472e+01
8.511069315949134761e+03 9.809617450092476076e+01
8.511269369289582755e+03 9.737847960593693131e+01
8.511469422630028930e+03 1.011714991318980452e+02
8.511669475970473286e+03 9.921136158542662997e+01
8.511869529310923099e+03 9.819053735004756334e+01
8.512069582651367455e+03 1.002211020689328222e+02
8.512269635991815449e+03 9.915633538928013024e+01
8.512469689332261623e+03 9.966434318371938161e+01
8.512669742672705979e+03 9.847345122502021297e+01
8.512869796013153973e+03 1.014642194243431703e+02
8.513069849353598329e+03 1.001992260972290154e+02
8.513269902694046323e+03 9.985117552162182619e+01
8.513469956034492498e+03 9.916234494984841774e+01
8.513670009374938672e+03 9.932127770252225218e+01
8.513870062715384847e+03 1.007213966284114548e+02
8.514070116055829203e+03 1.001050891396341882e+02
8.514270169396277197e+03 1.015836663798788777e+02
8.514470222736725191e+03 1.004359392844449275e+02
8.514670276077171366e+03 9.981389640862818169e+01
8.514870329417617540e+03 9.887409915327037879e+01
8.515070382758061896e+03 9.919643231430097785e+01
8.515270436098509890e+03 1.001559657537841588e+02
8.515470489438956065e+03 1.007971347258063162e+02
8.515670542779402240e+03 9.585258380608551931e+01
8.515870596119848415e+03 9.478457881795756634e+01
8.516070649460294590e+03 8.868065267544631070e+01
8.516270702800740764e+03 8.884373049568026204e+01
8.516470756141186939e+03 8.844674110824060165e+01
8.516670809481633114e+03 9.045591975076540336e+01
8.516870862822079289e+03 9.223883882584956950e+01
8.517070916162525464e+03 9.395802509916816803e+01
8.517270969502973458e+03 9.549621132238407029e+01
8.517471022843419632e+03 9.663788837485745375e+01
8.517671076183865807e+03 9.625164017578569542e+01
8.517871129524311982e+03 9.737701943941408445e+01
8.518071182864758157e+03 9.793757367514068335e+01
8.518271236205204332e+03 9.806551124801542585e+01
8.518471289545652326e+03 1.001774683277207743e+02
8.518671342886096681e+03 1.007052682661501990e+02
8.518871396226542856e+03 9.915782771805696427e+01
8.519071449566989031e+03 9.913474185324400878e+01
8.519271502907435206e+03 9.580597812598134055e+01
8.519471556247883200e+03 1.002620269292698936e+02
8.519671609588327556e+03 9.884165061898256965e+01
8.519871662928775550e+03 9.894032399540103029e+01
8.520071716269221724e+03 9.633167747618567489e+01
8.520271769609667899e+03 9.794019941094167336e+01
8.520471822950115893e+03 9.627665638685301985e+01
8.520671876290560249e+03 9.486287366794543630e+01
8.520871929631008243e+03 9.768883342594909891e+01
8.521071982971452599e+03 9.778861928169929740e+01
8.521272036311898773e+03 9.857244152255904623e+01
8.521472089652346767e+03 9.636726112885463635e+01
8.521672142992791123e+03 9.859184677869609459e+01
8.521872196333239117e+03 9.707457887147486986e+01
8.522072249673683473e+03 9.781822754257211727e+01
8.522272303014129648e+03 9.827496207395361694e+01
8.522472356354577641e+03 9.777966957356615296e+01
8.522672409695023816e+03 1.006446630280279635e+02
8.522872463035471810e+03 9.861221230260009918e+01
8.523072516375916166e+03 1.004436332363652866e+02
8.523272569716364160e+03 1.000822167185197600e+02
8.523472623056810335e+03 9.992118211603306577e+01
8.523672676397254691e+03 9.908114948895322982e+01
8.523872729737702684e+03 9.951908126119477060e+01
8.524072783078147040e+03 9.951316310309736934e+01
8.524272836418595034e+03 1.007418880189103021e+02
8.524472889759041209e+03 9.979101940245857350e+01
8.524672943099487384e+03 1.003745011305689161e+02
8.524872996439933559e+03 9.831195935653914830e+01
8.525073049780377914e+03 9.858895438979229198e+01
8.525273103120827727e+03 9.904025107678556594e+01
8.525473156461273902e+03 9.751965205411208615e+01
8.525673209801720077e+03 9.968106711287177291e+01
8.525873263142166252e+03 9.721955357218953964e+01
8.526073316482610608e+03 9.862690263460613949e+01
8.526273369823058601e+03 9.834305400406525166e+01
8.526473423163504776e+03 1.006064814000805825e+02
8.526673476503950951e+03 9.860693349144028730e+01
8.526873529844397126e+03 9.815390302766793695e+01
8.527073583184843301e+03 1.004293633916407771e+02
8.527273636525289476e+03 9.767072356578363213e+01
8.527473689865735651e+03 9.877731034325029214e+01
8.527673743206181825e+03 9.858148775019147081e+01
8.527873796546628000e+03 9.719849208163682874e+01
8.528073849887075994e+03 9.898586421566177762e+01
8.528273903227522169e+03 9.695543547670808948e+01
8.528473956567968344e+03 9.910296173029493616e+01
8.528674009908414519e+03 9.806839890675477989e+01
8.528874063248860693e+03 9.592881149725928935e+01
8.529074116589306868e+03 9.731597933071722650e+01
8.529274169929753043e+03 9.424218060645688411e+01
8.529474223270201037e+03 9.375558933839658948e+01
8.529674276610645393e+03 9.786418254149897678e+01
8.529874329951091568e+03 9.533491937255205073e+01
8.530074383291537742e+03 9.779547583980686909e+01
8.530274436631983917e+03 9.817803149611661695e+01
8.530474489972431911e+03 9.935755524366761904e+01
8.530674543312878086e+03 9.623147828821466021e+01
8.530874596653324261e+03 9.804473198698475755e+01
8.531074649993770436e+03 9.865605978262495057e+01
8.531274703334216611e+03 9.987033688861693292e+01
8.531474756674664604e+03 9.653040638816788999e+01
8.531674810015108960e+03 9.860424558360824676e+01
8.531874863355556954e+03 9.922280496474046174e+01
8.532074916696001310e+03 9.614013099299725695e+01
8.532274970036447485e+03 9.794898204474290537e+01
8.532475023376895479e+03 9.784883010654839097e+01
8.532675076717339834e+03 9.959611381563934174e+01
8.532875130057787828e+03 9.874328742498209976e+01
8.533075183398232184e+03 9.676165637613819115e+01
8.533275236738678359e+03 9.835800657120140045e+01
8.533475290079128172e+03 9.562824263595622654e+01
8.533675343419572528e+03 9.894886944759457492e+01
8.533875396760020521e+03 9.760756074683152406e+01
8.534075450100464877e+03 9.778973884025667473e+01
8.534275503440912871e+03 9.727838515583326284e+01
8.534475556781359046e+03 9.574825668696045966e+01
8.534675610121803402e+03 9.809926385530648929e+01
8.534875663462251396e+03 9.803832867430023157e+01
8.535075716802695752e+03 9.681296598554665422e+01
8.535275770143143745e+03 9.748226694613599363e+01
8.535475823483589920e+03 9.463597005904763648e+01
8.535675876824034276e+03 9.444676645183690766e+01
8.535875930164482270e+03 9.769527757772166865e+01
8.536075983504928445e+03 9.580198193378964788e+01
8.536276036845376439e+03 9.541732863391429476e+01
8.536476090185822613e+03 9.590531552135254856e+01
8.536676143526268788e+03 9.414740774259431078e+01
8.536876196866714963e+03 9.480470603485363768e+01
8.537076250207159319e+03 9.704739458476805680e+01
8.537276303547607313e+03 9.486452557529496232e+01
8.537476356888053488e+03 9.512582805933215013e+01
8.537676410228499662e+03 9.524400025888522237e+01
8.537876463568945837e+03 9.364426756237291727e+01
8.538076516909390193e+03 9.397576458988585557e+01
8.538276570249838187e+03 9.318416063941421612e+01
8.538476623590284362e+03 9.066627667080746278e+01
8.538676676930730537e+03 9.111881497563857124e+01
8.538876730271178531e+03 9.256915363191301083e+01
8.539076783611624705e+03 9.209569579610362666e+01
8.539276836952070880e+03 9.026957829321996485e+01
8.539476890292517055e+03 9.080237281853877107e+01
8.539676943632963230e+03 9.102641206590345746e+01
8.539876996973409405e+03 9.066000873093153700e+01
8.540077050313855580e+03 8.921837552070624611e+01
8.540277103654301754e+03 8.893583417040093764e+01
8.540477156994747929e+03 8.681363603538578388e+01
8.540677210335194104e+03 8.624159720290101916e+01
8.540877263675640279e+03 8.664560216550221128e+01
8.541077317016086454e+03 8.491930894824714926e+01
8.541277370356532629e+03 8.350860899994584940e+01
8.541477423696982441e+03 8.152912249577811110e+01
8.541677477037426797e+03 8.102129241022198869e+01
8.541877530377872972e+03 8.041455419784375636e+01
8.542077583718319147e+03 8.019014102965884661e+01
8.542277637058765322e+03 7.470078029560879429e+01
8.542477690399213316e+03 7.380255910091179317e+01
8.542677743739657672e+03 7.324521649001846413e+01
8.542877797080103846e+03 6.772015884921572138e+01
8.543077850420550021e+03 6.690701188542995226e+01
8.543277903760996196e+03 5.938110859128563135e+01
8.543477957101444190e+03 5.586135885068693341e+01
8.543678010441888546e+03 5.121507916181289488e+01
8.543878063782336540e+03 4.721771719665635914e+01
8.544078117122780895e+03 4.398279035163702844e+01
8.544278170463228889e+03 3.902562516625482658e+01
8.544478223803676883e+03 3.953610883356022754e+01
8.544678277144121239e+03 4.250607243911100142e+01
8.544878330484569233e+03 4.604785139389591109e+01
8.545078383825013589e+03 5.217680870659243908e+01
8.545278437165459763e+03 5.619720758544490735e+01
8.545478490505907757e+03 6.283260228026965422e+01
8.545678543846352113e+03 6.507495079090431034e+01
8.545878597186800107e+03 6.666861511237341631e+01
8.546078650527244463e+03 7.108842827813191434e+01
8.546278703867692457e+03 7.269539952251508907e+01
8.546478757208138632e+03 7.582191764698782777e+01
8.546678810548582987e+03 7.670702746790200877e+01
8.546878863889032800e+03 7.886897714621109401e+01
8.547078917229477156e+03 7.942983069706360766e+01
8.547278970569925150e+03 7.988257732447149806e+01
8.547479023910371325e+03 8.291706914855565458e+01
8.547679077250817500e+03 8.397779306070732730e+01
8.547879130591263674e+03 8.454512162377773166e+01
8.548079183931708030e+03 8.519101602779888083e+01
8.548279237272156024e+03 8.662358067781961779e+01
8.548479290612602199e+03 8.839693145802243635e+01
8.548679343953048374e+03 8.661202157347224784e+01
8.548879397293494549e+03 9.073077157734459774e+01
8.549079450633938905e+03 9.016621215351491969e+01
8.549279503974386898e+03 9.076156804906406705e+01
8.549479557314833073e+03 9.202852954720586354e+01
8.549679610655281067e+03 9.057951268969330272e+01
8.549879663995727242e+03 9.246456014953751890e+01
8.550079717336173417e+03 9.401762482390182640e+01
8.550279770676619592e+03 9.357355351940010735e+01
8.550479824017065766e+03 9.449082359097762662e+01
8.550679877357511941e+03 9.452643350736181560e+01
8.550879930697958116e+03 9.442106046332831681e+01
8.551079984038404291e+03 9.454629831241760485e+01
8.551280037378850466e+03 9.566416887150225534e+01
8.551480090719296641e+03 9.380770575541575340e+01
8.551680144059742815e+03 9.534883383323666806e+01
8.551880197400188990e+03 9.739237629570119736e+01
8.552080250740635165e+03 9.311305403400459113e+01
8.552280304081083159e+03 9.407009837725787804e+01
8.552480357421531153e+03 9.613591581706744194e+01
8.552680410761975509e+03 9.569623537889282261e+01
8.552880464102421683e+03 9.707453129771455735e+01
8.553080517442867858e+03 9.755362002512733000e+01
8.553280570783314033e+03 9.665005203343243068e+01
8.553480624123762027e+03 9.691052245601851212e+01
8.553680677464206383e+03 9.831348655234927492e+01
8.553880730804652558e+03 9.560140467225267003e+01
8.554080784145098733e+03 9.671307126964227052e+01
8.554280837485544907e+03 9.773616599713852793e+01
8.554480890825992901e+03 9.673057654838071073e+01
8.554680944166437257e+03 9.659226012768272085e+01
8.554880997506885251e+03 9.808119673894852042e+01
8.555081050847331426e+03 9.718771553691600218e+01
8.555281104187777601e+03 9.654016884892870110e+01
8.555481157528225594e+03 9.729177411276002374e+01
8.555681210868669950e+03 9.551760739357757757e+01
8.555881264209117944e+03 9.818501694984311712e+01
8.556081317549562300e+03 9.761721380000498982e+01
8.556281370890008475e+03 9.886835720793982318e+01
8.556481424230456469e+03 1.004117903553466249e+02
8.556681477570900825e+03 9.851647834202061915e+01
8.556881530911348818e+03 9.647296991767836971e+01
8.557081584251793174e+03 9.656875168747725979e+01
8.557281637592241168e+03 9.762395270415397874e+01
8.557481690932687343e+03 9.983139246942464240e+01
8.557681744273133518e+03 9.714700993231240034e+01
8.557881797613581512e+03 9.902723010062027242e+01
8.558081850954025867e+03 9.811722559260803678e+01
8.558281904294473861e+03 9.864112604212266433e+01
8.558481957634920036e+03 9.739766446457241500e+01
8.558682010975364392e+03 9.531516747244900500e+01
8.558882064315812386e+03 9.471441393698688671e+01
8.559082117656256742e+03 9.100501296268650719e+01
8.559282170996704735e+03 9.357032023168683565e+01
8.559482224337150910e+03 9.516916570162975120e+01
8.559682277677597085e+03 9.890711581487539661e+01
8.559882331018043260e+03 9.891556563907344923e+01
8.560082384358487616e+03 9.913523851113301077e+01
8.560282437698935610e+03 9.845556866292338327e+01
8.560482491039383603e+03 1.004600972356022766e+02
8.560682544379829778e+03 9.805050163970464894e+01
8.560882597720275953e+03 9.882808502746938473e+01
8.561082651060720309e+03 9.856763855196707880e+01
8.561282704401168303e+03 9.750558659978092635e+01
8.561482757741614478e+03 9.963274878347287711e+01
8.561682811082060653e+03 9.734560218522615571e+01
8.561882864422506827e+03 9.819614890298271348e+01
8.562082917762953002e+03 9.995230540427961330e+01
8.562282971103399177e+03 9.875489568763417481e+01
8.562483024443845352e+03 9.837530687018357867e+01
8.562683077784291527e+03 9.657744035660549287e+01
8.562883131124737702e+03 9.950299859664687574e+01
8.563083184465183876e+03 9.865479449322393180e+01
8.563283237805631870e+03 9.686999582681191612e+01
8.563483291146078045e+03 9.813970498077682691e+01
8.563683344486524220e+03 9.990223238104846359e+01
8.563883397826970395e+03 9.853731844203934997e+01
8.564083451167416570e+03 9.753501288572715566e+01
8.564283504507862745e+03 1.008162711006232541e+02
8.564483557848310738e+03 9.994626054897432255e+01
8.564683611188755094e+03 1.002683629759349344e+02
8.564883664529201269e+03 9.875960702778934319e+01
8.565083717869647444e+03 1.024342260115815577e+02
8.565283771210093619e+03 9.805334046662156311e+01
8.565483824550541613e+03 1.003790613514149044e+02
8.565683877890985968e+03 9.859836913463065855e+01
8.565883931231433962e+03 9.834602851471123586e+01
8.566083984571880137e+03 9.791423062749278472e+01
8.566284037912326312e+03 1.009640494530258934e+02
8.566484091252774306e+03 9.927766179673271552e+01
8.566684144593218662e+03 9.993856488846989805e+01
8.566884197933666655e+03 9.854635552058554993e+01
8.567084251274111011e+03 9.828405915513188518e+01
8.567284304614557186e+03 9.996229479005732799e+01
8.567484357955005180e+03 9.982301180523441531e+01
8.567684411295449536e+03 9.937011230617942203e+01
8.567884464635897530e+03 9.786564624385792399e+01
8.568084517976341886e+03 9.879858624387964028e+01
8.568284571316788060e+03 9.963196220466146258e+01
8.568484624657236054e+03 9.807739633472654361e+01
8.568684677997682229e+03 9.834762697360091011e+01
8.568884731338130223e+03 1.004839902234556206e+02
8.569084784678574579e+03 1.003009433234673367e+02
8.569284838019022573e+03 9.710011520449553757e+01
8.569484891359468747e+03 1.011425104033100837e+02
8.569684944699913103e+03 1.005855882943584447e+02
8.569884998040361097e+03 9.911173140252346059e+01
8.570085051380805453e+03 9.988253841862309912e+01
8.570285104721253447e+03 9.838084439692846672e+01
8.570485158061699622e+03 1.003684129547661001e+02
8.570685211402145796e+03 1.003417838477364654e+02
8.570885264742591971e+03 9.928743088041065334e+01
8.571085318083036327e+03 9.889584174601415612e+01
8.571285371423486140e+03 1.010330748475366534e+02
8.571485424763932315e+03 1.004180181989333676e+02
8.571685478104378490e+03 9.835992948786991974e+01
8.571885531444824665e+03 9.933677302179229684e+01
8.572085584785269020e+03 1.004522079640768197e+02
8.572285638125717014e+03 9.721886689930680348e+01
8.572485691466163189e+03 1.005945606113005084e+02
8.572685744806609364e+03 1.009091566321972238e+02
8.572885798147055539e+03 9.942811451475402862e+01
8.573085851487501714e+03 1.001022490078806157e+02
8.573285904827947888e+03 9.904462028707550303e+01
8.573485958168394063e+03 9.827733776737467508e+01
8.573686011508840238e+03 9.706475095468313441e+01
8.573886064849286413e+03 9.519309282892619706e+01
8.574086118189734407e+03 9.713650648752880556e+01
8.574286171530180582e+03 9.691239258023811942e+01
8.574486224870626756e+03 9.665630904273328383e+01
8.574686278211072931e+03 9.876529475006650216e+01
8.574886331551519106e+03 9.910076378350224502e+01
8.575086384891965281e+03 9.971253769222160201e+01
8.575286438232411456e+03 1.015222712415689017e+02
8.575486491572859450e+03 9.798235788203554364e+01
8.575686544913303806e+03 1.003864185291135556e+02
8.575886598253749980e+03 9.704140850215000569e+01
8.576086651594196155e+03 1.008475846374368530e+02
8.576286704934642330e+03 1.004110556617554124e+02
8.576486758275090324e+03 1.004723808259169147e+02
8.576686811615536499e+03 9.980785403317958071e+01
8.576886864955982674e+03 9.882839764906780999e+01
8.577086918296428848e+03 1.003344108585633450e+02
8.577286971636875023e+03 9.887427895006942435e+01
8.577487024977323017e+03 1.012656438064700382e+02
8.577687078317767373e+03 1.016425984197126269e+02
8.577887131658215367e+03 9.944715244948970678e+01
8.578087184998659723e+03 9.934774924805137175e+01
8.578287238339105897e+03 9.969985450440591990e+01
8.578487291679553891e+03 1.004063962595493962e+02
8.578687345019998247e+03 9.875764276316645862e+01
8.578887398360446241e+03 9.799335818917360541e+01
8.579087451700890597e+03 9.832320180824395095e+01
8.579287505041336772e+03 1.008403702799485302e+02
8.579487558381786585e+03 1.002877478793959654e+02
8.579687611722230940e+03 1.003943086786168237e+02
8.579887665062678934e+03 9.969799653002313278e+01
8.580087718403123290e+03 9.878843912747474576e+01
8.580287771743571284e+03 9.958794966550851768e+01
8.580487825084017459e+03 9.840897080495203397e+01
8.580687878424461815e+03 9.759508321892819538e+01
8.580887931764909808e+03 1.000981157678678670e+02
8.581087985105354164e+03 1.001868988451498694e+02
8.581288038445802158e+03 9.870908009641726721e+01
8.581488091786248333e+03 9.950068873648199030e+01
8.581688145126692689e+03 1.010873202737391807e+02
8.581888198467140683e+03 1.008258170861196987e+02
8.582088251807586857e+03 9.902177477012968154e+01
8.582288305148034851e+03 9.908437002205248234e+01
8.582488358488481026e+03 1.010644762268431265e+02
8.582688411828927201e+03 1.001753889736935008e+02
8.582888465169373376e+03 1.002919120749242694e+02
8.583088518509817732e+03 9.986639063422397555e+01
8.583288571850265726e+03 1.004412515846346139e+02
8.583488625190711900e+03 9.913940284941378422e+01
8.583688678531158075e+03 1.017875159575082193e+02
8.583888731871604250e+03 9.909653081474482406e+01
8.584088785212048606e+03 9.785944730590129836e+01
8.584288838552496600e+03 9.338946145902333740e+01
8.584488891892942775e+03 9.413472382284147955e+01
8.584688945233388949e+03 9.457893801141059953e+01
8.584888998573836943e+03 9.495721312088279831e+01
8.585089051914283118e+03 9.705491141780510134e+01
8.585289105254729293e+03 9.967716453294494272e+01
8.585489158595175468e+03 9.915430582733016251e+01
8.585689211935621643e+03 9.883986112604624452e+01
8.585889265276067817e+03 9.907631304397706629e+01
8.586089318616513992e+03 9.963250255365028352e+01
8.586289371956960167e+03 9.959314015540562082e+01
8.586489425297406342e+03 9.910905969485501998e+01
8.586689478637852517e+03 9.766270225123106741e+01
8.586889531978298692e+03 9.619229524508948259e+01
8.587089585318744867e+03 9.608107122623630403e+01
8.587289638659191041e+03 9.706159475236728440e+01
8.587489691999640854e+03 9.957985108928821205e+01
8.587689745340085210e+03 9.948749015743929647e+01
8.587889798680531385e+03 9.801260811429854414e+01
8.588089852020977560e+03 1.016672403752329501e+02
8.588289905361423735e+03 9.664022581111731824e+01
8.588489958701871728e+03 9.992913317726518585e+01
8.588690012042316084e+03 1.007889302891470180e+02
8.588890065382762259e+03 9.923520826809523498e+01
8.589090118723208434e+03 9.798134167722102461e+01
8.589290172063654609e+03 9.834741081802071960e+01
8.589490225404102603e+03 9.916867596324418344e+01
8.589690278744546958e+03 9.967646336253419292e+01
8.589890332084994952e+03 9.890748915655844087e+01
8.590090385425439308e+03 9.941929013439364837e+01
8.590290438765887302e+03 9.778613106011054867e+01
8.590490492106335296e+03 9.653287695968508331e+01
8.590690545446779652e+03 9.735829740756770434e+01
8.590890598787227646e+03 9.906092806444159748e+01
8.591090652127672001e+03 9.780490241894162295e+01
8.591290705468118176e+03 1.007202303091160758e+02
8.591490758808566170e+03 1.004076639930565307e+02
8.591690812149010526e+03 1.008936566765284795e+02
8.591890865489458520e+03 1.002981295720439476e+02
8.592090918829902876e+03 1.009669878649908696e+02
8.592290972170350869e+03 1.002533549369047989e+02
8.592491025510797044e+03 9.823219775537388898e+01
8.592691078851241400e+03 9.821570192393667753e+01
8.592891132191691213e+03 9.830950065040534014e+01
8.593091185532135569e+03 1.018071004339883388e+02
8.593291238872583563e+03 1.011331598298053365e+02
8.593491292213029737e+03 9.800997355070651906e+01
8.593691345553475912e+03 1.001587480539914452e+02
8.593891398893922087e+03 1.009618668176233314e+02
8.594091452234366443e+03 9.951338693665528012e+01
8.594291505574814437e+03 1.022221649378829085e+02
8.594491558915260612e+03 9.809275483965870990e+01
8.594691612255706787e+03 9.756008781859164003e+01
8.594891665596152961e+03 9.787979969748371900e+01
8.595091718936597317e+03 9.704435981538264855e+01
8.595291772277045311e+03 9.803061448165334468e+01
8.595491825617491486e+03 9.891401572316344470e+01
8.595691878957939480e+03 1.009322780395514627e+02
8.595891932298385655e+03 9.829990001743190930e+01
8.596091985638831829e+03 1.003757590452605086e+02
8.596292038979278004e+03 1.010392891276900258e+02
8.596492092319724179e+03 9.803125205587853941e+01
8.596692145660170354e+03 9.997266591438751959e+01
8.596892199000616529e+03 9.906416094756247048e+01
8.597092252341062704e+03 9.924590247288361411e+01
8.597292305681508878e+03 9.843065083252257352e+01
8.597492359021955053e+03 1.021102792635364267e+02
8.597692412362401228e+03 9.997254639170800772e+01
8.597892465702847403e+03 9.978441117882529454e+01
8.598092519043293578e+03 9.975158104325684860e+01
8.598292572383741572e+03 9.707205864282335028e+01
8.598492625724189566e+03 9.876173624008758622e+01
8.598692679064633921e+03 9.827471881744475013e+01
8.598892732405080096e+03 9.863591236185450839e+01
8.599092785745526271e+03 9.851222938274737828e+01
8.599292839085972446e+03 9.904276627885286644e+01
8.599492892426420440e+03 9.848122782182598201e+01
8.599692945766864796e+03 9.843940762230089092e+01
8.599892999107310970e+03 9.875962585096200996e+01
8.600093052447757145e+03 9.930145800504337217e+01
8.600293105788203320e+03 9.799739673340560842e+01
8.600493159128651314e+03 9.585023049821577956e+01
8.600693212469095670e+03 9.251874460066640893e+01
8.600893265809543664e+03 9.291094377580334651e+01
8.601093319149989838e+03 8.962551806343630290e+01
8.601293372490436013e+03 9.098651295909378689e+01
8.601493425830884007e+03 9.567175897045365218e+01
8.601693479171328363e+03 9.822217377040345809e+01
8.601893532511776357e+03 9.942610223917394308e+01
8.602093585852220713e+03 1.003159794339209014e+02
8.602293639192666888e+03 1.010345866680185338e+02
8.602493692533114881e+03 1.014907322339406761e+02
8.602693745873559237e+03 9.676685136540679366e+01
8.602893799214007231e+03 9.923955685904442703e+01
8.603093852554451587e+03 9.985850828045987271e+01
8.603293905894899581e+03 1.000779939893500767e+02
8.603493959235345756e+03 1.003253967532741910e+02
8.603694012575791930e+03 1.001681968317550400e+02
8.603894065916239924e+03 1.005259175005678003e+02
8.604094119256684280e+03 1.004592970695490948e+02
8.604294172597132274e+03 1.005618100457990067e+02
8.604494225937578449e+03 9.995762930499053311e+01
8.604694279278022805e+03 1.009414637333794644e+02
8.604894332618470798e+03 9.914661968927663338e+01
8.605094385958915154e+03 1.005362076945998382e+02
8.605294439299363148e+03 9.783511321277947559e+01
8.605494492639809323e+03 9.897143574076112316e+01
8.605694545980255498e+03 1.006728125143697667e+02
8.605894599320701673e+03 1.012533122122871418e+02
8.606094652661146029e+03 9.916612677658253006e+01
8.606294706001594022e+03 9.908902234876433113e+01
8.606494759342042016e+03 1.007567296493139253e+02
8.606694812682488191e+03 1.010169648434743692e+02
8.606894866022934366e+03 9.914784403982457661e+01
8.607094919363378722e+03 9.924524897572570126e+01
8.607294972703826716e+03 9.998522387475185269e+01
8.607495026044272890e+03 9.849622708204452692e+01
8.607695079384719065e+03 9.898833843022677570e+01
8.607895132725165240e+03 1.008318304996110157e+02
8.608095186065611415e+03 9.867797047822838863e+01
8.608295239406057590e+03 9.845517567882126286e+01
8.608495292746503765e+03 9.778215014787291182e+01
8.608695346086949939e+03 9.751312746415531763e+01
8.608895399427396114e+03 1.005233219257331712e+02
8.609095452767844108e+03 9.782592277323705332e+01
8.609295506108290283e+03 9.934393136550322367e+01
8.609495559448736458e+03 9.870760056286759720e+01
8.609695612789182633e+03 1.018601085470469911e+02
8.609895666129628808e+03 9.914491266081027732e+01
8.610095719470074982e+03 1.000213419270309316e+02
8.610295772810521157e+03 1.004137313634944348e+02
8.610495826150969151e+03 9.994800469459508463e+01
8.610695879491413507e+03 9.772031928295012904e+01
8.610895932831859682e+03 9.901363899836125881e+01
8.611095986172305857e+03 1.005230028315351518e+02
8.611296039512752031e+03 9.846181902378272355e+01
8.611496092853200025e+03 1.000374310548546219e+02
8.611696146193644381e+03 1.002384448537981996e+02
8.611896199534092375e+03 9.853154292354928145e+01
8.612096252874538550e+03 9.972846811521735333e+01
8.612296306214984725e+03 1.005973530384980279e+02
8.612496359555432718e+03 9.899718989841190364e+01
8.612696412895877074e+03 9.933118870592350902e+01
8.612896466236325068e+03 9.756373278612406352e+01
8.613096519576769424e+03 9.694226759920633185e+01
8.613296572917215599e+03 9.822988531431371939e+01
8.613496626257663593e+03 9.505608766317007507e+01
8.613696679598107949e+03 9.471569833204922872e+01
8.613896732938555942e+03 8.676915661921520950e+01
8.614096786279000298e+03 8.566439366943649247e+01
8.614296839619446473e+03 8.409302119123545083e+01
8.614496892959896286e+03 9.058244760903788517e+01
8.614696946300340642e+03 9.764443930014904538e+01
8.614896999640788636e+03 9.850059532901175885e+01
8.615097052981232991e+03 9.985319477957655465e+01
8.615297106321680985e+03 1.000329311880917942e+02
8.615497159662127160e+03 9.996978193552078551e+01
8.615697213002571516e+03 9.972562937735266075e+01
8.615897266343019510e+03 9.893292708612142405e+01
8.616097319683463866e+03 9.904649548687739014e+01
8.616297373023911859e+03 1.017206502481350441e+02
8.616497426364358034e+03 1.010814267726000395e+02
8.616697479704804209e+03 9.987102343532420434e+01
8.616897533045250384e+03 1.000021134985662457e+02
8.617097586385694740e+03 9.897831878598321964e+01
8.617297639726144553e+03 9.841243091790349240e+01
8.617497693066590728e+03 9.981744985966294337e+01
8.617697746407036902e+03 1.011399168328876357e+02
8.617897799747483077e+03 1.001903521597897821e+02
8.618097853087927433e+03 9.928565662876643216e+01
8.618297906428375427e+03 9.865902398905518567e+01
8.618497959768821602e+03 9.936892190788019263e+01
8.618698013109267777e+03 9.877279219766441543e+01
8.618898066449713951e+03 9.879222381361540783e+01
8.619098119790160126e+03 9.743772687979260638e+01
8.619298173130606301e+03 9.994952690386965344e+01
8.619498226471052476e+03 9.901939334320015007e+01
8.619698279811498651e+03 9.904377039440895203e+01
8.619898333151946645e+03 9.973254886474924774e+01
8.620098386492392819e+03 9.837742294131432175e+01
8.620298439832838994e+03 9.729699808114170878e+01
8.620498493173285169e+03 9.873289602960861089e+01
8.620698546513731344e+03 9.911341939991137906e+01
8.620898599854177519e+03 9.929018650556895409e+01
8.621098653194623694e+03 9.871419997903166177e+01
8.621298706535069869e+03 1.000325675396664735e+02
8.621498759875517862e+03 1.001883051859998659e+02
8.621698813215962218e+03 9.885727734706655667e+01
8.621898866556408393e+03 9.814633351333820599e+01
8.622098919896854568e+03 1.017167535463117218e+02
8.622298973237300743e+03 1.015074953581327009e+02
8.622499026577748737e+03 1.006325299555203117e+02
8.622699079918194911e+03 9.708927664838803651e+01
8.622899133258641086e+03 1.002405631058189499e+02
8.623099186599087261e+03 9.865176766550189313e+01
8.623299239939533436e+03 9.542186737266797536e+01
8.623499293279981430e+03 9.369516036688496285e+01
8.623699346620425786e+03 8.918362202946065054e+01
8.623899399960873779e+03 8.853032656764207786e+01
8.624099453301318135e+03 8.875841693955258904e+01
8.624299506641764310e+03 9.414050446017755291e+01
8.624499559982212304e+03 9.690305236913197007e+01
8.624699613322656660e+03 9.805254552969394410e+01
8.624899666663104654e+03 9.847827280393751437e+01
8.625099720003549010e+03 9.839716518769486697e+01
8.625299773343997003e+03 9.938242528171453216e+01
8.625499826684444997e+03 9.936826022879607478e+01
8.625699880024889353e+03 9.829292130457899646e+01
8.625899933365337347e+03 1.000349180730369767e+02
8.626099986705781703e+03 9.972681429283228738e+01
8.626300040046229697e+03 1.001422371007205498e+02
8.626500093386675871e+03 9.925943215798959329e+01
8.626700146727120227e+03 9.826860259709746970e+01
8.626900200067568221e+03 1.001129594613822746e+02
8.627100253408012577e+03 1.005445137843045558e+02
8.627300306748460571e+03 1.007375332654464444e+02
8.627500360088906746e+03 1.002522346891397405e+02
8.627700413429351102e+03 1.018749045624339828e+02
8.627900466769799095e+03 1.001595488221965411e+02
8.628100520110245270e+03 9.844455326227520686e+01
8.628300573450693264e+03 9.995548420805573642e+01
8.628500626791139439e+03 9.867541467521215282e+01
8.628700680131585614e+03 9.995736516603352584e+01
8.628900733472031789e+03 9.958353039921026095e+01
8.629100786812476144e+03 9.971706123721511972e+01
8.629300840152924138e+03 1.007051223489571896e+02
8.629500893493370313e+03 1.005518607481526061e+02
8.629700946833816488e+03 9.986919347005964198e+01
8.629901000174262663e+03 1.000836243799886347e+02
8.630101053514707019e+03 1.018039271067983975e+02
8.630301106855155012e+03 9.892667939463152038e+01
8.630501160195601187e+03 1.014640551577615923e+02
8.630701213536049181e+03 1.025181331236646969e+02
8.630901266876495356e+03 9.900734667050409143e+01
8.631101320216941531e+03 1.012768087665975258e+02
8.631301373557387706e+03 9.899976483808760008e+01
8.631501426897833881e+03 1.015042078984042746e+02
8.631701480238280055e+03 9.962057469472335924e+01
8.631901533578726230e+03 9.841056067633878968e+01
8.632101586919172405e+03 9.947397723306191608e+01
8.632301640259618580e+03 1.004072897012844834e+02
8.632501693600064755e+03 1.009625948566860245e+02
8.632701746940510930e+03 1.010799625943068492e+02
8.632901800280957104e+03 1.010652075843031241e+02
8.633101853621403279e+03 1.023393375418790328e+02
8.633301906961849454e+03 9.768721159937797438e+01
8.633501960302299267e+03 1.009677125363040773e+02
8.633702013642743623e+03 1.007305072882764421e+02
8.633902066983189798e+03 1.027224474507986969e+02
8.634102120323635972e+03 9.954093786234403751e+01
8.634302173664082147e+03 1.000175605326068506e+02
8.634502227004530141e+03 9.662728729542780570e+01
8.634702280344974497e+03 9.706455261924628530e+01
8.634902333685420672e+03 9.716939076087265903e+01
8.635102387025866847e+03 9.885449976533442396e+01
8.635302440366313022e+03 9.796716698365899845e+01
8.635502493706761015e+03 9.873267026177849459e+01
8.635702547047205371e+03 9.931874933233802949e+01
8.635902600387653365e+03 9.843999190419856404e+01
8.636102653728099540e+03 9.704246174200406472e+01
8.636302707068545715e+03 1.003671595325424732e+02
8.636502760408993709e+03 9.916075142626704064e+01
8.636702813749438064e+03 1.015046472661126558e+02
8.636902867089886058e+03 9.919143336993924720e+01
8.637102920430330414e+03 9.903148456758474083e+01
8.637302973770776589e+03 1.006330748117021869e+02
8.637503027111224583e+03 1.000935007147090374e+02
8.637703080451668939e+03 1.004023889151564788e+02
8.637903133792116932e+03 9.895453940658860859e+01
8.638103187132561288e+03 1.001676925797232229e+02
8.638303240473009282e+03 9.941996161290371958e+01
8.638503293813455457e+03 9.902795488667415214e+01
8.638703347153899813e+03 9.923153411113071343e+01
8.638903400494349626e+03 9.729761785522495643e+01
8.639103453834793982e+03 9.958999552203439976e+01
8.639303507175241975e+03 9.917821073419193567e+01
8.639503560515688150e+03 1.004885613889702540e+02
8.639703613856134325e+03 9.965209768584688277e+01
8.639903667196580500e+03 1.011442853157875561e+02
8.640103720537024856e+03 9.985637226272092448e+01
8.640303773877472850e+03 1.008983276331662609e+02
8.640503827217919024e+03 9.947917501445937205e+01
8.640703880558365199e+03 1.009396285465082883e+02
8.640903933898811374e+03 9.985430181585101650e+01
8.641103987239255730e+03 9.994108175981347131e+01
8.641304040579703724e+03 9.600150808617534892e+01
8.641504093920151718e+03 9.977536203335914422e+01
8.641704147260597892e+03 9.757960110771696804e+01
8.641904200601044067e+03 9.826773955459638898e+01
8.642104253941490242e+03 9.891208139938022725e+01
8.642304307281936417e+03 1.015670782770680631e+02
8.642504360622382592e+03 9.875183323039973970e+01
8.642704413962828767e+03 9.991849240558130418e+01
8.642904467303274942e+03 1.007206095091511031e+02
8.643104520643721116e+03 1.004460000227056469e+02
8.643304573984167291e+03 9.622356699587831486e+01
8.643504627324613466e+03 1.018264848285636788e+02
8.643704680665059641e+03 9.948148346974902267e+01
8.643904734005505816e+03 9.797555647493736330e+01
8.644104787345951991e+03 9.917336274960860010e+01
8.644304840686399984e+03 1.007873791945373938e+02
8.644504894026847978e+03 9.834906908180975904e+01
8.644704947367292334e+03 1.010066280320956196e+02
8.644905000707738509e+03 9.826821641593696199e+01
8.645105054048184684e+03 9.712228758873203560e+01
8.645305107388630859e+03 9.864546385440669951e+01
8.645505160729078852e+03 1.004345501210303269e+02
8.645705214069523208e+03 9.880103702554278300e+01
8.645905267409969383e+03 1.003925864307200868e+02
8.646105320750415558e+03 9.988824542243904148e+01
8.646305374090861733e+03 1.013101112904819701e+02
8.646505427431309727e+03 9.964830241662028243e+01
8.646705480771754083e+03 9.912351559325439609e+01
8.646905534112203895e+03 9.961856852404338269e+01
8.647105587452648251e+03 1.004148477234305687e+02
8.647305640793094426e+03 9.727941794511629325e+01
8.647505694133542420e+03 9.834258361724219810e+01
8.647705747473986776e+03 9.745206112566592083e+01
8.647905800814434770e+03 9.984779786773862043e+01
8.648105854154879125e+03 9.835191970104411041e+01
8.648305907495325300e+03 1.006045208154250474e+02
8.648505960835773294e+03 9.872364988571224842e+01
8.648706014176217650e+03 9.856180188509176787e+01
8.648906067516665644e+03 1.010662149896709820e+02
8.649106120857110000e+03 9.855015624017276821e+01
8.649306174197557993e+03 9.852351962421272447e+01
8.649506227538004168e+03 9.974226085060149671e+01
8.649706280878450343e+03 1.001428306844022416e+02
8.649906334218898337e+03 9.717786242380067563e+01
8.650106387559342693e+03 9.751066571834905972e+01
8.650306440899790687e+03 9.708950720798377176e+01
8.650506494240236862e+03 9.591382904122794173e+01
8.650706547580681217e+03 9.715217366952229838e+01
8.650906600921129211e+03 9.702838381692052394e+01
8.651106654261573567e+03 9.585888153420044944e+01
8.651306707602021561e+03 9.861193193752362163e+01
8.651506760942467736e+03 9.666398086071700391e+01
8.651706814282913911e+03 9.782100786628319611e+01
8.651906867623360085e+03 9.928547444852463855e+01
8.652106920963804441e+03 9.742185669229704104e+01
8.652306974304254254e+03 9.794319904159313239e+01
8.652507027644700429e+03 1.007319682971035348e+02
8.652707080985146604e+03 9.958491156126025601e+01
8.652907134325592779e+03 9.704481053089970999e+01
8.653107187666037134e+03 9.949147589322926422e+01
8.653307241006485128e+03 9.621024424096231087e+01
8.653507294346931303e+03 9.924164790671301262e+01
8.653707347687377478e+03 9.886559538322224228e+01
8.653907401027823653e+03 9.760860874971668011e+01
8.654107454368269828e+03 1.003752274656364420e+02
8.654307507708716003e+03 9.951871825596181509e+01
8.654507561049162177e+03 9.951850241366409477e+01
8.654707614389608352e+03 9.689700140256886129e+01
8.654907667730054527e+03 9.960410657462657014e+01
8.655107721070502521e+03 9.722792522526745529e+01
8.655307774410948696e+03 9.875232294641401154e+01
8.655507827751394871e+03 9.730981714228224178e+01
8.655707881091841045e+03 9.646898635212750150e+01
8.655907934432287220e+03 9.915841591114214282e+01
8.656107987772733395e+03 9.703403174376077800e+01
8.656308041113179570e+03 9.699155271038679871e+01
8.656508094453627564e+03 9.626317156939735753e+01
8.656708147794071920e+03 9.688230135139123433e+01
8.656908201134518094e+03 9.543453230833746659e+01
8.657108254474964269e+03 9.545061627515200087e+01
8.657308307815410444e+03 9.855494942292367000e+01
8.657508361155858438e+03 9.705554232406757365e+01
8.657708414496304613e+03 9.876474701058567973e+01
8.657908467836750788e+03 9.497174083518036980e+01
8.658108521177196963e+03 9.699861273930683581e+01
8.658308574517643137e+03 9.559281829594497992e+01
8.658508627858091131e+03 9.572973257190162144e+01
8.658708681198535487e+03 9.517891021000646390e+01
8.658908734538983481e+03 9.495433851500551725e+01
8.659108787879427837e+03 9.561455085114977237e+01
8.659308841219874012e+03 9.311200500723350615e+01
8.659508894560322005e+03 9.425244370755541468e+01
8.659708947900766361e+03 9.261698982874489161e+01
8.659909001241214355e+03 9.383701518900834060e+01
8.660109054581658711e+03 9.256158059239902514e+01
8.660309107922104886e+03 9.300630297963921578e+01
8.660509161262554699e+03 9.157733546664495350e+01
8.660709214602999054e+03 9.354319396052041213e+01
8.660909267943447048e+03 8.911286042752162473e+01
8.661109321283891404e+03 8.696084504922201575e+01
8.661309374624339398e+03 8.853499271313513930e+01
8.661509427964785573e+03 8.930501670291295113e+01
8.661709481305229929e+03 8.715196170269094011e+01
8.661909534645677923e+03 8.551689939085747483e+01
8.662109587986122278e+03 8.281758379532845993e+01
8.662309641326570272e+03 8.253383342830662173e+01
8.662509694667016447e+03 8.000805582103143365e+01
8.662709748007462622e+03 7.802016405967779633e+01
8.662909801347908797e+03 7.364205319590639931e+01
8.663109854688354972e+03 7.018659683137366301e+01
8.663309908028802965e+03 6.504470567820662552e+01
8.663509961369249140e+03 6.507936339764584943e+01
8.663710014709695315e+03 5.580656971878070749e+01
8.663910068050141490e+03 5.021250110299899205e+01
8.664110121390585846e+03 4.624877052400724153e+01
8.664310174731033840e+03 3.989045504565875433e+01
8.664510228071480014e+03 3.963837050958324681e+01
8.664710281411926189e+03 4.464237850387601725e+01
8.664910334752372364e+03 4.883891483355118623e+01
8.665110388092818539e+03 5.458687013122450082e+01
8.665310441433264714e+03 6.129564162006469275e+01
8.665510494773710889e+03 6.501914933375543626e+01
8.665710548114157064e+03 7.132573852161893058e+01
8.665910601454605057e+03 7.225932914943862784e+01
8.666110654795051232e+03 7.726855086480554746e+01
8.666310708135497407e+03 7.981028156305121968e+01
8.666510761475943582e+03 7.917876623858536789e+01
8.666710814816389757e+03 8.237243782834144668e+01
8.666910868156835932e+03 8.365010791152506897e+01
8.667110921497282106e+03 8.490975740020535056e+01
8.667310974837728281e+03 8.704550351135659980e+01
8.667511028178176275e+03 8.707776719284325395e+01
8.667711081518620631e+03 9.068968407225247574e+01
8.667911134859066806e+03 8.890330847270516301e+01
8.668111188199512981e+03 9.024290768983127009e+01
8.668311241539959155e+03 8.954785904738929503e+01
8.668511294880408968e+03 9.241286347308175664e+01
8.668711348220853324e+03 9.437142270569778191e+01
8.668911401561299499e+03 9.216969388696884380e+01
8.669111454901745674e+03 9.323772211491483120e+01
8.669311508242191849e+03 9.392828606623720589e+01
8.669511561582639843e+03 9.339407013899203491e+01
8.669711614923084198e+03 9.293824065558557379e+01
8.669911668263532192e+03 9.158452656816042747e+01
8.670111721603976548e+03 9.599846809520693114e+01
8.670311774944422723e+03 9.444268218794543657e+01
8.670511828284870717e+03 9.498952961248058102e+01
8.670711881625315073e+03 9.512712803167521258e+01
8.670911934965763066e+03 9.493946977287983202e+01
8.671111988306207422e+03 9.688829672995062481e+01
8.671312041646655416e+03 9.814860252820290043e+01
8.671512094987103410e+03 9.681849621403715389e+01
8.671712148327547766e+03 9.696909575927891467e+01
8.671912201667995760e+03 9.776428361885322715e+01
8.672112255008440115e+03 9.788189108773542557e+01
8.672312308348888109e+03 9.660041420110020738e+01
8.672512361689334284e+03 9.731980506840130829e+01
8.672712415029778640e+03 1.000329342321487331e+02
8.672912468370226634e+03 9.723485236230554563e+01
8.673112521710670990e+03 9.742431258206735833e+01
8.673312575051118984e+03 9.882930313874607009e+01
8.673512628391565158e+03 9.813542939450087488e+01
8.673712681732009514e+03 9.683140454348504989e+01
8.673912735072459327e+03 9.718794155903600540e+01
8.674112788412903683e+03 9.705286525284294896e+01
8.674312841753351677e+03 9.585721977882010947e+01
8.674512895093797852e+03 9.732630856443033451e+01
8.674712948434244026e+03 1.003567204553231988e+02
8.674913001774690201e+03 9.697527692204931782e+01
8.675113055115134557e+03 9.927512838612885560e+01
8.675313108455582551e+03 9.903063413888371258e+01
8.675513161796028726e+03 9.821801691969258741e+01
8.675713215136474901e+03 9.980971597097460801e+01
8.675913268476921075e+03 9.918425953088986091e+01
8.676113321817365431e+03 9.740282422259966211e+01
8.676313375157813425e+03 9.871769506949712536e+01
8.676513428498259600e+03 9.765055159060584344e+01
8.676713481838707594e+03 9.010278687828639477e+01
8.676913535179153769e+03 8.884859987434836626e+01
8.677113588519599944e+03 8.358556052965779770e+01
8.677313641860046118e+03 8.350789217325001346e+01
8.677513695200492293e+03 8.343880725387457176e+01
8.677713748540938468e+03 8.708630413851167873e+01
8.677913801881384643e+03 9.009515516700889748e+01
8.678113855221830818e+03 9.449788883171655129e+01
8.678313908562276993e+03 9.659761985731705636e+01
8.678513961902723167e+03 9.755745455217325457e+01
8.678714015243169342e+03 9.928035554867670953e+01
8.678914068583615517e+03 9.881822551867801963e+01
8.679114121924061692e+03 9.940598920447581577e+01
8.679314175264509686e+03 9.890375618104572197e+01
8.679514228604957680e+03 9.855335035611375361e+01
8.679714281945402035e+03 9.903681738177147054e+01
8.679914335285848210e+03 9.990504708063754435e+01
8.680114388626294385e+03 9.774877572775712053e+01
8.680314441966740560e+03 1.002724376131930768e+02
8.680514495307188554e+03 1.001860034927193084e+02
8.680714548647632910e+03 1.001236929723332025e+02
8.680914601988079085e+03 9.963305280656653906e+01
8.681114655328525259e+03 9.874767403375638253e+01
8.681314708668971434e+03 9.943299328137069892e+01
8.681514762009419428e+03 9.807541017178473908e+01
8.681714815349863784e+03 9.862614388984327718e+01
8.681914868690311778e+03 9.773369238727758557e+01
8.682114922030757953e+03 9.486361537473027283e+01
8.682314975371204127e+03 9.627300286182799027e+01
8.682515028711652121e+03 9.528807815999205388e+01
8.682715082052096477e+03 9.589345690511062514e+01
8.682915135392544471e+03 9.547459295462277851e+01
8.683115188732988827e+03 9.270368567315858854e+01
8.683315242073435002e+03 9.853059818521430202e+01
8.683515295413882995e+03 9.891191282187978118e+01
8.683715348754327351e+03 9.782638915192984541e+01
8.683915402094775345e+03 9.963496707087438153e+01
8.684115455435219701e+03 1.002328672864504426e+02
8.684315508775667695e+03 9.857133133651761625e+01
8.684515562116113870e+03 9.893490944186198988e+01
8.684715615456560045e+03 9.663801357780597812e+01
8.684915668797008038e+03 9.651994622110849775e+01
8.685115722137452394e+03 9.244550431985497596e+01
8.685315775477900388e+03 9.138855086854245258e+01
8.685515828818346563e+03 9.165082873390480245e+01
8.685715882158792738e+03 9.542029719787836939e+01
8.685915935499238913e+03 9.862940889006820555e+01
8.686115988839683268e+03 9.997324791469597471e+01
8.686316042180131262e+03 9.960612449707630844e+01
8.686516095520577437e+03 9.904634900839927525e+01
8.686716148861023612e+03 9.984059976242772905e+01
8.686916202201469787e+03 1.010840155646089897e+02
8.687116255541914143e+03 9.857880423940375181e+01
8.687316308882362137e+03 9.863095909464988154e+01
8.687516362222810130e+03 1.000443268683518028e+02
8.687716415563256305e+03 1.016023636538444350e+02
8.687916468903702480e+03 1.020505080216705522e+02
8.688116522244148655e+03 9.994040733639212704e+01
8.688316575584594830e+03 1.010218571328247492e+02
8.688516628925041005e+03 9.883021638121452668e+01
8.688716682265487179e+03 1.003363410583525450e+02
8.688916735605933354e+03 9.944582450507871840e+01
8.689116788946379529e+03 1.013654446273904028e+02
8.689316842286825704e+03 9.743294150904961270e+01
8.689516895627271879e+03 9.820490912203247547e+01
8.689716948967718054e+03 9.942254759216262983e+01
8.689917002308164228e+03 9.755174552134388932e+01
8.690117055648612222e+03 9.422870565283311350e+01
8.690317108989058397e+03 9.007052330653972660e+01
8.690517162329506391e+03 7.928142634099512520e+01
8.690717215669950747e+03 7.083753870417993426e+01
8.690917269010396922e+03 6.762982979387096805e+01
8.691117322350843097e+03 7.192995035928274206e+01
8.691317375691289271e+03 7.771073312124818244e+01
8.691517429031737265e+03 8.722784034793401986e+01
8.691717482372181621e+03 9.286910048798468154e+01
8.691917535712627796e+03 9.759307522861628570e+01
8.692117589053073971e+03 9.524370484531843317e+01
8.692317642393520146e+03 9.992257494345885505e+01
8.692517695733968139e+03 9.768456759845972215e+01
8.692717749074412495e+03 9.767502657412300948e+01
8.692917802414862308e+03 9.930097886791503470e+01
8.693117855755306664e+03 1.015650790832386292e+02
8.693317909095752839e+03 1.002361196171817284e+02
8.693517962436200833e+03 1.011553581779089654e+02
8.693718015776645188e+03 9.947054629832871342e+01
8.693918069117093182e+03 9.990040484484646299e+01
8.694118122457537538e+03 9.934614799546817210e+01
8.694318175797983713e+03 9.916920751818166480e+01
8.694518229138431707e+03 1.005891441368577262e+02
8.694718282478876063e+03 9.760458401739279566e+01
8.694918335819324057e+03 9.793711061348071212e+01
8.695118389159768412e+03 1.002306020987664255e+02
8.695318442500216406e+03 9.911872534116072586e+01
8.695518495840664400e+03 1.000052264595171039e+02
8.695718549181108756e+03 9.761638876265556064e+01
8.695918602521556750e+03 1.003390482805924933e+02
8.696118655862001106e+03 9.867009995970688863e+01
8.696318709202449099e+03 1.006170115847210269e+02
8.696518762542895274e+03 1.006952516972772429e+02
8.696718815883339630e+03 9.919969548941122639e+01
8.696918869223787624e+03 9.919720906416354467e+01
8.697118922564231980e+03 9.869680498655584699e+01
8.697318975904679974e+03 9.692125631146966214e+01
8.697519029245126148e+03 9.940309486625505997e+01
8.697719082585572323e+03 9.978756168463752374e+01
8.697919135926018498e+03 1.002683330723953929e+02
8.698119189266462854e+03 9.844313479961307678e+01
8.698319242606912667e+03 9.994040479888482764e+01
8.698519295947358842e+03 9.863362420538014419e+01
8.698719349287805017e+03 9.988006570732372325e+01
8.698919402628251191e+03 9.862586637286305802e+01
8.699119455968695547e+03 1.008174799281210312e+02
8.699319509309143541e+03 1.003086972599547266e+02
8.699519562649589716e+03 1.010406573686974525e+02
8.699719615990035891e+03 9.989253094159461455e+01
8.699919669330482066e+03 9.729302574126074887e+01
8.700119722670928240e+03 9.796926582465729894e+01
8.700319776011374415e+03 9.992404728938466008e+01
8.700519829351820590e+03 9.874717614259436971e+01
8.700719882692266765e+03 1.008007968787817816e+02
8.700919936032714759e+03 1.010959991837575416e+02
8.701119989373160934e+03 9.836829197017414117e+01
8.701320042713607108e+03 9.642043111937158528e+01
8.701520096054053283e+03 9.615086616130243158e+01
8.701720149394499458e+03 9.513764410153719098e+01
8.701920202734945633e+03 9.333674996672965563e+01
8.702120256075391808e+03 9.609720247629199719e+01
8.702320309415837983e+03 9.757530200031563083e+01
8.702520362756285977e+03 9.768826137419320332e+01
8.702720416096730332e+03 1.032398316297913112e+02
8.702920469437176507e+03 9.969031121734023770e+01
8.703120522777622682e+03 9.769740942221183388e+01
8.703320576118068857e+03 9.637098728051677199e+01
8.703520629458516851e+03 9.541373602983640012e+01
8.703720682798963026e+03 9.694121651664279682e+01
8.703920736139409200e+03 9.855479568164824400e+01
8.704120789479855375e+03 9.826768386569521851e+01
8.704320842820301550e+03 1.012255040975093152e+02
8.704520896160749544e+03 1.002347688073976855e+02
8.704720949501193900e+03 9.837502140358458291e+01
8.704921002841641894e+03 9.841512882370105331e+01
8.705121056182086249e+03 9.867752719196082012e+01
8.705321109522532424e+03 1.012153658227567092e+02
8.705521162862980418e+03 1.005235133887763368e+02
8.705721216203424774e+03 9.888871914735912583e+01
8.705921269543872768e+03 9.752231712911201100e+01
8.706121322884317124e+03 1.010094144844244823e+02
8.706321376224765118e+03 1.006841008740196628e+02
8.706521429565213111e+03 1.004757238024216548e+02
8.706721482905657467e+03 9.823666649976064491e+01
8.706921536246105461e+03 9.814975971746119399e+01
8.707121589586549817e+03 9.823523778809419582e+01
8.707321642926997811e+03 9.944305833545318762e+01
8.707521696267443986e+03 9.979596022979517045e+01
8.707721749607888341e+03 9.839014000418310957e+01
8.707921802948336335e+03 1.003783246078845082e+02
8.708121856288780691e+03 1.007934125416913673e+02
8.708321909629228685e+03 1.010268087682985367e+02
8.708521962969674860e+03 9.972732489185037252e+01
8.708722016310121035e+03 1.001465199684099474e+02
8.708922069650567209e+03 1.005692183873331373e+02
8.709122122991013384e+03 9.993726694381152242e+01
8.709322176331461378e+03 1.012496534248228244e+02
8.709522229671907553e+03 1.007803118257026966e+02
8.709722283012353728e+03 9.794628546907696887e+01
8.709922336352799903e+03 9.692047019229481464e+01
8.710122389693244259e+03 1.012421397273353989e+02
8.710322443033692252e+03 9.886952979359233495e+01
8.710522496374138427e+03 9.838195047752176947e+01
8.710722549714584602e+03 9.893361655246583553e+01
8.710922603055030777e+03 9.951912820616267652e+01
8.711122656395476952e+03 9.882860841265308238e+01
8.711322709735923127e+03 1.009328529960419587e+02
8.711522763076369301e+03 9.834549353235112790e+01
8.711722816416815476e+03 9.986362018973616728e+01
8.711922869757263470e+03 9.673423457486632060e+01
8.712122923097709645e+03 9.572416346249589481e+01
8.712322976438155820e+03 9.296841868497884320e+01
8.712523029778601995e+03 8.789315532606178749e+01
8.712723083119048169e+03 8.730092008397981829e+01
8.712923136459494344e+03 8.967196582126780413e+01
8.713123189799940519e+03 9.295529854609087295e+01
8.713323243140386694e+03 9.714302153739124890e+01
8.713523296480834688e+03 9.842334412538788513e+01
8.713723349821279044e+03 1.013427850269415700e+02
8.713923403161725219e+03 1.015013981814180113e+02
8.714123456502171393e+03 1.014903574613874611e+02
8.714323509842617568e+03 9.798672318494408273e+01
8.714523563183067381e+03 1.002361350531376871e+02
8.714723616523511737e+03 9.839676633971930642e+01
8.714923669863957912e+03 9.630335770102902870e+01
8.715123723204404087e+03 9.316899533478290607e+01
8.715323776544850261e+03 9.202467424255145545e+01
8.715523829885298255e+03 8.923520441488805943e+01
8.715723883225742611e+03 9.236685378821766790e+01
8.715923936566190605e+03 9.597503878212518202e+01
8.716123989906634961e+03 9.779370495547705389e+01
8.716324043247081136e+03 9.959537574959026074e+01
8.716524096587529129e+03 1.017223183010582801e+02
8.716724149927973485e+03 1.012521654947913134e+02
8.716924203268421479e+03 1.029040827665915003e+02
8.717124256608865835e+03 9.939056146891005028e+01
8.717324309949313829e+03 1.014048210814141697e+02
8.717524363289761823e+03 1.012437589217772285e+02
8.717724416630206179e+03 1.020486189644775123e+02
8.717924469970654172e+03 1.023182042119162389e+02
8.718124523311098528e+03 1.001187257880510799e+02
8.718324576651546522e+03 9.911460440556501794e+01
8.718524629991992697e+03 9.955185265697828356e+01
8.718724683332437053e+03 9.955018119274923549e+01
8.718924736672885047e+03 1.006939053273682561e+02
8.719124790013329402e+03 9.952048456104859042e+01
8.719324843353777396e+03 9.997774976314885009e+01
8.719524896694223571e+03 9.907278340184534215e+01
8.719724950034667927e+03 9.731152384216744622e+01
8.719925003375117740e+03 9.756582168255813770e+01
8.720125056715562096e+03 9.224498164319267346e+01
8.720325110056010089e+03 9.450934699265454242e+01
8.720525163396456264e+03 9.560324860028948990e+01
8.720725216736902439e+03 9.920063759095442890e+01
8.720925270077348614e+03 9.945666701222589268e+01
8.721125323417792970e+03 1.016842888780110172e+02
8.721325376758240964e+03 1.011643646829259922e+02
8.721525430098687139e+03 9.816108896983929810e+01
8.721725483439133313e+03 1.004251164470491631e+02
8.721925536779579488e+03 9.899283063348694611e+01
8.722125590120023844e+03 9.938211645740503286e+01
8.722325643460471838e+03 9.922215384082390699e+01
8.722525696800918013e+03 1.006858380477132897e+02
8.722725750141366007e+03 9.952645527396116165e+01
8.722925803481812181e+03 9.969983696436889886e+01
8.723125856822258356e+03 9.988974782325627189e+01
8.723325910162704531e+03 1.006098314918063750e+02
8.723525963503150706e+03 9.733849022186807076e+01
8.723726016843596881e+03 1.008171551634818286e+02
8.723926070184043056e+03 1.000298129834882843e+02
8.724126123524489230e+03 9.930781243922345425e+01
8.724326176864935405e+03 1.013673987811792756e+02
8.724526230205381580e+03 1.010838675722745847e+02
8.724726283545827755e+03 9.730823642814712571e+01
8.724926336886273930e+03 1.005021938574138289e+02
8.725126390226720105e+03 9.992957510358726836e+01
8.725326443567168099e+03 1.004267165421689185e+02
8.725526496907616092e+03 9.852425792323317921e+01
8.725726550248060448e+03 1.000411742855632298e+02
8.725926603588506623e+03 9.895349533906743034e+01
8.726126656928952798e+03 9.983252862226764535e+01
8.726326710269398973e+03 9.895741417500899217e+01
8.726526763609846967e+03 1.010429234885205148e+02
8.726726816950291322e+03 1.008686590571161616e+02
8.726926870290737497e+03 9.997241318243020203e+01
8.727126923631183672e+03 1.014142073005460674e+02
8.727326976971629847e+03 9.972686067895571682e+01
8.727527030312077841e+03 9.957203069942910645e+01
8.727727083652522197e+03 9.837802709791739630e+01
8.727927136992970190e+03 9.941952686856409116e+01
8.728127190333416365e+03 1.001919590895896732e+02
8.728327243673862540e+03 9.877170112493600129e+01
8.728527297014310534e+03 9.894404651179294774e+01
8.728727350354754890e+03 9.769011661498282706e+01
8.728927403695202884e+03 1.018481541454414412e+02
8.729127457035647240e+03 9.895061224468609851e+01
8.729327510376093414e+03 9.871806422724215224e+01
8.729527563716541408e+03 1.006796282173070409e+02
8.729727617056985764e+03 9.827564038717247286e+01
8.729927670397433758e+03 9.667952143409722510e+01
8.730127723737878114e+03 9.552289299521490307e+01
8.730327777078326108e+03 9.330958338865208646e+01
8.730527830418772282e+03 9.549329566465239338e+01
8.730727883759218457e+03 9.787441134107623952e+01
8.730927937099666451e+03 9.961951664890059988e+01
8.731127990440110807e+03 9.714578798575409735e+01
8.731328043780558801e+03 9.894220458360565829e+01
8.731528097121004976e+03 9.982684635687081709e+01
8.731728150461449331e+03 9.920251763660425581e+01
8.731928203801897325e+03 1.001706314042661177e+02
8.732128257142341681e+03 9.926062310449054849e+01
8.732328310482789675e+03 1.005342878560013276e+02
