8.479717338044289136e+03 1.014878471278417464e+02
8.479917331377733717e+03 1.001537589442629042e+02
8.480117324711176479e+03 1.015893771212649170e+02
8.480317318044621061e+03 9.967823104922398159e+01
8.480517311378065642e+03 1.001372129625702598e+02
8.480717304711510224e+03 1.004182183099395615e+02
8.480917298044954805e+03 9.911168841189369516e+01
8.481117291378397567e+03 9.753008738224069418e+01
8.481317284711843968e+03 9.899247966794371223e+01
8.481517278045286730e+03 9.838841431103018920e+01
8.481717271378731311e+03 1.001910367757141387e+02
8.481917264712177712e+03 9.905327512773656906e+01
8.482117258045622293e+03 9.755525401526489304e+01
8.482317251379066875e+03 9.789655803176438553e+01
8.482517244712509637e+03 9.908260525289594511e+01
8.482717238045954218e+03 9.935727229505441471e+01
8.482917231379400619e+03 1.005733839120474613e+02
8.483117224712843381e+03 1.015004014121841749e+02
8.483317218046287962e+03 1.000308992725095720e+02
8.483517211379730725e+03 1.007599321655750941e+02
8.483717204713175306e+03 1.003970155556381769e+02
8.483917198046621706e+03 9.995407889211514885e+01
8.484117191380064469e+03 9.863728919516280769e+01
8.484317184713509050e+03 1.003532498574078886e+02
8.484517178046953632e+03 9.966549839592093463e+01
8.484717171380400032e+03 9.944790731106610338e+01
8.484917164713844613e+03 9.911326866109601497e+01
8.485117158047287376e+03 9.863811903399997050e+01
8.485317151380731957e+03 1.003609971082586441e+02
8.485517144714176538e+03 1.018349882478699442e+02
8.485717138047621120e+03 9.821330652370451730e+01
8.485917131381065701e+03 1.005936920692816869e+02
8.486117124714508464e+03 1.018036017929730690e+02
8.486317118047954864e+03 1.002162856933698265e+02
8.486517111381397626e+03 1.000871972091101441e+02
8.486717104714842208e+03 9.901971802954183488e+01
8.486917098048288608e+03 1.014003757818061473e+02
8.487117091381733189e+03 9.735360408199004212e+01
8.487317084715177771e+03 9.990939893875625444e+01
8.487517078048620533e+03 9.761325768897924604e+01
8.487717071382065114e+03 9.908823834100404326e+01
8.487917064715511515e+03 9.873224773698348145e+01
8.488117058048954277e+03 1.004021967526381189e+02
8.488317051382398859e+03 9.974546961900223607e+01
8.488517044715841621e+03 9.856624134532444259e+01
8.488717038049288021e+03 1.001236212309517413e+02
8.488917031382732603e+03 1.005971952108908738e+02
8.489117024716175365e+03 1.004952376926578950e+02
8.489317018049621765e+03 9.893927413594988707e+01
8.489517011383064528e+03 1.016222255514394277e+02
8.489717004716510928e+03 9.990895326793683751e+01
8.489916998049955509e+03 1.004567441097808569e+02
8.490116991383398272e+03 9.975885507664007434e+01
8.490316984716842853e+03 9.968081281316587194e+01
8.490516978050287435e+03 9.838675212046392460e+01
8.490716971383732016e+03 1.004472942002645794e+02
8.490916964717176597e+03 9.911591283250938034e+01
8.491116958050619360e+03 9.979060161640360604e+01
8.491316951384065760e+03 1.000966770868609217e+02
8.491516944717508522e+03 9.960323556422397928e+01
8.491716938050954923e+03 9.931166494787056820e+01
8.491916931384399504e+03 9.934994565240003794e+01
8.492116924717844086e+03 9.823291576206578668e+01
8.492316918051288667e+03 9.992870006650578318e+01
8.492516911384731429e+03 9.960480342120175123e+01
8.492716904718176011e+03 9.787967355029351779e+01
8.492916898051622411e+03 9.873307848618962623e+01
8.493116891385065173e+03 1.010857230057889211e+02
8.493316884718509755e+03 1.003331681366748711e+02
8.493516878051952517e+03 1.004909340490873149e+02
8.493716871385398917e+03 9.783063658468070400e+01
8.493916864718843499e+03 9.921220675966495151e+01
8.494116858052288080e+03 9.995097438028805925e+01
8.494316851385732662e+03 9.910092566346240517e+01
8.494516844719175424e+03 9.852187778365747306e+01
8.494716838052621824e+03 9.885969279262917553e+01
8.494916831386066406e+03 9.774887145649397269e+01
8.495116824719509168e+03 9.779077380663922270e+01
8.495316818052953749e+03 9.786417691979305289e+01
8.495516811386398331e+03 9.732601326345630355e+01
8.495716804719842912e+03 9.709698368385787148e+01
8.495916798053287494e+03 9.633473337275346182e+01
8.496116791386730256e+03 9.480438921760615756e+01
8.496316784720176656e+03 9.353422446186546324e+01
8.496516778053619419e+03 9.077667795650984317e+01
8.496716771387065819e+03 8.552239843814457743e+01
8.496916764720510400e+03 8.160939783398562497e+01
8.497116758053954982e+03 7.203102776183838785e+01
8.497316751387399563e+03 6.272333474581257207e+01
8.497516744720842325e+03 5.324068990622264153e+01
8.497716738054286907e+03 5.265442425284391703e+01
8.497916731387733307e+03 5.116801001626333090e+01
8.498116724721176070e+03 6.010507092180228739e+01
8.498316718054620651e+03 7.364068642397211306e+01
8.498516711388063413e+03 7.906008458869541755e+01
8.498716704721509814e+03 8.543608953242325299e+01
8.498916698054954395e+03 9.163299402948254624e+01
8.499116691388398976e+03 9.215750873093207929e+01
8.499316684721843558e+03 9.488955314701628652e+01
8.499516678055288139e+03 9.551881717533126448e+01
8.499716671388732721e+03 9.639433212435548626e+01
8.499916664722177302e+03 9.827602966243399862e+01
8.500116658055620064e+03 9.756285598883782484e+01
8.500316651389064646e+03 9.838638097971910668e+01
8.500516644722509227e+03 9.839044822497422160e+01
8.500716638055953808e+03 9.862155437670158165e+01
8.500916631389398390e+03 9.772850452297851120e+01
8.501116624722841152e+03 9.734305024151973385e+01
8.501316618056287552e+03 9.970312094627193744e+01
8.501516611389732134e+03 9.895197462721138493e+01
8.501716604723176715e+03 9.968105859060061391e+01
8.501916598056621297e+03 9.920636030501650282e+01
8.502116591390065878e+03 9.874594859787934809e+01
8.502316584723510459e+03 9.980187687586720813e+01
8.502516578056953222e+03 9.986709893086668899e+01
8.502716571390397803e+03 9.981715744968649062e+01
8.502916564723844203e+03 9.864265745619674419e+01
8.503116558057286966e+03 9.926320878852042995e+01
8.503316551390731547e+03 9.610472110697122616e+01
8.503516544724174310e+03 9.819428208646667144e+01
8.503716538057620710e+03 1.003782377919849154e+02
8.503916531391067110e+03 9.947063932336835990e+01
8.504116524724509873e+03 1.007796497335512242e+02
8.504316518057954454e+03 1.009671446929127541e+02
8.504516511391399035e+03 9.828208280924653195e+01
8.504716504724843617e+03 9.863673554850458913e+01
8.504916498058288198e+03 1.025954883256822825e+02
8.505116491391730960e+03 1.006019044318819624e+02
8.505316484725175542e+03 1.003938329638450853e+02
8.505516478058620123e+03 9.996996249214410568e+01
8.505716471392064705e+03 1.011911667350461244e+02
8.505916464725509286e+03 9.987495794211865530e+01
8.506116458058952048e+03 9.904494683983760694e+01
8.506316451392400268e+03 1.001304039804523285e+02
8.506516444725843030e+03 9.995957982248113183e+01
8.506716438059287611e+03 1.002878537951343958e+02
8.506916431392732193e+03 1.003526973609775297e+02
8.507116424726176774e+03 1.010121789847499088e+02
8.507316418059621355e+03 9.888348775003508706e+01
8.507516411393064118e+03 9.856421326196098676e+01
8.507716404726508699e+03 9.952828777664488769e+01
8.507916398059955100e+03 9.797914786584186686e+01
8.508116391393397862e+03 9.925630647211907842e+01
8.508316384726842443e+03 9.892226246816748869e+01
8.508516378060285206e+03 9.942807282549402714e+01
8.508716371393731606e+03 9.971048774186675701e+01
8.508916364727178006e+03 1.001983357308578064e+02
8.509116358060620769e+03 1.029450613380243595e+02
8.509316351394065350e+03 1.018749527916310740e+02
8.509516344727509932e+03 9.947289071076274070e+01
8.509716338060954513e+03 1.004401799345343846e+02
8.509916331394399094e+03 1.008128237554128930e+02
8.510116324727841857e+03 9.845308277309543143e+01
8.510316318061288257e+03 1.012606756148269227e+02
8.510516311394731019e+03 1.019829024111758144e+02
8.510716304728175601e+03 9.915666754854206033e+01
8.510916298061620182e+03 1.029861954670041371e+02
8.511116291395062945e+03 1.012124425311889695e+02
8.511316284728511164e+03 1.009790616204481495e+02
8.511516278061953926e+03 9.922178429951998169e+01
8.511716271395398508e+03 9.978259962662164639e+01
8.511916264728843089e+03 1.000213926397886439e+02
8.512116258062287670e+03 1.003556382336728348e+02
8.512316251395732252e+03 1.005297096216924331e+02
8.512516244729175014e+03 1.003290122389545047e+02
8.512716238062619595e+03 1.006474931863515252e+02
8.512916231396065996e+03 9.904997318228120662e+01
8.513116224729508758e+03 9.522394568613613330e+01
8.513316218062953340e+03 9.435724237171824313e+01
8.513516211396396102e+03 8.804028757459413157e+01
8.513716204729844321e+03 8.509538426263721078e+01
8.513916198063288903e+03 8.848273462172433312e+01
8.514116191396731665e+03 9.313343137942268868e+01
8.514316184730176246e+03 9.521373036804726553e+01
8.514516178063620828e+03 9.699059140099740262e+01
8.514716171397065409e+03 9.814821756457598667e+01
8.514916164730509990e+03 9.570774948961491191e+01
8.515116158063952753e+03 9.728521891066503713e+01
8.515316151397399153e+03 9.799541193923433013e+01
8.515516144730841916e+03 1.002915101746841913e+02
8.515716138064286497e+03 9.969418509590859401e+01
8.515916131397731078e+03 1.009659120535190482e+02
8.516116124731175660e+03 1.010490299869797042e+02
8.516316118064622060e+03 1.003575299769636047e+02
8.516516111398064822e+03 1.002411976290498643e+02
8.516716104731509404e+03 9.806092246116335787e+01
8.516916098064953985e+03 9.913572597259037877e+01
8.517116091398398567e+03 9.944182340668810127e+01
8.517316084731843148e+03 9.951503995321606055e+01
8.517516078065285910e+03 9.848272479404711532e+01
8.517716071398730492e+03 9.732130218143258560e+01
8.517916064732176892e+03 9.959168521949196418e+01
8.518116058065619654e+03 9.810637770942076941e+01
8.518316051399064236e+03 9.643305818653232109e+01
8.518516044732508817e+03 9.810260027135912253e+01
8.518716038065955217e+03 9.827366365084056099e+01
8.518916031399399799e+03 9.984739070530886806e+01
8.519116024732842561e+03 9.905631669456269606e+01
8.519316018066287143e+03 1.000941449658735252e+02
8.519516011399731724e+03 9.813226899183274554e+01
8.519716004733176305e+03 1.003511810764219376e+02
8.519915998066620887e+03 1.013683179136017856e+02
8.520115991400063649e+03 1.010261958729910958e+02
8.520315984733510049e+03 1.002470919982573321e+02
8.520515978066952812e+03 9.980895907571309067e+01
8.520715971400397393e+03 9.868666524045883648e+01
8.520915964733841975e+03 1.008189724426853360e+02
8.521115958067288375e+03 9.905014832673090552e+01
8.521315951400732956e+03 9.972923852227907560e+01
8.521515944734175719e+03 9.963664019907172076e+01
8.521715938067620300e+03 1.008589692529340454e+02
8.521915931401064881e+03 9.986182376064635946e+01
8.522115924734509463e+03 9.941883686865952541e+01
8.522315918067954044e+03 9.862265419583074788e+01
8.522515911401396806e+03 9.990091239023875858e+01
8.522715904734841388e+03 1.001266409775860922e+02
8.522915898068287788e+03 1.017923735005737740e+02
8.523115891401730551e+03 1.004253945639189283e+02
8.523315884735175132e+03 1.023442429378126803e+02
8.523515878068619713e+03 9.844003989344591332e+01
8.523715871402066114e+03 1.010421242176665544e+02
8.523915864735510695e+03 1.006318396688705405e+02
8.524115858068953457e+03 9.984770665548563784e+01
8.524315851402398039e+03 9.863909793768222301e+01
8.524515844735842620e+03 1.013598067531944054e+02
8.524715838069287202e+03 9.956556800382976746e+01
8.524915831402731783e+03 9.937108831074814930e+01
8.525115824736174545e+03 1.012151669653087254e+02
8.525315818069620946e+03 9.981116030251598659e+01
8.525515811403063708e+03 9.968764098638209248e+01
8.525715804736508289e+03 1.002942734668064872e+02
8.525915798069954690e+03 9.799266170457440239e+01
8.526115791403399271e+03 1.000507069904157618e+02
8.526315784736843852e+03 1.003738804866836745e+02
8.526515778070286615e+03 9.864173212909534527e+01
8.526715771403731196e+03 9.901308994404601549e+01
8.526915764737175778e+03 9.802275196244035271e+01
8.527115758070620359e+03 1.005313745284142470e+02
8.527315751404064940e+03 1.015788866968817672e+02
8.527515744737507703e+03 9.898318283852240995e+01
8.527715738070952284e+03 1.006463793681877661e+02
8.527915731404398684e+03 1.002319395362343499e+02
8.528115724737841447e+03 1.003082415647170791e+02
8.528315718071287847e+03 9.958036043633735801e+01
8.528515711404730610e+03 9.975079945842513496e+01
8.528715704738177010e+03 9.886587164957190055e+01
8.528915698071621591e+03 9.923942439774981494e+01
8.529115691405064354e+03 9.867437955295197582e+01
8.529315684738508935e+03 9.930797020412008180e+01
8.529515678071953516e+03 9.796577955706052876e+01
8.529715671405398098e+03 9.906199110066044966e+01
8.529915664738842679e+03 1.012304793779482566e+02
8.530115658072285441e+03 9.768019124977851675e+01
8.530315651405731842e+03 9.849882432859314463e+01
8.530515644739174604e+03 9.989346490551513114e+01
8.530715638072621005e+03 9.885584539054006825e+01
8.530915631406065586e+03 9.780507232229740566e+01
8.531115624739510167e+03 9.858623848057831651e+01
8.531315618072954749e+03 9.804691841263949925e+01
8.531515611406397511e+03 9.796840487734198177e+01
8.531715604739842092e+03 9.944266993382663600e+01
8.531915598073288493e+03 9.785766084475021387e+01
8.532115591406731255e+03 9.744756277008288237e+01
8.532315584740175836e+03 1.004667299009203276e+02
8.532515578073618599e+03 9.894869508693409443e+01
8.532715571407063180e+03 1.010140708652816244e+02
8.532915564740509581e+03 9.775301002857034405e+01
8.533115558073952343e+03 9.895632128643278236e+01
8.533315551407398743e+03 9.878465719203894935e+01
8.533515544740841506e+03 9.911301625439371321e+01
8.533715538074287906e+03 9.992620621630490518e+01
8.533915531407732487e+03 9.882786105091174989e+01
8.534115524741175250e+03 9.984826091489959765e+01
8.534315518074619831e+03 1.002851277207422669e+02
8.534515511408064413e+03 9.737026030294877899e+01
8.534715504741508994e+03 1.006954307531800197e+02
8.534915498074953575e+03 9.684681293797879675e+01
8.535115491408396338e+03 9.745219019780422798e+01
8.535315484741842738e+03 9.681202179714514955e+01
8.535515478075285500e+03 9.922577085024532551e+01
8.535715471408731901e+03 9.813170127266097609e+01
8.535915464742176482e+03 9.836285849102800682e+01
8.536115458075621063e+03 9.802910127194829215e+01
8.536315451409065645e+03 9.741902526511493932e+01
8.536515444742508407e+03 9.689248463734111283e+01
8.536715438075952989e+03 9.636459312630226748e+01
8.536915431409399389e+03 9.733290204408348245e+01
8.537115424742842151e+03 9.773525800957926890e+01
8.537315418076286733e+03 9.700071025612946585e+01
8.537515411409729495e+03 9.547791704790692791e+01
8.537715404743174076e+03 9.567593774156524944e+01
8.537915398076620477e+03 9.256984759884716141e+01
8.538115391410065058e+03 9.520468648560323288e+01
8.538315384743509640e+03 9.338016892737826424e+01
8.538515378076952402e+03 9.214972879075875767e+01
8.538715371410398802e+03 9.302193417740798509e+01
8.538915364743843384e+03 9.109317272439942315e+01
8.539115358077286146e+03 9.181316098790867386e+01
8.539315351410730727e+03 8.995111884775963063e+01
8.539515344744175309e+03 9.009026330000564542e+01
8.539715338077619890e+03 8.514041795177547556e+01
8.539915331411064471e+03 8.458563049625101371e+01
8.540115324744507234e+03 8.199554580275128046e+01
8.540315318077953634e+03 8.017030908906049547e+01
8.540515311411398216e+03 7.484396234440933426e+01
8.540715304744842797e+03 6.978736204234476759e+01
8.540915298078287378e+03 6.309284068183758620e+01
8.541115291411731960e+03 5.497141529688930461e+01
8.541315284745176541e+03 4.716450134809804950e+01
8.541515278078619303e+03 3.809295419299836283e+01
8.541715271412063885e+03 3.275507859230357610e+01
8.541915264745510285e+03 3.335931385661049831e+01
8.542115258078953048e+03 3.986984847739580573e+01
8.542315251412397629e+03 4.797853850441647694e+01
8.542515244745840391e+03 5.704101329693309452e+01
8.542715238079286792e+03 6.356067325335181550e+01
8.542915231412733192e+03 7.009354563809121430e+01
8.543115224746175954e+03 7.705062038909190392e+01
8.543315218079620536e+03 7.980010772354691539e+01
8.543515211413063298e+03 8.319507870567055363e+01
8.543715204746509698e+03 8.598292000912839228e+01
8.543915198079954280e+03 8.814188134767397287e+01
8.544115191413397042e+03 8.893651590038498966e+01
8.544315184746841624e+03 8.908452029327560240e+01
8.544515178080286205e+03 9.023112594190016011e+01
8.544715171413730786e+03 9.233940188691779838e+01
8.544915164747175368e+03 9.313293426410506015e+01
8.545115158080618130e+03 9.361890363609285259e+01
8.545315151414064530e+03 9.424037166324175985e+01
8.545515144747509112e+03 9.481877930104084840e+01
8.545715138080953693e+03 9.496770831762022169e+01
8.545915131414398275e+03 9.572776543704075891e+01
8.546115124747842856e+03 9.460791721082304662e+01
8.546315118081287437e+03 9.475652645403378926e+01
8.546515111414730200e+03 9.732256117264785189e+01
8.546715104748174781e+03 9.587179585937484205e+01
8.546915098081621181e+03 9.770919661111591381e+01
8.547115091415063944e+03 9.738900400374492961e+01
8.547315084748508525e+03 9.787480610717457807e+01
8.547515078081951287e+03 9.754745577137232715e+01
8.547715071415397688e+03 9.863747414589505524e+01
8.547915064748844088e+03 9.819389306568503173e+01
8.548115058082286851e+03 9.662908406048659060e+01
8.548315051415731432e+03 9.761262191578548197e+01
8.548515044749174194e+03 9.708915338327909694e+01
8.548715038082620595e+03 9.769720042147095285e+01
8.548915031416065176e+03 9.874262962797948262e+01
8.549115024749507938e+03 9.871828949300008560e+01
8.549315018082952520e+03 9.762507788030107747e+01
8.549515011416397101e+03 9.687730663406070164e+01
8.549715004749841682e+03 9.943906151555084705e+01
8.549914998083286264e+03 9.654698733696338309e+01
8.550114991416729026e+03 9.823914042035424643e+01
8.550314984750177246e+03 9.907395211192239515e+01
8.550514978083620008e+03 9.934614273377563620e+01
8.550714971417064589e+03 9.949008341315644088e+01
8.550914964750509171e+03 9.838116945742527264e+01
8.551114958083953752e+03 9.845925053859912168e+01
8.551314951417398333e+03 1.004098034067626060e+02
8.551514944750841096e+03 9.961909458724817057e+01
8.551714938084285677e+03 9.846231555989227502e+01
8.551914931417732078e+03 1.000094058628658615e+02
8.552114924751174840e+03 9.820479641084145328e+01
8.552314918084619421e+03 9.872239297792195600e+01
8.552514911418062184e+03 1.000296705074587891e+02
8.552714904751510403e+03 9.835519113628785703e+01
8.552914898084954984e+03 9.773037369609924951e+01
8.553114891418397747e+03 1.005618453722737371e+02
8.553314884751842328e+03 1.004925769710236949e+02
8.553514878085286909e+03 9.768513959467587426e+01
8.553714871418731491e+03 9.967134706715378911e+01
8.553914864752176072e+03 9.962659517517298013e+01
8.554114858085618835e+03 9.961090219971696058e+01
8.554314851419063416e+03 1.009922978364149913e+02
8.554514844752507997e+03 9.955731528040284672e+01
8.554714838085952579e+03 9.929719341491001217e+01
8.554914831419397160e+03 9.973286036650810615e+01
8.555114824752841741e+03 1.002967832264880457e+02
8.555314818086288142e+03 1.001593374329023618e+02
8.555514811419730904e+03 9.870559406201209640e+01
8.555714804753175486e+03 9.999704731743378261e+01
8.555914798086620067e+03 1.019041605947297882e+02
8.556114791420064648e+03 9.959363679980917539e+01
8.556314784753509230e+03 1.007070886407038444e+02
8.556514778086951992e+03 9.936554411816310051e+01
8.556714771420396573e+03 9.783711527102170180e+01
8.556914764753842974e+03 1.002605921651235406e+02
8.557114758087285736e+03 9.902746941134249425e+01
8.557314751420730317e+03 9.878569123913855776e+01
8.557514744754173080e+03 1.007650150650951133e+02
8.557714738087621299e+03 1.002978854462449476e+02
8.557914731421065881e+03 9.919828790837669885e+01
8.558114724754508643e+03 1.001585459975501209e+02
8.558314718087953224e+03 9.955128103253422012e+01
8.558514711421397806e+03 1.011130570048087378e+02
8.558714704754842387e+03 1.002443371444953470e+02
8.558914698088286968e+03 1.000501894196984978e+02
8.559114691421729731e+03 9.889024921994155193e+01
8.559314684755174312e+03 9.873437436103311882e+01
8.559514678088618894e+03 1.001519540227430554e+02
8.559714671422063475e+03 9.886792444376457922e+01
8.559914664755508056e+03 1.002925505422852979e+02
8.560114658088952638e+03 1.008243915922315352e+02
8.560314651422399038e+03 9.997001680437450943e+01
8.560514644755841800e+03 1.003753531587278047e+02
8.560714638089286382e+03 9.760357436869496439e+01
8.560914631422730963e+03 1.008002790192750524e+02
8.561114624756175544e+03 9.987946146479941945e+01
8.561314618089620126e+03 9.829829413599613019e+01
8.561514611423062888e+03 9.984391091454018863e+01
8.561714604756507470e+03 9.938979594588447242e+01
8.561914598089953870e+03 1.006969109947453376e+02
8.562114591423396632e+03 1.001618447901341966e+02
8.562314584756841214e+03 1.008275606680096530e+02
8.562514578090285795e+03 1.004553319965961578e+02
8.562714571423732195e+03 9.870150449332408016e+01
8.562914564757176777e+03 9.989919678329081876e+01
8.563114558090619539e+03 1.007909040011345212e+02
8.563314551424064121e+03 9.996633764814764334e+01
8.563514544757508702e+03 9.966248812639939558e+01
8.563714538090953283e+03 1.000279060588274262e+02
8.563914531424397865e+03 9.885853043863117762e+01
8.564114524757840627e+03 1.019608513208586942e+02
8.564314518091287027e+03 1.012305515448420863e+02
8.564514511424729790e+03 1.002670764564064569e+02
8.564714504758174371e+03 9.909380420197862804e+01
8.564914498091620771e+03 9.968453803091973953e+01
8.565114491425063534e+03 1.015866132624900047e+02
8.565314484758509934e+03 9.979940266093102252e+01
8.565514478091952697e+03 1.007151994954882355e+02
8.565714471425397278e+03 1.007321509394313637e+02
8.565914464758841859e+03 9.960972908992658859e+01
8.566114458092286441e+03 9.849735241546444797e+01
8.566314451425731022e+03 1.009334516236983035e+02
8.566514444759173784e+03 9.996517086505161842e+01
8.566714438092618366e+03 1.004843084996701350e+02
8.566914431426064766e+03 1.006563569771159905e+02
8.567114424759507529e+03 9.792936709141439167e+01
8.567314418092953929e+03 9.990141484362101210e+01
8.567514411426396691e+03 9.872513474947031398e+01
8.567714404759843092e+03 9.945572843810457186e+01
8.567914398093287673e+03 9.860605276282812781e+01
8.568114391426730435e+03 1.000733969352005346e+02
8.568314384760175017e+03 1.004214852879436961e+02
8.568514378093619598e+03 9.985605182950246217e+01
8.568714371427064179e+03 1.004653276766155017e+02
8.568914364760508761e+03 1.003982840703127124e+02
8.569114358093951523e+03 9.992785645938805317e+01
8.569314351427397924e+03 9.769011103282791453e+01
8.569514344760840686e+03 9.999278447001266557e+01
8.569714338094285267e+03 1.002962040673651671e+02
8.569914331427731668e+03 1.000857221149754821e+02
8.570114324761174430e+03 1.012093302894864877e+02
8.570314318094620830e+03 9.955581978392466169e+01
8.570514311428063593e+03 1.008396082392941651e+02
8.570714304761508174e+03 1.008326204634937824e+02
8.570914298094952755e+03 1.016613995518187750e+02
8.571114291428397337e+03 9.949038062236063240e+01
8.571314284761841918e+03 9.802725324857551925e+01
8.571514278095284681e+03 9.833466425700790126e+01
8.571714271428729262e+03 9.980129176746778796e+01
8.571914264762175662e+03 9.894319961067968450e+01
8.572114258095618425e+03 1.000048260441003265e+02
8.572314251429064825e+03 1.024427440608566258e+02
8.572514244762507587e+03 9.864423535961616096e+01
8.572714238095953988e+03 9.963852536366097468e+01
8.572914231429398569e+03 9.969081223635018318e+01
8.573114224762841332e+03 9.978624749279978801e+01
8.573314218096285913e+03 9.943582281356825092e+01
8.573514211429730494e+03 1.000770156986781956e+02
8.573714204763175076e+03 1.001297991094651394e+02
8.573914198096619657e+03 1.022253930388709051e+02
8.574114191430062419e+03 9.885355414240730454e+01
8.574314184763508820e+03 1.004027923851094926e+02
8.574514178096951582e+03 1.001719771110839474e+02
8.574714171430397982e+03 9.878587270797866893e+01
8.574914164763842564e+03 9.967418786362500782e+01
8.575114158097287145e+03 9.887051701194243947e+01
8.575314151430731727e+03 9.964549001456610711e+01
8.575514144764174489e+03 1.000421732700048807e+02
8.575714138097619070e+03 1.010395696333617508e+02
8.575914131431063652e+03 1.009748049207346128e+02
8.576114124764508233e+03 9.845714500185832208e+01
8.576314118097952814e+03 9.797460099830311719e+01
8.576514111431395577e+03 9.895677117496045128e+01
8.576714104764840158e+03 9.978631035233489399e+01
8.576914098098286559e+03 1.000646907616362427e+02
8.577114091431731140e+03 9.845578121150889217e+01
8.577314084765175721e+03 9.889994826025794339e+01
8.577514078098618484e+03 9.955706391188049054e+01
8.577714071432064884e+03 9.856860465159429907e+01
8.577914064765509465e+03 9.772854868329990552e+01
8.578114058098952228e+03 9.829568132786558010e+01
8.578314051432396809e+03 9.969459831413139739e+01
8.578514044765841390e+03 1.007275371085846984e+02
8.578714038099285972e+03 9.849281968034210877e+01
8.578914031432730553e+03 9.820022469672444743e+01
8.579114024766173316e+03 9.879618153757856192e+01
8.579314018099619716e+03 9.852393766248236773e+01
8.579514011433062478e+03 1.019915404861957455e+02
8.579714004766508879e+03 9.912605161277552668e+01
8.579913998099953460e+03 1.012117630455953474e+02
8.580113991433398041e+03 9.813811083307409433e+01
8.580313984766842623e+03 9.834966280145656015e+01
8.580513978100285385e+03 9.898275111268110038e+01
8.580713971433729967e+03 1.003882300052300707e+02
8.580913964767174548e+03 1.017911738026553508e+02
8.581113958100619129e+03 9.986327246928769341e+01
8.581313951434063711e+03 9.999711874556233226e+01
8.581513944767506473e+03 9.721708999488592440e+01
8.581713938100951054e+03 9.703726796345178229e+01
8.581913931434397455e+03 9.248708656543334428e+01
8.582113924767842036e+03 9.350947065641827294e+01
8.582313918101286617e+03 9.568501985511375096e+01
8.582513911434729380e+03 9.664106699054565297e+01
8.582713904768175780e+03 1.007913571113717666e+02
8.582913898101620362e+03 1.006010640102321787e+02
8.583113891435063124e+03 1.006052218907014009e+02
8.583313884768507705e+03 1.005812380576174689e+02
8.583513878101952287e+03 9.984568957464209404e+01
8.583713871435396868e+03 1.005841773938476678e+02
8.583913864768841449e+03 9.874116404948794923e+01
8.584113858102284212e+03 9.848738701481070734e+01
8.584313851435730612e+03 1.006315612020257362e+02
8.584513844769175194e+03 9.932780143573913278e+01
8.584713838102619775e+03 1.016808223736983621e+02
8.584913831436064356e+03 1.001101142777523449e+02
8.585113824769508938e+03 9.942322223382215896e+01
8.585313818102953519e+03 9.980907994110592085e+01
8.585513811436396281e+03 9.981365684797033566e+01
8.585713804769840863e+03 1.016528942051752864e+02
8.585913798103287263e+03 1.007025672318936813e+02
8.586113791436730025e+03 9.810320345155305688e+01
8.586313784770174607e+03 9.964731383905798623e+01
8.586513778103617369e+03 9.916730591480620660e+01
8.586713771437061951e+03 9.900262203279469020e+01
8.586913764770510170e+03 9.971113601114080893e+01
8.587113758103952932e+03 9.960785736658232281e+01
8.587313751437397514e+03 1.000795572061491470e+02
8.587513744770840276e+03 9.958920751063305943e+01
8.587713738104286676e+03 1.008639076418602656e+02
8.587913731437731258e+03 9.918997197526456944e+01
8.588113724771174020e+03 9.948248223223696129e+01
8.588313718104618602e+03 9.958006991207537340e+01
8.588513711438063183e+03 1.013302227266346733e+02
8.588713704771507764e+03 1.008949823720220849e+02
8.588913698104952346e+03 1.003764001599171252e+02
8.589113691438395108e+03 9.952473792428574484e+01
8.589313684771843327e+03 1.027749608126153902e+02
8.589513678105286090e+03 9.963732514171120158e+01
8.589713671438730671e+03 9.818140885954554165e+01
8.589913664772175252e+03 1.013649786728825006e+02
8.590113658105619834e+03 1.000372942980129523e+02
8.590313651439064415e+03 9.816729167486894880e+01
8.590513644772507178e+03 1.014743930507372056e+02
8.590713638105951759e+03 1.009752320320626495e+02
8.590913631439398159e+03 1.013821677492788069e+02
8.591113624772840922e+03 9.870301614716670713e+01
8.591313618106285503e+03 9.928443022050220179e+01
8.591513611439728265e+03 1.001608563759418473e+02
8.591713604773172847e+03 1.000084528935853427e+02
8.591913598106621066e+03 9.828386537575963189e+01
8.592113591440063828e+03 1.008842694934894553e+02
8.592313584773508410e+03 1.001482687768556445e+02
8.592513578106951172e+03 9.919975652498948193e+01
8.592713571440397573e+03 9.887070828092852537e+01
8.592913564773842154e+03 1.011067198327578751e+02
8.593113558107284916e+03 1.000112284272728544e+02
8.593313551440729498e+03 1.004860413008278641e+02
8.593513544774174079e+03 1.009790231270942655e+02
8.593713538107618660e+03 9.989737963014884770e+01
8.593913531441063242e+03 9.913718276010335728e+01
8.594113524774506004e+03 1.006635455932897543e+02
8.594313518107954224e+03 9.894114499299624299e+01
8.594513511441396986e+03 9.959684213055942337e+01
8.594713504774841567e+03 9.991722937217900835e+01
8.594913498108286149e+03 1.003381095691141383e+02
8.595113491441730730e+03 1.001522396858380262e+02
8.595313484775175311e+03 1.007017887308191177e+02
8.595513478108618074e+03 1.004612821965827862e+02
8.595713471442062655e+03 9.825048164498903702e+01
8.595913464775509055e+03 1.002231332204177505e+02
8.596113458108951818e+03 9.936831151228061287e+01
8.596313451442396399e+03 1.006410588528426899e+02
8.596513444775839162e+03 1.006414072399078066e+02
8.596713438109287381e+03 9.761848037929075872e+01
8.596913431442731962e+03 9.966522456218851289e+01
8.597113424776174725e+03 1.007207910634211885e+02
8.597313418109619306e+03 9.982275216401080797e+01
8.597513411443062068e+03 9.980572120259176927e+01
8.597713404776508469e+03 1.004793264269151365e+02
8.597913398109953050e+03 9.862567631258953327e+01
8.598113391443395813e+03 9.898343505180372404e+01
8.598313384776840394e+03 9.917282079728053645e+01
8.598513378110284975e+03 9.737697437912699172e+01
8.598713371443729557e+03 9.653255246952120672e+01
8.598913364777174138e+03 1.008146632503756024e+02
8.599113358110618719e+03 9.986030378667581431e+01
8.599313351444065120e+03 9.971045144081209344e+01
8.599513344777507882e+03 1.013843207040586520e+02
8.599713338110952463e+03 1.003308687664720651e+02
8.599913331444397045e+03 1.020114680974997867e+02
8.600113324777841626e+03 9.949885510139942824e+01
8.600313318111286208e+03 1.003732832123882304e+02
8.600513311444728970e+03 1.010150219708151411e+02
8.600713304778173551e+03 9.933031028134058715e+01
8.600913298111619952e+03 1.012510243354625317e+02
8.601113291445062714e+03 9.931168839557713568e+01
8.601313284778507295e+03 1.011531704559848066e+02
8.601513278111951877e+03 1.018196393682459160e+02
8.601713271445398277e+03 1.006732597052918692e+02
8.601913264778842859e+03 9.880526176301961527e+01
8.602113258112285621e+03 9.916985027321307200e+01
8.602313251445730202e+03 9.984212943449499278e+01
8.602513244779172965e+03 1.002883744066639196e+02
8.602713238112619365e+03 1.001921504839361461e+02
8.602913231446063946e+03 9.969451602141776902e+01
8.603113224779506709e+03 1.012045460437561815e+02
8.603313218112951290e+03 1.013712270243642735e+02
8.603513211446395871e+03 9.978297185443706496e+01
8.603713204779840453e+03 9.889099204929523523e+01
8.603913198113285034e+03 9.995637465730061422e+01
8.604113191446729616e+03 1.012003132963281047e+02
8.604313184780176016e+03 1.007572593576906712e+02
8.604513178113618778e+03 9.872837474678703984e+01
8.604713171447063360e+03 1.006957929855336005e+02
8.604913164780507941e+03 9.977133861699209660e+01
8.605113158113952522e+03 9.991924510021991068e+01
8.605313151447397104e+03 9.903129737923610776e+01
8.605513144780839866e+03 1.013846185356863430e+02
8.605713138114284448e+03 9.982085595639726705e+01
8.605913131447730848e+03 1.001029396591251555e+02
8.606113124781173610e+03 1.006152415681345644e+02
8.606313118114618192e+03 1.008209126247537739e+02
8.606513111448062773e+03 9.895195943059263755e+01
8.606713104781509173e+03 1.005977039836707974e+02
8.606913098114953755e+03 9.794154381864639447e+01
8.607113091448396517e+03 9.900106064682073281e+01
8.607313084781841098e+03 1.011424944043858574e+02
8.607513078115285680e+03 1.000826104366105795e+02
8.607713071448730261e+03 9.943352254404621249e+01
8.607913064782174843e+03 1.025378690985106402e+02
8.608113058115617605e+03 9.952636078991019986e+01
8.608313051449062186e+03 9.878596071308986382e+01
8.608513044782506768e+03 9.989361794002421391e+01
8.608713038115951349e+03 9.993858657231163534e+01
8.608913031449397749e+03 9.979129142343298042e+01
8.609113024782840512e+03 1.016047024103997529e+02
8.609313018116286912e+03 9.948649890771616811e+01
8.609513011449729674e+03 1.012515893858369793e+02
8.609713004783174256e+03 9.901383887343595802e+01
8.609912998116618837e+03 1.001319157559392181e+02
8.610112991450063419e+03 1.017750175008940232e+02
8.610312984783508000e+03 1.011199631647306347e+02
8.610512978116950762e+03 9.963772153757422245e+01
8.610712971450395344e+03 9.901491054152951676e+01
8.610912964783841744e+03 9.626570546561630692e+01
8.611112958117284506e+03 9.351001914056375597e+01
8.611312951450730907e+03 8.825157537380198391e+01
8.611512944784173669e+03 8.791455628011880208e+01
8.611712938117620070e+03 8.875456419116044060e+01
8.611912931451064651e+03 9.412013678150965745e+01
8.612112924784507413e+03 9.695673518224008092e+01
8.612312918117951995e+03 9.976690445489694525e+01
8.612512911451396576e+03 9.926937387577008565e+01
8.612712904784841157e+03 9.975327318238998942e+01
8.612912898118285739e+03 1.001143195075234189e+02
8.613112891451728501e+03 1.016329864367214100e+02
8.613312884785173082e+03 1.006163821250517856e+02
8.613512878118617664e+03 9.931613115480971032e+01
8.613712871452064064e+03 1.013060926848810084e+02
8.613912864785508646e+03 1.002963138686951936e+02
8.614112858118951408e+03 9.900014178722491920e+01
8.614312851452397808e+03 9.962609450718923654e+01
8.614512844785840571e+03 9.798592124809650272e+01
8.614712838119285152e+03 9.951336719329418656e+01
8.614912831452729733e+03 9.878280945288202020e+01
8.615112824786174315e+03 1.000894870947691686e+02
8.615312818119618896e+03 1.011306977137483898e+02
8.615512811453061659e+03 9.911351275470327948e+01
8.615712804786506240e+03 1.002854170286799729e+02
8.615912798119952640e+03 1.014353713108785513e+02
8.616112791453395403e+03 9.915588615698007402e+01
8.616312784786841803e+03 9.924007970211539487e+01
8.616512778120284565e+03 1.001969664897822270e+02
8.616712771453730966e+03 9.970216728660142280e+01
8.616912764787175547e+03 1.002525480109280664e+02
8.617112758120618309e+03 1.017504316420624093e+02
8.617312751454062891e+03 9.887710025208609466e+01
8.617512744787507472e+03 9.897780523754637727e+01
8.617712738120952054e+03 9.992316859178075106e+01
8.617912731454396635e+03 1.002828538348486092e+02
8.618112724787839397e+03 1.019700235065628817e+02
8.618312718121285798e+03 9.936562372445172286e+01
8.618512711454728560e+03 9.947761529229057942e+01
8.618712704788174960e+03 1.009657163408260914e+02
8.618912698121619542e+03 1.011694903773064169e+02
8.619112691455062304e+03 9.931307788041443985e+01
8.619312684788508705e+03 9.991809645050453526e+01
8.619512678121951467e+03 9.922310127957341308e+01
8.619712671455396048e+03 9.967029859976352668e+01
8.619912664788840630e+03 1.012345489535274368e+02
8.620112658122285211e+03 9.964705066647117349e+01
8.620312651455729792e+03 1.008782528295737819e+02
8.620512644789172555e+03 1.008306156838215628e+02
8.620712638122617136e+03 9.862194816496599969e+01
8.620912631456063536e+03 9.577572367160161093e+01
8.621112624789508118e+03 9.395777224427588692e+01
8.621312618122952699e+03 9.268446690472431726e+01
8.621512611456395462e+03 9.335992051460081598e+01
8.621712604789841862e+03 9.716058269372892653e+01
8.621912598123286443e+03 9.814907671716737525e+01
8.622112591456729206e+03 9.786368622358308755e+01
8.622312584790173787e+03 1.013726573530066588e+02
8.622512578123618368e+03 9.940456742779201704e+01
8.622712571457062950e+03 1.016172589000941429e+02
8.622912564790507531e+03 9.981914859453878819e+01
8.623112558123950294e+03 1.000585628730442664e+02
8.623312551457396694e+03 9.927617385700432351e+01
8.623512544790841275e+03 1.015320698546345000e+02
8.623712538124285857e+03 1.003443183332452691e+02
8.623912531457730438e+03 1.015786479441639329e+02
8.624112524791173200e+03 9.855246133407801779e+01
8.624312518124619601e+03 1.002420738173312031e+02
8.624512511458062363e+03 9.887248785726418987e+01
8.624712504791506944e+03 9.962277026611154440e+01
8.624912498124951526e+03 1.005764361017860011e+02
8.625112491458396107e+03 1.002658501734645000e+02
8.625312484791840689e+03 9.944616248793893476e+01
8.625512478125283451e+03 1.002912530972936196e+02
8.625712471458728032e+03 9.914032130091523243e+01
8.625912464792176252e+03 1.000704135746091197e+02
8.626112458125619014e+03 9.747974552989852270e+01
8.626312451459063595e+03 1.014755759954286418e+02
8.626512444792506358e+03 9.919867218662824371e+01
8.626712438125952758e+03 1.000501653996636691e+02
8.626912431459397339e+03 1.015354503611072801e+02
8.627112424792840102e+03 1.003089116261967462e+02
8.627312418126284683e+03 9.754632471071130340e+01
8.627512411459729265e+03 1.019156437337608310e+02
8.627712404793173846e+03 9.865602842802717021e+01
8.627912398126618427e+03 9.943354265936555691e+01
8.628112391460061190e+03 1.013678369843519391e+02
8.628312384793507590e+03 1.007198924460183207e+02
8.628512378126952171e+03 9.961380879815162359e+01
8.628712371460396753e+03 9.882630404320332218e+01
8.628912364793841334e+03 9.856111230346634500e+01
8.629112358127285916e+03 9.974091130530479177e+01
8.629312351460730497e+03 9.767118701942378323e+01
8.629512344794173259e+03 9.998738708903984218e+01
8.629712338127617841e+03 1.008219993802805163e+02
8.629912331461062422e+03 1.006131796090484727e+02
8.630112324794507003e+03 9.861392551648823712e+01
8.630312318127951585e+03 9.969207752909321130e+01
8.630512311461394347e+03 1.002679896055749680e+02
8.630712304794838929e+03 1.004112232127133950e+02
8.630912298128287148e+03 9.964904168525961836e+01
8.631112291461729910e+03 1.007677370785734610e+02
8.631312284795174492e+03 1.006846773822390588e+02
8.631512278128617254e+03 1.009827396523496219e+02
8.631712271462063654e+03 9.941229689057234964e+01
8.631912264795508236e+03 1.005787281268870004e+02
8.632112258128950998e+03 1.012839728457583135e+02
8.632312251462395579e+03 1.013630959657332795e+02
8.632512244795840161e+03 9.793070333235064595e+01
8.632712238129284742e+03 1.003438593982872362e+02
8.632912231462729324e+03 1.002412325961216766e+02
8.633112224796172086e+03 1.000388669439305716e+02
8.633312218129620305e+03 9.882256717527305057e+01
8.633512211463063068e+03 9.912166543186842205e+01
8.633712204796507649e+03 1.003355323728198840e+02
8.633912198129952230e+03 1.009751011437775929e+02
8.634112191463396812e+03 9.959402854882904421e+01
8.634312184796841393e+03 9.897797677912065240e+01
8.634512178130284155e+03 1.008933627473066394e+02
8.634712171463728737e+03 1.005696883607623278e+02
8.634912164797173318e+03 1.005429269942137864e+02
8.635112158130617900e+03 1.011870834731963527e+02
8.635312151464062481e+03 9.936536380578257877e+01
8.635512144797505243e+03 9.705406931564657214e+01
8.635712138130951644e+03 9.914289735196616959e+01
8.635912131464398044e+03 9.997433305857715879e+01
8.636112124797840806e+03 9.913362885607990904e+01
8.636312118131285388e+03 9.909751912307631017e+01
8.636512111464728150e+03 9.989149581260852528e+01
8.636712104798174551e+03 1.007585298130354658e+02
8.636912098131619132e+03 9.892409226675684408e+01
8.637112091465061894e+03 1.008675950256223075e+02
8.637312084798506476e+03 1.010370215210918019e+02
8.637512078131951057e+03 9.759732063511233946e+01
8.637712071465395638e+03 1.009891600795257744e+02
8.637912064798840220e+03 9.987159497794229424e+01
8.638112058132284801e+03 9.715910335772099415e+01
8.638312051465731201e+03 9.896579130955807102e+01
8.638512044799173964e+03 1.008766652815601503e+02
8.638712038132618545e+03 1.002132975325484523e+02
8.638912031466063127e+03 1.003285667438349122e+02
8.639112024799507708e+03 9.955040286381959902e+01
8.639312018132952289e+03 9.908892649771435401e+01
8.639512011466395052e+03 9.969390871684335309e+01
8.639712004799839633e+03 1.004750783718660898e+02
8.639911998133286033e+03 1.004792952509010036e+02
8.640111991466728796e+03 9.910845157673890071e+01
8.640311984800173377e+03 9.975788650785653999e+01
8.640511978133616140e+03 9.972038808717047687e+01
8.640711971467062540e+03 1.004049817036031271e+02
8.640911964800508940e+03 9.910542921010164719e+01
8.641111958133951703e+03 9.859774856040137081e+01
8.641311951467396284e+03 9.928007700931044610e+01
8.641511944800839046e+03 9.866406520954528503e+01
8.641711938134285447e+03 9.837318423467971229e+01
8.641911931467730028e+03 9.975762655262477097e+01
8.642111924801172790e+03 1.007242966499775747e+02
8.642311918134617372e+03 9.966206084801973475e+01
8.642511911468061953e+03 9.939618134461707655e+01
8.642711904801506535e+03 9.782379025669841610e+01
8.642911898134951116e+03 9.801048588249096838e+01
8.643111891468395697e+03 1.005736444863230616e+02
8.643311884801842098e+03 9.942508482198257980e+01
8.643511878135284860e+03 9.961689761193746051e+01
8.643711871468729441e+03 1.013563751883449982e+02
8.643911864802174023e+03 9.788100593899368107e+01
8.644111858135618604e+03 1.004534917432571177e+02
8.644311851469063186e+03 9.872821271162507628e+01
8.644511844802505948e+03 9.887049766321695188e+01
8.644711838135950529e+03 9.744106621552009528e+01
8.644911831469396930e+03 1.008233372555888963e+02
8.645111824802839692e+03 1.006046568886089858e+02
8.645311818136284273e+03 1.015532199555732262e+02
8.645511811469728855e+03 9.825742092363246627e+01
8.645711804803173436e+03 1.004163643963973698e+02
8.645911798136619836e+03 1.002123083687290119e+02
8.646111791470062599e+03 1.012814182130256029e+02
8.646311784803507180e+03 9.980428203570426149e+01
8.646511778136949943e+03 9.951804861162743521e+01
8.646711771470396343e+03 9.856248581780435813e+01
8.646911764803840924e+03 9.788656891108715286e+01
8.647111758137283687e+03 9.976871192174567682e+01
8.647311751470728268e+03 9.944057111135141724e+01
8.647511744804172849e+03 1.017639357818083568e+02
8.647711738137617431e+03 9.837698616406191832e+01
8.647911731471063831e+03 9.950217720038432390e+01
8.648111724804506594e+03 1.002451191147355019e+02
8.648311718137952994e+03 9.991395067796908336e+01
8.648511711471395756e+03 9.813009829821700691e+01
8.648711704804840338e+03 9.989062439694848194e+01
8.648911698138284919e+03 9.953653893884623471e+01
8.649111691471729500e+03 9.904319677314263970e+01
8.649311684805174082e+03 9.878357695185574983e+01
8.649511678138616844e+03 1.003237855338089020e+02
8.649711671472061425e+03 1.010584628198230490e+02
8.649911664805507826e+03 1.009474364397457435e+02
8.650111658138950588e+03 9.929350235027389715e+01
8.650311651472396989e+03 1.001334731251986483e+02
8.650511644805839751e+03 9.971230745313211230e+01
8.650711638139286151e+03 9.975719888436165661e+01
8.650911631472730733e+03 1.008132140072404468e+02
8.651111624806173495e+03 9.852302834900267214e+01
8.651311618139618076e+03 9.847753551482155387e+01
8.651511611473060839e+03 9.968766661843213228e+01
8.651711604806507239e+03 9.836991607722328013e+01
8.651911598139951820e+03 1.010118408650039896e+02
8.652111591473394583e+03 9.878453454589272553e+01
8.652311584806839164e+03 9.837287141108960498e+01
8.652511578140283746e+03 9.895900978406615423e+01
8.652711571473728327e+03 9.851955088494270285e+01
8.652911564807174727e+03 9.990297231549000401e+01
8.653111558140617490e+03 1.013620321980645684e+02
8.653311551474063890e+03 1.016255304868969489e+02
8.653511544807506652e+03 1.010099565964590766e+02
8.653711538140951234e+03 9.864228240639648959e+01
8.653911531474395815e+03 9.822641983075149597e+01
8.654111524807840397e+03 9.850643618729607454e+01
8.654311518141284978e+03 9.979079192722410596e+01
8.654511511474727740e+03 1.008835872160240683e+02
8.654711504808172322e+03 9.941148412734384010e+01
8.654911498141618722e+03 9.925971329685488342e+01
8.655111491475061484e+03 9.813409972037277385e+01
8.655311484808507885e+03 1.005947170834919007e+02
8.655511478141950647e+03 1.007209684074904459e+02
8.655711471475397047e+03 9.775108072089169298e+01
8.655911464808841629e+03 1.000372388006309308e+02
8.656111458142284391e+03 9.878152765235196853e+01
8.656311451475728973e+03 9.872972336753358036e+01
8.656511444809171735e+03 9.914414917258527282e+01
8.656711438142618135e+03 9.936540014728296910e+01
8.656911431476062717e+03 9.889559544713208084e+01
8.657111424809505479e+03 9.798635033198765143e+01
8.657311418142950060e+03 9.792691766527477171e+01
8.657511411476394642e+03 9.934297380818065903e+01
8.657711404809841042e+03 9.724124549310742793e+01
8.657911398143285624e+03 9.565049231803291718e+01
8.658111391476728386e+03 9.751521685393559835e+01
8.658311384810174786e+03 9.628179967065746325e+01
8.658511378143617549e+03 9.727599398042556800e+01
8.658711371477062130e+03 9.603208251957684638e+01
8.658911364810506711e+03 9.461295573346960452e+01
8.659111358143951293e+03 9.531279056695443330e+01
8.659311351477395874e+03 9.410241222035307374e+01
8.659511344810838636e+03 9.264648329307780728e+01
8.659711338144283218e+03 9.071949187292442218e+01
8.659911331477729618e+03 9.093787568350371942e+01
8.660111324811174200e+03 8.525975205090595921e+01
8.660311318144618781e+03 8.383301351340843155e+01
8.660511311478061543e+03 8.246875277150314787e+01
8.660711304811507944e+03 7.710604147519431706e+01
8.660911298144952525e+03 7.099476940493323696e+01
8.661111291478395287e+03 6.246491227909503863e+01
8.661311284811839869e+03 5.191661521759671416e+01
8.661511278145284450e+03 4.428656720367584398e+01
8.661711271478729032e+03 3.839382144066049563e+01
8.661911264812173613e+03 3.558741791541666544e+01
8.662111258145616375e+03 4.379082041866869446e+01
8.662311251479060957e+03 4.986448129250735661e+01
8.662511244812507357e+03 6.024787195733437528e+01
8.662711238145951938e+03 6.819712904236411077e+01
8.662911231479396520e+03 7.492681499616702467e+01
8.663111224812839282e+03 8.121928822049592611e+01
8.663311218146285682e+03 8.411896020276925867e+01
8.663511211479728445e+03 8.891714706660668810e+01
8.663711204813173026e+03 8.889758980620558759e+01
8.663911198146617608e+03 9.193366580974881686e+01
8.664111191480062189e+03 9.325625513707582570e+01
8.664311184813506770e+03 9.299200449027313198e+01
8.664511178146949533e+03 9.417559371191022421e+01
8.664711171480394114e+03 9.408337324362759091e+01
8.664911164813840514e+03 9.561605821194534371e+01
8.665111158147285096e+03 9.556601764698486079e+01
8.665311151480729677e+03 9.619178525005716551e+01
8.665511144814172440e+03 9.577366725080163690e+01
8.665711138147618840e+03 9.564437447023085781e+01
8.665911131481063421e+03 9.631328784343611460e+01
8.666111124814506184e+03 9.607932811799315687e+01
8.666311118147950765e+03 9.795275834804637327e+01
8.666511111481395346e+03 9.722429344879755320e+01
8.666711104814839928e+03 9.771540803328218772e+01
8.666911098148284509e+03 9.895941698452296009e+01
8.667111091481727271e+03 9.849941775450687942e+01
8.667311084815171853e+03 9.774071267479618541e+01
8.667511078148618253e+03 9.874288077511606332e+01
8.667711071482062835e+03 9.986221346795552734e+01
8.667911064815507416e+03 9.990722330416699037e+01
8.668111058148950178e+03 9.668156758447152299e+01
8.668311051482396579e+03 9.815915725929822599e+01
8.668511044815839341e+03 9.862408029868814197e+01
8.668711038149283922e+03 9.982658279676967084e+01
8.668911031482728504e+03 9.956635096090687398e+01
8.669111024816173085e+03 9.902080731093485610e+01
8.669311018149617666e+03 9.907407024112555405e+01
8.669511011483060429e+03 9.823785433686987290e+01
8.669711004816505010e+03 9.992088172263660795e+01
8.669910998149953230e+03 1.018394231905909351e+02
8.670110991483395992e+03 1.006409458519435702e+02
8.670310984816840573e+03 9.946059620891347208e+01
8.670510978150283336e+03 9.688432997243060640e+01
8.670710971483729736e+03 9.819987318153725653e+01
8.670910964817174317e+03 9.912324219861636720e+01
8.671110958150617080e+03 9.773540832538358814e+01
8.671310951484061661e+03 9.964126652880726454e+01
8.671510944817506243e+03 9.954217199020602891e+01
8.671710938150950824e+03 9.997592373794947207e+01
8.671910931484395405e+03 9.997863867813481420e+01
8.672110924817838168e+03 9.830816618839233456e+01
8.672310918151286387e+03 9.899059410845403306e+01
8.672510911484729149e+03 1.022216456062219834e+02
8.672710904818173731e+03 9.919424473112106000e+01
8.672910898151618312e+03 1.005569881699931898e+02
8.673110891485061074e+03 1.007569123095464079e+02
8.673310884818507475e+03 9.925654636710481782e+01
8.673510878151950237e+03 9.928649085751028736e+01
8.673710871485394819e+03 9.957235330741193025e+01
8.673910864818839400e+03 9.608934343646440368e+01
8.674110858152283981e+03 9.300636226876945045e+01
8.674310851485728563e+03 8.968847750191824275e+01
8.674510844819171325e+03 8.666948604952418123e+01
8.674710838152617725e+03 8.361101163203920805e+01
8.674910831486064126e+03 8.542098148859639650e+01
8.675110824819506888e+03 8.632812955502629393e+01
8.675310818152951470e+03 8.970877535013525517e+01
8.675510811486394232e+03 9.467688768676501354e+01
8.675710804819840632e+03 9.855673162226034378e+01
8.675910798153285214e+03 9.977810372681459228e+01
8.676110791486727976e+03 1.006619396168597547e+02
8.676310784820172557e+03 9.811414295975316691e+01
8.676510778153617139e+03 9.977211304690170834e+01
8.676710771487061720e+03 9.914404834085921436e+01
8.676910764820506301e+03 1.003890072864285941e+02
8.677110758153949064e+03 9.921630747744525536e+01
8.677310751487397283e+03 1.000020586533299394e+02
8.677510744820840046e+03 1.001686511368490073e+02
8.677710738154284627e+03 9.975023056195338711e+01
8.677910731487729208e+03 9.892475911794926446e+01
8.678110724821171971e+03 9.855083134163309921e+01
8.678310718154618371e+03 9.913454448633667937e+01
8.678510711488061133e+03 1.002617628731318433e+02
8.678710704821505715e+03 9.891680797800198377e+01
8.678910698154950296e+03 9.969571340228876011e+01
8.679110691488394878e+03 1.002661536507730773e+02
8.679310684821839459e+03 9.903706268412447855e+01
8.679510678155282221e+03 1.014705052765148992e+02
8.679710671488728622e+03 1.008348130287305651e+02
8.679910664822175022e+03 1.003630438663630571e+02
8.680110658155617784e+03 9.867974739195317113e+01
8.680310651489062366e+03 9.787038888905937029e+01
8.680510644822505128e+03 9.968830425080720659e+01
8.680710638155951528e+03 1.001110494934741126e+02
8.680910631489396110e+03 9.860377729938140590e+01
8.681110624822838872e+03 1.007331356428155402e+02
8.681310618156283454e+03 9.943241469545904465e+01
8.681510611489728035e+03 1.000583019786288475e+02
8.681710604823172616e+03 9.771221636316907677e+01
8.681910598156617198e+03 9.902736374225868587e+01
8.682110591490061779e+03 9.929155514787845505e+01
8.682310584823508179e+03 9.516537202706756204e+01
8.682510578156950942e+03 9.300727927400095041e+01
8.682710571490395523e+03 9.294753344053908961e+01
8.682910564823840105e+03 9.239222252996856355e+01
8.683110558157284686e+03 9.577743666842603432e+01
8.683310551490729267e+03 9.901144181823005397e+01
8.683510544824172030e+03 9.950619854405950093e+01
8.683710538157616611e+03 9.992980365756990579e+01
8.683910531491061192e+03 9.939322348895275638e+01
8.684110524824505774e+03 1.001247744000091018e+02
8.684310518157950355e+03 9.905991769328402086e+01
8.684510511491394936e+03 9.858116879864279269e+01
8.684710504824839518e+03 1.016783420026983293e+02
8.684910498158285918e+03 1.005694477879912654e+02
8.685110491491728681e+03 9.987815823681690119e+01
8.685310484825173262e+03 1.007000997178109714e+02
8.685510478158616024e+03 1.011810055342626242e+02
8.685710471492062425e+03 9.882875225494554172e+01
8.685910464825507006e+03 9.984518840709502285e+01
8.686110458158949768e+03 1.013835529068361723e+02
8.686310451492394350e+03 9.894686064951916649e+01
8.686510444825838931e+03 9.800267051273657160e+01
8.686710438159283513e+03 9.860568712225980903e+01
8.686910431492729913e+03 9.844239858541287447e+01
8.687110424826172675e+03 1.006456201641937866e+02
8.687310418159619076e+03 9.857701847188324962e+01
8.687510411493061838e+03 9.768073089211689819e+01
8.687710404826506419e+03 9.201424905396521581e+01
8.687910398159951001e+03 8.658172679835770680e+01
8.688110391493395582e+03 7.708717899778197591e+01
8.688310384826840163e+03 7.216581892666414433e+01
8.688510378160282926e+03 7.539340804858481704e+01
8.688710371493727507e+03 8.212269027801059451e+01
8.688910364827172089e+03 9.063650147994981410e+01
8.689110358160616670e+03 9.652995379469015802e+01
8.689310351494061251e+03 9.779133004130876827e+01
8.689510344827505833e+03 9.943474904060146002e+01
8.689710338160950414e+03 9.963045155675087017e+01
8.689910331494396814e+03 9.939322363550724049e+01
8.690110324827839577e+03 9.992446587664667845e+01
8.690310318161284158e+03 9.876259282699162156e+01
8.690510311494726921e+03 1.001615775803223158e+02
8.690710304828173321e+03 1.006821840524617500e+02
8.690910298161617902e+03 9.984539207592078469e+01
8.691110291495060665e+03 1.000671145857113657e+02
8.691310284828505246e+03 9.928675961968130537e+01
8.691510278161949827e+03 1.013767247288049305e+02
8.691710271495394409e+03 1.002982781705833588e+02
8.691910264828840809e+03 9.880337528029599525e+01
8.692110258162283571e+03 9.739784700094719483e+01
8.692310251495729972e+03 9.986848660505735609e+01
8.692510244829172734e+03 9.859616095510652656e+01
8.692710238162617316e+03 9.974003215093965480e+01
8.692910231496061897e+03 9.835394389511043300e+01
8.693110224829506478e+03 9.910664450130190062e+01
8.693310218162951060e+03 1.010415019805826375e+02
8.693510211496393822e+03 1.000636743657321546e+02
8.693710204829838403e+03 1.011307167875861666e+02
8.693910198163284804e+03 9.977470524234952620e+01
8.694110191496727566e+03 9.867295536119500809e+01
8.694310184830173966e+03 9.971612497576269618e+01
8.694510178163616729e+03 9.841517480505066828e+01
8.694710171497061310e+03 9.980280549123433786e+01
8.694910164830507711e+03 9.969878973966088154e+01
8.695110158163950473e+03 1.000829281875494985e+02
8.695310151497395054e+03 9.851834616031302971e+01
8.695510144830837817e+03 1.006707995448261102e+02
8.695710138164284217e+03 9.990784568807389121e+01
8.695910131497728798e+03 9.864685449451820887e+01
8.696110124831171561e+03 9.837368601054251371e+01
8.696310118164616142e+03 1.013907899191188307e+02
8.696510111498060724e+03 1.000251531132271481e+02
8.696710104831507124e+03 1.015503522050098013e+02
8.696910098164951705e+03 1.002360995781170061e+02
8.697110091498394468e+03 9.958038810037109556e+01
8.697310084831840868e+03 1.008019601210938134e+02
8.697510078165283630e+03 1.006812653978154657e+02
8.697710071498728212e+03 1.009304193511452326e+02
8.697910064832172793e+03 9.955713933070883570e+01
8.698110058165617374e+03 9.941192324895105514e+01
8.698310051499061956e+03 9.964554700434875656e+01
8.698510044832504718e+03 1.006508830979651776e+02
8.698710038165949300e+03 9.863999073981234744e+01
8.698910031499395700e+03 9.847351469669339963e+01
8.699110024832840281e+03 9.910318919146047278e+01
8.699310018166284863e+03 9.799707887425320507e+01
8.699510011499727625e+03 1.008493260392875328e+02
8.699710004833172206e+03 9.923859538909337630e+01
8.699909998166618607e+03 9.986464491227144435e+01
8.700109991500061369e+03 9.969342607531787337e+01
8.700309984833505951e+03 1.008980740583252782e+02
8.700509978166948713e+03 9.849728911575611789e+01
8.700709971500395113e+03 1.000471076365472669e+02
8.700909964833839695e+03 1.005503184318934728e+02
8.701109958167282457e+03 1.001459058465254657e+02
8.701309951500727038e+03 1.006933101881532906e+02
8.701509944834171620e+03 9.904950197239153908e+01
8.701709938167618020e+03 1.001616569323141022e+02
8.701909931501062601e+03 9.905513210161196014e+01
8.702109924834505364e+03 1.019360290074024107e+02
8.702309918167951764e+03 9.776046955830335605e+01
8.702509911501394527e+03 1.007669741433920905e+02
8.702709904834839108e+03 1.003925925817159879e+02
8.702909898168283689e+03 9.949751952459942572e+01
8.703109891501728271e+03 9.844634177630389615e+01
8.703309884835172852e+03 9.956436139355888315e+01
8.703509878168615614e+03 1.004302886716734236e+02
8.703709871502060196e+03 9.936949121688410003e+01
8.703909864835506596e+03 1.001009422813024798e+02
8.704109858168951178e+03 1.003482612010428170e+02
8.704309851502395759e+03 1.010113714704603751e+02
8.704509844835838521e+03 1.000910615542493360e+02
8.704709838169284922e+03 1.012426089077050193e+02
8.704909831502729503e+03 1.001762477906794260e+02
8.705109824836172265e+03 9.827367453087019555e+01
8.705309818169616847e+03 9.819652558299337386e+01
8.705509811503059609e+03 9.986324234197641658e+01
8.705709804836506009e+03 1.006711660105947317e+02
8.705909798169950591e+03 9.946063309792205587e+01
8.706109791503393353e+03 9.937958737091470596e+01
8.706309784836837935e+03 9.983655987325813896e+01
8.706509778170284335e+03 9.895232133019639775e+01
8.706709771503728916e+03 9.965636534156426762e+01
8.706909764837173498e+03 9.963019153820509644e+01
8.707109758170616260e+03 1.001507161073891012e+02
8.707309751504062660e+03 1.000861619334343118e+02
8.707509744837505423e+03 1.002785719997817750e+02
8.707709738170950004e+03 9.922879996061288921e+01
8.707909731504394585e+03 1.004567868685654162e+02
8.708109724837839167e+03 9.889056249838219514e+01
8.708309718171283748e+03 1.017471577934063873e+02
8.708509711504726511e+03 9.992356666087314920e+01
8.708709704838171092e+03 1.002104314915663252e+02
8.708909698171619311e+03 1.005797719243455219e+02
8.709109691505062074e+03 9.778093880473718968e+01
8.709309684838506655e+03 9.999185334602448449e+01
8.709509678171949417e+03 1.005359225243128805e+02
8.709709671505395818e+03 1.010614456641671097e+02
8.709909664838840399e+03 9.863659755821409192e+01
8.710109658172283162e+03 9.753425888317708825e+01
8.710309651505727743e+03 9.831066393041706419e+01
8.710509644839170505e+03 9.931155125505023307e+01
8.710709638172616906e+03 9.945129431732543424e+01
8.710909631506061487e+03 1.020531818313253041e+02
8.711109624839504249e+03 9.927929068012772973e+01
8.711309618172950650e+03 1.000351751404888034e+02
8.711509611506395231e+03 1.001167086436361160e+02
8.711709604839839812e+03 1.010049322617205405e+02
8.711909598173284394e+03 9.974066489274662217e+01
8.712109591506727156e+03 1.004105859108843788e+02
8.712309584840173557e+03 1.003766647300646468e+02
8.712509578173616319e+03 9.858724066006897147e+01
8.712709571507060900e+03 9.728292418640627659e+01
8.712909564840505482e+03 9.741033025532384215e+01
8.713109558173950063e+03 9.732736800287582923e+01
8.713309551507394644e+03 1.001188313296028980e+02
8.713509544840837407e+03 1.004031999147518519e+02
8.713709538174281988e+03 1.000449484831595015e+02
8.713909531507730208e+03 9.844839903345751964e+01
8.714109524841172970e+03 1.000532654574752627e+02
8.714309518174617551e+03 1.001468550498170202e+02
8.714509511508060314e+03 9.974601574201082599e+01
8.714709504841506714e+03 9.833127245390501514e+01
8.714909498174951295e+03 1.005431506979350189e+02
8.715109491508394058e+03 9.972073009111487352e+01
8.715309484841838639e+03 1.009310122655881372e+02
8.715509478175283220e+03 9.804654274287709370e+01
8.715709471508727802e+03 1.013462671033097564e+02
8.715909464842172383e+03 9.998271812072503906e+01
8.716109458175615146e+03 9.981914666704746253e+01
8.716309451509061546e+03 9.819200982882426842e+01
8.716509444842506127e+03 1.010411903792248154e+02
8.716709438175950709e+03 1.016654870867170359e+02
8.716909431509395290e+03 1.014921171507200484e+02
8.717109424842838052e+03 9.937862164537959586e+01
8.717309418176284453e+03 1.002201009445122963e+02
8.717509411509727215e+03 9.992896632624635345e+01
8.717709404843171797e+03 9.774612417226038019e+01
8.717909398176616378e+03 1.004688696935323549e+02
8.718109391510060959e+03 1.002016043836153898e+02
8.718309384843505541e+03 9.905262888037728430e+01
8.718509378176948303e+03 1.005926093813490070e+02
8.718709371510394703e+03 9.922119423876856104e+01
8.718909364843841104e+03 9.933526076296364238e+01
8.719109358177283866e+03 9.991096639224879539e+01
8.719309351510728447e+03 1.009928381436152875e+02
8.719509344844171210e+03 1.002485209342962804e+02
8.719709338177617610e+03 9.950913882055488102e+01
8.719909331511062192e+03 9.907100040920160211e+01
8.720109324844504954e+03 9.963313605195959610e+01
8.720309318177949535e+03 9.923077689970121185e+01
8.720509311511394117e+03 1.008518260644571711e+02
8.720709304844838698e+03 9.824161248611864039e+01
8.720909298178283279e+03 9.985254473009159426e+01
8.721109291511727861e+03 1.005936435807380889e+02
8.721309284845172442e+03 9.962556584691151329e+01
8.721509278178617024e+03 1.008990982605185707e+02
8.721709271512061605e+03 1.002292689139480473e+02
8.721909264845506186e+03 9.868645968392735313e+01
8.722109258178948949e+03 1.005222551962290680e+02
8.722309251512395349e+03 1.023275932085504536e+02
8.722509244845838111e+03 1.002366209856253363e+02
8.722709238179282693e+03 9.939068119900696274e+01
8.722909231512727274e+03 9.860436387333588470e+01
8.723109224846171855e+03 1.005562584786999025e+02
8.723309218179616437e+03 9.930400060573659005e+01
8.723509211513061018e+03 1.009491899046919343e+02
8.723709204846505600e+03 9.847063787166877091e+01
8.723909198179952000e+03 9.943815367476437928e+01
8.724109191513394762e+03 9.977474954282479302e+01
8.724309184846839344e+03 9.978786797507680717e+01
8.724509178180282106e+03 1.013987231664718678e+02
8.724709171513728506e+03 1.002016548749561480e+02
8.724909164847173088e+03 9.955172968190683491e+01
8.725109158180615850e+03 9.849244825346971766e+01
8.725309151514060432e+03 9.912459908500046879e+01
8.725509144847505013e+03 1.008096124257499753e+02
8.725709138180949594e+03 9.933920992318515175e+01
8.725909131514394176e+03 9.870966496201059215e+01
8.726109124847838757e+03 9.860577554760955366e+01
8.726309118181285157e+03 9.846185625744897152e+01
8.726509111514727920e+03 9.891727943992408711e+01
8.726709104848172501e+03 1.006138053252010565e+02
8.726909098181617082e+03 1.019181938944957295e+02
8.727109091515059845e+03 9.895791805356751070e+01
8.727309084848506245e+03 1.003510019318756150e+02
8.727509078181949008e+03 1.003174336889712350e+02
8.727709071515393589e+03 1.004810025459427578e+02
8.727909064848838170e+03 1.003564523563329658e+02
8.728109058182282752e+03 9.963211452029059956e+01
8.728309051515727333e+03 9.856703098567763277e+01
8.728509044849171914e+03 1.003808516978752010e+02
8.728709038182616496e+03 9.966392479777542235e+01
8.728909031516062896e+03 9.976449250044298367e+01
8.729109024849505658e+03 9.924276971773083744e+01
8.729309018182950240e+03 9.891167813480329585e+01
8.729509011516393002e+03 1.018068654113454841e+02
8.729709004849839403e+03 1.014293374448424316e+02
