8.485061243721505889e+03 9.800326592434036854e+01
8.485261363090463419e+03 1.012398473131667203e+02
8.485461482459419130e+03 1.019179340294744378e+02
8.485661601828374842e+03 9.951510406692558774e+01
8.485861721197330553e+03 9.818568235817014056e+01
8.486061840566284445e+03 9.884098728772147524e+01
8.486261959935241975e+03 9.800030701466099003e+01
8.486462079304197687e+03 9.623522289919146999e+01
8.486662198673153398e+03 9.406209719693133309e+01
8.486862318042109109e+03 9.189315837149878519e+01
8.487062437411063001e+03 8.930568538629340480e+01
8.487262556780020532e+03 8.926039912687586764e+01
8.487462676148976243e+03 9.745798030557597258e+01
8.487662795517931954e+03 9.872456082068057981e+01
8.487862914886887665e+03 9.571344840619846650e+01
8.488063034255841558e+03 1.001340713754994027e+02
8.488263153624799088e+03 9.612924894625928118e+01
8.488463272993754799e+03 1.000097777120933102e+02
8.488663392362710510e+03 9.901395828977430824e+01
8.488863511731666222e+03 1.002683514022575082e+02
8.489063631100620114e+03 1.025911705509613796e+02
8.489263750469577644e+03 1.001445035533156585e+02
8.489463869838533356e+03 9.921755554532079202e+01
8.489663989207489067e+03 1.045333461249387312e+02
8.489864108576442959e+03 9.910054949855141615e+01
8.490064227945398670e+03 9.719753158043572228e+01
8.490264347314356201e+03 9.836566216406363594e+01
8.490464466683311912e+03 9.765791864571568226e+01
8.490664586052267623e+03 1.009042394153886448e+02
8.490864705421221515e+03 1.002232349359937444e+02
8.491064824790177227e+03 9.844795516397049084e+01
8.491264944159134757e+03 9.957016265115379383e+01
8.491465063528090468e+03 9.847675031413811553e+01
8.491665182897046179e+03 9.854905050777657038e+01
8.491865302266000072e+03 1.032906864673965828e+02
8.492065421634955783e+03 1.001952427429155819e+02
8.492265541003913313e+03 9.787002571893701486e+01
8.492465660372869024e+03 9.911259185579741882e+01
8.492665779741824736e+03 9.809866776406343547e+01
8.492865899110778628e+03 9.973968714066646157e+01
8.493066018479734339e+03 1.023523723798695784e+02
8.493266137848691869e+03 9.545387898123951231e+01
8.493466257217647581e+03 9.830137232941750369e+01
8.493666376586601473e+03 9.758112783655587918e+01
8.493866495955557184e+03 9.879625325359405963e+01
8.494066615324512895e+03 1.022530781554672217e+02
8.494266734693470426e+03 1.004995322552086918e+02
8.494466854062426137e+03 1.012041923102468246e+02
8.494666973431380029e+03 9.971833827587977339e+01
8.494867092800335740e+03 9.711410682444719100e+01
8.495067212169291452e+03 1.035280291099005723e+02
8.495267331538248982e+03 9.513720114959178886e+01
8.495467450907204693e+03 9.308480101611183954e+01
8.495667570276158585e+03 1.006274375595876620e+02
8.495867689645114297e+03 9.966445398580781045e+01
8.496067809014070008e+03 1.000343622212493813e+02
8.496267928383027538e+03 9.432617235377361453e+01
8.496468047751983249e+03 9.594202754248962606e+01
8.496668167120937142e+03 9.543457876916336602e+01
8.496868286489892853e+03 1.027506790190977597e+02
8.497068405858848564e+03 1.010208353759236104e+02
8.497268525227806094e+03 1.044299927564944852e+02
8.497468644596761806e+03 9.510927463320415143e+01
8.497668763965715698e+03 9.519438449818768788e+01
8.497868883334671409e+03 9.989417026186538351e+01
8.498069002703627120e+03 9.862269410582155160e+01
8.498269122072584651e+03 9.552734675603234393e+01
8.498469241441538543e+03 9.419378667009722506e+01
8.498669360810494254e+03 9.759540753857270090e+01
8.498869480179449965e+03 9.917289487189458441e+01
8.499069599548407496e+03 1.010673927222665327e+02
8.499269718917363207e+03 9.832222579661407735e+01
8.499469838286317099e+03 9.394269047952300866e+01
8.499669957655272810e+03 9.827677140351102025e+01
8.499870077024228522e+03 9.609769254415078876e+01
8.500070196393186052e+03 9.555532133442397935e+01
8.500270315762141763e+03 9.534891017482773634e+01
8.500470435131095655e+03 9.495506632374579681e+01
8.500670554500051367e+03 9.315204818265939934e+01
8.500870673869007078e+03 9.475495766808224118e+01
8.501070793237964608e+03 9.055055315201954613e+01
8.501270912606920319e+03 8.662549419895786684e+01
8.501471031975874212e+03 8.142487910280667052e+01
8.501671151344829923e+03 8.071525917632273206e+01
8.501871270713785634e+03 7.288465872073163609e+01
8.502071390082743164e+03 6.912956404205411332e+01
8.502271509451697057e+03 6.212122432606291511e+01
8.502471628820652768e+03 5.749480965752661632e+01
8.502671748189608479e+03 5.334873440170908765e+01
8.502871867558564190e+03 4.431138520944341508e+01
8.503071986927521721e+03 4.070659211192057825e+01
8.503272106296475613e+03 4.634471904651910279e+01
8.503472225665431324e+03 5.106434344781290946e+01
8.503672345034387035e+03 5.999592960828245225e+01
8.503872464403342747e+03 7.068866841549562707e+01
8.504072583772300277e+03 7.036808597016657529e+01
8.504272703141254169e+03 7.632975737859024434e+01
8.504472822510209880e+03 8.524108032121414169e+01
8.504672941879165592e+03 8.786739068673534803e+01
8.504873061248121303e+03 8.788505859155671374e+01
8.505073180617078833e+03 9.249695890914465224e+01
8.505273299986032725e+03 9.200828168517841732e+01
8.505473419354988437e+03 9.077830482240770493e+01
8.505673538723944148e+03 9.151856094203790803e+01
8.505873658092899859e+03 9.256685965912537029e+01
8.506073777461857389e+03 9.353886971982697673e+01
8.506273896830811282e+03 9.144429778046369961e+01
8.506474016199766993e+03 9.199726459476724472e+01
8.506674135568722704e+03 8.534923117256781211e+01
8.506874254937678415e+03 8.809358297764462975e+01
8.507074374306634127e+03 8.232082855189658233e+01
8.507274493675589838e+03 8.640474857589745739e+01
8.507474613044545549e+03 8.846396783596853197e+01
8.507674732413501260e+03 8.876865000113659221e+01
8.507874851782456972e+03 8.929767058561759541e+01
8.508074971151412683e+03 9.663994808513027124e+01
8.508275090520368394e+03 9.837612259963216843e+01
8.508475209889324105e+03 9.817893494272705368e+01
8.508675329258279817e+03 9.543877574179785483e+01
8.508875448627235528e+03 9.689058642186114412e+01
8.509075567996191239e+03 9.891570902328471959e+01
8.509275687365146950e+03 9.761561775391484730e+01
8.509475806734102662e+03 1.026159161804701938e+02
8.509675926103058373e+03 9.480599487369593703e+01
8.509876045472014084e+03 1.019255824347902433e+02
8.510076164840969795e+03 9.967324818876727477e+01
8.510276284209925507e+03 1.005457853519259714e+02
8.510476403578881218e+03 1.029819825593630611e+02
8.510676522947836929e+03 1.029019941339017521e+02
8.510876642316790821e+03 9.678708033284964074e+01
8.511076761685748352e+03 9.775480086279108605e+01
8.511276881054704063e+03 9.553918127421050599e+01
8.511477000423659774e+03 1.030238145523132829e+02
8.511677119792615485e+03 9.995340423987745737e+01
8.511877239161569378e+03 9.598176851093349171e+01
8.512077358530526908e+03 9.993713317733057977e+01
8.512277477899482619e+03 9.831988003767121143e+01
8.512477597268438331e+03 9.522605886359828276e+01
8.512677716637394042e+03 9.766983846058350593e+01
8.512877836006347934e+03 9.644754496508176089e+01
8.513077955375305464e+03 9.850782186135224094e+01
8.513278074744261176e+03 1.012698034168711985e+02
8.513478194113216887e+03 9.719882076132951454e+01
8.513678313482172598e+03 9.611935693366898192e+01
8.513878432851126490e+03 1.001207001007039992e+02
8.514078552220084021e+03 1.054921568133292595e+02
8.514278671589039732e+03 1.013372134414469059e+02
8.514478790957995443e+03 1.009005280882495867e+02
8.514678910326951154e+03 9.827404099123261005e+01
8.514879029695905047e+03 9.974950410516571253e+01
8.515079149064862577e+03 9.867769173406587413e+01
8.515279268433818288e+03 9.968004510059667211e+01
8.515479387802773999e+03 1.021636988947973634e+02
8.515679507171727892e+03 9.889803343466250851e+01
8.515879626540683603e+03 9.836344750376539992e+01
8.516079745909641133e+03 1.036751020798038496e+02
8.516279865278596844e+03 1.009057495783154792e+02
8.516479984647552556e+03 9.768843453218532602e+01
8.516680104016506448e+03 9.578821120204756312e+01
8.516880223385462159e+03 9.726667794465753047e+01
8.517080342754419689e+03 1.021599451343214042e+02
8.517280462123375401e+03 1.017579699911141375e+02
8.517480581492331112e+03 1.010286085296754237e+02
8.517680700861285004e+03 9.976143097254819736e+01
8.517880820230240715e+03 1.014580789489248787e+02
8.518080939599198246e+03 9.843005827219290893e+01
8.518281058968153957e+03 9.985301398775507664e+01
8.518481178337109668e+03 9.810778277210023646e+01
8.518681297706063560e+03 9.002702936748205786e+01
8.518881417075019272e+03 8.777743756984096990e+01
8.519081536443976802e+03 8.693599511275800751e+01
8.519281655812932513e+03 8.380074062529085666e+01
8.519481775181886405e+03 8.767059447742701650e+01
8.519681894550842117e+03 9.080508814143297514e+01
8.519882013919797828e+03 8.748107696543101497e+01
8.520082133288755358e+03 9.018688219400722517e+01
8.520282252657711069e+03 9.011163661856724616e+01
8.520482372026664962e+03 9.729256159912669943e+01
8.520682491395620673e+03 9.809250596524258015e+01
8.520882610764576384e+03 1.025782806433777523e+02
8.521082730133533914e+03 1.020874719310598380e+02
8.521282849502489626e+03 9.736980096630480830e+01
8.521482968871443518e+03 9.758148426355424476e+01
8.521683088240399229e+03 9.982445763174912656e+01
8.521883207609354940e+03 9.987752701076357198e+01
8.522083326978312471e+03 9.700356369513949062e+01
8.522283446347268182e+03 9.660559617767913210e+01
8.522483565716222074e+03 9.799311247603958464e+01
8.522683685085177785e+03 9.432514498737985775e+01
8.522883804454133497e+03 1.024819475433661466e+02
8.523083923823091027e+03 9.147468022896758555e+01
8.523284043192046738e+03 9.983653806689441979e+01
8.523484162561000630e+03 9.584638034290054520e+01
8.523684281929956342e+03 9.399781282551137451e+01
8.523884401298912053e+03 1.012026096689464936e+02
8.524084520667869583e+03 9.820547177070498890e+01
8.524284640036823475e+03 9.548078022264070341e+01
8.524484759405779187e+03 9.661169967977991746e+01
8.524684878774734898e+03 9.863652149741436403e+01
8.524884998143690609e+03 9.832972340089534669e+01
8.525085117512648139e+03 1.012778555225036143e+02
8.525285236881602032e+03 1.007125982940972193e+02
8.525485356250557743e+03 9.688928246074058848e+01
8.525685475619513454e+03 9.920178101405124949e+01
8.525885594988469165e+03 9.818811911999810604e+01
8.526085714357426696e+03 9.585851798191370676e+01
8.526285833726380588e+03 9.907146649214320178e+01
8.526485953095336299e+03 9.872383987332665356e+01
8.526686072464292010e+03 9.716187983642402060e+01
8.526886191833247722e+03 1.006375521452309840e+02
8.527086311202205252e+03 9.860714180687800479e+01
8.527286430571159144e+03 1.000279241909007624e+02
8.527486549940114855e+03 1.006901484122755335e+02
8.527686669309070567e+03 9.795040726527503239e+01
8.527886788678026278e+03 1.002932217305295097e+02
8.528086908046981989e+03 9.819961905720883522e+01
8.528287027415937700e+03 1.002048626988190989e+02
8.528487146784893412e+03 9.862290217946276982e+01
8.528687266153849123e+03 9.861266192230678485e+01
8.528887385522804834e+03 9.901714121796018730e+01
8.529087504891760545e+03 9.822106694100882862e+01
8.529287624260716257e+03 9.755756037662374069e+01
8.529487743629671968e+03 9.667616701322225481e+01
8.529687862998627679e+03 1.041780106577386675e+02
8.529887982367583390e+03 9.807506484229814703e+01
8.530088101736539102e+03 1.003246253040001363e+02
8.530288221105494813e+03 9.764793165702154454e+01
8.530488340474450524e+03 9.793579841112712359e+01
8.530688459843406235e+03 9.374947140438200677e+01
8.530888579212361947e+03 1.000849785007299886e+02
8.531088698581317658e+03 9.763534479470924055e+01
8.531288817950273369e+03 9.572280370861739129e+01
8.531488937319229080e+03 9.826406525511954726e+01
8.531689056688184792e+03 9.393703281515730907e+01
8.531889176057140503e+03 8.895577935594720032e+01
8.532089295426096214e+03 8.743554744437780357e+01
8.532289414795051925e+03 8.727293017392564423e+01
8.532489534164007637e+03 9.067392162360285113e+01
8.532689653532963348e+03 8.996170578456759870e+01
8.532889772901917240e+03 9.329131149102049392e+01
8.533089892270874770e+03 9.958749156115467827e+01
8.533290011639830482e+03 9.521904178289378251e+01
8.533490131008786193e+03 9.661522140178225015e+01
8.533690250377741904e+03 9.723799638493662201e+01
8.533890369746695796e+03 9.700207934498222073e+01
8.534090489115653327e+03 9.937058573647212256e+01
8.534290608484609038e+03 9.693502542317972370e+01
8.534490727853564749e+03 9.958000383221663299e+01
8.534690847222520460e+03 1.002295814127587903e+02
8.534890966591474353e+03 9.389442958382265658e+01
8.535091085960431883e+03 9.730457907877412538e+01
8.535291205329387594e+03 9.544499620987758703e+01
8.535491324698343305e+03 9.259678242742461407e+01
8.535691444067299017e+03 9.602239501970494473e+01
8.535891563436252909e+03 9.672789891380308802e+01
8.536091682805210439e+03 9.695399893401349800e+01
8.536291802174166151e+03 9.955047199773294153e+01
8.536491921543121862e+03 9.586108707161768905e+01
8.536692040912075754e+03 9.974621556518989962e+01
8.536892160281031465e+03 9.743438386153115971e+01
8.537092279649988996e+03 9.456110258842514327e+01
8.537292399018944707e+03 9.663752171753485243e+01
8.537492518387900418e+03 9.747571291376449665e+01
8.537692637756854310e+03 9.823734926392462796e+01
8.537892757125810022e+03 9.715587796531464448e+01
8.538092876494767552e+03 9.524990461292553334e+01
8.538292995863723263e+03 9.828518175657471545e+01
8.538493115232678974e+03 9.573946326940095730e+01
8.538693234601632867e+03 9.603872077499410409e+01
8.538893353970588578e+03 9.658964306711348513e+01
8.539093473339546108e+03 9.182931957932677847e+01
8.539293592708501819e+03 9.489880528162348128e+01
8.539493712077457531e+03 9.663904687412274086e+01
8.539693831446411423e+03 9.463296708998713314e+01
8.539893950815367134e+03 9.100232479937368169e+01
8.540094070184324664e+03 8.991214735458676444e+01
8.540294189553280376e+03 9.257890595398079370e+01
8.540494308922236087e+03 8.457088815013437966e+01
8.540694428291191798e+03 9.077011238918701963e+01
8.540894547660145690e+03 9.002142905815006202e+01
8.541094667029103221e+03 8.834222815973727450e+01
8.541294786398058932e+03 8.330819673654114865e+01
8.541494905767012824e+03 8.410641881407528331e+01
8.541695025135970354e+03 8.472473085798368686e+01
8.541895144504924247e+03 8.725243257077764270e+01
8.542095263873881777e+03 8.593474138509215265e+01
8.542295383242837488e+03 8.542555958039633879e+01
8.542495502611791380e+03 8.839924364329677076e+01
8.542695621980748911e+03 8.388119054951441456e+01
8.542895741349702803e+03 8.630581809990853515e+01
8.543095860718660333e+03 8.485689454399900455e+01
8.543295980087616044e+03 8.422167090027727454e+01
8.543496099456569937e+03 8.330555863265071537e+01
8.543696218825527467e+03 7.968658821365734468e+01
8.543896338194481359e+03 7.647974297478887706e+01
8.544096457563438889e+03 8.106577530872630177e+01
8.544296576932394601e+03 7.672422024339924462e+01
8.544496696301348493e+03 7.495412231071682641e+01
8.544696815670306023e+03 7.064337386378034012e+01
8.544896935039259915e+03 7.082791071523210746e+01
8.545097054408217446e+03 7.004227613313108236e+01
8.545297173777171338e+03 6.831138186042709037e+01
8.545497293146127049e+03 7.080486775669493227e+01
8.545697412515084579e+03 6.365608676404985999e+01
8.545897531884038472e+03 6.238632332369651579e+01
8.546097651252996002e+03 5.720710827152392852e+01
8.546297770621949894e+03 5.462000944659189372e+01
8.546497889990905605e+03 5.218128921900463268e+01
8.546698009359863136e+03 4.437209954567611447e+01
8.546898128728817028e+03 3.308377137816639646e+01
8.547098248097774558e+03 2.877649017442812251e+01
8.547298367466728450e+03 3.181925079112785326e+01
8.547498486835684162e+03 4.246662894862891591e+01
8.547698606204641692e+03 3.827843625041995779e+01
8.547898725573595584e+03 4.999114257505454617e+01
8.548098844942553114e+03 4.835739566060647832e+01
8.548298964311507007e+03 5.812391775159532870e+01
8.548499083680462718e+03 6.507294760169318693e+01
8.548699203049420248e+03 6.457528419759390204e+01
8.548899322418374140e+03 6.676424427033624909e+01
8.549099441787331671e+03 6.849348072897829809e+01
8.549299561156285563e+03 6.750830026793248351e+01
8.549499680525241274e+03 7.222540650197666423e+01
8.549699799894198804e+03 7.480366564661609630e+01
8.549899919263152697e+03 7.460316151941775331e+01
8.550100038632108408e+03 7.428145538393000891e+01
8.550300158001064119e+03 7.415412214308184957e+01
8.550500277370019830e+03 8.212848130177835060e+01
8.550700396738977361e+03 8.206714114052047648e+01
8.550900516107931253e+03 8.734824597245240341e+01
8.551100635476886964e+03 7.900559634798352704e+01
8.551300754845842675e+03 8.687820858378309197e+01
8.551500874214798387e+03 8.208627671247170099e+01
8.551700993583755917e+03 8.486795154416240905e+01
8.551901112952709809e+03 8.160433710006570607e+01
8.552101232321665520e+03 8.666727547397354670e+01
8.552301351690621232e+03 8.525988385768911826e+01
8.552501471059576943e+03 8.342227297933970931e+01
8.552701590428534473e+03 8.683826238358527405e+01
8.552901709797488365e+03 9.009875121038037094e+01
8.553101829166444077e+03 9.131688953762943584e+01
8.553301948535399788e+03 8.881989084701768888e+01
8.553502067904355499e+03 9.359407749870233317e+01
8.553702187273313029e+03 8.795215753767597278e+01
8.553902306642265103e+03 8.982624960075187914e+01
8.554102426011222633e+03 9.180058738854194189e+01
8.554302545380178344e+03 9.228182606792967135e+01
8.554502664749134055e+03 9.509689570719065443e+01
8.554702784118091586e+03 9.163823821261151181e+01
8.554902903487043659e+03 9.362235465070422435e+01
8.555103022856001189e+03 9.083766824494097136e+01
8.555303142224956900e+03 9.562580097671126111e+01
8.555503261593912612e+03 9.614831374593239843e+01
8.555703380962870142e+03 9.234187830415206122e+01
8.555903500331822215e+03 9.062611808103778799e+01
8.556103619700779745e+03 9.438196630815509991e+01
8.556303739069735457e+03 9.477707250179483367e+01
8.556503858438691168e+03 9.310680883497299476e+01
8.556703977807648698e+03 9.533143891060984743e+01
8.556904097176600771e+03 9.231043389952913003e+01
8.557104216545558302e+03 9.341327126031873718e+01
8.557304335914514013e+03 1.001364131037275342e+02
8.557504455283469724e+03 9.081990622555383652e+01
8.557704574652425435e+03 9.363055324937434420e+01
8.557904694021379328e+03 9.208200452123837465e+01
8.558104813390336858e+03 9.137766487383134972e+01
8.558304932759292569e+03 9.968720116520081831e+01
8.558505052128248280e+03 9.555981734375031067e+01
8.558705171497203992e+03 1.013415918521614145e+02
8.558905290866157884e+03 1.034237427854817639e+02
8.559105410235115414e+03 9.733603390026816271e+01
8.559305529604071126e+03 1.017406787615011439e+02
8.559505648973026837e+03 9.614803123364910675e+01
8.559705768341982548e+03 9.932069437384957666e+01
8.559905887710936440e+03 9.887134920552207973e+01
8.560106007079893971e+03 9.415135300493226111e+01
8.560306126448849682e+03 9.700217596940042597e+01
8.560506245817805393e+03 9.604592005786226139e+01
8.560706365186761104e+03 9.727445919671532693e+01
8.560906484555714997e+03 9.442459382343704988e+01
8.561106603924672527e+03 9.247035015611767506e+01
8.561306723293628238e+03 9.692572259675002044e+01
8.561506842662583949e+03 9.530634484954389052e+01
8.561706962031539661e+03 8.781535559622719234e+01
8.561907081400493553e+03 8.524484263459964950e+01
8.562107200769451083e+03 8.692687839552711182e+01
8.562307320138406794e+03 9.340387600901181031e+01
8.562507439507360687e+03 9.474452834884860408e+01
8.562707558876318217e+03 9.715760794629818520e+01
8.562907678245272109e+03 9.899720678036170796e+01
8.563107797614229639e+03 9.791216675983379503e+01
8.563307916983185351e+03 9.697904006974803792e+01
8.563508036352139243e+03 1.005855571071254388e+02
8.563708155721096773e+03 9.565122228141383687e+01
8.563908275090050665e+03 1.031475836224300906e+02
8.564108394459008196e+03 9.545871464656757155e+01
8.564308513827963907e+03 9.915742197289277726e+01
8.564508633196917799e+03 9.473303492300803441e+01
8.564708752565875329e+03 9.362764425655865352e+01
8.564908871934829222e+03 9.463855331377325797e+01
8.565108991303786752e+03 9.504940049697817983e+01
8.565309110672742463e+03 9.466363424988256270e+01
8.565509230041696355e+03 9.815435052054061771e+01
8.565709349410653886e+03 1.003850795259276936e+02
8.565909468779607778e+03 9.888684299915675524e+01
8.566109588148565308e+03 9.677256247694252522e+01
8.566309707517519200e+03 9.676955955811175158e+01
8.566509826886474912e+03 9.610432901368649539e+01
8.566709946255432442e+03 9.376399716334985612e+01
8.566910065624386334e+03 9.534766809357901707e+01
8.567110184993343864e+03 1.000796836778341969e+02
8.567310304362297757e+03 1.028962906661348029e+02
8.567510423731253468e+03 9.984916368967918743e+01
8.567710543100210998e+03 1.003763993364819669e+02
8.567910662469164890e+03 9.991874610641401944e+01
8.568110781838122421e+03 1.012615519973221723e+02
8.568310901207076313e+03 1.040352806533339702e+02
8.568511020576032024e+03 1.004340225746551454e+02
8.568711139944989554e+03 9.690039719600360968e+01
8.568911259313943447e+03 9.868680078508116083e+01
8.569111378682900977e+03 9.989766194444085556e+01
8.569311498051854869e+03 9.916311189798290116e+01
8.569511617420810580e+03 9.623193161606342017e+01
8.569711736789768111e+03 9.778575340208242039e+01
8.569911856158722003e+03 9.796600997570678260e+01
8.570111975527679533e+03 9.891517428101212772e+01
8.570312094896633425e+03 9.744464012177402878e+01
8.570512214265589137e+03 9.988096330038334258e+01
8.570712333634546667e+03 9.533391147244203978e+01
8.570912453003500559e+03 9.421196002355749499e+01
8.571112572372456270e+03 9.644285681626354290e+01
8.571312691741411982e+03 1.002254289729042256e+02
8.571512811110367693e+03 1.016016296798541561e+02
8.571712930479325223e+03 9.864164404626063742e+01
8.571913049848279115e+03 9.447326601351682029e+01
8.572113169217234827e+03 9.534096128304311435e+01
8.572313288586190538e+03 1.004756437451300428e+02
8.572513407955146249e+03 9.911154238506330216e+01
8.572713527324103779e+03 9.757675100670201118e+01
8.572913646693057672e+03 9.986649506934641352e+01
8.573113766062013383e+03 9.815053189941271228e+01
8.573313885430969094e+03 9.481321262423074359e+01
8.573514004799924805e+03 9.908655281063367681e+01
8.573714124168882336e+03 1.015002057197595207e+02
8.573914243537836228e+03 1.015446476213798803e+02
8.574114362906791939e+03 1.015720454370478762e+02
8.574314482275747650e+03 1.025030855798679141e+02
8.574514601644703362e+03 9.976424487379344441e+01
8.574714721013660892e+03 1.034322536379378192e+02
8.574914840382612965e+03 9.814669751373648410e+01
8.575114959751570495e+03 1.003439800754601094e+02
8.575315079120526207e+03 9.972813567337391305e+01
8.575515198489481918e+03 1.026021736641834252e+02
8.575715317858439448e+03 9.839655987321559394e+01
8.575915437227391521e+03 9.701201170563383869e+01
8.576115556596349052e+03 1.024114687158362074e+02
8.576315675965304763e+03 9.581671499545362281e+01
8.576515795334260474e+03 9.748351906031831504e+01
8.576715914703218004e+03 9.226739389970730087e+01
8.576916034072170078e+03 9.279673509793529718e+01
8.577116153441127608e+03 9.744718148652609102e+01
8.577316272810083319e+03 9.780022498858916435e+01
8.577516392179039030e+03 9.414595139449272665e+01
8.577716511547996561e+03 1.010590256890699550e+02
8.577916630916948634e+03 9.821789637579293242e+01
8.578116750285906164e+03 9.896764485270229272e+01
8.578316869654861875e+03 9.856960880055609664e+01
8.578516989023817587e+03 1.023082987808814579e+02
8.578717108392775117e+03 1.022625779119992160e+02
8.578917227761727190e+03 9.946909644192450628e+01
8.579117347130684720e+03 1.006793060514132634e+02
8.579317466499640432e+03 1.023721002429739002e+02
8.579517585868596143e+03 9.870563179926253383e+01
8.579717705237551854e+03 1.011530618626084674e+02
8.579917824606505746e+03 9.527662884034461399e+01
8.580117943975463277e+03 1.015380229135280530e+02
8.580318063344418988e+03 1.001985791625864834e+02
8.580518182713374699e+03 9.746122750693832870e+01
8.580718302082330410e+03 1.009216077366085074e+02
8.580918421451284303e+03 1.022999035440183491e+02
8.581118540820241833e+03 9.981751679112093711e+01
8.581318660189197544e+03 1.018127905351751963e+02
8.581518779558153255e+03 1.004081220624482711e+02
8.581718898927108967e+03 9.682519955468920614e+01
8.581919018296062859e+03 9.776333155098845396e+01
8.582119137665020389e+03 1.028032804302984857e+02
8.582319257033976101e+03 1.000469138983356032e+02
8.582519376402931812e+03 9.833431431151245761e+01
8.582719495771887523e+03 1.029504455516096044e+02
8.582919615140841415e+03 9.986074264770240916e+01
8.583119734509798946e+03 1.020932786362540554e+02
8.583319853878756476e+03 9.611620966105212460e+01
8.583519973247708549e+03 9.571452163870549157e+01
8.583720092616666079e+03 1.019262774131162388e+02
8.583920211985619972e+03 9.908631557235433718e+01
8.584120331354577502e+03 9.477489513314573344e+01
8.584320450723535032e+03 9.945021505988755450e+01
8.584520570092487105e+03 1.011925446426696169e+02
8.584720689461444636e+03 9.634544641655315900e+01
8.584920808830398528e+03 1.002154978982791818e+02
8.585120928199356058e+03 9.619899265635488916e+01
8.585321047568313588e+03 1.000497232776012311e+02
8.585521166937265662e+03 9.664989961644648986e+01
8.585721286306223192e+03 1.022841655995233054e+02
8.585921405675177084e+03 9.904415858389423022e+01
8.586121525044134614e+03 9.523118111440345501e+01
8.586321644413092145e+03 9.867301823044016373e+01
8.586521763782044218e+03 9.659838607180786596e+01
8.586721883151001748e+03 9.590605298292973657e+01
8.586922002519955640e+03 9.800078275760897384e+01
8.587122121888913171e+03 8.780852897782429523e+01
8.587322241257870701e+03 8.854448111372934704e+01
8.587522360626822774e+03 8.986144146631878016e+01
8.587722479995780304e+03 8.901767046468852129e+01
8.587922599364734197e+03 9.308108785627968018e+01
8.588122718733691727e+03 9.660819276712545900e+01
8.588322838102647438e+03 9.327706436162289094e+01
8.588522957471601330e+03 9.921793546783770523e+01
8.588723076840558861e+03 9.940876371595601313e+01
8.588923196209512753e+03 1.027241044114883408e+02
8.589123315578470283e+03 9.804792066856492738e+01
8.589323434947425994e+03 1.000189306809120353e+02
8.589523554316379887e+03 1.007358425204546677e+02
8.589723673685337417e+03 9.528623473778728226e+01
8.589923793054291309e+03 9.363978514901188532e+01
8.590123912423248839e+03 9.301515480283445925e+01
8.590324031792204551e+03 9.393153823452951201e+01
8.590524151161158443e+03 1.004029564488791522e+02
8.590724270530115973e+03 1.012475202643371546e+02
8.590924389899069865e+03 1.025322174273651683e+02
8.591124509268027396e+03 1.023614102067838871e+02
8.591324628636983107e+03 1.025297571887753350e+02
8.591524748005936999e+03 1.010389462354425802e+02
8.591724867374894529e+03 1.025464993135781810e+02
8.591924986743848422e+03 9.955834936296810156e+01
8.592125106112804133e+03 1.002530232574522984e+02
8.592325225481761663e+03 9.594854266092580986e+01
8.592525344850715555e+03 1.005977901624502664e+02
8.592725464219673086e+03 9.652023293997261533e+01
8.592925583588626978e+03 1.020759548875342091e+02
8.593125702957582689e+03 9.949437375793404215e+01
8.593325822326540219e+03 9.901469907630996659e+01
8.593525941695494112e+03 9.518232204735652147e+01
8.593726061064451642e+03 1.010946007658981358e+02
8.593926180433405534e+03 9.900548289143974046e+01
8.594126299802361245e+03 1.013843215734023744e+02
8.594326419171318776e+03 1.023807257283219769e+02
8.594526538540272668e+03 9.800770659756059899e+01
8.594726657909230198e+03 1.085363153940165546e+02
8.594926777278184090e+03 9.732074345964775830e+01
8.595126896647139802e+03 9.733485155258875920e+01
8.595327016016097332e+03 9.976418292699486301e+01
8.595527135385051224e+03 1.039949941013399126e+02
8.595727254754008754e+03 1.002933085637780977e+02
8.595927374122962647e+03 1.006402585477027998e+02
8.596127493491918358e+03 1.039196000286928978e+02
8.596327612860875888e+03 9.519607525684932625e+01
8.596527732229829780e+03 1.017599401157099521e+02
8.596727851598787311e+03 1.008336771705362480e+02
8.596927970967739384e+03 9.624442897636542682e+01
8.597128090336696914e+03 1.009229704043911511e+02
8.597328209705654444e+03 9.629973152225834099e+01
8.597528329074608337e+03 1.014497411044487194e+02
8.597728448443565867e+03 9.855283209913991982e+01
8.597928567812517940e+03 9.723829068650424290e+01
8.598128687181475470e+03 9.804073290899245308e+01
8.598328806550433001e+03 9.034068133436541359e+01
8.598528925919386893e+03 1.029445639542838364e+02
8.598729045288344423e+03 9.576585899656797096e+01
8.598929164657296496e+03 1.016332899359615851e+02
8.599129284026254027e+03 1.003528558378334310e+02
8.599329403395211557e+03 1.009500166034026307e+02
8.599529522764165449e+03 1.024920563525403736e+02
8.599729642133122979e+03 1.010211011810845321e+02
8.599929761502075053e+03 9.910348611198682534e+01
8.600129880871032583e+03 1.007454367281740701e+02
8.600330000239990113e+03 1.006884602899281020e+02
8.600530119608944005e+03 9.775004469285765651e+01
8.600730238977899717e+03 9.554418181103207530e+01
8.600930358346853609e+03 9.598343038700178909e+01
8.601130477715811139e+03 9.517536634595877842e+01
8.601330597084768669e+03 9.473253154150492605e+01
8.601530716453722562e+03 9.651753917886384215e+01
8.601730835822678273e+03 9.519963518255910628e+01
8.601930955191632165e+03 9.404988916564603585e+01
8.602131074560589695e+03 9.023506481253396316e+01
8.602331193929547226e+03 9.741550117519844321e+01
8.602531313298501118e+03 9.706727803416239908e+01
8.602731432667456829e+03 9.318570871535678179e+01
8.602931552036410721e+03 8.611287622910921868e+01
8.603131671405368252e+03 9.432268515962555000e+01
8.603331790774325782e+03 9.034099574593771820e+01
8.603531910143279674e+03 9.185362680426047177e+01
8.603732029512235385e+03 8.314425454215592026e+01
8.603932148881189278e+03 7.969528559175132898e+01
8.604132268250146808e+03 8.259090833104446006e+01
8.604332387619104338e+03 9.288820904902981113e+01
8.604532506988058230e+03 9.595332056727545478e+01
8.604732626357013942e+03 9.773088536446761054e+01
8.604932745725967834e+03 9.750935475353952597e+01
8.605132865094925364e+03 1.019316006488465121e+02
8.605332984463882894e+03 9.792273426571480854e+01
8.605533103832834968e+03 9.788666134915042960e+01
8.605733223201792498e+03 1.002043394989391629e+02
8.605933342570746390e+03 9.706149535897695557e+01
8.606133461939703921e+03 9.883608383782049600e+01
8.606333581308661451e+03 1.011577285603520124e+02
8.606533700677613524e+03 1.000222329856516552e+02
8.606733820046571054e+03 1.022896528464795551e+02
8.606933939415524947e+03 9.755231829293282431e+01
8.607134058784482477e+03 9.905610716015324613e+01
8.607334178153440007e+03 9.787718363985754877e+01
8.607534297522392080e+03 1.027120437805148185e+02
8.607734416891349611e+03 1.021215381311745602e+02
8.607934536260303503e+03 9.671331909758737311e+01
8.608134655629261033e+03 1.020500860913954426e+02
8.608334774998218563e+03 9.837124683844957929e+01
8.608534894367170637e+03 9.846164067550944310e+01
8.608735013736128167e+03 1.003385125621238245e+02
8.608935133105082059e+03 1.017563281658494958e+02
8.609135252474039589e+03 1.007259845698389711e+02
8.609335371842995301e+03 1.005313120773603259e+02
8.609535491211949193e+03 9.583487999694136761e+01
8.609735610580906723e+03 1.031739431642919413e+02
8.609935729949860615e+03 1.005227373612281383e+02
8.610135849318818146e+03 1.045261418695240820e+02
8.610335968687773857e+03 9.806810211170595437e+01
8.610536088056727749e+03 1.001797944103530682e+02
8.610736207425685279e+03 9.830133879032653965e+01
8.610936326794639172e+03 9.828696785882782194e+01
8.611136446163596702e+03 9.870300157345600667e+01
8.611336565532552413e+03 8.991356276848618734e+01
8.611536684901506305e+03 9.733391582961890265e+01
8.611736804270463836e+03 9.766895508037470108e+01
8.611936923639417728e+03 9.503902055057710641e+01
8.612137043008375258e+03 9.586370178065504888e+01
8.612337162377330969e+03 9.734985655875981081e+01
8.612537281746284862e+03 9.964552104534490695e+01
8.612737401115242392e+03 9.510210960348406672e+01
8.612937520484196284e+03 1.005012976513521039e+02
8.613137639853151995e+03 9.892544454735865145e+01
8.613337759222109526e+03 9.528212186571353470e+01
8.613537878591063418e+03 9.934472291050909121e+01
8.613737997960020948e+03 9.744610253008433176e+01
8.613938117328974840e+03 1.034306325090643099e+02
8.614138236697930552e+03 9.780545364722753732e+01
8.614338356066888082e+03 9.899299068332740603e+01
8.614538475435841974e+03 1.026710077629711293e+02
8.614738594804799504e+03 9.866526369429794840e+01
8.614938714173753397e+03 9.557593256117668545e+01
8.615138833542709108e+03 1.008692824758821303e+02
8.615338952911666638e+03 1.003848310510468167e+02
8.615539072280620530e+03 9.265024890278229464e+01
8.615739191649578061e+03 9.793783638504767453e+01
8.615939311018531953e+03 9.413158613715323497e+01
8.616139430387487664e+03 9.599646286725345590e+01
8.616339549756445194e+03 9.456802100256955157e+01
8.616539669125399087e+03 9.187331132066738348e+01
8.616739788494356617e+03 9.161750028510635957e+01
8.616939907863310509e+03 8.417098796345059952e+01
8.617140027232266220e+03 8.909449600739102948e+01
8.617340146601223751e+03 8.984105263148033771e+01
8.617540265970177643e+03 9.882180353516845628e+01
8.617740385339135173e+03 1.010841084117831343e+02
8.617940504708087246e+03 1.007383957753845038e+02
8.618140624077044777e+03 1.015048529765721383e+02
8.618340743446002307e+03 9.918917291158676619e+01
8.618540862814956199e+03 1.013372866749218701e+02
8.618740982183913729e+03 1.010603433714665016e+02
8.618941101552865803e+03 9.343731542382825239e+01
8.619141220921823333e+03 1.013127387967619484e+02
8.619341340290780863e+03 9.614260828934192205e+01
8.619541459659734755e+03 1.016110448250356058e+02
8.619741579028692286e+03 9.447088042845456357e+01
8.619941698397644359e+03 9.768829184495429274e+01
8.620141817766601889e+03 9.316550156468805710e+01
8.620341937135559419e+03 1.003070837888894715e+02
8.620542056504513312e+03 9.785247251108626187e+01
8.620742175873470842e+03 9.685933757717903347e+01
8.620942295242422915e+03 9.940567118873975971e+01
8.621142414611380445e+03 1.007343845195903071e+02
8.621342533980337976e+03 9.574752429801722542e+01
8.621542653349291868e+03 9.526401674513896012e+01
8.621742772718247579e+03 9.805086197973793105e+01
8.621942892087201471e+03 9.731259396017237862e+01
8.622143011456159002e+03 9.982192142916193234e+01
8.622343130825116532e+03 1.004305229564759685e+02
8.622543250194070424e+03 9.489737404735761572e+01
8.622743369563026135e+03 9.919358770352637578e+01
8.622943488931980028e+03 9.845084254254334155e+01
8.623143608300937558e+03 9.780284784564310030e+01
8.623343727669895088e+03 9.876119332673258100e+01
8.623543847038848980e+03 9.926619371692780192e+01
8.623743966407804692e+03 9.931456907989823435e+01
8.623944085776758584e+03 9.852932077316536663e+01
8.624144205145716114e+03 1.002447738000682023e+02
8.624344324514673644e+03 9.800658224647740724e+01
8.624544443883627537e+03 9.788666536477086311e+01
8.624744563252583248e+03 9.785568556267469376e+01
8.624944682621538959e+03 1.002848150676395278e+02
8.625144801990494670e+03 1.033637326902566400e+02
8.625344921359452201e+03 1.001569244014164894e+02
8.625545040728406093e+03 1.008389089328168495e+02
8.625745160097361804e+03 9.881058880159261548e+01
8.625945279466317515e+03 9.753069121485572168e+01
8.626145398835273227e+03 9.715424412725242576e+01
8.626345518204230757e+03 9.690001255532916957e+01
8.626545637573182830e+03 9.417712715952649205e+01
8.626745756942140360e+03 8.744614007315372817e+01
8.626945876311096072e+03 8.616900897071413112e+01
8.627145995680051783e+03 9.055707693311795481e+01
8.627346115049009313e+03 9.866756180578671831e+01
8.627546234417961386e+03 9.939191121209994151e+01
8.627746353786918917e+03 9.964812600878846638e+01
8.627946473155874628e+03 9.854750141516134931e+01
8.628146592524830339e+03 9.812562161098436775e+01
8.628346711893787869e+03 9.922956732621914000e+01
8.628546831262739943e+03 9.858693377094544985e+01
8.628746950631697473e+03 1.009663033517751813e+02
8.628947070000653184e+03 9.970380715001709859e+01
8.629147189369608896e+03 1.044127126022013812e+02
8.629347308738566426e+03 1.008395797645672189e+02
8.629547428107518499e+03 9.955018479763722894e+01
8.629747547476476029e+03 1.013692084177240815e+02
8.629947666845431741e+03 1.006861468124181158e+02
8.630147786214387452e+03 9.446812529598435049e+01
8.630347905583343163e+03 1.020594460255758662e+02
8.630548024952297055e+03 1.040844345345534805e+02
8.630748144321254586e+03 9.753876801931117768e+01
8.630948263690210297e+03 9.972886862527958840e+01
8.631148383059166008e+03 1.027190471544752057e+02
8.631348502428121719e+03 1.084303745965476224e+02
8.631548621797075612e+03 9.911856343984233320e+01
8.631748741166033142e+03 1.014057252851280140e+02
8.631948860534988853e+03 9.778844986889792779e+01
8.632148979903944564e+03 1.006029378130741492e+02
8.632349099272900276e+03 9.925473575669359150e+01
8.632549218641854168e+03 1.001261978338706058e+02
8.632749338010811698e+03 9.953552591466728927e+01
8.632949457379767409e+03 9.879500126779156233e+01
8.633149576748723121e+03 9.813041906374542123e+01
8.633349696117678832e+03 9.742865875085264804e+01
8.633549815486632724e+03 9.804980282048890672e+01
8.633749934855590254e+03 1.036690208872253862e+02
8.633950054224545966e+03 9.888805976961489819e+01
8.634150173593501677e+03 9.816162376399498157e+01
8.634350292962457388e+03 1.019862925960112108e+02
8.634550412331411280e+03 1.007270196805350224e+02
8.634750531700368811e+03 1.048618787634575256e+02
8.634950651069324522e+03 1.006442779865703443e+02
8.635150770438278414e+03 1.026535183730392191e+02
8.635350889807235944e+03 1.022978779193115173e+02
8.635551009176189837e+03 1.009890101872049968e+02
8.635751128545147367e+03 9.973090028403061069e+01
8.635951247914103078e+03 9.645319577105848907e+01
8.636151367283056970e+03 1.030280018201187033e+02
8.636351486652014501e+03 9.865550053526034446e+01
8.636551606020968393e+03 1.002973248514686446e+02
8.636751725389925923e+03 9.897850542547593022e+01
8.636951844758881634e+03 1.000342325143284796e+02
8.637151964127835527e+03 9.394302340241307547e+01
8.637352083496793057e+03 9.216448717828831150e+01
8.637552202865746949e+03 9.866645667097392902e+01
8.637752322234704479e+03 9.484612391289992672e+01
8.637952441603660191e+03 9.690901339525608194e+01
8.638152560972614083e+03 1.000038541902372486e+02
8.638352680341571613e+03 9.329449314452614317e+01
8.638552799710525505e+03 1.003282487713383659e+02
8.638752919079483036e+03 9.239856501971756586e+01
8.638953038448436928e+03 9.590916594317434374e+01
8.639153157817392639e+03 9.982459020566643915e+01
8.639353277186350169e+03 9.786385677458152088e+01
8.639553396555304062e+03 9.838069819971485686e+01
8.639753515924261592e+03 9.840103809366831911e+01
8.639953635293215484e+03 1.024831265249359973e+02
8.640153754662171195e+03 9.896230333138387891e+01
8.640353874031128726e+03 9.731932921559767635e+01
8.640553993400082618e+03 1.004103994929671870e+02
8.640754112769040148e+03 9.504140352214164977e+01
8.640954232137994040e+03 1.022831472747652697e+02
8.641154351506949752e+03 9.900842585045721478e+01
8.641354470875907282e+03 9.442420368165217326e+01
8.641554590244861174e+03 9.821413593406259679e+01
8.641754709613818704e+03 9.456919608751562123e+01
8.641954828982772597e+03 9.718567303247503730e+01
8.642154948351728308e+03 9.954243661749600847e+01
8.642355067720685838e+03 9.847041859112341911e+01
8.642555187089639730e+03 9.725319450182114167e+01
8.642755306458597261e+03 9.980566493182477927e+01
8.642955425827551153e+03 9.781350878281570260e+01
8.643155545196506864e+03 1.014628898331001352e+02
8.643355664565464394e+03 9.917190034578580082e+01
8.643555783934418287e+03 1.014869099795563585e+02
8.643755903303373998e+03 9.833248754647537737e+01
8.643956022672329709e+03 9.611307168527572742e+01
8.644156142041285420e+03 9.560632309047407773e+01
8.644356261410242951e+03 1.050711368526937406e+02
8.644556380779196843e+03 1.031400722554623854e+02
8.644756500148152554e+03 9.509168098302772876e+01
8.644956619517108265e+03 9.855211760264582210e+01
8.645156738886063977e+03 9.662527345989209948e+01
8.645356858255021507e+03 9.682825781307755619e+01
8.645556977623975399e+03 9.838750498619097584e+01
8.645757096992931110e+03 1.006500685859681283e+02
8.645957216361886822e+03 9.742719292482672699e+01
8.646157335730842533e+03 1.037475706227633054e+02
8.646357455099800063e+03 9.697997169680344598e+01
8.646557574468753955e+03 9.696285443089634271e+01
8.646757693837709667e+03 9.820326798434872728e+01
8.646957813206665378e+03 9.868950229042832234e+01
8.647157932575621089e+03 1.008967691418801707e+02
8.647358051944578619e+03 1.053498856651829669e+02
8.647558171313530693e+03 9.766845102281980928e+01
8.647758290682488223e+03 9.898435018266270902e+01
8.647958410051443934e+03 9.770578825549402779e+01
8.648158529420399645e+03 1.022710349722055980e+02
8.648358648789357176e+03 9.738243277840958001e+01
8.648558768158309249e+03 9.658678913986003067e+01
8.648758887527266779e+03 9.997980032966299291e+01
8.648959006896222490e+03 1.003916406517907092e+02
8.649159126265178202e+03 9.837967431361376214e+01
8.649359245634135732e+03 9.986240807540320930e+01
8.649559365003087805e+03 9.693059305474208998e+01
8.649759484372045335e+03 9.421059678478060562e+01
8.649959603741001047e+03 1.004330562779633169e+02
8.650159723109956758e+03 1.021281072138597636e+02
8.650359842478914288e+03 1.010577281548393529e+02
8.650559961847866361e+03 1.003429345124307019e+02
8.650760081216823892e+03 1.010617077569630311e+02
8.650960200585779603e+03 9.703043569159001436e+01
8.651160319954735314e+03 9.728313916521568672e+01
8.651360439323692844e+03 1.018814121567875333e+02
8.651560558692644918e+03 1.007751780133808666e+02
8.651760678061602448e+03 9.977064936632451975e+01
8.651960797430558159e+03 1.000725139983789944e+02
8.652160916799513871e+03 1.019226926648212839e+02
8.652361036168469582e+03 9.853200471837774899e+01
8.652561155537423474e+03 1.009994843601768792e+02
8.652761274906381004e+03 9.828260237766870944e+01
8.652961394275336716e+03 9.510482616057126393e+01
8.653161513644292427e+03 9.417060813975700739e+01
8.653361633013248138e+03 9.193830093373993861e+01
8.653561752382202030e+03 8.685765981999864493e+01
8.653761871751159561e+03 8.938897740103652723e+01
8.653961991120115272e+03 9.069161355856415696e+01
8.654162110489070983e+03 9.138595645397175815e+01
8.654362229858026694e+03 9.751288311177420098e+01
8.654562349226980587e+03 9.114396117961044297e+01
8.654762468595938117e+03 9.942150266423034566e+01
8.654962587964893828e+03 9.508499251775606353e+01
8.655162707333849539e+03 9.561476530442519106e+01
8.655362826702805251e+03 9.505149295261773545e+01
8.655562946071759143e+03 9.758629052927834380e+01
8.655763065440716673e+03 9.994280992858848833e+01
8.655963184809672384e+03 9.571873847007395852e+01
8.656163304178626277e+03 9.363731646037041401e+01
8.656363423547583807e+03 9.694332857238617862e+01
8.656563542916537699e+03 9.682715853378094550e+01
8.656763662285495229e+03 9.961216662510661024e+01
8.656963781654450941e+03 9.867106008123774075e+01
8.657163901023404833e+03 9.918477487803730241e+01
8.657364020392362363e+03 9.272091173400949060e+01
8.657564139761316255e+03 1.018428369457026719e+02
8.657764259130273786e+03 9.401721323877283965e+01
8.657964378499229497e+03 9.772494098456475342e+01
8.658164497868183389e+03 9.818551557927824547e+01
8.658364617237140919e+03 9.778224812079461969e+01
8.658564736606094812e+03 9.565347248153491932e+01
8.658764855975052342e+03 1.010581433913595220e+02
8.658964975344008053e+03 9.529037353874093697e+01
8.659165094712961945e+03 9.412755135632042425e+01
8.659365214081919476e+03 1.004479137295883788e+02
8.659565333450873368e+03 9.507593639181875744e+01
8.659765452819830898e+03 9.373220951316521621e+01
8.659965572188786609e+03 9.637219648197185506e+01
8.660165691557740502e+03 9.334774101064108720e+01
8.660365810926698032e+03 9.358327937891033343e+01
8.660565930295651924e+03 9.965495556487940121e+01
8.660766049664609454e+03 9.757944105435470306e+01
8.660966169033563347e+03 9.611086055036172127e+01
8.661166288402519058e+03 9.168989336899051068e+01
8.661366407771476588e+03 9.687317937895470266e+01
8.661566527140430480e+03 9.197979976963108584e+01
8.661766646509388011e+03 9.428958016357354666e+01
8.661966765878341903e+03 9.341045623153735278e+01
8.662166885247297614e+03 9.173283447386113210e+01
8.662367004616255144e+03 9.324829476152697794e+01
8.662567123985209037e+03 8.637255064533489701e+01
8.662767243354166567e+03 8.630933459136754493e+01
8.662967362723120459e+03 8.869625182086103621e+01
8.663167482092076170e+03 9.664360110084793121e+01
8.663367601461033701e+03 8.716849796886954493e+01
8.663567720829987593e+03 8.870179811329954589e+01
8.663767840198945123e+03 8.667961548960106200e+01
8.663967959567899015e+03 8.471554963981286335e+01
8.664168078936854727e+03 8.230358633787520262e+01
8.664368198305812257e+03 8.136709024933149692e+01
8.664568317674766149e+03 8.084106582841664590e+01
8.664768437043721860e+03 7.896318361166288469e+01
8.664968556412677572e+03 8.055221250847390024e+01
8.665168675781633283e+03 7.459115279809616084e+01
8.665368795150590813e+03 7.355893364780406785e+01
8.665568914519544705e+03 7.182631978959233265e+01
8.665769033888500417e+03 7.508249598188194796e+01
8.665969153257456128e+03 6.731963438642202391e+01
8.666169272626411839e+03 6.500388502449071382e+01
8.666369391995369369e+03 5.780719160553920943e+01
8.666569511364323262e+03 4.727611948489207805e+01
8.666769630733278973e+03 4.988012028958235788e+01
8.666969750102234684e+03 3.672732782187246414e+01
8.667169869471190395e+03 3.366572627698075593e+01
8.667369988840147926e+03 2.945170322532162288e+01
8.667570108209103637e+03 3.865494861417042927e+01
8.667770227578057529e+03 4.460354832372242839e+01
8.667970346947013240e+03 4.997004864068165375e+01
8.668170466315968952e+03 5.477615670198764519e+01
8.668370585684926482e+03 6.077427964710812347e+01
8.668570705053882193e+03 6.395788914139931336e+01
8.668770824422836085e+03 6.921281368205904982e+01
8.668970943791791797e+03 6.871141960813244509e+01
8.669171063160747508e+03 7.592751915325661116e+01
8.669371182529705038e+03 7.357852719925689655e+01
8.669571301898658930e+03 8.019367983755812190e+01
8.669771421267614642e+03 7.066657839997810697e+01
8.669971540636570353e+03 8.001695114393416475e+01
8.670171660005526064e+03 7.948084321427376153e+01
8.670371779374483594e+03 7.550746852515720775e+01
8.670571898743437487e+03 8.068348391446627943e+01
8.670772018112393198e+03 8.447991906935617124e+01
8.670972137481348909e+03 8.391610288864455924e+01
8.671172256850304620e+03 8.600836947848131331e+01
8.671372376219262151e+03 8.826084996566206087e+01
8.671572495588216043e+03 8.679150919572167311e+01
8.671772614957171754e+03 9.075652461585819708e+01
8.671972734326127465e+03 8.908917865372765732e+01
8.672172853695083177e+03 8.922981071265023445e+01
8.672372973064040707e+03 9.035312642962963992e+01
8.672573092432994599e+03 9.417206745530775436e+01
8.672773211801950310e+03 9.165856644097509331e+01
8.672973331170906022e+03 8.973937400749989024e+01
8.673173450539861733e+03 9.270804379169653942e+01
8.673373569908817444e+03 9.163948966550896102e+01
8.673573689277773155e+03 9.641824069332837155e+01
8.673773808646728867e+03 9.143521462237151809e+01
8.673973928015684578e+03 9.604624964740757775e+01
8.674174047384640289e+03 9.380785859303814789e+01
8.674374166753596000e+03 9.114429576882922390e+01
8.674574286122551712e+03 9.627851379253773700e+01
8.674774405491507423e+03 9.565437739255291660e+01
8.674974524860463134e+03 9.830983237808720787e+01
8.675174644229418845e+03 9.451157582984697569e+01
8.675374763598374557e+03 9.410864430335934117e+01
8.675574882967330268e+03 9.435330076855689185e+01
8.675775002336285979e+03 8.893311207421413656e+01
8.675975121705241691e+03 9.643761071454618161e+01
8.676175241074197402e+03 9.035262400487093259e+01
8.676375360443153113e+03 9.582106985732073667e+01
8.676575479812108824e+03 8.985175215207509325e+01
8.676775599181064536e+03 9.325006807944961906e+01
8.676975718550020247e+03 9.400698851703035075e+01
8.677175837918975958e+03 9.171913271007987589e+01
8.677375957287931669e+03 9.538803052116112724e+01
8.677576076656887381e+03 1.012220382289676621e+02
8.677776196025843092e+03 9.845152608632582769e+01
8.677976315394798803e+03 1.005729190988802344e+02
8.678176434763752695e+03 9.677709632221160518e+01
8.678376554132710226e+03 9.530007440271785413e+01
8.678576673501665937e+03 9.658301444333277175e+01
8.678776792870621648e+03 1.011382460495364626e+02
8.678976912239577359e+03 9.138894100554753663e+01
8.679177031608531252e+03 1.003650108609344187e+02
8.679377150977488782e+03 9.554369909991194731e+01
8.679577270346444493e+03 8.997217141004603036e+01
8.679777389715400204e+03 8.552873142881357182e+01
8.679977509084355916e+03 8.385058952034562196e+01
8.680177628453309808e+03 8.425687526255572379e+01
8.680377747822267338e+03 8.664967884361085737e+01
8.680577867191223049e+03 8.847073359756087996e+01
8.680777986560178761e+03 9.591482305872321490e+01
8.680978105929134472e+03 9.547490984415230741e+01
8.681178225298088364e+03 9.661849651048565590e+01
8.681378344667045894e+03 9.869950951142401152e+01
8.681578464036001606e+03 9.931920356486980950e+01
8.681778583404957317e+03 9.770318136199111336e+01
8.681978702773911209e+03 9.997457284578290171e+01
8.682178822142866920e+03 9.576312749776906230e+01
8.682378941511824451e+03 9.704634708073315608e+01
8.682579060880780162e+03 9.784678659087178687e+01
8.682779180249735873e+03 9.460171516992534180e+01
8.682979299618689765e+03 1.018839730475833534e+02
8.683179418987645477e+03 1.043099462666024522e+02
8.683379538356603007e+03 9.631657530026851077e+01
8.683579657725558718e+03 9.870843673224830184e+01
8.683779777094514429e+03 9.689159140504285972e+01
8.683979896463468322e+03 9.478362383949095715e+01
8.684180015832424033e+03 9.849327133636653286e+01
8.684380135201381563e+03 9.373824314465854002e+01
8.684580254570337274e+03 9.451084691821965578e+01
8.684780373939292986e+03 9.810946231163057973e+01
8.684980493308246878e+03 8.862387126108144741e+01
8.685180612677202589e+03 8.618885596073508282e+01
8.685380732046160119e+03 8.803268432831463031e+01
8.685580851415115831e+03 8.922693074478938513e+01
8.685780970784069723e+03 8.854389409063144001e+01
8.685981090153025434e+03 9.197846766520780193e+01
8.686181209521981145e+03 9.456597694182283931e+01
8.686381328890938676e+03 9.857382633009594031e+01
8.686581448259894387e+03 9.555982758570387148e+01
8.686781567628848279e+03 9.917027312175918041e+01
8.686981686997803990e+03 1.022115962313664852e+02
8.687181806366759702e+03 9.508995017635315605e+01
8.687381925735717232e+03 9.814900410878355785e+01
8.687582045104672943e+03 1.017476283806674218e+02
8.687782164473626835e+03 1.022005749319456669e+02
8.687982283842582547e+03 9.589687639842782119e+01
8.688182403211538258e+03 9.879712414043869728e+01
8.688382522580495788e+03 9.950533713247759238e+01
8.688582641949451499e+03 9.795323728407291242e+01
8.688782761318405392e+03 9.610361719979215422e+01
8.688982880687361103e+03 1.008718548922976623e+02
8.689183000056316814e+03 1.010758562232258839e+02
8.689383119425274344e+03 1.003103389108260615e+02
8.689583238794230056e+03 9.858781303233541848e+01
8.689783358163183948e+03 1.040575248433933098e+02
8.689983477532139659e+03 9.964890423779294792e+01
8.690183596901095370e+03 1.020616427000260558e+02
8.690383716270052901e+03 1.059128144108417899e+02
8.690583835639006793e+03 9.593753509946425595e+01
8.690783955007962504e+03 9.573128105230412643e+01
8.690984074376918215e+03 9.613739366756200866e+01
8.691184193745873927e+03 9.778544221600843400e+01
8.691384313114831457e+03 9.840639166832603735e+01
8.691584432483785349e+03 9.719741436548804359e+01
8.691784551852741060e+03 9.184425727276524754e+01
8.691984671221696772e+03 9.407549298324624942e+01
8.692184790590652483e+03 9.856430057450708659e+01
8.692384909959610013e+03 1.000264899200531943e+02
8.692585029328563905e+03 1.028153936549239233e+02
8.692785148697519617e+03 9.934820976809257331e+01
8.692985268066475328e+03 9.575808327677825105e+01
8.693185387435431039e+03 9.566971641386349745e+01
8.693385506804388569e+03 8.456730699018486064e+01
8.693585626173342462e+03 7.670851701742024886e+01
8.693785745542298173e+03 7.652256636573454784e+01
8.693985864911253884e+03 7.366448992113603822e+01
8.694185984280209595e+03 8.544914899928943441e+01
8.694386103649165307e+03 9.203431381994143123e+01
8.694586223018121018e+03 9.492883627920019762e+01
8.694786342387076729e+03 9.520809618231405125e+01
8.694986461756032440e+03 9.256931471698065650e+01
8.695186581124988152e+03 9.442267923489619363e+01
8.695386700493943863e+03 1.002455712290758783e+02
8.695586819862899574e+03 9.721020436105600027e+01
8.695786939231855285e+03 9.927788956706707779e+01
8.695987058600810997e+03 9.970885295259809311e+01
8.696187177969766708e+03 9.951806486090599435e+01
8.696387297338722419e+03 9.835923377081607555e+01
8.696587416707678130e+03 1.008103996073144941e+02
8.696787536076633842e+03 9.909025820737879542e+01
8.696987655445589553e+03 9.973971380327520819e+01
8.697187774814545264e+03 1.022659210036287618e+02
8.697387894183500975e+03 1.008942327429838599e+02
8.697588013552456687e+03 9.907057763647033255e+01
8.697788132921412398e+03 9.751944453365810261e+01
8.697988252290368109e+03 1.036167570197737859e+02
8.698188371659323820e+03 9.563983723302764872e+01
8.698388491028279532e+03 9.909302663645561893e+01
8.698588610397235243e+03 1.018877319565454798e+02
8.698788729766190954e+03 9.413541478029360121e+01
8.698988849135146666e+03 9.216395093737928335e+01
8.699188968504100558e+03 9.863411470470559550e+01
8.699389087873058088e+03 9.652376639760980481e+01
8.699589207242013799e+03 9.417498822324343166e+01
8.699789326610969511e+03 9.557579562210361246e+01
8.699989445979925222e+03 9.379003176551076137e+01
8.700189565348879114e+03 9.491326154873527798e+01
8.700389684717836644e+03 9.564339640804787734e+01
8.700589804086792356e+03 9.885541801136228912e+01
8.700789923455748067e+03 9.869029127751690567e+01
8.700990042824703778e+03 1.007318849292630176e+02
8.701190162193657670e+03 1.012610560147892329e+02
8.701390281562615201e+03 9.713634334816079274e+01
8.701590400931570912e+03 9.371400727322502178e+01
8.701790520300526623e+03 1.008140243511398353e+02
8.701990639669482334e+03 9.874027735845460541e+01
8.702190759038436227e+03 9.874262672158673126e+01
8.702390878407393757e+03 9.974364866915985317e+01
8.702590997776349468e+03 9.972061361894834874e+01
8.702791117145305179e+03 1.016885084337545209e+02
8.702991236514259072e+03 1.038791473091601887e+02
8.703191355883214783e+03 1.035503361120639170e+02
8.703391475252172313e+03 1.054961882054812889e+02
8.703591594621128024e+03 1.013472043507470346e+02
8.703791713990083736e+03 9.871663765644696298e+01
8.703991833359037628e+03 9.519235593617882785e+01
8.704191952727993339e+03 8.830937058253302041e+01
8.704392072096950869e+03 9.442967820879256635e+01
8.704592191465906581e+03 9.115126417309181761e+01
8.704792310834862292e+03 8.983012877146219921e+01
8.704992430203816184e+03 9.037211482549786012e+01
8.705192549572771895e+03 1.004168640355862010e+02
8.705392668941729426e+03 9.618221929331134845e+01
8.705592788310685137e+03 9.887017822407817391e+01
8.705792907679640848e+03 9.823457666304811653e+01
8.705993027048594740e+03 9.418624571927799138e+01
8.706193146417550452e+03 9.890724054815770216e+01
8.706393265786507982e+03 9.716967609703027620e+01
8.706593385155463693e+03 9.366978660001493040e+01
8.706793504524419404e+03 1.006961264495313628e+02
8.706993623893373297e+03 9.971729180683836091e+01
8.707193743262329008e+03 9.905063388860122586e+01
8.707393862631286538e+03 1.016454414210540733e+02
8.707593982000242249e+03 9.542254061979467394e+01
8.707794101369196142e+03 9.938374563142994589e+01
8.707994220738151853e+03 9.909949033785673578e+01
8.708194340107107564e+03 9.999159269851764975e+01
8.708394459476065094e+03 9.859237147945394497e+01
8.708594578845020806e+03 9.653420301213382970e+01
8.708794698213974698e+03 1.008510306420559886e+02
8.708994817582930409e+03 9.332094028648089079e+01
8.709194936951887939e+03 1.013823466086936662e+02
8.709395056320843651e+03 9.776958790147703837e+01
8.709595175689799362e+03 1.032729587889255498e+02
8.709795295058753254e+03 1.013027922880912257e+02
8.709995414427708965e+03 9.687275750728116464e+01
8.710195533796666496e+03 1.016405213445042790e+02
8.710395653165622207e+03 9.997983084314282110e+01
8.710595772534577918e+03 9.896056961608124425e+01
8.710795891903531810e+03 9.778321687964086095e+01
8.710996011272487522e+03 9.729386156404295605e+01
8.711196130641445052e+03 9.822428281906387326e+01
8.711396250010400763e+03 9.935634688264892134e+01
8.711596369379354655e+03 9.965855462544377019e+01
8.711796488748310367e+03 9.737294867265562459e+01
8.711996608117266078e+03 1.015026700424533885e+02
8.712196727486223608e+03 9.439433564464388837e+01
8.712396846855179319e+03 1.040983238495911394e+02
8.712596966224133212e+03 1.005082852872457266e+02
8.712797085593088923e+03 9.944958396763601627e+01
8.712997204962044634e+03 9.596459777432532690e+01
8.713197324331002164e+03 9.624692828314456960e+01
8.713397443699957876e+03 1.007260416189004246e+02
8.713597563068911768e+03 9.334477629118417497e+01
8.713797682437867479e+03 9.706322364400338643e+01
8.713997801806823190e+03 1.013977304395349393e+02
8.714197921175780721e+03 1.038609502679071994e+02
8.714398040544736432e+03 9.878844566064783805e+01
8.714598159913690324e+03 9.860539575779779398e+01
8.714798279282646035e+03 9.662719724015863676e+01
8.714998398651601747e+03 9.003776890781958286e+01
8.715198518020559277e+03 8.724888990472679495e+01
8.715398637389514988e+03 8.542642037549926215e+01
8.715598756758468880e+03 7.978054465852270027e+01
8.715798876127424592e+03 9.133245399112644236e+01
8.715998995496380303e+03 9.127620015423374866e+01
8.716199114865337833e+03 9.231316436489605337e+01
8.716399234234291725e+03 1.040890283752649594e+02
8.716599353603247437e+03 9.841253424806315309e+01
8.716799472972203148e+03 1.003979283551904160e+02
8.716999592341158859e+03 9.662274930085919777e+01
8.717199711710116389e+03 9.500246826752038487e+01
8.717399831079070282e+03 9.689477763602515381e+01
8.717599950448025993e+03 9.256257083021222343e+01
8.717800069816981704e+03 9.178790984541986120e+01
8.718000189185937415e+03 9.129025146607831687e+01
8.718200308554894946e+03 8.458981475771409464e+01
8.718400427923848838e+03 8.554816242686641203e+01
8.718600547292804549e+03 8.956638210201363393e+01
8.718800666661760260e+03 9.398629790284438457e+01
8.719000786030715972e+03 9.509396996599397767e+01
8.719200905399673502e+03 9.804663344605822317e+01
8.719401024768627394e+03 1.014346231325750836e+02
8.719601144137583105e+03 9.619013684102188222e+01
8.719801263506538817e+03 9.670626330332767395e+01
8.720001382875494528e+03 1.022939522582823741e+02
8.720201502244450239e+03 1.013731322110167952e+02
8.720401621613405950e+03 1.000585962948687921e+02
8.720601740982361662e+03 1.021630386438719000e+02
8.720801860351317373e+03 1.005611394874056259e+02
8.721001979720273084e+03 1.019011761313012556e+02
8.721202099089228795e+03 9.768011572174935964e+01
8.721402218458184507e+03 9.667186753789469833e+01
8.721602337827140218e+03 9.845390887047547324e+01
8.721802457196095929e+03 1.002147489935252622e+02
8.722002576565051641e+03 1.002446350122080929e+02
8.722202695934007352e+03 9.695783487666534484e+01
8.722402815302963063e+03 9.908553601224747354e+01
8.722602934671918774e+03 8.931581027221137958e+01
8.722803054040874486e+03 9.310980756645295742e+01
8.723003173409830197e+03 9.021295881009454831e+01
8.723203292778785908e+03 9.031953631874758059e+01
8.723403412147741619e+03 9.121491751598119890e+01
8.723603531516697331e+03 9.728811944735936379e+01
8.723803650885653042e+03 9.514404002493085954e+01
8.724003770254608753e+03 1.015741483907660836e+02
8.724203889623564464e+03 9.492225663673401925e+01
8.724404008992520176e+03 1.028902078081374043e+02
8.724604128361475887e+03 1.044199757387362553e+02
8.724804247730431598e+03 1.008176919273621905e+02
8.725004367099385490e+03 9.903303924090229771e+01
8.725204486468343021e+03 1.024757731233005273e+02
8.725404605837298732e+03 9.607473882927820341e+01
8.725604725206254443e+03 9.952225517517359776e+01
8.725804844575210154e+03 9.799053011791235690e+01
8.726004963944164047e+03 1.002207739180986152e+02
8.726205083313121577e+03 9.713889572562453623e+01
8.726405202682077288e+03 9.863577892214718190e+01
8.726605322051032999e+03 9.905158434238420284e+01
8.726805441419988711e+03 9.819832366071202046e+01
8.727005560788942603e+03 9.843582521430981558e+01
8.727205680157900133e+03 1.003141404833848611e+02
8.727405799526855844e+03 9.965991115160771585e+01
8.727605918895811556e+03 1.030620158919169000e+02
8.727806038264767267e+03 1.029800970282572337e+02
8.728006157633721159e+03 1.006086045528650743e+02
8.728206277002678689e+03 1.017397516321000808e+02
8.728406396371634401e+03 9.623512446766535788e+01
8.728606515740590112e+03 9.180028172589123869e+01
8.728806635109544004e+03 9.441990986609722825e+01
8.729006754478499715e+03 1.012511674873964012e+02
8.729206873847457246e+03 1.021781735964328846e+02
8.729406993216412957e+03 9.828122944824534102e+01
8.729607112585368668e+03 1.014340169238915905e+02
8.729807231954322560e+03 9.728737528994872719e+01
8.730007351323278272e+03 9.990600507001074959e+01
8.730207470692235802e+03 9.788419836090309900e+01
8.730407590061191513e+03 9.766292202248787646e+01
8.730607709430147224e+03 9.955787407053010440e+01
8.730807828799101117e+03 1.045930936809238574e+02
8.731007948168056828e+03 9.949668765283435334e+01
8.731208067537014358e+03 1.005581314453848023e+02
8.731408186905970069e+03 9.716344674163288175e+01
8.731608306274925781e+03 1.012585168549359622e+02
8.731808425643879673e+03 9.665280221500579216e+01
8.732008545012835384e+03 9.942875166794026143e+01
8.732208664381792914e+03 1.014136786142402826e+02
8.732408783750748626e+03 9.861180685041060201e+01
8.732608903119704337e+03 9.530584817456289670e+01
8.732809022488658229e+03 9.196758360303539348e+01
8.733009141857613940e+03 8.864791542214825881e+01
8.733209261226571471e+03 9.081956634196357925e+01
8.733409380595527182e+03 9.208825762464373099e+01
8.733609499964481074e+03 9.183889804940851320e+01
8.733809619333436785e+03 9.697947034826516699e+01
8.734009738702392497e+03 9.929972436008370096e+01
8.734209858071350027e+03 9.908660223583973448e+01
8.734409977440305738e+03 1.018592667276202235e+02
8.734610096809259630e+03 1.001654664450660022e+02
8.734810216178215342e+03 9.690091107632342471e+01
8.735010335547171053e+03 9.956816325249018007e+01
8.735210454916128583e+03 1.012645791717443586e+02
