8.479717338044289136e+03 9.937598975176119609e+01
8.479917331377733717e+03 9.846692860442973938e+01
8.480117324711176479e+03 1.005268532905542571e+02
8.480317318044621061e+03 1.006400111860086923e+02
8.480517311378065642e+03 1.019186736443681838e+02
8.480717304711510224e+03 1.011789744955935930e+02
8.480917298044954805e+03 1.010762319487937617e+02
8.481117291378397567e+03 9.793504520642903799e+01
8.481317284711843968e+03 9.925570817819557590e+01
8.481517278045286730e+03 9.768981828351071783e+01
8.481717271378731311e+03 9.747358081062114366e+01
8.481917264712177712e+03 9.929239999928243776e+01
8.482117258045622293e+03 9.989218705704851686e+01
8.482317251379066875e+03 9.756101155452273588e+01
8.482517244712509637e+03 9.860599911749149271e+01
8.482717238045954218e+03 9.984501158803332999e+01
8.482917231379400619e+03 9.879131440588427893e+01
8.483117224712843381e+03 1.009615150003003947e+02
8.483317218046287962e+03 1.000522772969170973e+02
8.483517211379730725e+03 1.007911813868264090e+02
8.483717204713175306e+03 1.009041583077338373e+02
8.483917198046621706e+03 9.978842025511471547e+01
8.484117191380064469e+03 9.868076183581243299e+01
8.484317184713509050e+03 9.860881273637173194e+01
8.484517178046953632e+03 1.032381408527051434e+02
8.484717171380400032e+03 9.874195251026782216e+01
8.484917164713844613e+03 9.986250248404608953e+01
8.485117158047287376e+03 1.009529622251785383e+02
8.485317151380731957e+03 1.000982179496655249e+02
8.485517144714176538e+03 1.002697963738048657e+02
8.485717138047621120e+03 9.774420981917516826e+01
8.485917131381065701e+03 9.842010432705434653e+01
8.486117124714508464e+03 9.963937829504358490e+01
8.486317118047954864e+03 1.013816160952417533e+02
8.486517111381397626e+03 1.005507040648366797e+02
8.486717104714842208e+03 9.841526682125179093e+01
8.486917098048288608e+03 9.988848519746719035e+01
8.487117091381733189e+03 1.007264621419863175e+02
8.487317084715177771e+03 1.003211256573185608e+02
8.487517078048620533e+03 9.868799993973489393e+01
8.487717071382065114e+03 9.898926212068055008e+01
8.487917064715511515e+03 9.906965430437823272e+01
8.488117058048954277e+03 1.000216540249540742e+02
8.488317051382398859e+03 9.958755244831442610e+01
8.488517044715841621e+03 1.004293592857643063e+02
8.488717038049288021e+03 9.733900313774097413e+01
8.488917031382732603e+03 1.006167108767862572e+02
8.489117024716175365e+03 9.939560272271292263e+01
8.489317018049621765e+03 9.977161805356982427e+01
8.489517011383064528e+03 9.982994028930517061e+01
8.489717004716510928e+03 1.005996482009640829e+02
8.489916998049955509e+03 9.928160938024619497e+01
8.490116991383398272e+03 1.001892744490683782e+02
8.490316984716842853e+03 1.008320541899443015e+02
8.490516978050287435e+03 1.008566430761911477e+02
8.490716971383732016e+03 1.010037262825099589e+02
8.490916964717176597e+03 1.005260908795751220e+02
8.491116958050619360e+03 9.862949558764510982e+01
8.491316951384065760e+03 9.963631370960186473e+01
8.491516944717508522e+03 1.008030840940031396e+02
8.491716938050954923e+03 9.965614584001976084e+01
8.491916931384399504e+03 1.008889022254767411e+02
8.492116924717844086e+03 9.927578064998293428e+01
8.492316918051288667e+03 9.983180692911993503e+01
8.492516911384731429e+03 9.874662435930373761e+01
8.492716904718176011e+03 1.018432508659888214e+02
8.492916898051622411e+03 9.882998893800989038e+01
8.493116891385065173e+03 9.886271008251952708e+01
8.493316884718509755e+03 1.011734185313886485e+02
8.493516878051952517e+03 1.002023892699884868e+02
8.493716871385398917e+03 9.685843248897958802e+01
8.493916864718843499e+03 9.969114206942636258e+01
8.494116858052288080e+03 1.010055752835171177e+02
8.494316851385732662e+03 9.920208016126258599e+01
8.494516844719175424e+03 1.013079835409096745e+02
8.494716838052621824e+03 9.881470472119896442e+01
8.494916831386066406e+03 9.951355478423820955e+01
8.495116824719509168e+03 9.853850695632004886e+01
8.495316818052953749e+03 9.871992237884468580e+01
8.495516811386398331e+03 9.819017720545767247e+01
8.495716804719842912e+03 9.677552875468640536e+01
8.495916798053287494e+03 9.598790186589300788e+01
8.496116791386730256e+03 9.469984841823962540e+01
8.496316784720176656e+03 9.432701568356365840e+01
8.496516778053619419e+03 9.070686628043920052e+01
8.496716771387065819e+03 8.750037767371392761e+01
8.496916764720510400e+03 7.985647077089575419e+01
8.497116758053954982e+03 7.426132105743222667e+01
8.497316751387399563e+03 6.490951732595048895e+01
8.497516744720842325e+03 5.476078859436781698e+01
8.497716738054286907e+03 4.861938266372671791e+01
8.497916731387733307e+03 5.199893007123257149e+01
8.498116724721176070e+03 6.031764893439098785e+01
8.498316718054620651e+03 6.959644161243156191e+01
8.498516711388063413e+03 7.776072829619012339e+01
8.498716704721509814e+03 8.528315964601127064e+01
8.498916698054954395e+03 9.139131323252588857e+01
8.499116691388398976e+03 9.507425451168164443e+01
8.499316684721843558e+03 9.433283436715463210e+01
8.499516678055288139e+03 9.720612211112890577e+01
8.499716671388732721e+03 9.658791196639836585e+01
8.499916664722177302e+03 9.575711464839642417e+01
8.500116658055620064e+03 9.787353005092998615e+01
8.500316651389064646e+03 9.786212130672599585e+01
8.500516644722509227e+03 9.787664536250467506e+01
8.500716638055953808e+03 9.944744072851966621e+01
8.500916631389398390e+03 9.758896562352757087e+01
8.501116624722841152e+03 9.872041822879150175e+01
8.501316618056287552e+03 1.000379784904944103e+02
8.501516611389732134e+03 1.004678811031564010e+02
8.501716604723176715e+03 9.841872776313259408e+01
8.501916598056621297e+03 9.990680558390279487e+01
8.502116591390065878e+03 9.997619299157986461e+01
8.502316584723510459e+03 1.014355690517454178e+02
8.502516578056953222e+03 1.012638471303739891e+02
8.502716571390397803e+03 1.000764484534871315e+02
8.502916564723844203e+03 1.000168280660774229e+02
8.503116558057286966e+03 9.984684132806754064e+01
8.503316551390731547e+03 1.012066789363584007e+02
8.503516544724174310e+03 9.919555594328863890e+01
8.503716538057620710e+03 1.010493615468602400e+02
8.503916531391067110e+03 9.795881317289268964e+01
8.504116524724509873e+03 9.993083142188916668e+01
8.504316518057954454e+03 1.003371290824949682e+02
8.504516511391399035e+03 1.006478329043407598e+02
8.504716504724843617e+03 9.966711414411597048e+01
8.504916498058288198e+03 9.846790590006463617e+01
8.505116491391730960e+03 9.982795412044404770e+01
8.505316484725175542e+03 9.929287700772862024e+01
8.505516478058620123e+03 9.859208904348712110e+01
8.505716471392064705e+03 9.895668766006568262e+01
8.505916464725509286e+03 1.007948300471330896e+02
8.506116458058952048e+03 9.934788156504848189e+01
8.506316451392400268e+03 9.972359734044573543e+01
8.506516444725843030e+03 9.838441772685763453e+01
8.506716438059287611e+03 1.004928305420702515e+02
8.506916431392732193e+03 9.882036795110103355e+01
8.507116424726176774e+03 1.015083885492369689e+02
8.507316418059621355e+03 1.006302020375686510e+02
8.507516411393064118e+03 9.778948560872035500e+01
8.507716404726508699e+03 9.969895255053651795e+01
8.507916398059955100e+03 1.002570782170419648e+02
8.508116391393397862e+03 1.007039593516639826e+02
8.508316384726842443e+03 1.005108142285898936e+02
8.508516378060285206e+03 9.944362466173700454e+01
8.508716371393731606e+03 9.951659273821105955e+01
8.508916364727178006e+03 1.000465804237374812e+02
8.509116358060620769e+03 1.015541153014175251e+02
8.509316351394065350e+03 9.854960800625985939e+01
8.509516344727509932e+03 1.001595311811811513e+02
8.509716338060954513e+03 1.013040727931909686e+02
8.509916331394399094e+03 9.780119065653407517e+01
8.510116324727841857e+03 1.000503303205520496e+02
8.510316318061288257e+03 1.004145226830576547e+02
8.510516311394731019e+03 9.996144562839047865e+01
8.510716304728175601e+03 9.901736887117618835e+01
8.510916298061620182e+03 9.790717241109376801e+01
8.511116291395062945e+03 1.000543160554613706e+02
8.511316284728511164e+03 9.868230833129581470e+01
8.511516278061953926e+03 1.003396461713522712e+02
8.511716271395398508e+03 1.010370505960270719e+02
8.511916264728843089e+03 1.003732941687083127e+02
8.512116258062287670e+03 1.002773640667219865e+02
8.512316251395732252e+03 9.976057347526739250e+01
8.512516244729175014e+03 1.002190211558172876e+02
8.512716238062619595e+03 9.885890642210870283e+01
8.512916231396065996e+03 9.804683348757042438e+01
8.513116224729508758e+03 9.607275755585233412e+01
8.513316218062953340e+03 9.207496243174620076e+01
8.513516211396396102e+03 9.058119123374892467e+01
8.513716204729844321e+03 8.570316666024689312e+01
8.513916198063288903e+03 8.735906429061968481e+01
8.514116191396731665e+03 9.214329753555647073e+01
8.514316184730176246e+03 9.489730291913031124e+01
8.514516178063620828e+03 9.708311508924741418e+01
8.514716171397065409e+03 9.665378982233590932e+01
8.514916164730509990e+03 9.842513851219618459e+01
8.515116158063952753e+03 9.736358906803431523e+01
8.515316151397399153e+03 9.973489053587063324e+01
8.515516144730841916e+03 9.919621940179578701e+01
8.515716138064286497e+03 9.983680907266331417e+01
8.515916131397731078e+03 1.015858316504888847e+02
8.516116124731175660e+03 1.012177334730942277e+02
8.516316118064622060e+03 1.000363279799957326e+02
8.516516111398064822e+03 9.851356008798039454e+01
8.516716104731509404e+03 9.940196170403991971e+01
8.516916098064953985e+03 9.889750173646177700e+01
8.517116091398398567e+03 9.760259914965148198e+01
8.517316084731843148e+03 9.888070792457280334e+01
8.517516078065285910e+03 9.967871753518940636e+01
8.517716071398730492e+03 9.708128121003201727e+01
8.517916064732176892e+03 9.599770447977634547e+01
8.518116058065619654e+03 9.726938196157712468e+01
8.518316051399064236e+03 9.800249671916668603e+01
8.518516044732508817e+03 9.978324376360269810e+01
8.518716038065955217e+03 9.898475203275579304e+01
8.518916031399399799e+03 9.986827850215233582e+01
8.519116024732842561e+03 9.943936031781154838e+01
8.519316018066287143e+03 9.954331382096047776e+01
8.519516011399731724e+03 9.860461543404575480e+01
8.519716004733176305e+03 1.003318907017026476e+02
8.519915998066620887e+03 9.893333121271737696e+01
8.520115991400063649e+03 9.949839539818309220e+01
8.520315984733510049e+03 9.756515407157205289e+01
8.520515978066952812e+03 9.977087322003889369e+01
8.520715971400397393e+03 9.959245703577609277e+01
8.520915964733841975e+03 1.007249766941951492e+02
8.521115958067288375e+03 9.993342412148284382e+01
8.521315951400732956e+03 1.003127205284822594e+02
8.521515944734175719e+03 9.837912237877408472e+01
8.521715938067620300e+03 1.006017810094735978e+02
8.521915931401064881e+03 1.005627499154884532e+02
8.522115924734509463e+03 9.978371034294703179e+01
8.522315918067954044e+03 1.006255944704886645e+02
8.522515911401396806e+03 9.965144488416551383e+01
8.522715904734841388e+03 1.004957350322591338e+02
8.522915898068287788e+03 9.909823012803508391e+01
8.523115891401730551e+03 9.905548650735001104e+01
8.523315884735175132e+03 9.850348503406030432e+01
8.523515878068619713e+03 9.899407802628678610e+01
8.523715871402066114e+03 1.008460936703185666e+02
8.523915864735510695e+03 9.901863849828997388e+01
8.524115858068953457e+03 9.979486971624395153e+01
8.524315851402398039e+03 1.005061874888811815e+02
8.524515844735842620e+03 1.015839227085388359e+02
8.524715838069287202e+03 9.997973430087021995e+01
8.524915831402731783e+03 9.985349038617061979e+01
8.525115824736174545e+03 9.960363368176450649e+01
8.525315818069620946e+03 9.890976857568421110e+01
8.525515811403063708e+03 9.874620766357280388e+01
8.525715804736508289e+03 9.899150935856863498e+01
8.525915798069954690e+03 9.916498122779393043e+01
8.526115791403399271e+03 9.919654927393766286e+01
8.526315784736843852e+03 9.941950176969315578e+01
8.526515778070286615e+03 9.955099016013581092e+01
8.526715771403731196e+03 9.979766895082779854e+01
8.526915764737175778e+03 1.015791060481924859e+02
8.527115758070620359e+03 9.890946207279175439e+01
8.527315751404064940e+03 9.899786584142171364e+01
8.527515744737507703e+03 1.005270909078999466e+02
8.527715738070952284e+03 1.000696571693297585e+02
8.527915731404398684e+03 9.849511000573728836e+01
8.528115724737841447e+03 9.969584556004333820e+01
8.528315718071287847e+03 1.001735722904904407e+02
8.528515711404730610e+03 9.941174049811293401e+01
8.528715704738177010e+03 9.874201727020971475e+01
8.528915698071621591e+03 1.006180986711442955e+02
8.529115691405064354e+03 9.897445416073341562e+01
8.529315684738508935e+03 9.838875280194622519e+01
8.529515678071953516e+03 1.001963491908120716e+02
8.529715671405398098e+03 9.990204680180104901e+01
8.529915664738842679e+03 9.896363132593519651e+01
8.530115658072285441e+03 1.000356227643329561e+02
8.530315651405731842e+03 9.950664900719063155e+01
8.530515644739174604e+03 1.002061586187599715e+02
8.530715638072621005e+03 9.925444493629316867e+01
8.530915631406065586e+03 1.006820995151218341e+02
8.531115624739510167e+03 9.934830374862079339e+01
8.531315618072954749e+03 9.959794738792072621e+01
8.531515611406397511e+03 1.001177456079402077e+02
8.531715604739842092e+03 9.869699927259159722e+01
8.531915598073288493e+03 1.003299590233830401e+02
8.532115591406731255e+03 9.948774946407353070e+01
8.532315584740175836e+03 9.959110910489594914e+01
8.532515578073618599e+03 9.859778985099310944e+01
8.532715571407063180e+03 9.799636600019577770e+01
8.532915564740509581e+03 9.918400125225501540e+01
8.533115558073952343e+03 9.908291290590517519e+01
8.533315551407398743e+03 9.819258864069026060e+01
8.533515544740841506e+03 1.005039247037538672e+02
8.533715538074287906e+03 9.754787879327581379e+01
8.533915531407732487e+03 9.841542422921801858e+01
8.534115524741175250e+03 9.796289861745628968e+01
8.534315518074619831e+03 9.826884631965397432e+01
8.534515511408064413e+03 9.955070806247374549e+01
8.534715504741508994e+03 9.702538416010376920e+01
8.534915498074953575e+03 9.870371488380149572e+01
8.535115491408396338e+03 9.776053425892676785e+01
8.535315484741842738e+03 9.844096503314345625e+01
8.535515478075285500e+03 9.668183518396237730e+01
8.535715471408731901e+03 9.514711401873911711e+01
8.535915464742176482e+03 9.738361257853030395e+01
8.536115458075621063e+03 9.689418125887452504e+01
8.536315451409065645e+03 9.924167367580351140e+01
8.536515444742508407e+03 9.665524564708049127e+01
8.536715438075952989e+03 9.639806095603097447e+01
8.536915431409399389e+03 9.535184007081784330e+01
8.537115424742842151e+03 9.567440198705871524e+01
8.537315418076286733e+03 9.670535610107469893e+01
8.537515411409729495e+03 9.765979071823433344e+01
8.537715404743174076e+03 9.304405041645701147e+01
8.537915398076620477e+03 9.364645543229612201e+01
8.538115391410065058e+03 9.587005957343033913e+01
8.538315384743509640e+03 9.405766592893523637e+01
8.538515378076952402e+03 9.261003275269332846e+01
8.538715371410398802e+03 9.206965722612908110e+01
8.538915364743843384e+03 9.079667356816821666e+01
8.539115358077286146e+03 9.128340049970023529e+01
8.539315351410730727e+03 9.063353141381865896e+01
8.539515344744175309e+03 8.839969186599316231e+01
8.539715338077619890e+03 8.569477569660405436e+01
8.539915331411064471e+03 8.520289230476176101e+01
8.540115324744507234e+03 8.246823553452793476e+01
8.540315318077953634e+03 7.982698324074216600e+01
8.540515311411398216e+03 7.493310280342917906e+01
8.540715304744842797e+03 6.782232579229916780e+01
8.540915298078287378e+03 6.264277223208070211e+01
8.541115291411731960e+03 5.520328444958147429e+01
8.541315284745176541e+03 4.750850523938066772e+01
8.541515278078619303e+03 3.851508418769477515e+01
8.541715271412063885e+03 3.270673425716448435e+01
8.541915264745510285e+03 3.461143728584572443e+01
8.542115258078953048e+03 3.909516644660310192e+01
8.542315251412397629e+03 4.821530776097860382e+01
8.542515244745840391e+03 5.551108770963832484e+01
8.542715238079286792e+03 6.369141651102699342e+01
8.542915231412733192e+03 6.957328374200848486e+01
8.543115224746175954e+03 7.514613500867598361e+01
8.543315218079620536e+03 7.988336307547106685e+01
8.543515211413063298e+03 8.293227388696952573e+01
8.543715204746509698e+03 8.592898059497285601e+01
8.543915198079954280e+03 8.649349053072808147e+01
8.544115191413397042e+03 8.906513799779921214e+01
8.544315184746841624e+03 8.932441488982507849e+01
8.544515178080286205e+03 9.055503934506839414e+01
8.544715171413730786e+03 9.276763397640651476e+01
8.544915164747175368e+03 9.212477563917801149e+01
8.545115158080618130e+03 9.305122117600279807e+01
8.545315151414064530e+03 9.542018746597121037e+01
8.545515144747509112e+03 9.440904304592473295e+01
8.545715138080953693e+03 9.608040934591329574e+01
8.545915131414398275e+03 9.448657601330656064e+01
8.546115124747842856e+03 9.699926770189047431e+01
8.546315118081287437e+03 9.529095977032717713e+01
8.546515111414730200e+03 9.745650159853815353e+01
8.546715104748174781e+03 9.519120279339259127e+01
8.546915098081621181e+03 9.746838526040056649e+01
8.547115091415063944e+03 9.584803384258991343e+01
8.547315084748508525e+03 9.696004705794553047e+01
8.547515078081951287e+03 9.873126791268612124e+01
8.547715071415397688e+03 9.729576119541376045e+01
8.547915064748844088e+03 9.730069582928290117e+01
8.548115058082286851e+03 9.745563022303088019e+01
8.548315051415731432e+03 9.673013346798417444e+01
8.548515044749174194e+03 9.713658522736319867e+01
8.548715038082620595e+03 9.659052944961221954e+01
8.548915031416065176e+03 9.817217423224147410e+01
8.549115024749507938e+03 9.739623191482026243e+01
8.549315018082952520e+03 9.904270810984149875e+01
8.549515011416397101e+03 1.005256377772275300e+02
8.549715004749841682e+03 9.972467339389807250e+01
8.549914998083286264e+03 9.826673498213432367e+01
8.550114991416729026e+03 9.951196237217511964e+01
8.550314984750177246e+03 9.589377841942297209e+01
8.550514978083620008e+03 9.857727220434843218e+01
8.550714971417064589e+03 9.925890419032980105e+01
8.550914964750509171e+03 9.812365499037323957e+01
8.551114958083953752e+03 9.907421564734165997e+01
8.551314951417398333e+03 1.002858512918423912e+02
8.551514944750841096e+03 9.839439951489291047e+01
8.551714938084285677e+03 1.010343428948762465e+02
8.551914931417732078e+03 9.899817198927048878e+01
8.552114924751174840e+03 9.886604916012005617e+01
8.552314918084619421e+03 9.885661310576712424e+01
8.552514911418062184e+03 9.863560244743011651e+01
8.552714904751510403e+03 1.005394366362519776e+02
8.552914898084954984e+03 1.011290847530766683e+02
8.553114891418397747e+03 9.786119889035002473e+01
8.553314884751842328e+03 9.983516162165129515e+01
8.553514878085286909e+03 9.893061099787188084e+01
8.553714871418731491e+03 9.960572107351637783e+01
8.553914864752176072e+03 1.004150896385345391e+02
8.554114858085618835e+03 9.954954183574639615e+01
8.554314851419063416e+03 9.962807697115037797e+01
8.554514844752507997e+03 9.848854544287455326e+01
8.554714838085952579e+03 9.879000737086069250e+01
8.554914831419397160e+03 9.953269819502583005e+01
8.555114824752841741e+03 1.005596984474298807e+02
8.555314818086288142e+03 1.005454383193462178e+02
8.555514811419730904e+03 9.834677642981928614e+01
8.555714804753175486e+03 9.929362160606960686e+01
8.555914798086620067e+03 9.932185612493125859e+01
8.556114791420064648e+03 9.690101042696777256e+01
8.556314784753509230e+03 9.834797967278505837e+01
8.556514778086951992e+03 9.814222316066260987e+01
8.556714771420396573e+03 9.908311278896604790e+01
8.556914764753842974e+03 9.680325060785654046e+01
8.557114758087285736e+03 1.005502870781572113e+02
8.557314751420730317e+03 1.004069270667752249e+02
8.557514744754173080e+03 1.018341448859080600e+02
8.557714738087621299e+03 9.930107329992209486e+01
8.557914731421065881e+03 9.900315161305806555e+01
8.558114724754508643e+03 1.018941959700699442e+02
8.558314718087953224e+03 9.946752986951183573e+01
8.558514711421397806e+03 9.889295115385516510e+01
8.558714704754842387e+03 1.002425331030586193e+02
8.558914698088286968e+03 9.998296132381719303e+01
8.559114691421729731e+03 9.897409924834245487e+01
8.559314684755174312e+03 1.008864815377538662e+02
8.559514678088618894e+03 9.930771800944719985e+01
8.559714671422063475e+03 1.003657447322220264e+02
8.559914664755508056e+03 1.003900308758125846e+02
8.560114658088952638e+03 9.967157976026211941e+01
8.560314651422399038e+03 9.999766266175669216e+01
8.560514644755841800e+03 1.005146906919559484e+02
8.560714638089286382e+03 9.869144172089481515e+01
8.560914631422730963e+03 1.001681354446563574e+02
8.561114624756175544e+03 9.882164922933280593e+01
8.561314618089620126e+03 9.801798723109725131e+01
8.561514611423062888e+03 1.010438866454901898e+02
8.561714604756507470e+03 1.010294095920992703e+02
8.561914598089953870e+03 1.000357010531684949e+02
8.562114591423396632e+03 1.007410768634714486e+02
8.562314584756841214e+03 1.009359704029112947e+02
8.562514578090285795e+03 9.972676523029451801e+01
8.562714571423732195e+03 1.000814780640354940e+02
8.562914564757176777e+03 9.762595076289545659e+01
8.563114558090619539e+03 9.974950398837535204e+01
8.563314551424064121e+03 9.770075565460284395e+01
8.563514544757508702e+03 9.733023207558305501e+01
8.563714538090953283e+03 9.878435517031014967e+01
8.563914531424397865e+03 1.007139087215371944e+02
8.564114524757840627e+03 9.989128690619595830e+01
8.564314518091287027e+03 1.004687156096482425e+02
8.564514511424729790e+03 9.962841086747746999e+01
8.564714504758174371e+03 1.005023264368631573e+02
8.564914498091620771e+03 9.861521571286345988e+01
8.565114491425063534e+03 1.002085362548540814e+02
8.565314484758509934e+03 9.972208269186189966e+01
8.565514478091952697e+03 1.011576492948562702e+02
8.565714471425397278e+03 1.015042771414950806e+02
8.565914464758841859e+03 9.998878823979372044e+01
8.566114458092286441e+03 9.956313046969887637e+01
8.566314451425731022e+03 9.960908628669615439e+01
8.566514444759173784e+03 9.980032473205116617e+01
8.566714438092618366e+03 9.976199905252836686e+01
8.566914431426064766e+03 1.003901855046933349e+02
8.567114424759507529e+03 9.798779778687699604e+01
8.567314418092953929e+03 1.002434997558121239e+02
8.567514411426396691e+03 1.004678538507619123e+02
8.567714404759843092e+03 1.008268197381924693e+02
8.567914398093287673e+03 9.917089525944788875e+01
8.568114391426730435e+03 9.986858923798014587e+01
8.568314384760175017e+03 1.004630146676692846e+02
8.568514378093619598e+03 9.869322186509134553e+01
8.568714371427064179e+03 9.915644922259070881e+01
8.568914364760508761e+03 9.841249513445914943e+01
8.569114358093951523e+03 1.000949408982541513e+02
8.569314351427397924e+03 9.989992862823973496e+01
8.569514344760840686e+03 1.014426813536828860e+02
8.569714338094285267e+03 1.014583482142071489e+02
8.569914331427731668e+03 9.935034124891573981e+01
8.570114324761174430e+03 9.903945130667854357e+01
8.570314318094620830e+03 9.809185464400593446e+01
8.570514311428063593e+03 1.002429603241390765e+02
8.570714304761508174e+03 1.000530209710309464e+02
8.570914298094952755e+03 9.896134806004319273e+01
8.571114291428397337e+03 1.012708021242307979e+02
8.571314284761841918e+03 9.989452606704247728e+01
8.571514278095284681e+03 9.978550826656923789e+01
8.571714271428729262e+03 1.001397597349888997e+02
8.571914264762175662e+03 1.000263467416409213e+02
8.572114258095618425e+03 9.937936976983047543e+01
8.572314251429064825e+03 9.953559448804101351e+01
8.572514244762507587e+03 9.971624477973765011e+01
8.572714238095953988e+03 9.986114889260996108e+01
8.572914231429398569e+03 9.922283444510001971e+01
8.573114224762841332e+03 9.973905447751303655e+01
8.573314218096285913e+03 9.750629100978785857e+01
8.573514211429730494e+03 9.906343709440147904e+01
8.573714204763175076e+03 1.020196372322863283e+02
8.573914198096619657e+03 9.847416005877703071e+01
8.574114191430062419e+03 1.004533613987314169e+02
8.574314184763508820e+03 1.008890341761103286e+02
8.574514178096951582e+03 9.888919787920995930e+01
8.574714171430397982e+03 1.000283814050877709e+02
8.574914164763842564e+03 9.919356359412157076e+01
8.575114158097287145e+03 9.941795743565420196e+01
8.575314151430731727e+03 9.952218618122869032e+01
8.575514144764174489e+03 9.972994319139947095e+01
8.575714138097619070e+03 1.012055904565669806e+02
8.575914131431063652e+03 1.002857320380105079e+02
8.576114124764508233e+03 1.019536762538167238e+02
8.576314118097952814e+03 9.899929860943336735e+01
8.576514111431395577e+03 9.936522017992240308e+01
8.576714104764840158e+03 9.939240294367762374e+01
8.576914098098286559e+03 9.879511685901260876e+01
8.577114091431731140e+03 9.905757275158713071e+01
8.577314084765175721e+03 9.951766699871502908e+01
8.577514078098618484e+03 9.833674278029347704e+01
8.577714071432064884e+03 9.946806041561310963e+01
8.577914064765509465e+03 9.925464800947879951e+01
8.578114058098952228e+03 9.803798047696125195e+01
8.578314051432396809e+03 9.795640919281535730e+01
8.578514044765841390e+03 9.993102871952950750e+01
8.578714038099285972e+03 9.998512587347097735e+01
8.578914031432730553e+03 9.885886253726506823e+01
8.579114024766173316e+03 9.963198271388867511e+01
8.579314018099619716e+03 1.001318686725831242e+02
8.579514011433062478e+03 9.992477423074441845e+01
8.579714004766508879e+03 9.856215612502013812e+01
8.579913998099953460e+03 1.013153009313304693e+02
8.580113991433398041e+03 9.918474973026107477e+01
8.580313984766842623e+03 9.785537796083394824e+01
8.580513978100285385e+03 9.962768623336465623e+01
8.580713971433729967e+03 9.859132131742720162e+01
8.580913964767174548e+03 9.920454585173682460e+01
8.581113958100619129e+03 9.870686798605811418e+01
8.581313951434063711e+03 1.006501640043870935e+02
8.581513944767506473e+03 9.805555291874063073e+01
8.581713938100951054e+03 9.652093583462733761e+01
8.581913931434397455e+03 9.437670932671417745e+01
8.582113924767842036e+03 9.606029781875511731e+01
8.582313918101286617e+03 1.002384769191466773e+02
8.582513911434729380e+03 9.830445444351522610e+01
8.582713904768175780e+03 1.003738652848846442e+02
8.582913898101620362e+03 9.881748641435177660e+01
8.583113891435063124e+03 9.810350595979456045e+01
8.583313884768507705e+03 9.888018926003734066e+01
8.583513878101952287e+03 1.002089317129229329e+02
8.583713871435396868e+03 1.003011519267666927e+02
8.583913864768841449e+03 1.011525876345474586e+02
8.584113858102284212e+03 1.013339400708060651e+02
8.584313851435730612e+03 9.961394520958162957e+01
8.584513844769175194e+03 9.910851068412897291e+01
8.584713838102619775e+03 9.958688689494901780e+01
8.584913831436064356e+03 9.828146748674851096e+01
8.585113824769508938e+03 1.003038982922380171e+02
8.585313818102953519e+03 9.881185783339351758e+01
8.585513811436396281e+03 1.001656514906597693e+02
8.585713804769840863e+03 1.013784415564186503e+02
8.585913798103287263e+03 1.006795675567591246e+02
8.586113791436730025e+03 9.850117948823186964e+01
8.586313784770174607e+03 9.875537333458079559e+01
8.586513778103617369e+03 9.776802909875726755e+01
8.586713771437061951e+03 9.916073973501499950e+01
8.586913764770510170e+03 9.977821189409840485e+01
8.587113758103952932e+03 1.006632466049997419e+02
8.587313751437397514e+03 1.002450744372697216e+02
8.587513744770840276e+03 9.904987820994939796e+01
8.587713738104286676e+03 1.004795332970848136e+02
8.587913731437731258e+03 1.010516444176114419e+02
8.588113724771174020e+03 9.943317789557006847e+01
8.588313718104618602e+03 9.959754354674035426e+01
8.588513711438063183e+03 9.922074824594287179e+01
8.588713704771507764e+03 9.920911715070738524e+01
8.588913698104952346e+03 1.016887499796298471e+02
8.589113691438395108e+03 9.961237935625254636e+01
8.589313684771843327e+03 9.994613499713491933e+01
8.589513678105286090e+03 9.939744994918122245e+01
8.589713671438730671e+03 9.951528348229072662e+01
8.589913664772175252e+03 1.007662411905983220e+02
8.590113658105619834e+03 9.881070202489092935e+01
8.590313651439064415e+03 1.001409214928045088e+02
8.590513644772507178e+03 1.005895431971122775e+02
8.590713638105951759e+03 9.909625804162536156e+01
8.590913631439398159e+03 9.997430221729472066e+01
8.591113624772840922e+03 9.851266970624655528e+01
8.591313618106285503e+03 9.979677682473848677e+01
8.591513611439728265e+03 1.006007443535004029e+02
8.591713604773172847e+03 9.976908413172999701e+01
8.591913598106621066e+03 1.000486947271954818e+02
8.592113591440063828e+03 1.007008943455682441e+02
8.592313584773508410e+03 1.015201023516639225e+02
8.592513578106951172e+03 9.898021317065716573e+01
8.592713571440397573e+03 9.903598236241153074e+01
8.592913564773842154e+03 9.958028478976821418e+01
8.593113558107284916e+03 9.992820680288548374e+01
8.593313551440729498e+03 9.876038799301377935e+01
8.593513544774174079e+03 9.782136968397894350e+01
8.593713538107618660e+03 9.892084824790741493e+01
8.593913531441063242e+03 9.927527821383868911e+01
8.594113524774506004e+03 1.004820742942127652e+02
8.594313518107954224e+03 9.974634699200485954e+01
8.594513511441396986e+03 9.896655231101334493e+01
8.594713504774841567e+03 9.904728962710549922e+01
8.594913498108286149e+03 1.004776847395757926e+02
8.595113491441730730e+03 9.774494270525340767e+01
8.595313484775175311e+03 1.015064458263088483e+02
8.595513478108618074e+03 1.006154195476579076e+02
8.595713471442062655e+03 1.005325901448259316e+02
8.595913464775509055e+03 1.013777260847655555e+02
8.596113458108951818e+03 1.010698590514304840e+02
8.596313451442396399e+03 1.017971535851806522e+02
8.596513444775839162e+03 1.030039585537228533e+02
8.596713438109287381e+03 9.916530524771258115e+01
8.596913431442731962e+03 9.894910784548174831e+01
8.597113424776174725e+03 1.004904979804315133e+02
8.597313418109619306e+03 1.005087599957233380e+02
8.597513411443062068e+03 9.984148287855553860e+01
8.597713404776508469e+03 9.996983280025352769e+01
8.597913398109953050e+03 9.813234024000854561e+01
8.598113391443395813e+03 9.875799214717100938e+01
8.598313384776840394e+03 9.761915751468521307e+01
8.598513378110284975e+03 9.571384643152870808e+01
8.598713371443729557e+03 9.631141007595276449e+01
8.598913364777174138e+03 9.965311674013108245e+01
8.599113358110618719e+03 9.977040738199691816e+01
8.599313351444065120e+03 1.004678845929586686e+02
8.599513344777507882e+03 9.873568785426952843e+01
8.599713338110952463e+03 9.971777560950133079e+01
8.599913331444397045e+03 9.860831117825154024e+01
8.600113324777841626e+03 9.952077680606569743e+01
8.600313318111286208e+03 9.891856399209756034e+01
8.600513311444728970e+03 9.860711147631973006e+01
8.600713304778173551e+03 9.916803582206100032e+01
8.600913298111619952e+03 1.005079051437582649e+02
8.601113291445062714e+03 9.955671370579392487e+01
8.601313284778507295e+03 1.004928776221177031e+02
8.601513278111951877e+03 9.968350241133475720e+01
8.601713271445398277e+03 9.983980204013386128e+01
8.601913264778842859e+03 1.016191318884342394e+02
8.602113258112285621e+03 9.914120393489376681e+01
8.602313251445730202e+03 1.006860431578655977e+02
8.602513244779172965e+03 9.944489150763682517e+01
8.602713238112619365e+03 1.008604471687199151e+02
8.602913231446063946e+03 1.021240675487438239e+02
8.603113224779506709e+03 1.002617034159161165e+02
8.603313218112951290e+03 9.999599657376234063e+01
8.603513211446395871e+03 1.012086619168378832e+02
8.603713204779840453e+03 1.006681321738597745e+02
8.603913198113285034e+03 9.915786204872271981e+01
8.604113191446729616e+03 9.856893553138596076e+01
8.604313184780176016e+03 1.026710423879607674e+02
8.604513178113618778e+03 1.010659995495505967e+02
8.604713171447063360e+03 9.833362170191909968e+01
8.604913164780507941e+03 9.941109242185711992e+01
8.605113158113952522e+03 1.008354942937685053e+02
8.605313151447397104e+03 1.003467439065818496e+02
8.605513144780839866e+03 9.993086634729796458e+01
8.605713138114284448e+03 1.012717961314151154e+02
8.605913131447730848e+03 1.001970137879410458e+02
8.606113124781173610e+03 9.893050096893082923e+01
8.606313118114618192e+03 1.000034449173683129e+02
8.606513111448062773e+03 9.878426989278146664e+01
8.606713104781509173e+03 1.006066337087958971e+02
8.606913098114953755e+03 9.900305125306672949e+01
8.607113091448396517e+03 9.874931470262033884e+01
8.607313084781841098e+03 9.956292534750099321e+01
8.607513078115285680e+03 1.003080679570588245e+02
8.607713071448730261e+03 1.004388014308422044e+02
8.607913064782174843e+03 1.003263635914615577e+02
8.608113058115617605e+03 9.918859751216133702e+01
8.608313051449062186e+03 1.001203801117720644e+02
8.608513044782506768e+03 1.005950184277972994e+02
8.608713038115951349e+03 9.903702787880187941e+01
8.608913031449397749e+03 1.001385499616818748e+02
8.609113024782840512e+03 9.819004401213878452e+01
8.609313018116286912e+03 1.010603199790356115e+02
8.609513011449729674e+03 1.000450495465563989e+02
8.609713004783174256e+03 9.891190027890883130e+01
8.609912998116618837e+03 1.003810187424236204e+02
8.610112991450063419e+03 9.930874776568465734e+01
8.610312984783508000e+03 9.893152530035425229e+01
8.610512978116950762e+03 1.002882596407738731e+02
8.610712971450395344e+03 9.871015051950588770e+01
8.610912964783841744e+03 9.681302215563174229e+01
8.611112958117284506e+03 9.326283317296521602e+01
8.611312951450730907e+03 8.847123356168809494e+01
8.611512944784173669e+03 8.878584247744606728e+01
8.611712938117620070e+03 8.902374278845441324e+01
8.611912931451064651e+03 9.296507969610819089e+01
8.612112924784507413e+03 9.789858424239987755e+01
8.612312918117951995e+03 9.936503064562819532e+01
8.612512911451396576e+03 9.902325229352810254e+01
8.612712904784841157e+03 9.971037071188010259e+01
8.612912898118285739e+03 1.003190383669105330e+02
8.613112891451728501e+03 9.915292973730618087e+01
8.613312884785173082e+03 9.998002312270872949e+01
8.613512878118617664e+03 9.857097386343609458e+01
8.613712871452064064e+03 9.952361532970375890e+01
8.613912864785508646e+03 1.012914521467967717e+02
8.614112858118951408e+03 1.001818682105741800e+02
8.614312851452397808e+03 9.989178519461326289e+01
8.614512844785840571e+03 9.783852185588388295e+01
8.614712838119285152e+03 1.009584491469554877e+02
8.614912831452729733e+03 1.012474177795757413e+02
8.615112824786174315e+03 1.014131628747317251e+02
8.615312818119618896e+03 9.980826870045825672e+01
8.615512811453061659e+03 9.909642094641652932e+01
8.615712804786506240e+03 9.954578706742860561e+01
8.615912798119952640e+03 1.000245226390075857e+02
8.616112791453395403e+03 9.885059501690402328e+01
8.616312784786841803e+03 1.016985879730644484e+02
8.616512778120284565e+03 9.868059693414731726e+01
8.616712771453730966e+03 9.935458626610163435e+01
8.616912764787175547e+03 1.002384102245362527e+02
8.617112758120618309e+03 9.820360188807110546e+01
8.617312751454062891e+03 9.797162624799348407e+01
8.617512744787507472e+03 1.007205550290537275e+02
8.617712738120952054e+03 9.945872997808959326e+01
8.617912731454396635e+03 9.909592989482382563e+01
8.618112724787839397e+03 1.000568202450997717e+02
8.618312718121285798e+03 1.006586108926194925e+02
8.618512711454728560e+03 9.925298644527552483e+01
8.618712704788174960e+03 9.969174871174244856e+01
8.618912698121619542e+03 1.007588721641217262e+02
8.619112691455062304e+03 1.012603125645041757e+02
8.619312684788508705e+03 9.765325383767762446e+01
8.619512678121951467e+03 1.008578721122231627e+02
8.619712671455396048e+03 1.012436581066919672e+02
8.619912664788840630e+03 1.001754593810713203e+02
8.620112658122285211e+03 1.006484193927504975e+02
8.620312651455729792e+03 1.004218717110297945e+02
8.620512644789172555e+03 9.991163768798911349e+01
8.620712638122617136e+03 9.776103753502151505e+01
8.620912631456063536e+03 9.573239306483449695e+01
8.621112624789508118e+03 9.338241329298817561e+01
8.621312618122952699e+03 9.174722305797114075e+01
8.621512611456395462e+03 9.437733215072124437e+01
8.621712604789841862e+03 9.455833371303620538e+01
8.621912598123286443e+03 9.794787738838058999e+01
8.622112591456729206e+03 9.773168554294277044e+01
8.622312584790173787e+03 1.002801457094486750e+02
8.622512578123618368e+03 1.017862771825370771e+02
8.622712571457062950e+03 9.962594256107021806e+01
8.622912564790507531e+03 9.978682312609188898e+01
8.623112558123950294e+03 9.869783838241485796e+01
8.623312551457396694e+03 1.026915359757607575e+02
8.623512544790841275e+03 9.763204551308861312e+01
8.623712538124285857e+03 1.018009536122544176e+02
8.623912531457730438e+03 1.000924001304434086e+02
8.624112524791173200e+03 9.866530562992369369e+01
8.624312518124619601e+03 9.928569340842956592e+01
8.624512511458062363e+03 9.922023173933510520e+01
8.624712504791506944e+03 1.003714636508407239e+02
8.624912498124951526e+03 9.861467838445047107e+01
8.625112491458396107e+03 1.004326391889334076e+02
8.625312484791840689e+03 1.005889015306230903e+02
8.625512478125283451e+03 9.944998656511222634e+01
8.625712471458728032e+03 1.024249161622610700e+02
8.625912464792176252e+03 1.005976894033910298e+02
8.626112458125619014e+03 1.008552483755976539e+02
8.626312451459063595e+03 9.793320818570811070e+01
8.626512444792506358e+03 1.007493759275657794e+02
8.626712438125952758e+03 9.801850247755550072e+01
8.626912431459397339e+03 1.007866167392666767e+02
8.627112424792840102e+03 9.766314314423223664e+01
8.627312418126284683e+03 9.989260188240071159e+01
8.627512411459729265e+03 9.907497862456534676e+01
8.627712404793173846e+03 1.005346083615076509e+02
8.627912398126618427e+03 1.006288546511530200e+02
8.628112391460061190e+03 1.000024750014511028e+02
8.628312384793507590e+03 9.907667298321908333e+01
8.628512378126952171e+03 9.999484035809010152e+01
8.628712371460396753e+03 1.005907649773412373e+02
8.628912364793841334e+03 1.003651240185501194e+02
8.629112358127285916e+03 9.837962453825646492e+01
8.629312351460730497e+03 9.923280547095333759e+01
8.629512344794173259e+03 1.011594051278869841e+02
8.629712338127617841e+03 1.005954896739767435e+02
8.629912331461062422e+03 9.944363082296180778e+01
8.630112324794507003e+03 1.011765110818159457e+02
8.630312318127951585e+03 1.014508420350250049e+02
8.630512311461394347e+03 9.880155027847088434e+01
8.630712304794838929e+03 9.992723382816426181e+01
8.630912298128287148e+03 9.920812670192896121e+01
8.631112291461729910e+03 1.002427766972637215e+02
8.631312284795174492e+03 9.959038848804790689e+01
8.631512278128617254e+03 1.008824192850748460e+02
8.631712271462063654e+03 9.979134349063535581e+01
8.631912264795508236e+03 9.893485976471085053e+01
8.632112258128950998e+03 1.005869041672217321e+02
8.632312251462395579e+03 1.005873556113093485e+02
8.632512244795840161e+03 9.929022074099411554e+01
8.632712238129284742e+03 9.935244688432685223e+01
8.632912231462729324e+03 9.921749253895403342e+01
8.633112224796172086e+03 9.945474868599396245e+01
8.633312218129620305e+03 9.832764255359812466e+01
8.633512211463063068e+03 9.994580279911673415e+01
8.633712204796507649e+03 1.002328401094318622e+02
8.633912198129952230e+03 9.978682267728959232e+01
8.634112191463396812e+03 9.990755313472266153e+01
8.634312184796841393e+03 9.962178564784188950e+01
8.634512178130284155e+03 9.898823715638027920e+01
8.634712171463728737e+03 1.004183524612250125e+02
8.634912164797173318e+03 9.988751901365408514e+01
8.635112158130617900e+03 9.978714417927038483e+01
8.635312151464062481e+03 1.007706575968544911e+02
8.635512144797505243e+03 9.923848820544330351e+01
8.635712138130951644e+03 9.845317441933350722e+01
8.635912131464398044e+03 9.916478885957528178e+01
8.636112124797840806e+03 1.013524520143163130e+02
8.636312118131285388e+03 9.965387094631013554e+01
8.636512111464728150e+03 9.847875836210955924e+01
8.636712104798174551e+03 1.000895232373119512e+02
8.636912098131619132e+03 9.998630489140295197e+01
8.637112091465061894e+03 9.961726765780909432e+01
8.637312084798506476e+03 9.982004402637883800e+01
8.637512078131951057e+03 9.893471652214910250e+01
8.637712071465395638e+03 9.982764428991556827e+01
8.637912064798840220e+03 9.979170483299739658e+01
8.638112058132284801e+03 1.014124840857038947e+02
8.638312051465731201e+03 1.001403927044334523e+02
8.638512044799173964e+03 9.986430309456662258e+01
8.638712038132618545e+03 9.945755497087967001e+01
8.638912031466063127e+03 1.002930426867217477e+02
8.639112024799507708e+03 9.912911355558237858e+01
8.639312018132952289e+03 1.003430106683990886e+02
8.639512011466395052e+03 9.892925340736952933e+01
8.639712004799839633e+03 1.011813458887005197e+02
8.639911998133286033e+03 1.006856822390714399e+02
8.640111991466728796e+03 1.003890109161519462e+02
8.640311984800173377e+03 1.003300248261757446e+02
8.640511978133616140e+03 9.871049376093883154e+01
8.640711971467062540e+03 1.002963051942885926e+02
8.640911964800508940e+03 1.008603222333484410e+02
8.641111958133951703e+03 9.985855499885013842e+01
8.641311951467396284e+03 9.814270804052439701e+01
8.641511944800839046e+03 9.937498220509083069e+01
8.641711938134285447e+03 1.001419312523512986e+02
8.641911931467730028e+03 1.004024488910635000e+02
8.642111924801172790e+03 9.866317451534830241e+01
8.642311918134617372e+03 9.941546286047110925e+01
8.642511911468061953e+03 9.956459992867328879e+01
8.642711904801506535e+03 9.993302720242664350e+01
8.642911898134951116e+03 1.000912103887963980e+02
8.643111891468395697e+03 9.993207802363566827e+01
8.643311884801842098e+03 1.000434887721698658e+02
8.643511878135284860e+03 9.760525064181560140e+01
8.643711871468729441e+03 9.884081711661590930e+01
8.643911864802174023e+03 9.809525877087865808e+01
8.644111858135618604e+03 1.011477747024747913e+02
8.644311851469063186e+03 9.939064126416167255e+01
8.644511844802505948e+03 1.000462907594383068e+02
8.644711838135950529e+03 1.016360011160998766e+02
8.644911831469396930e+03 1.013571246501489895e+02
8.645111824802839692e+03 1.002988940256024790e+02
8.645311818136284273e+03 1.009682941687654250e+02
8.645511811469728855e+03 1.008919572491805070e+02
8.645711804803173436e+03 1.006968638212076428e+02
8.645911798136619836e+03 9.950732827460284113e+01
8.646111791470062599e+03 9.951490602215454828e+01
8.646311784803507180e+03 1.002589522847783314e+02
8.646511778136949943e+03 9.767987476061611574e+01
8.646711771470396343e+03 9.992872530401584186e+01
8.646911764803840924e+03 9.992607802786602633e+01
8.647111758137283687e+03 1.007724466109219179e+02
8.647311751470728268e+03 9.955262782775321284e+01
8.647511744804172849e+03 9.972980076203215560e+01
8.647711738137617431e+03 1.009380562726505275e+02
8.647911731471063831e+03 9.920020878707468626e+01
8.648111724804506594e+03 1.002360207453212979e+02
8.648311718137952994e+03 9.868424148117620121e+01
8.648511711471395756e+03 1.001453000019662909e+02
8.648711704804840338e+03 1.011514459932501637e+02
8.648911698138284919e+03 9.948439839236208115e+01
8.649111691471729500e+03 1.004172642950295682e+02
8.649311684805174082e+03 1.005716843813088275e+02
8.649511678138616844e+03 9.908391412865323389e+01
8.649711671472061425e+03 1.012137563108643263e+02
8.649911664805507826e+03 9.913269859432185171e+01
8.650111658138950588e+03 1.001691301813394546e+02
8.650311651472396989e+03 1.010398504121324095e+02
8.650511644805839751e+03 9.951696088940312279e+01
8.650711638139286151e+03 9.925636671757996510e+01
8.650911631472730733e+03 1.008888846131608119e+02
8.651111624806173495e+03 1.019846686570957388e+02
8.651311618139618076e+03 9.920394296269397216e+01
8.651511611473060839e+03 9.745278834131755730e+01
8.651711604806507239e+03 9.965315567808248431e+01
8.651911598139951820e+03 9.956949586471122871e+01
8.652111591473394583e+03 1.003957048782542500e+02
8.652311584806839164e+03 9.934951959743803229e+01
8.652511578140283746e+03 1.013540495530623815e+02
8.652711571473728327e+03 1.009071581395228634e+02
8.652911564807174727e+03 9.642868036736614101e+01
8.653111558140617490e+03 9.931000937862562239e+01
8.653311551474063890e+03 9.889004386697729387e+01
8.653511544807506652e+03 9.791589705943079025e+01
8.653711538140951234e+03 9.850715009598933136e+01
8.653911531474395815e+03 9.837991732574737114e+01
8.654111524807840397e+03 9.903128960603356745e+01
8.654311518141284978e+03 9.860582330281108909e+01
8.654511511474727740e+03 9.876716295967777626e+01
8.654711504808172322e+03 9.928766738444848272e+01
8.654911498141618722e+03 9.744829551278824908e+01
8.655111491475061484e+03 9.871753853889373431e+01
8.655311484808507885e+03 9.868928390643134207e+01
8.655511478141950647e+03 9.899471107786123980e+01
8.655711471475397047e+03 9.901499571648055564e+01
8.655911464808841629e+03 9.844935035771435139e+01
8.656111458142284391e+03 9.894511409921740608e+01
8.656311451475728973e+03 9.778221629879286070e+01
8.656511444809171735e+03 9.833091954939425250e+01
8.656711438142618135e+03 9.843169112961531653e+01
8.656911431476062717e+03 9.882485970175103773e+01
8.657111424809505479e+03 9.878643574765709445e+01
8.657311418142950060e+03 9.869730732077474045e+01
8.657511411476394642e+03 9.686392568050898433e+01
8.657711404809841042e+03 9.673450790324051241e+01
8.657911398143285624e+03 9.704852112683212795e+01
8.658111391476728386e+03 9.550905750684040640e+01
8.658311384810174786e+03 9.707021727243503051e+01
8.658511378143617549e+03 9.528237621505742538e+01
8.658711371477062130e+03 9.640316999015919919e+01
8.658911364810506711e+03 9.478368112953273794e+01
8.659111358143951293e+03 9.618182048763763703e+01
8.659311351477395874e+03 9.310498729104295990e+01
8.659511344810838636e+03 9.533215541133743898e+01
8.659711338144283218e+03 9.120150913976574714e+01
8.659911331477729618e+03 8.887024058150909411e+01
8.660111324811174200e+03 8.797938576891795037e+01
8.660311318144618781e+03 8.447260175113521541e+01
8.660511311478061543e+03 8.103305500678109752e+01
8.660711304811507944e+03 7.496265460792504598e+01
8.660911298144952525e+03 7.205948305991607583e+01
8.661111291478395287e+03 6.065820863403505570e+01
8.661311284811839869e+03 5.476666407065019371e+01
8.661511278145284450e+03 4.652389840087545281e+01
8.661711271478729032e+03 3.675797925385277409e+01
8.661911264812173613e+03 3.828761388789101971e+01
8.662111258145616375e+03 4.098370788287174094e+01
8.662311251479060957e+03 5.065552895220380947e+01
8.662511244812507357e+03 5.967780169408403168e+01
8.662711238145951938e+03 6.824643408045365334e+01
8.662911231479396520e+03 7.432072432938201700e+01
8.663111224812839282e+03 8.116992429713675961e+01
8.663311218146285682e+03 8.728668770502730467e+01
8.663511211479728445e+03 8.533326840294404292e+01
8.663711204813173026e+03 8.871510169746015606e+01
8.663911198146617608e+03 9.014238085072213380e+01
8.664111191480062189e+03 9.250406639769813921e+01
8.664311184813506770e+03 9.259980149217047085e+01
8.664511178146949533e+03 9.417689963686289900e+01
8.664711171480394114e+03 9.486972422380819125e+01
8.664911164813840514e+03 9.634298518719528204e+01
8.665111158147285096e+03 9.410721465693140431e+01
8.665311151480729677e+03 9.605484495090372832e+01
8.665511144814172440e+03 9.509908813065621302e+01
8.665711138147618840e+03 9.717275383946100931e+01
8.665911131481063421e+03 9.627006265701685095e+01
8.666111124814506184e+03 9.768732247568931371e+01
8.666311118147950765e+03 9.682748237241330003e+01
8.666511111481395346e+03 9.709590744069996049e+01
8.666711104814839928e+03 9.848871541550691688e+01
8.666911098148284509e+03 9.679154153237523417e+01
8.667111091481727271e+03 9.753992363232823948e+01
8.667311084815171853e+03 9.807582013012094535e+01
8.667511078148618253e+03 9.658102909087351406e+01
8.667711071482062835e+03 9.886651114349587033e+01
8.667911064815507416e+03 9.954002462018776498e+01
8.668111058148950178e+03 9.917135688095325463e+01
8.668311051482396579e+03 9.825912711116518494e+01
8.668511044815839341e+03 9.989095946012474769e+01
8.668711038149283922e+03 9.916604081637767365e+01
8.668911031482728504e+03 1.001197839067133089e+02
8.669111024816173085e+03 9.821292501573887535e+01
8.669311018149617666e+03 9.940425951534554372e+01
8.669511011483060429e+03 9.867227643634593903e+01
8.669711004816505010e+03 9.749123750840763591e+01
8.669910998149953230e+03 1.002109906239634824e+02
8.670110991483395992e+03 9.749409712236590053e+01
8.670310984816840573e+03 9.996102804445635570e+01
8.670510978150283336e+03 1.001502181214801794e+02
8.670710971483729736e+03 9.980318659964542860e+01
8.670910964817174317e+03 9.795878313272078231e+01
8.671110958150617080e+03 9.951055452680219560e+01
8.671310951484061661e+03 9.869429650294526368e+01
8.671510944817506243e+03 9.932294891210887045e+01
8.671710938150950824e+03 1.003495463446958667e+02
8.671910931484395405e+03 9.969919734988542359e+01
8.672110924817838168e+03 1.004013250353909541e+02
8.672310918151286387e+03 9.873017421191703136e+01
8.672510911484729149e+03 9.877439706638577377e+01
8.672710904818173731e+03 1.005481944586942689e+02
8.672910898151618312e+03 1.000412049853857184e+02
8.673110891485061074e+03 1.006706848948135757e+02
8.673310884818507475e+03 9.894133296726771221e+01
8.673510878151950237e+03 9.768816325169832737e+01
8.673710871485394819e+03 1.002323785931474589e+02
8.673910864818839400e+03 9.760157317849910896e+01
8.674110858152283981e+03 9.382442529965737776e+01
8.674310851485728563e+03 9.085566578144080552e+01
8.674510844819171325e+03 8.546920382602583288e+01
8.674710838152617725e+03 8.430738892742260759e+01
8.674910831486064126e+03 8.449770922742575863e+01
8.675110824819506888e+03 8.718667626998015407e+01
8.675310818152951470e+03 9.027883379529997399e+01
8.675510811486394232e+03 9.306776009503062141e+01
8.675710804819840632e+03 9.797275903344934989e+01
8.675910798153285214e+03 9.891213615479526311e+01
8.676110791486727976e+03 1.003426072032001741e+02
8.676310784820172557e+03 1.028128560041570125e+02
8.676510778153617139e+03 9.934736690653986102e+01
8.676710771487061720e+03 1.015142209760101082e+02
8.676910764820506301e+03 9.865084226553794622e+01
8.677110758153949064e+03 1.001688836328745111e+02
8.677310751487397283e+03 9.960520695641845634e+01
8.677510744820840046e+03 9.839355557332520164e+01
8.677710738154284627e+03 1.012403510780087288e+02
8.677910731487729208e+03 1.005081615787954377e+02
8.678110724821171971e+03 9.768959891776529503e+01
8.678310718154618371e+03 1.009275374783368449e+02
8.678510711488061133e+03 1.017427064106977923e+02
8.678710704821505715e+03 1.003076976126259154e+02
8.678910698154950296e+03 9.911126505832866940e+01
8.679110691488394878e+03 1.012957392220840518e+02
8.679310684821839459e+03 1.004634345994270745e+02
8.679510678155282221e+03 9.922765627057100346e+01
8.679710671488728622e+03 9.813449053870274952e+01
8.679910664822175022e+03 9.989876496670740380e+01
8.680110658155617784e+03 9.904269551859424325e+01
8.680310651489062366e+03 9.926503046765157023e+01
8.680510644822505128e+03 9.982704940664511639e+01
8.680710638155951528e+03 1.010414525802300290e+02
8.680910631489396110e+03 1.006045186191522873e+02
8.681110624822838872e+03 9.910518591314313142e+01
8.681310618156283454e+03 9.912518822618342540e+01
8.681510611489728035e+03 1.007149744157419917e+02
8.681710604823172616e+03 9.970197013388376206e+01
8.681910598156617198e+03 9.871757548036001140e+01
8.682110591490061779e+03 9.841007192814936388e+01
8.682310584823508179e+03 9.647815154647177849e+01
8.682510578156950942e+03 9.228290066282586679e+01
8.682710571490395523e+03 9.257398507323671311e+01
8.682910564823840105e+03 9.335047521765413592e+01
8.683110558157284686e+03 9.441836386478772170e+01
8.683310551490729267e+03 9.952488424835499359e+01
8.683510544824172030e+03 9.714267642341395970e+01
8.683710538157616611e+03 9.954628063918470104e+01
8.683910531491061192e+03 1.003579603555052273e+02
8.684110524824505774e+03 1.018580987250049645e+02
8.684310518157950355e+03 9.755823215766284306e+01
8.684510511491394936e+03 9.953192033232238600e+01
8.684710504824839518e+03 1.003172480196645608e+02
8.684910498158285918e+03 1.014849246750435583e+02
8.685110491491728681e+03 9.942371578487973238e+01
8.685310484825173262e+03 1.006238229217480153e+02
8.685510478158616024e+03 1.002464721382144006e+02
8.685710471492062425e+03 9.911655979400426020e+01
8.685910464825507006e+03 1.008459031381710389e+02
8.686110458158949768e+03 9.973118143921155365e+01
8.686310451492394350e+03 1.004346611993401410e+02
8.686510444825838931e+03 1.003025642618886906e+02
8.686710438159283513e+03 9.944683660792354374e+01
8.686910431492729913e+03 1.004775091440854879e+02
8.687110424826172675e+03 1.000479050232666651e+02
8.687310418159619076e+03 9.751973211089345739e+01
8.687510411493061838e+03 9.563143953669646180e+01
8.687710404826506419e+03 9.068428690929479785e+01
8.687910398159951001e+03 8.385220300338887967e+01
8.688110391493395582e+03 7.672187701570746299e+01
8.688310384826840163e+03 7.250495787776712575e+01
8.688510378160282926e+03 7.535363681178961315e+01
8.688710371493727507e+03 8.428412800817206119e+01
8.688910364827172089e+03 9.053439746577639369e+01
8.689110358160616670e+03 9.500075073143342763e+01
8.689310351494061251e+03 9.897965364751776463e+01
8.689510344827505833e+03 9.975498484843254232e+01
8.689710338160950414e+03 1.014438356923101736e+02
8.689910331494396814e+03 9.943754864123761195e+01
8.690110324827839577e+03 1.005415698122999970e+02
8.690310318161284158e+03 9.814981080888017573e+01
8.690510311494726921e+03 9.887513312134355203e+01
8.690710304828173321e+03 1.002288659473065735e+02
8.690910298161617902e+03 1.010872344610699827e+02
8.691110291495060665e+03 9.767885440097791161e+01
8.691310284828505246e+03 1.004099904209619183e+02
8.691510278161949827e+03 9.790283235291759922e+01
8.691710271495394409e+03 9.912643433200865672e+01
8.691910264828840809e+03 9.813774921776617077e+01
8.692110258162283571e+03 9.868520686717410229e+01
8.692310251495729972e+03 9.715040278012438080e+01
8.692510244829172734e+03 1.009765725708357706e+02
8.692710238162617316e+03 9.996524400928342402e+01
8.692910231496061897e+03 1.019546099234150915e+02
8.693110224829506478e+03 1.003452216447939236e+02
8.693310218162951060e+03 9.937063203303267755e+01
8.693510211496393822e+03 9.948785224492505108e+01
8.693710204829838403e+03 9.881130488077972984e+01
8.693910198163284804e+03 1.005838129618743295e+02
8.694110191496727566e+03 9.944546863731721942e+01
8.694310184830173966e+03 1.001468015202820681e+02
8.694510178163616729e+03 9.952731328164112767e+01
8.694710171497061310e+03 9.920856906190546454e+01
8.694910164830507711e+03 1.002768195421825368e+02
8.695110158163950473e+03 9.895981355959941084e+01
8.695310151497395054e+03 1.002762668200920189e+02
8.695510144830837817e+03 1.000773539292419656e+02
8.695710138164284217e+03 9.873802853810907720e+01
8.695910131497728798e+03 9.882024178638596368e+01
8.696110124831171561e+03 9.803018084429069745e+01
8.696310118164616142e+03 1.006463574756599115e+02
8.696510111498060724e+03 1.013427087071805204e+02
8.696710104831507124e+03 1.005003121550307554e+02
8.696910098164951705e+03 1.006681904559098655e+02
8.697110091498394468e+03 1.008448642260238302e+02
8.697310084831840868e+03 9.912824013378182997e+01
8.697510078165283630e+03 9.837326784673354041e+01
8.697710071498728212e+03 1.013917524784610862e+02
8.697910064832172793e+03 1.011130626533736319e+02
8.698110058165617374e+03 9.796147962295911782e+01
8.698310051499061956e+03 9.961004784623570174e+01
8.698510044832504718e+03 9.832028261559555915e+01
8.698710038165949300e+03 9.963872771186548505e+01
8.698910031499395700e+03 9.853883550776593836e+01
8.699110024832840281e+03 9.728061714631024870e+01
8.699310018166284863e+03 9.855061870468931318e+01
8.699510011499727625e+03 9.905685052514574807e+01
8.699710004833172206e+03 1.011844893507296916e+02
8.699909998166618607e+03 9.920824384812850383e+01
8.700109991500061369e+03 1.006113152739273318e+02
8.700309984833505951e+03 1.007948950470069462e+02
8.700509978166948713e+03 9.926497193274919084e+01
8.700709971500395113e+03 1.005100347308160309e+02
8.700909964833839695e+03 1.010107993727331177e+02
8.701109958167282457e+03 1.005285534351177859e+02
8.701309951500727038e+03 9.946968788953260798e+01
8.701509944834171620e+03 1.018840542308499266e+02
8.701709938167618020e+03 9.928255993529896273e+01
8.701909931501062601e+03 9.990723743160570791e+01
8.702109924834505364e+03 9.919255750405663719e+01
8.702309918167951764e+03 1.011746832196844963e+02
8.702509911501394527e+03 9.911803044126295958e+01
8.702709904834839108e+03 1.008289017230781468e+02
8.702909898168283689e+03 9.996041038877190488e+01
8.703109891501728271e+03 1.005724477242063699e+02
8.703309884835172852e+03 1.010973014008307729e+02
8.703509878168615614e+03 9.990962969136336369e+01
8.703709871502060196e+03 1.018744417391397548e+02
8.703909864835506596e+03 9.936141418164768879e+01
8.704109858168951178e+03 9.866282230919688345e+01
8.704309851502395759e+03 1.010420341797368167e+02
8.704509844835838521e+03 9.982020537402397053e+01
8.704709838169284922e+03 1.002061907425153322e+02
8.704909831502729503e+03 9.824380146709140149e+01
8.705109824836172265e+03 1.007183352510896128e+02
8.705309818169616847e+03 1.009888795225915032e+02
8.705509811503059609e+03 9.940437616170942192e+01
8.705709804836506009e+03 9.858883537133300479e+01
8.705909798169950591e+03 9.934342976783658230e+01
8.706109791503393353e+03 1.019629929228951255e+02
8.706309784836837935e+03 9.799886653339825671e+01
8.706509778170284335e+03 1.009486564848711083e+02
8.706709771503728916e+03 9.874022715190181998e+01
8.706909764837173498e+03 1.010594495672755784e+02
8.707109758170616260e+03 9.940171749273029889e+01
8.707309751504062660e+03 9.848388795656779848e+01
8.707509744837505423e+03 1.009397793732676263e+02
8.707709738170950004e+03 1.010420752456987259e+02
8.707909731504394585e+03 1.003779152163173052e+02
8.708109724837839167e+03 9.945495352171556647e+01
8.708309718171283748e+03 9.909391183366879829e+01
8.708509711504726511e+03 9.955484288219048494e+01
8.708709704838171092e+03 1.005634527947890859e+02
8.708909698171619311e+03 9.912554338824715217e+01
8.709109691505062074e+03 1.013358087345175562e+02
8.709309684838506655e+03 1.014854845654755735e+02
8.709509678171949417e+03 1.002741138750238861e+02
8.709709671505395818e+03 1.005253843106007139e+02
8.709909664838840399e+03 9.856084030198552171e+01
8.710109658172283162e+03 1.000127490395072130e+02
8.710309651505727743e+03 9.896024011996055947e+01
8.710509644839170505e+03 9.642429261259378848e+01
8.710709638172616906e+03 1.004003686893729679e+02
8.710909631506061487e+03 9.936801417111945511e+01
8.711109624839504249e+03 9.877497620025704350e+01
8.711309618172950650e+03 9.950128321583932234e+01
8.711509611506395231e+03 1.006341681524800009e+02
8.711709604839839812e+03 1.008868348806505963e+02
8.711909598173284394e+03 9.923069105834949255e+01
8.712109591506727156e+03 9.948903500120242427e+01
8.712309584840173557e+03 9.834337492589634167e+01
8.712509578173616319e+03 9.862801431810952124e+01
8.712709571507060900e+03 9.762273773304899294e+01
8.712909564840505482e+03 9.837376695781625813e+01
8.713109558173950063e+03 9.852144881295782852e+01
8.713309551507394644e+03 9.904581283392194280e+01
8.713509544840837407e+03 9.873740835679609518e+01
8.713709538174281988e+03 1.003730082949974900e+02
8.713909531507730208e+03 9.928568790133070365e+01
8.714109524841172970e+03 1.011196089206106166e+02
8.714309518174617551e+03 1.016046372023138957e+02
8.714509511508060314e+03 1.016196898580216015e+02
8.714709504841506714e+03 1.004076630472185059e+02
8.714909498174951295e+03 1.006274622234148950e+02
8.715109491508394058e+03 1.001166200342234021e+02
8.715309484841838639e+03 9.946780313627868964e+01
8.715509478175283220e+03 9.974209157430354367e+01
8.715709471508727802e+03 1.013780066162965028e+02
8.715909464842172383e+03 1.004244844715303202e+02
8.716109458175615146e+03 1.000937620985684333e+02
8.716309451509061546e+03 9.963672416186328462e+01
8.716509444842506127e+03 9.875338669900639843e+01
8.716709438175950709e+03 1.003798423742412069e+02
8.716909431509395290e+03 9.916433897532047581e+01
8.717109424842838052e+03 1.029303064265579053e+02
8.717309418176284453e+03 9.952519360109806712e+01
8.717509411509727215e+03 1.008740223289046725e+02
8.717709404843171797e+03 9.969298887548515609e+01
8.717909398176616378e+03 9.724765877144301385e+01
8.718109391510060959e+03 9.958637851088964510e+01
8.718309384843505541e+03 9.946431747936625811e+01
8.718509378176948303e+03 1.000737012639222883e+02
8.718709371510394703e+03 9.972426018650345725e+01
8.718909364843841104e+03 1.001276046344451061e+02
8.719109358177283866e+03 1.011809470223936671e+02
8.719309351510728447e+03 1.003663387433577867e+02
8.719509344844171210e+03 1.008475901327595921e+02
8.719709338177617610e+03 9.961416418452826349e+01
8.719909331511062192e+03 1.002082986908743010e+02
8.720109324844504954e+03 9.997688871298693414e+01
8.720309318177949535e+03 1.004738634684780010e+02
8.720509311511394117e+03 1.009973975768471774e+02
8.720709304844838698e+03 1.011323976039880677e+02
8.720909298178283279e+03 9.895810120936609167e+01
8.721109291511727861e+03 1.001021546708590364e+02
8.721309284845172442e+03 1.012339385811905004e+02
8.721509278178617024e+03 9.972584793950461801e+01
8.721709271512061605e+03 1.002966202496709087e+02
8.721909264845506186e+03 9.899744698523213060e+01
8.722109258178948949e+03 1.013590338266290303e+02
8.722309251512395349e+03 9.879944839055291084e+01
8.722509244845838111e+03 9.959995333630608627e+01
8.722709238179282693e+03 9.986584265869309718e+01
8.722909231512727274e+03 9.920571379236098153e+01
8.723109224846171855e+03 1.013420035716487746e+02
8.723309218179616437e+03 1.002774610983647676e+02
8.723509211513061018e+03 9.875849564057476471e+01
8.723709204846505600e+03 9.946380942926390389e+01
8.723909198179952000e+03 9.838052235307196725e+01
8.724109191513394762e+03 1.001987388123055922e+02
8.724309184846839344e+03 9.999171695710492713e+01
8.724509178180282106e+03 9.966085755844994765e+01
8.724709171513728506e+03 9.983267983842284821e+01
8.724909164847173088e+03 9.936424537949760349e+01
8.725109158180615850e+03 1.001216684435782014e+02
8.725309151514060432e+03 1.007984467212219926e+02
8.725509144847505013e+03 9.872670855711025695e+01
8.725709138180949594e+03 1.010532589628255522e+02
8.725909131514394176e+03 9.990337045402522165e+01
8.726109124847838757e+03 1.007782973035746323e+02
8.726309118181285157e+03 9.909542960796659372e+01
8.726509111514727920e+03 9.955100408826528735e+01
8.726709104848172501e+03 1.002660133169172951e+02
8.726909098181617082e+03 9.915711316517943885e+01
8.727109091515059845e+03 1.008149895025894551e+02
8.727309084848506245e+03 1.003977467254294424e+02
8.727509078181949008e+03 1.013267497890213349e+02
8.727709071515393589e+03 9.936111884048948184e+01
8.727909064848838170e+03 9.981383456759935768e+01
8.728109058182282752e+03 9.962507808915276541e+01
8.728309051515727333e+03 9.844410410377085441e+01
8.728509044849171914e+03 1.004285849545382945e+02
8.728709038182616496e+03 9.857989318230244180e+01
8.728909031516062896e+03 1.018260909145188009e+02
8.729109024849505658e+03 9.969913791407029180e+01
8.729309018182950240e+03 1.002375918130324948e+02
8.729509011516393002e+03 9.939424304664997578e+01
8.729709004849839403e+03 9.919168905922698798e+01
