8.478586784424816869e+03 1.042205636811125942e+02
8.478786751094263309e+03 1.014912236951786326e+02
8.478986717763704291e+03 1.045208093791050885e+02
8.479186684433148912e+03 1.038798139474206579e+02
8.479386651102591713e+03 9.850179367224997407e+01
8.479586617772036334e+03 9.730559355543047673e+01
8.479786584441482773e+03 9.569835080611828459e+01
8.479986551110925575e+03 9.548646784386359343e+01
8.480186517780368376e+03 9.574610086075497861e+01
8.480386484449811178e+03 9.133372280065647431e+01
8.480586451119255798e+03 8.913168830784631780e+01
8.480786417788702238e+03 8.744379917746432795e+01
8.480986384458145039e+03 9.215866277799251804e+01
8.481186351127589660e+03 9.360907771509700126e+01
8.481386317797030642e+03 9.590131503031932425e+01
8.481586284466475263e+03 1.010010592580311055e+02
8.481786251135921702e+03 1.007891442619490050e+02
8.481986217805364504e+03 1.002063053915692166e+02
8.482186184474809124e+03 9.828019975886978443e+01
8.482386151144251926e+03 9.813655524574653555e+01
8.482586117813696546e+03 1.026394374686426545e+02
8.482786084483141167e+03 1.005117611636576100e+02
8.482986051152583968e+03 9.809798275325330508e+01
8.483186017822028589e+03 1.037286921533204520e+02
8.483385984491471390e+03 1.001141255541260620e+02
8.483585951160916011e+03 1.007304798658505689e+02
8.483785917830362450e+03 9.965871330666183781e+01
8.483985884499803433e+03 1.011551857668540606e+02
8.484185851169248053e+03 9.958050581263117351e+01
8.484385817838690855e+03 1.026606502776234322e+02
8.484585784508135475e+03 1.018938045958495593e+02
8.484785751177581915e+03 1.010988241927748703e+02
8.484985717847024716e+03 9.872516833388162638e+01
8.485185684516469337e+03 1.019068411805053813e+02
8.485385651185910319e+03 1.007266752222551531e+02
8.485585617855356759e+03 9.812587863516017705e+01
8.485785584524801379e+03 9.984421782469240725e+01
8.485985551194244181e+03 1.013686597709208002e+02
8.486185517863688801e+03 9.756637759953281375e+01
8.486385484533131603e+03 9.951480987015843027e+01
8.486585451202576223e+03 9.957094004504065765e+01
8.486785417872020844e+03 1.014205696906822141e+02
8.486985384541463645e+03 9.991490483425833702e+01
8.487185351210908266e+03 9.987694278639918366e+01
8.487385317880351067e+03 9.995577458149895733e+01
8.487585284549797507e+03 9.852778428197376570e+01
8.487785251219242127e+03 1.000332378670608904e+02
8.487985217888683110e+03 1.011202654913527823e+02
8.488185184558127730e+03 1.036786254733157477e+02
8.488385151227570532e+03 9.783623664968884270e+01
8.488585117897016971e+03 9.717082857521920403e+01
8.488785084566461592e+03 9.295569588862437627e+01
8.488985051235904393e+03 9.912735023138209556e+01
8.489185017905347195e+03 1.025698296630511663e+02
8.489384984574789996e+03 1.040391260191724001e+02
8.489584951244236436e+03 9.811714402175800842e+01
8.489784917913681056e+03 9.966293482513898994e+01
8.489984884583123858e+03 1.007651650461420729e+02
8.490184851252568478e+03 9.780954403060073332e+01
8.490384817922011280e+03 9.661765566135525773e+01
8.490584784591455900e+03 9.656897572495317661e+01
8.490784751260900521e+03 9.615686133856578977e+01
8.490984717930343322e+03 9.972685881240360573e+01
8.491184684599787943e+03 9.692592556710766871e+01
8.491384651269230744e+03 9.808529445222674781e+01
8.491584617938677184e+03 9.520606168969931105e+01
8.491784584608119985e+03 9.615206823413110726e+01
8.491984551277562787e+03 9.412907087060838762e+01
8.492184517947007407e+03 9.737633969282515523e+01
8.492384484616450209e+03 9.763200921884605066e+01
8.492584451285896648e+03 9.729827837113973033e+01
8.492784417955341269e+03 9.537866915699206061e+01
8.492984384624782251e+03 9.408608907565263735e+01
8.493184351294226872e+03 9.634910843743664088e+01
8.493384317963669673e+03 9.399378662933453654e+01
8.493584284633116113e+03 9.764631988297603016e+01
8.493784251302560733e+03 9.239568365737343925e+01
8.493984217972003535e+03 9.304675605025931873e+01
8.494184184641448155e+03 8.925101283241431815e+01
8.494384151310889138e+03 9.022752623665117255e+01
8.494584117980335577e+03 8.973283369212809646e+01
8.494784084649780198e+03 8.663698717868886945e+01
8.494984051319222999e+03 8.346029517170893541e+01
8.495184017988667620e+03 8.351447301790557276e+01
8.495383984658110421e+03 7.259572139412227898e+01
8.495583951327555042e+03 6.715694292260293707e+01
8.495783917996999662e+03 6.498361821905567126e+01
8.495983884666442464e+03 5.408732038493899097e+01
8.496183851335887084e+03 5.212378105900251768e+01
8.496383818005331705e+03 4.444521943256110319e+01
8.496583784674776325e+03 4.235026298366021535e+01
8.496783751344220946e+03 4.737086466654351824e+01
8.496983718013661928e+03 5.142827461960332869e+01
8.497183684683106549e+03 6.014143788122078860e+01
8.497383651352551169e+03 6.319652580747089132e+01
8.497583618021995790e+03 7.114053223934574532e+01
8.497783584691440410e+03 7.675191935090768425e+01
8.497983551360883212e+03 8.297558322215769522e+01
8.498183518030326013e+03 8.962916085515257691e+01
8.498383484699770634e+03 8.889480108957256732e+01
8.498583451369215254e+03 9.163231494660776377e+01
8.498783418038659875e+03 9.350741558086318150e+01
8.498983384708102676e+03 9.278575104363793002e+01
8.499183351377547297e+03 9.446182810302481414e+01
8.499383318046991917e+03 9.429994128231342643e+01
8.499583284716434719e+03 9.486802467057584920e+01
8.499783251385879339e+03 9.137945117779256066e+01
8.499983218055322141e+03 9.177339138729769275e+01
8.500183184724766761e+03 9.641951477554682981e+01
8.500383151394211382e+03 9.119501722697094692e+01
8.500583118063656002e+03 8.866744972958609594e+01
8.500783084733098804e+03 9.021150728512209582e+01
8.500983051402541605e+03 9.239804425869854754e+01
8.501183018071986226e+03 9.636643134540382505e+01
8.501382984741430846e+03 9.309454134054460894e+01
8.501582951410875467e+03 1.000675263890785374e+02
8.501782918080320087e+03 9.540653056322616976e+01
8.501982884749762889e+03 1.008784938376575013e+02
8.502182851419205690e+03 9.621318319827531695e+01
8.502382818088650311e+03 9.396790110638441718e+01
8.502582784758094931e+03 9.905481403381475047e+01
8.502782751427539552e+03 9.941156077595228169e+01
8.502982718096982353e+03 9.865276655484775858e+01
8.503182684766426974e+03 9.628473422697666706e+01
8.503382651435869775e+03 9.619785385581609205e+01
8.503582618105314396e+03 9.615898061974033340e+01
8.503782584774759016e+03 9.733354603192837828e+01
8.503982551444201818e+03 9.838418648842211667e+01
8.504182518113646438e+03 9.849415279887770680e+01
8.504382484783091058e+03 9.981455885687070406e+01
8.504582451452535679e+03 9.673452233509111409e+01
8.504782418121978480e+03 9.789453617959782150e+01
8.504982384791421282e+03 9.789804644283333346e+01
8.505182351460865902e+03 9.608284780175345929e+01
8.505382318130310523e+03 9.788404283133039030e+01
8.505582284799755143e+03 9.795662653363091010e+01
8.505782251469199764e+03 9.823169479560513651e+01
8.505982218138640746e+03 9.969308351751618602e+01
8.506182184808085367e+03 9.865374884692315050e+01
8.506382151477529987e+03 9.913259774264336954e+01
8.506582118146974608e+03 1.003043355863093211e+02
8.506782084816419228e+03 1.033709212480485604e+02
8.506982051485862030e+03 1.000689208260442484e+02
8.507182018155306650e+03 9.817806608276755753e+01
8.507381984824749452e+03 1.023166929034148183e+02
8.507581951494194072e+03 9.940582302014725258e+01
8.507781918163638693e+03 1.009617729083389435e+02
8.507981884833081494e+03 1.025087714596268995e+02
8.508181851502527934e+03 9.824782612438933427e+01
8.508381818171970735e+03 9.698347276098114378e+01
8.508581784841413537e+03 9.950048766380048448e+01
8.508781751510858157e+03 1.002644638557416812e+02
8.508981718180300959e+03 9.953193181759608876e+01
8.509181684849747398e+03 1.026679776885863333e+02
8.509381651519190200e+03 9.912115717607329657e+01
8.509581618188634820e+03 1.028818209943811581e+02
8.509781584858077622e+03 9.941319343664464725e+01
8.509981551527520423e+03 1.008721023672738824e+02
8.510181518196966863e+03 9.758350713674451526e+01
8.510381484866409664e+03 1.002571811163396234e+02
8.510581451535854285e+03 9.785325345299909827e+01
8.510781418205298905e+03 9.666479326624040880e+01
8.510981384874741707e+03 9.993487419519591697e+01
8.511181351544186327e+03 9.812733189845594950e+01
8.511381318213629129e+03 9.868703153808185391e+01
8.511581284883073749e+03 9.970454422258215743e+01
8.511781251552518370e+03 9.940047501041320288e+01
8.511981218221961171e+03 9.537654718474212245e+01
8.512181184891407611e+03 8.916755867883598796e+01
8.512381151560848593e+03 8.815558715292873160e+01
8.512581118230293214e+03 8.064012773527014133e+01
8.512781084899737834e+03 8.193695428200814490e+01
8.512981051569180636e+03 8.541835781657250948e+01
8.513181018238627075e+03 8.725859283364785313e+01
8.513380984908069877e+03 8.936289686142227140e+01
8.513580951577514497e+03 9.027536268749514647e+01
8.513780918246957299e+03 9.077156750147180730e+01
8.513980884916400100e+03 9.220775056652034607e+01
8.514180851585846540e+03 9.577740803410486592e+01
8.514380818255289341e+03 9.723217237417247816e+01
8.514580784924733962e+03 9.688071817358628834e+01
8.514780751594178582e+03 9.851369271150801410e+01
8.514980718263619565e+03 1.005954697058340059e+02
8.515180684933066004e+03 9.703710950078357200e+01
8.515380651602508806e+03 9.746974153446460321e+01
8.515580618271953426e+03 1.007150838983101977e+02
8.515780584941398047e+03 9.954181695003512687e+01
8.515980551610840848e+03 9.845709174552030163e+01
8.516180518280287288e+03 9.612103942085110475e+01
8.516380484949728270e+03 9.349746867210735957e+01
8.516580451619172891e+03 9.294917629199602516e+01
8.516780418288617511e+03 8.910756218934110962e+01
8.516980384958060313e+03 9.064488002979982184e+01
8.517180351627506752e+03 9.499648263126725567e+01
8.517380318296949554e+03 9.835114489437275154e+01
8.517580284966392355e+03 9.810019696173824855e+01
8.517780251635836976e+03 9.753321079803480131e+01
8.517980218305281596e+03 9.642848426056160349e+01
8.518180184974726217e+03 9.869563896068822828e+01
8.518380151644169018e+03 9.855940900505993341e+01
8.518580118313613639e+03 9.985303864802303053e+01
8.518780084983058259e+03 1.034550920656589597e+02
8.518980051652501061e+03 9.745712726946979387e+01
8.519180018321945681e+03 9.671640867554100396e+01
8.519379984991388483e+03 9.976906262164793304e+01
8.519579951660833103e+03 9.862244527960663731e+01
8.519779918330277724e+03 1.021819090457902632e+02
8.519979884999722344e+03 9.858990494663588322e+01
8.520179851669165146e+03 1.038143779551218984e+02
8.520379818338607947e+03 9.761587579723850183e+01
8.520579785008052568e+03 1.007347040497573403e+02
8.520779751677497188e+03 9.752903401708115894e+01
8.520979718346941809e+03 1.014811990209263541e+02
8.521179685016386429e+03 9.835874498531354959e+01
8.521379651685827412e+03 1.014507276866424235e+02
8.521579618355272032e+03 9.961349321792594935e+01
8.521779585024716653e+03 9.972427260069491695e+01
8.521979551694161273e+03 1.032817773462398350e+02
8.522179518363605894e+03 9.877744832820937404e+01
8.522379485033048695e+03 9.749995532810790166e+01
8.522579451702493316e+03 9.929548546548753052e+01
8.522779418371936117e+03 9.636316020269275384e+01
8.522979385041380738e+03 9.862964120721443351e+01
8.523179351710825358e+03 9.723613420785676453e+01
8.523379318380268160e+03 9.548271324602659149e+01
8.523579285049712780e+03 9.566527352104922954e+01
8.523779251719157401e+03 9.918364045296523557e+01
8.523979218388600202e+03 9.519702552777567917e+01
8.524179185058044823e+03 9.625107406650853648e+01
8.524379151727487624e+03 9.971912452373319979e+01
8.524579118396932245e+03 9.743880642109779444e+01
8.524779085066376865e+03 9.618159564903965020e+01
8.524979051735821486e+03 9.180506492536963492e+01
8.525179018405266106e+03 9.252860733114837899e+01
8.525378985074707089e+03 9.416204403409315660e+01
8.525578951744151709e+03 9.256423069213602162e+01
8.525778918413596330e+03 9.333181201974609564e+01
8.525978885083040950e+03 9.086091263630794401e+01
8.526178851752485571e+03 9.690509775054377428e+01
8.526378818421928372e+03 9.819958504292827683e+01
8.526578785091371174e+03 9.376451553993285870e+01
8.526778751760815794e+03 9.651035959921900087e+01
8.526978718430260415e+03 9.382458187648202852e+01
8.527178685099705035e+03 1.022723894985386579e+02
8.527378651769147837e+03 9.720002947223699152e+01
8.527578618438592457e+03 9.674891703294727563e+01
8.527778585108037078e+03 9.855843058386354016e+01
8.527978551777479879e+03 9.988143186232991866e+01
8.528178518446924500e+03 9.586683691387743522e+01
8.528378485116367301e+03 9.807758646361396870e+01
8.528578451785811922e+03 1.008236735013455387e+02
8.528778418455258361e+03 9.647729191710159569e+01
8.528978385124701163e+03 9.903360381203408735e+01
8.529178351794143964e+03 9.755482632148275002e+01
8.529378318463586766e+03 9.639066459017351463e+01
8.529578285133031386e+03 9.889402693097707697e+01
8.529778251802477826e+03 9.620239748282509140e+01
8.529978218471920627e+03 9.469338033942605648e+01
8.530178185141365248e+03 9.921467900397205142e+01
8.530378151810808049e+03 9.069480975126131739e+01
8.530578118480250851e+03 9.475484996600243903e+01
8.530778085149697290e+03 9.728462854109926639e+01
8.530978051819140092e+03 9.840333925584819497e+01
8.531178018488584712e+03 9.194722477548828010e+01
8.531377985158027514e+03 9.642824475741328172e+01
8.531577951827472134e+03 9.417775295658007906e+01
8.531777918496916755e+03 9.697236690297943085e+01
8.531977885166359556e+03 9.616794608812033118e+01
8.532177851835804177e+03 9.359667284339435867e+01
8.532377818505246978e+03 9.653906606328271778e+01
8.532577785174691599e+03 9.373785199634517085e+01
8.532777751844138038e+03 9.587122031255150034e+01
8.532977718513579021e+03 9.348549944382968135e+01
8.533177685183023641e+03 9.336686139612983482e+01
8.533377651852466443e+03 9.100206924536438180e+01
8.533577618521911063e+03 9.331567185829473488e+01
8.533777585191357502e+03 8.968075802354179871e+01
8.533977551860800304e+03 9.721213210168193086e+01
8.534177518530244924e+03 9.033450501721777925e+01
8.534377485199685907e+03 9.248279471508891447e+01
8.534577451869130527e+03 9.111713782992498523e+01
8.534777418538576967e+03 8.901720306533549376e+01
8.534977385208019768e+03 9.027173134430681500e+01
8.535177351877464389e+03 8.658922375687426154e+01
8.535377318546907190e+03 9.271741167965248565e+01
8.535577285216349992e+03 8.958600446910651272e+01
8.535777251885796431e+03 8.720235879618356023e+01
8.535977218555239233e+03 9.049205007845186799e+01
8.536177185224683853e+03 8.819545713415720911e+01
8.536377151894126655e+03 8.766828525516100967e+01
8.536577118563571275e+03 8.689438297010764245e+01
8.536777085233017715e+03 8.451524575587490062e+01
8.536977051902458697e+03 8.094824741583522609e+01
8.537177018571903318e+03 8.142300181445845908e+01
8.537376985241346119e+03 8.149842096266623059e+01
8.537576951910790740e+03 8.211135587702435146e+01
8.537776918580237179e+03 7.754121898100495969e+01
8.537976885249679981e+03 7.511241127421244812e+01
8.538176851919122782e+03 7.397890812395064586e+01
8.538376818588565584e+03 7.287572723067984271e+01
8.538576785258010204e+03 7.115183602544915686e+01
8.538776751927456644e+03 6.644625970088257816e+01
8.538976718596899445e+03 6.460176799187182439e+01
8.539176685266344066e+03 6.367771371670426817e+01
8.539376651935786867e+03 6.047217612560598354e+01
8.539576618605231488e+03 5.822181479594963349e+01
8.539776585274676108e+03 5.467120608093753731e+01
8.539976551944118910e+03 4.761637444663551122e+01
8.540176518613563530e+03 3.799943985675191271e+01
8.540376485283006332e+03 3.564893633943320594e+01
8.540576451952452771e+03 3.217729532883959820e+01
8.540776418621895573e+03 3.333865329331494110e+01
8.540976385291338374e+03 3.685024582049820907e+01
8.541176351960782995e+03 4.511675835719402983e+01
8.541376318630225796e+03 4.731805066167952845e+01
8.541576285299672236e+03 5.390545358831868583e+01
8.541776251969116856e+03 5.611731800658873937e+01
8.541976218638559658e+03 5.947441765910043898e+01
8.542176185308002459e+03 6.123703881908761559e+01
8.542376151977445261e+03 6.704248876936524937e+01
8.542576118646891700e+03 6.943483171154352362e+01
8.542776085316336321e+03 7.058408372012240761e+01
8.542976051985779122e+03 7.232442393979084727e+01
8.543176018655223743e+03 7.180341500132524857e+01
8.543375985324664725e+03 8.098635844159642261e+01
8.543575951994111165e+03 8.052620495128849143e+01
8.543775918663555785e+03 8.106943794019474581e+01
8.543975885332998587e+03 8.110161145473479394e+01
8.544175852002443207e+03 8.473073959987483761e+01
8.544375818671886009e+03 8.430804592666028441e+01
8.544575785341332448e+03 8.406264198119781383e+01
8.544775752010775250e+03 8.615553973036931268e+01
8.544975718680218051e+03 8.704772113397901023e+01
8.545175685349662672e+03 9.109203471010725650e+01
8.545375652019105473e+03 8.629689099204610159e+01
8.545575618688551913e+03 9.007724433375507544e+01
8.545775585357996533e+03 8.826935015396600193e+01
8.545975552027437516e+03 8.858041436434497484e+01
8.546175518696882136e+03 8.949848342448089511e+01
8.546375485366324938e+03 9.059564355075571029e+01
8.546575452035771377e+03 8.877099883290424032e+01
8.546775418705215998e+03 8.919590842167255573e+01
8.546975385374658799e+03 9.273590112010039377e+01
8.547175352044101601e+03 9.020340882448742548e+01
8.547375318713544402e+03 9.437803360571342637e+01
8.547575285382990842e+03 8.956475846658415207e+01
8.547775252052435462e+03 9.540591873002178147e+01
8.547975218721878264e+03 9.167346242146419399e+01
8.548175185391322884e+03 9.160513785369155926e+01
8.548375152060765686e+03 9.416322855420601456e+01
8.548575118730210306e+03 9.263888704700356413e+01
8.548775085399654927e+03 9.303121497319732214e+01
8.548975052069097728e+03 9.431908528541050885e+01
8.549175018738542349e+03 9.374231379260768904e+01
8.549374985407986969e+03 9.396092654542643174e+01
8.549574952077431590e+03 9.554155143593256128e+01
8.549774918746874391e+03 9.829668679141096277e+01
8.549974885416317193e+03 9.703103981574682280e+01
8.550174852085761813e+03 9.555972971865794818e+01
8.550374818755206434e+03 9.591340889327858577e+01
8.550574785424651054e+03 9.338528251379095479e+01
8.550774752094095675e+03 9.324349740920206386e+01
8.550974718763538476e+03 9.782549059842008887e+01
8.551174685432981278e+03 9.782467847496504021e+01
8.551374652102425898e+03 9.734454641927955265e+01
8.551574618771870519e+03 9.587532180268792104e+01
8.551774585441315139e+03 9.522489741247164829e+01
8.551974552110757941e+03 9.623912861575378486e+01
8.552174518780202561e+03 9.897384925633109276e+01
8.552374485449645363e+03 9.654598784464592143e+01
8.552574452119089983e+03 9.688632066210593052e+01
8.552774418788534604e+03 9.529189877274055220e+01
8.552974385457977405e+03 9.930641539348359004e+01
8.553174352127422026e+03 9.451176724622527558e+01
8.553374318796866646e+03 9.735212535185881677e+01
8.553574285466311267e+03 9.418255157069910410e+01
8.553774252135754068e+03 9.927069913494172226e+01
8.553974218805196870e+03 9.596823735027508917e+01
8.554174185474641490e+03 9.951463832072073501e+01
8.554374152144086111e+03 9.799547915790121522e+01
8.554574118813530731e+03 9.565959210667932666e+01
8.554774085482975352e+03 9.496119791708490254e+01
8.554974052152416334e+03 9.688776342318674040e+01
8.555174018821860955e+03 9.243541265445614385e+01
8.555373985491305575e+03 8.570642781009217970e+01
8.555573952160750196e+03 9.041315443298898913e+01
8.555773918830194816e+03 9.518517413653543713e+01
8.555973885499637618e+03 9.988830597803323030e+01
8.556173852169082238e+03 1.000529089943473195e+02
8.556373818838525040e+03 9.536454408438520147e+01
8.556573785507969660e+03 9.679617239906455950e+01
8.556773752177414281e+03 9.485990736859403683e+01
8.556973718846857082e+03 1.002454060076669009e+02
8.557173685516301703e+03 9.800796904434305645e+01
8.557373652185746323e+03 9.845305688209508332e+01
8.557573618855189125e+03 1.005030010854359404e+02
8.557773585524633745e+03 1.007266819499783850e+02
8.557973552194076547e+03 9.832296721453819544e+01
8.558173518863521167e+03 9.580960073593745108e+01
8.558373485532965788e+03 9.659228595385148708e+01
8.558573452202410408e+03 9.901684129087533393e+01
8.558773418871853210e+03 9.752462743277686741e+01
8.558973385541296011e+03 1.007237607671241904e+02
8.559173352210740632e+03 9.400423902711244750e+01
8.559373318880185252e+03 1.009862827985209890e+02
8.559573285549629873e+03 9.763459558710493980e+01
8.559773252219074493e+03 1.001001165050508632e+02
8.559973218888517295e+03 9.633452785493669523e+01
8.560173185557961915e+03 9.554227227257752020e+01
8.560373152227404717e+03 9.616952409715109695e+01
8.560573118896849337e+03 1.012738457294620531e+02
8.560773085566293958e+03 1.006237585242683252e+02
8.560973052235736759e+03 9.722894813098189104e+01
8.561173018905183199e+03 9.827124698205601305e+01
8.561372985574624181e+03 9.798522141348922787e+01
8.561572952244068802e+03 1.021130636122209694e+02
8.561772918913513422e+03 9.789429728937888342e+01
8.561972885582956224e+03 1.018892668841249929e+02
8.562172852252402663e+03 9.815341907806946153e+01
8.562372818921845465e+03 9.883095158651840961e+01
8.562572785591290085e+03 1.012572874905575020e+02
8.562772752260732886e+03 9.717848699087019781e+01
8.562972718930175688e+03 9.998366331648567495e+01
8.563172685599622127e+03 9.951529192789388389e+01
8.563372652269064929e+03 9.954727681183516097e+01
8.563572618938509549e+03 9.720722217231633522e+01
8.563772585607954170e+03 9.715958598631596033e+01
8.563972552277395152e+03 1.013977867171676053e+02
8.564172518946841592e+03 9.644695866082192026e+01
8.564372485616284393e+03 9.613151422835855442e+01
8.564572452285729014e+03 9.788966623494192731e+01
8.564772418955173634e+03 1.026650306612442023e+02
8.564972385624616436e+03 9.963211701443346158e+01
8.565172352294062875e+03 9.635219728927741301e+01
8.565372318963503858e+03 9.864614340275964821e+01
8.565572285632948478e+03 1.017917239466082151e+02
8.565772252302393099e+03 1.008915285800399460e+02
8.565972218971835900e+03 9.555568840658504826e+01
8.566172185641282340e+03 9.919205508451723574e+01
8.566372152310725141e+03 1.010660929588669603e+02
8.566572118980167943e+03 9.747969246932321141e+01
8.566772085649612563e+03 9.827193634397185917e+01
8.566972052319055365e+03 9.598357445937270427e+01
8.567172018988501804e+03 9.750158133666531057e+01
8.567371985657944606e+03 1.020045065309271166e+02
8.567571952327389226e+03 9.825093822874228522e+01
8.567771918996833847e+03 1.001859787315477348e+02
8.567971885666274829e+03 1.003095681642447374e+02
8.568171852335721269e+03 9.981983532462378150e+01
8.568371819005164070e+03 1.025688566421783321e+02
8.568571785674608691e+03 9.947894569174756896e+01
8.568771752344053311e+03 9.967533529406605908e+01
8.568971719013496113e+03 9.972970485243077121e+01
8.569171685682940733e+03 1.025856734377769897e+02
8.569371652352383535e+03 9.638451078034562158e+01
8.569571619021828155e+03 1.003469141464107679e+02
8.569771585691272776e+03 1.007179751738099611e+02
8.569971552360715577e+03 9.606219427747168993e+01
8.570171519030162017e+03 9.236246903973177780e+01
8.570371485699604818e+03 9.073311111154121988e+01
8.570571452369047620e+03 9.531559692539019579e+01
8.570771419038492240e+03 9.953922072258319531e+01
8.570971385707936861e+03 9.868994599407430712e+01
8.571171352377381481e+03 1.008103452774846431e+02
8.571371319046824283e+03 9.997532643884437675e+01
8.571571285716268903e+03 9.907466309000507465e+01
8.571771252385711705e+03 9.787931165251411869e+01
8.571971219055156325e+03 9.662459128755503457e+01
8.572171185724600946e+03 9.967427016127692241e+01
8.572371152394043747e+03 9.992096043542203176e+01
8.572571119063488368e+03 1.008423038367096467e+02
8.572771085732932988e+03 1.020220079057651219e+02
8.572971052402375790e+03 1.003811057628936965e+02
8.573171019071820410e+03 9.838288045571860607e+01
8.573370985741263212e+03 9.969972117979996540e+01
8.573570952410707832e+03 1.012257424689081375e+02
8.573770919080152453e+03 9.266049701519635562e+01
8.573970885749597073e+03 1.010442655723405778e+02
8.574170852419041694e+03 1.002363610663148847e+02
8.574370819088482676e+03 9.878582957432875844e+01
8.574570785757927297e+03 9.757001852042870382e+01
8.574770752427371917e+03 1.025939935035828654e+02
8.574970719096816538e+03 9.919038837707607570e+01
8.575170685766261158e+03 9.735110112158770335e+01
8.575370652435703960e+03 1.007008244239122092e+02
8.575570619105146761e+03 9.611707749648998345e+01
8.575770585774591382e+03 9.897934181030537104e+01
8.575970552444036002e+03 9.978353345310209477e+01
8.576170519113480623e+03 1.005223116234270151e+02
8.576370485782923424e+03 9.759302929334155863e+01
8.576570452452368045e+03 9.857745555662965842e+01
8.576770419121812665e+03 9.934537605330719146e+01
8.576970385791255467e+03 1.000527622123924800e+02
8.577170352460700087e+03 9.737968167164376609e+01
8.577370319130142889e+03 1.002401851639898496e+02
8.577570285799587509e+03 1.005300728982599310e+02
8.577770252469032130e+03 9.608518647269670510e+01
8.577970219138476750e+03 9.492232372598340362e+01
8.578170185807919552e+03 9.577981332751123489e+01
8.578370152477362353e+03 1.002277673150506558e+02
8.578570119146806974e+03 1.013093554984073990e+02
8.578770085816251594e+03 1.014151624000820675e+02
8.578970052485696215e+03 9.989041610699706553e+01
8.579170019155140835e+03 9.945831420937086875e+01
8.579369985824583637e+03 9.938215558065719790e+01
8.579569952494026438e+03 1.012707369939316493e+02
8.579769919163471059e+03 1.025673839299863488e+02
8.579969885832915679e+03 1.001087822784167827e+02
8.580169852502360300e+03 9.842570065293702442e+01
8.580369819171803101e+03 9.558083442599502177e+01
8.580569785841247722e+03 8.952386910378638163e+01
8.580769752510690523e+03 8.826678142960572870e+01
8.580969719180135144e+03 8.872302277179495889e+01
8.581169685849579764e+03 9.466587608769710016e+01
8.581369652519022566e+03 9.793761112591536744e+01
8.581569619188467186e+03 1.000527589225020222e+02
8.581769585857913626e+03 9.777001327976280720e+01
8.581969552527356427e+03 9.564574469211476071e+01
8.582169519196799229e+03 9.594451768144210746e+01
8.582369485866242030e+03 1.016601126756145987e+02
8.582569452535686651e+03 1.006746948579178991e+02
8.582769419205133090e+03 9.807464250740510181e+01
8.582969385874575892e+03 9.950710279465276642e+01
8.583169352544020512e+03 9.458426715626337966e+01
8.583369319213461495e+03 9.396832495237298133e+01
8.583569285882906115e+03 9.604256445214076621e+01
8.583769252552352555e+03 9.652795090807515521e+01
8.583969219221795356e+03 9.882951737098993306e+01
8.584169185891239977e+03 9.890337028274734621e+01
8.584369152560682778e+03 9.856910868596467878e+01
8.584569119230127399e+03 1.009894553164835571e+02
8.584769085899572019e+03 9.793328775727290747e+01
8.584969052569014821e+03 9.962937308597417996e+01
8.585169019238459441e+03 1.000397026604731820e+02
8.585368985907902243e+03 9.816387379215207432e+01
8.585568952577346863e+03 1.013711357959726342e+02
8.585768919246793303e+03 1.001356138985447330e+02
8.585968885916234285e+03 9.968401287206418715e+01
8.586168852585678906e+03 1.006825185095645878e+02
8.586368819255121707e+03 9.839045208076306892e+01
8.586568785924566328e+03 1.004674181958029493e+02
8.586768752594012767e+03 9.914897872907238252e+01
8.586968719263455569e+03 1.006742452092071574e+02
8.587168685932898370e+03 9.623724862550585613e+01
8.587368652602341172e+03 1.015450124633297975e+02
8.587568619271785792e+03 9.756113729034204596e+01
8.587768585941232232e+03 1.040854595682217365e+02
8.587968552610675033e+03 9.767133815905543770e+01
8.588168519280119654e+03 9.902149726494279491e+01
8.588368485949562455e+03 9.980533327307522029e+01
8.588568452619005257e+03 9.899624206265515625e+01
8.588768419288451696e+03 1.000628937837262953e+02
8.588968385957894498e+03 1.019307164830438523e+02
8.589168352627339118e+03 9.958528712173098540e+01
8.589368319296781920e+03 1.030078922513636002e+02
8.589568285966226540e+03 1.002809886353366693e+02
8.589768252635671161e+03 9.690742970035674375e+01
8.589968219305113962e+03 1.007249994797570167e+02
8.590168185974558583e+03 9.791273724810703527e+01
8.590368152644001384e+03 1.028616781822639723e+02
8.590568119313446005e+03 9.977928895477748483e+01
8.590768085982892444e+03 9.998701035632792866e+01
8.590968052652335246e+03 1.014546567204984342e+02
8.591168019321778047e+03 9.527689902186229176e+01
8.591367985991220849e+03 9.429205851364815771e+01
8.591567952660665469e+03 9.575992342330658857e+01
8.591767919330111908e+03 9.254549041724779102e+01
8.591967885999554710e+03 9.467833262809836015e+01
8.592167852668999330e+03 9.761846178838270305e+01
8.592367819338440313e+03 9.936343323690087459e+01
8.592567786007886752e+03 9.879783586445752519e+01
8.592767752677331373e+03 9.952311097229033976e+01
8.592967719346774174e+03 9.995455940833568320e+01
8.593167686016218795e+03 1.011665225335421496e+02
8.593367652685661596e+03 1.020479719726919825e+02
8.593567619355108036e+03 1.007833788587136326e+02
8.593767586024550837e+03 1.010788159711695613e+02
8.593967552693993639e+03 9.681408583846324234e+01
8.594167519363438259e+03 9.494591153470430811e+01
8.594367486032881061e+03 9.746241954606267655e+01
8.594567452702327500e+03 9.714588996171028157e+01
8.594767419371772121e+03 9.670039175139379495e+01
8.594967386041213103e+03 9.510501037054650908e+01
8.595167352710657724e+03 9.985909192591324768e+01
8.595367319380100525e+03 9.690960713354819234e+01
8.595567286049546965e+03 9.799232240784934334e+01
8.595767252718991585e+03 9.821733126153328897e+01
8.595967219388434387e+03 1.009099610387000610e+02
8.596167186057879007e+03 9.927385510799133783e+01
8.596367152727319990e+03 9.718988920533848841e+01
8.596567119396766429e+03 9.544348601121924958e+01
8.596767086066211050e+03 9.183188149591620686e+01
8.596967052735653851e+03 9.048489638342483943e+01
8.597167019405098472e+03 9.081936169390739622e+01
8.597366986074541273e+03 8.894190087150529678e+01
8.597566952743985894e+03 9.066870671471538401e+01
8.597766919413430514e+03 9.440182243606821544e+01
8.597966886082873316e+03 9.941982938799260694e+01
8.598166852752317936e+03 9.859139285588392454e+01
8.598366819421760738e+03 9.678190109184161827e+01
8.598566786091207177e+03 9.777927313823194311e+01
8.598766752760649979e+03 9.971065237459345099e+01
8.598966719430092780e+03 1.003076168949650793e+02
8.599166686099537401e+03 1.006645525480729617e+02
8.599366652768980202e+03 9.613443214659385205e+01
8.599566619438426642e+03 9.755686193734349843e+01
8.599766586107871262e+03 9.470352338509331958e+01
8.599966552777314064e+03 1.005053579883692265e+02
8.600166519446756865e+03 9.664023259024837387e+01
8.600366486116199667e+03 1.037548816874246285e+02
8.600566452785646106e+03 9.934016701486625323e+01
8.600766419455090727e+03 1.020227678512409568e+02
8.600966386124533528e+03 1.042210295447345061e+02
8.601166352793978149e+03 9.809553724671988562e+01
8.601366319463419131e+03 1.027506618417462647e+02
8.601566286132865571e+03 9.999111331091832255e+01
8.601766252802310191e+03 1.014496433756587663e+02
8.601966219471752993e+03 1.036975648584230498e+02
8.602166186141197613e+03 9.903669262464833878e+01
8.602366152810640415e+03 1.002991994416569241e+02
8.602566119480086854e+03 1.001591172418261237e+02
8.602766086149529656e+03 9.734061478028553438e+01
8.602966052818972457e+03 1.016449576982952578e+02
8.603166019488417078e+03 9.778706609694069130e+01
8.603365986157861698e+03 1.001767533369402940e+02
8.603565952827306319e+03 9.675913408052748821e+01
8.603765919496750939e+03 9.591970898825863401e+01
8.603965886166191922e+03 9.837600627898052608e+01
8.604165852835636542e+03 1.003030718297484611e+02
8.604365819505081163e+03 9.937875992723026286e+01
8.604565786174525783e+03 9.795476376472034019e+01
8.604765752843970404e+03 9.889187666233692653e+01
8.604965719513413205e+03 9.511050809945841422e+01
8.605165686182857826e+03 9.787112554770429540e+01
8.605365652852300627e+03 9.347176595571895064e+01
8.605565619521745248e+03 9.735162636121974344e+01
8.605765586191189868e+03 9.976874320934376783e+01
8.605965552860632670e+03 1.021827292692112366e+02
8.606165519530077290e+03 1.001061117249839043e+02
8.606365486199521911e+03 9.732322559655935379e+01
8.606565452868964712e+03 1.013353748478204892e+02
8.606765419538409333e+03 9.792645608137571855e+01
8.606965386207852134e+03 9.954660006022108121e+01
8.607165352877296755e+03 1.018652967491695733e+02
8.607365319546741375e+03 9.781831686671981174e+01
8.607565286216185996e+03 9.755478286921106701e+01
8.607765252885630616e+03 9.911538896948694344e+01
8.607965219555071599e+03 9.773226773342329921e+01
8.608165186224516219e+03 9.927239352108446724e+01
8.608365152893960840e+03 1.019043021049724160e+02
8.608565119563405460e+03 9.916870313504347223e+01
8.608765086232850081e+03 1.010147985359355829e+02
8.608965052902292882e+03 9.716980136375104848e+01
8.609165019571735684e+03 9.726734573239005499e+01
8.609364986241180304e+03 9.634194552936109801e+01
8.609564952910624925e+03 9.663124813608996533e+01
8.609764919580069545e+03 9.662761141162013701e+01
8.609964886249512347e+03 9.047194592400246904e+01
8.610164852918956967e+03 8.659627163879341083e+01
8.610364819588401588e+03 7.851467415500097502e+01
8.610564786257844389e+03 8.685264169368801390e+01
8.610764752927289010e+03 9.143583006112807254e+01
8.610964719596731811e+03 9.651585984099580173e+01
8.611164686266176432e+03 9.753462214948581277e+01
8.611364652935621052e+03 9.777923033382704432e+01
8.611564619605065673e+03 9.778505777450976666e+01
8.611764586274508474e+03 9.723580909684194751e+01
8.611964552943951276e+03 9.694282277979105800e+01
8.612164519613395896e+03 9.943126902929145672e+01
8.612364486282840517e+03 9.627038614538774652e+01
8.612564452952285137e+03 9.740901820575744807e+01
8.612764419621729758e+03 1.016508736873675218e+02
8.612964386291170740e+03 9.507495212818993480e+01
8.613164352960615361e+03 9.802377907943778723e+01
8.613364319630059981e+03 9.966933567863736698e+01
8.613564286299504602e+03 9.836224839427444522e+01
8.613764252968949222e+03 1.014882334902155634e+02
8.613964219638392024e+03 9.760287927270323394e+01
8.614164186307838463e+03 9.825825843332633269e+01
8.614364152977279446e+03 9.678469710978863816e+01
8.614564119646724066e+03 9.734942491651500518e+01
8.614764086316168687e+03 9.582150544957907812e+01
8.614964052985611488e+03 9.401842119137876352e+01
8.615164019655057928e+03 1.011054617276318908e+02
8.615363986324500729e+03 9.755508318400579526e+01
8.615563952993943531e+03 1.010040580507648826e+02
8.615763919663388151e+03 9.998961311656208295e+01
8.615963886332830953e+03 1.025729707455375319e+02
8.616163853002277392e+03 1.007713168015341125e+02
8.616363819671720194e+03 9.943215556407490396e+01
8.616563786341164814e+03 9.677751914396334598e+01
8.616763753010609435e+03 9.658188757844853001e+01
8.616963719680050417e+03 9.692665984835394966e+01
8.617163686349496857e+03 9.667081992806909341e+01
8.617363653018939658e+03 9.859054395577936702e+01
8.617563619688384279e+03 9.685902008597450674e+01
8.617763586357828899e+03 9.996172835953990443e+01
8.617963553027271701e+03 1.019507599177284902e+02
8.618163519696716321e+03 1.010318045084005121e+02
8.618363486366159123e+03 1.000635215481453031e+02
8.618563453035603743e+03 1.018140972535382645e+02
8.618763419705048364e+03 9.861377590363939305e+01
8.618963386374491165e+03 9.995108492403765865e+01
8.619163353043937605e+03 9.777812069198159861e+01
8.619363319713380406e+03 9.791964450336578807e+01
8.619563286382823208e+03 1.000386485653708206e+02
8.619763253052267828e+03 9.072753334775839562e+01
8.619963219721710630e+03 8.829838880925929345e+01
8.620163186391157069e+03 8.399025396526818099e+01
8.620363153060599871e+03 8.962324962030622544e+01
8.620563119730044491e+03 9.083577336073346942e+01
8.620763086399487293e+03 9.323465168658646007e+01
8.620963053068930094e+03 1.003723796313882559e+02
8.621163019738376533e+03 9.825694724293975924e+01
8.621362986407819335e+03 1.002066537640861128e+02
8.621562953077263955e+03 9.882286781451537649e+01
8.621762919746708576e+03 1.033520387487921823e+02
8.621962886416151377e+03 1.005265968121988180e+02
8.622162853085595998e+03 1.016027611433234057e+02
8.622362819755038799e+03 1.012040297373390700e+02
8.622562786424483420e+03 1.019396858940239525e+02
8.622762753093928040e+03 1.005106120717894527e+02
8.622962719763370842e+03 9.748005508679995046e+01
8.623162686432817281e+03 9.970876585015284377e+01
8.623362653102258264e+03 9.682664999704454090e+01
8.623562619771702884e+03 9.888387590764818924e+01
8.623762586441147505e+03 1.022479866279315104e+02
8.623962553110590306e+03 1.028735107985194617e+02
8.624162519780036746e+03 1.028172154790395609e+02
8.624362486449479547e+03 9.761217862040314230e+01
8.624562453118924168e+03 9.788264594204150626e+01
8.624762419788366969e+03 9.994577578064195222e+01
8.624962386457811590e+03 9.661065851423701645e+01
8.625162353127256210e+03 1.003126908927653318e+02
8.625362319796699012e+03 9.832982684293529019e+01
8.625562286466143632e+03 1.019940093282440188e+02
8.625762253135588253e+03 9.637154302879663703e+01
8.625962219805031054e+03 1.010722247989532718e+02
8.626162186474475675e+03 9.561556806221091165e+01
8.626362153143918476e+03 9.881976758741932088e+01
8.626562119813363097e+03 9.809825471496253613e+01
8.626762086482807717e+03 1.018052497115148753e+02
8.626962053152252338e+03 9.693094996363858229e+01
8.627162019821695139e+03 1.044188737644147551e+02
8.627361986491137941e+03 1.016775759078864496e+02
8.627561953160582561e+03 1.032208855757288575e+02
8.627761919830027182e+03 1.005099429892406562e+02
8.627961886499471802e+03 1.001330508225330647e+02
8.628161853168916423e+03 1.016681319706656978e+02
8.628361819838359224e+03 9.966395485475941030e+01
8.628561786507802026e+03 1.018540434952451363e+02
8.628761753177246646e+03 9.956011553104471545e+01
8.628961719846691267e+03 9.893037394107552984e+01
8.629161686516135887e+03 1.022231855020727949e+02
8.629361653185578689e+03 9.953364392132894523e+01
8.629561619855023309e+03 9.948066257599450068e+01
8.629761586524466111e+03 9.627020207857248124e+01
8.629961553193910731e+03 9.729725792382191685e+01
8.630161519863355352e+03 1.024277343601577428e+02
8.630361486532798153e+03 1.004016191808418199e+02
8.630561453202242774e+03 9.413699960358626129e+01
8.630761419871687394e+03 9.384604948554012083e+01
8.630961386541132015e+03 9.789054258242921946e+01
8.631161353210574816e+03 9.035838584930399975e+01
8.631361319880017618e+03 9.667903516090376570e+01
8.631561286549462238e+03 1.024541789913775176e+02
8.631761253218906859e+03 9.976665286615418893e+01
8.631961219888351479e+03 9.895962559442979511e+01
8.632161186557796100e+03 9.706633633805206784e+01
8.632361153227237082e+03 9.550317180235360581e+01
8.632561119896681703e+03 9.371116668775249536e+01
8.632761086566126323e+03 9.621525458419091592e+01
8.632961053235570944e+03 9.897549217853209313e+01
8.633161019905015564e+03 9.813983883088050675e+01
8.633360986574458366e+03 9.893799335054103494e+01
8.633560953243902986e+03 1.014023480158188733e+02
8.633760919913345788e+03 9.406789315618942737e+01
8.633960886582790408e+03 9.867496928660872868e+01
8.634160853252235029e+03 9.933871294948750119e+01
8.634360819921677830e+03 1.003556862096598081e+02
8.634560786591122451e+03 1.003939010890002663e+02
8.634760753260567071e+03 9.962893674537029653e+01
8.634960719930009873e+03 9.588241136234822193e+01
8.635160686599454493e+03 9.366676570908087740e+01
8.635360653268897295e+03 1.019943629122207369e+02
8.635560619938341915e+03 9.917825543608466887e+01
8.635760586607788355e+03 9.878562210270341382e+01
8.635960553277231156e+03 1.038102412463543232e+02
8.636160519946675777e+03 9.874706927022174341e+01
8.636360486616116759e+03 9.974491705972322109e+01
8.636560453285561380e+03 1.007612310994106082e+02
8.636760419955007819e+03 1.014249090797963220e+02
8.636960386624450621e+03 1.025494031069144540e+02
8.637160353293895241e+03 1.029008405166742790e+02
8.637360319963338043e+03 1.000186960927103712e+02
8.637560286632780844e+03 9.834218424559348648e+01
8.637760253302227284e+03 9.489856466249555922e+01
8.637960219971670085e+03 9.998985513998341901e+01
8.638160186641114706e+03 9.828881362447468462e+01
8.638360153310557507e+03 1.016191299241074688e+02
8.638560119980002128e+03 1.003005045510020068e+02
8.638760086649446748e+03 9.819658608473764616e+01
8.638960053318889550e+03 9.953795437764958365e+01
8.639160019988334170e+03 1.005663983791823455e+02
8.639359986657776972e+03 1.008968933752437493e+02
8.639559953327221592e+03 9.883551973733860052e+01
8.639759919996668032e+03 9.969962847567654762e+01
8.639959886666110833e+03 9.561258705971403060e+01
8.640159853335553635e+03 1.009183989778064046e+02
8.640359820004996436e+03 9.917016151790026868e+01
8.640559786674441057e+03 9.819250199113325550e+01
8.640759753343887496e+03 9.889171529994938226e+01
8.640959720013330298e+03 1.021964687297692649e+02
8.641159686682774918e+03 9.500744148784445997e+01
8.641359653352215901e+03 9.992569010221338033e+01
8.641559620021660521e+03 9.823562462439747378e+01
8.641759586691106961e+03 1.005761935745775162e+02
8.641959553360549762e+03 1.013265584178067513e+02
8.642159520029994383e+03 1.010013318769371580e+02
8.642359486699437184e+03 1.010827816004133268e+02
8.642559453368881805e+03 9.779977914707468756e+01
8.642759420038326425e+03 9.974918746815203008e+01
8.642959386707769227e+03 9.642743277223389953e+01
8.643159353377213847e+03 9.655859010579852963e+01
8.643359320046656649e+03 1.015904226015566110e+02
8.643559286716101269e+03 9.907083958234457555e+01
8.643759253385547709e+03 1.011342449959745124e+02
8.643959220054988691e+03 1.003351240177961756e+02
8.644159186724433312e+03 1.047497102132719817e+02
8.644359153393876113e+03 9.808988948161351118e+01
8.644559120063320734e+03 9.680375703210830807e+01
8.644759086732767173e+03 9.491491241590513539e+01
8.644959053402209975e+03 1.001781862325900079e+02
8.645159020071654595e+03 9.926833195455888870e+01
8.645358986741095578e+03 9.632438154911260142e+01
8.645558953410540198e+03 9.907252873930474379e+01
8.645758920079986638e+03 1.019757500456271515e+02
8.645958886749429439e+03 9.911957497434414677e+01
8.646158853418874060e+03 9.571532278180386299e+01
8.646358820088316861e+03 9.521581258524464886e+01
8.646558786757761482e+03 9.645091256048114303e+01
8.646758753427206102e+03 9.148887066415747427e+01
8.646958720096648904e+03 9.080265489449477911e+01
8.647158686766093524e+03 9.150099538701495305e+01
8.647358653435536326e+03 9.507420422278235606e+01
8.647558620104982765e+03 9.944573751829304342e+01
8.647758586774427386e+03 9.802948055762982449e+01
8.647958553443868368e+03 1.012309650398367467e+02
8.648158520113312989e+03 1.003575340484559035e+02
8.648358486782755790e+03 9.571956939269408338e+01
8.648558453452202230e+03 9.639304251204222851e+01
8.648758420121646850e+03 9.535426840263428971e+01
8.648958386791089652e+03 9.858947163593737173e+01
8.649158353460532453e+03 9.829883164391318928e+01
8.649358320129975255e+03 9.937872667750708899e+01
8.649558286799421694e+03 9.911853324833049328e+01
8.649758253468866315e+03 9.749097139309770910e+01
8.649958220138309116e+03 9.725531398416229933e+01
8.650158186807753737e+03 9.756262629336592340e+01
8.650358153477196538e+03 1.012200543291288142e+02
8.650558120146641158e+03 9.927579366984490150e+01
8.650758086816085779e+03 9.750508961484274550e+01
8.650958053485528580e+03 9.592903990589910279e+01
8.651158020154973201e+03 9.922948582143234830e+01
8.651357986824416002e+03 9.644151789389638907e+01
8.651557953493862442e+03 9.605053838652625586e+01
8.651757920163305243e+03 9.509247158827186297e+01
8.651957886832748045e+03 1.001052986325343426e+02
8.652157853502192665e+03 9.826758758304093533e+01
8.652357820171635467e+03 9.455556699789819675e+01
8.652557786841081906e+03 9.530711771768048379e+01
8.652757753510526527e+03 9.709249955096531437e+01
8.652957720179967509e+03 9.441567198033931163e+01
8.653157686849412130e+03 9.490187637463600367e+01
8.653357653518854931e+03 9.493318326241454486e+01
8.653557620188301371e+03 1.004744863733920681e+02
8.653757586857745991e+03 9.509266921084683588e+01
8.653957553527188793e+03 9.157482087063279153e+01
8.654157520196633413e+03 9.740610878638410952e+01
8.654357486866074396e+03 9.211011748423986489e+01
8.654557453535520835e+03 9.442091698662935073e+01
8.654757420204965456e+03 9.703645969560353990e+01
8.654957386874408257e+03 9.445534597174872715e+01
8.655157353543852878e+03 9.627851821350255079e+01
8.655357320213295679e+03 9.203921346446273333e+01
8.655557286882740300e+03 8.966069193151120942e+01
8.655757253552184920e+03 9.269608168442883311e+01
8.655957220221627722e+03 9.213195571232751035e+01
8.656157186891072342e+03 8.935455974460343498e+01
8.656357153560515144e+03 8.732395542727553561e+01
8.656557120229961583e+03 8.586511669344632480e+01
8.656757086899406204e+03 8.880768865637273279e+01
8.656957053568847186e+03 8.821038750200609968e+01
8.657157020238291807e+03 8.648581139131137263e+01
8.657356986907736427e+03 8.844096702831613754e+01
8.657556953577181048e+03 8.568337414932955198e+01
8.657756920246625668e+03 8.362097887247526273e+01
8.657956886916068470e+03 8.365666082294232808e+01
8.658156853585511271e+03 7.981646928553170994e+01
8.658356820254955892e+03 7.820444361685908063e+01
8.658556786924400512e+03 7.902905092751844052e+01
8.658756753593845133e+03 7.698988095495350592e+01
8.658956720263287934e+03 7.168144400800734672e+01
8.659156686932732555e+03 7.072323981027891193e+01
8.659356653602177175e+03 6.571519001253440706e+01
8.659556620271619977e+03 6.196994172719197280e+01
8.659756586941064597e+03 5.892185096864950822e+01
8.659956553610507399e+03 4.962522683659647527e+01
8.660156520279952019e+03 4.993486905042962576e+01
8.660356486949396640e+03 3.991696590472351858e+01
8.660556453618841260e+03 3.775450203786583359e+01
8.660756420288284062e+03 3.556186101284610146e+01
8.660956386957726863e+03 3.921914697068882560e+01
8.661156353627171484e+03 4.119387343443208493e+01
8.661356320296616104e+03 4.853460223307588706e+01
8.661556286966060725e+03 5.258431574087531146e+01
8.661756253635505345e+03 6.341760007917258690e+01
8.661956220304948147e+03 6.601695390232066529e+01
8.662156186974390948e+03 6.909557585170327343e+01
8.662356153643835569e+03 7.214525187664519024e+01
8.662556120313280189e+03 7.547252608910230265e+01
8.662756086982724810e+03 7.749683869337721376e+01
8.662956053652167611e+03 7.793705223049195752e+01
8.663156020321612232e+03 7.910483387933990684e+01
8.663355986991055033e+03 7.944769844567083794e+01
8.663555953660499654e+03 8.125987121688480386e+01
8.663755920329944274e+03 8.328543598168394624e+01
8.663955886999387076e+03 8.619431026693084164e+01
8.664155853668831696e+03 8.711060899390149359e+01
8.664355820338276317e+03 8.616825188896680743e+01
8.664555787007720937e+03 9.025490171653925131e+01
8.664755753677163739e+03 8.634500048598110311e+01
8.664955720346606540e+03 9.001574316940084941e+01
8.665155687016051161e+03 9.148258287763287910e+01
8.665355653685495781e+03 9.385640189166007019e+01
8.665555620354940402e+03 8.869898759200832217e+01
8.665755587024385022e+03 9.377001483132406179e+01
8.665955553693826005e+03 8.969993597563706089e+01
8.666155520363270625e+03 8.726411309555577134e+01
8.666355487032715246e+03 9.131842323695501307e+01
8.666555453702159866e+03 9.290848805963494783e+01
8.666755420371604487e+03 9.729324199340321400e+01
8.666955387041047288e+03 9.634950862585606046e+01
8.667155353710491909e+03 9.553242031405848422e+01
8.667355320379934710e+03 9.578804825244556298e+01
8.667555287049379331e+03 9.780358967305986084e+01
8.667755253718823951e+03 9.315319436760084670e+01
8.667955220388266753e+03 9.372263284005943262e+01
8.668155187057713192e+03 9.496348708133443495e+01
8.668355153727155994e+03 9.684381961803528327e+01
8.668555120396598795e+03 9.393003894856795455e+01
8.668755087066043416e+03 9.915923548386138009e+01
8.668955053735486217e+03 9.696116398535312442e+01
8.669155020404932657e+03 9.599606378681164642e+01
8.669354987074375458e+03 9.546972511035153275e+01
8.669554953743820079e+03 1.011958903011327777e+02
8.669754920413262880e+03 9.813453175026373287e+01
8.669954887082705682e+03 9.420129119392544226e+01
8.670154853752152121e+03 9.458707285921786934e+01
8.670354820421594923e+03 9.637751198605866421e+01
8.670554787091039543e+03 9.193364582063227886e+01
8.670754753760484164e+03 9.319717095509467697e+01
8.670954720429926965e+03 9.739174310201612172e+01
8.671154687099371586e+03 9.940366170107738242e+01
8.671354653768814387e+03 9.776931081839788362e+01
8.671554620438259008e+03 9.604986805420391249e+01
8.671754587107703628e+03 9.543378582593999226e+01
8.671954553777146430e+03 9.494709933759210685e+01
8.672154520446592869e+03 9.819657807135325811e+01
8.672354487116033852e+03 9.762863255529308049e+01
8.672554453785478472e+03 9.890846532416830428e+01
8.672754420454923093e+03 9.243683490139258652e+01
8.672954387124365894e+03 9.117838344141223672e+01
8.673154353793812334e+03 8.091801012338319765e+01
8.673354320463255135e+03 7.912032468107906880e+01
8.673554287132699756e+03 7.692758010991620665e+01
8.673754253802142557e+03 8.252465488956556783e+01
8.673954220471585359e+03 8.232790873417133071e+01
8.674154187141031798e+03 8.785723936280128044e+01
8.674354153810474600e+03 9.266945654041217040e+01
8.674554120479919220e+03 9.769292352325498996e+01
8.674754087149363841e+03 9.710425855729684486e+01
8.674954053818804823e+03 9.518625073723219998e+01
8.675154020488251263e+03 1.010662065423646965e+02
8.675353987157694064e+03 1.017629865853522944e+02
8.675553953827138685e+03 9.824571295814627092e+01
8.675753920496583305e+03 9.850952947833530970e+01
8.675953887166026107e+03 9.954977314407491917e+01
8.676153853835472546e+03 9.675364341748139907e+01
8.676353820504913529e+03 9.973543776115674575e+01
8.676553787174358149e+03 9.878389241224925854e+01
8.676753753843802770e+03 9.716236212545268813e+01
8.676953720513245571e+03 9.873172587158295244e+01
8.677153687182692011e+03 1.021058685496101788e+02
8.677353653852134812e+03 9.610384100092095139e+01
8.677553620521577614e+03 9.641386733322063662e+01
8.677753587191022234e+03 9.594731719827068162e+01
8.677953553860466855e+03 9.736274856288918045e+01
8.678153520529911475e+03 9.111502897380341892e+01
8.678353487199354277e+03 9.378912899047209351e+01
8.678553453868798897e+03 9.359972763703338217e+01
8.678753420538241699e+03 9.154793836965687603e+01
8.678953387207686319e+03 9.363712957243788537e+01
8.679153353877130940e+03 9.340531529288217882e+01
8.679353320546573741e+03 9.226574914179400366e+01
8.679553287216018362e+03 9.435678405412014058e+01
8.679753253885462982e+03 9.621095993591524120e+01
8.679953220554907602e+03 9.946710766826197414e+01
8.680153187224350404e+03 9.783160432881494728e+01
8.680353153893793205e+03 9.657475784541658470e+01
8.680553120563237826e+03 9.836171099500096204e+01
8.680753087232682446e+03 9.935893263755741600e+01
8.680953053902127067e+03 9.725559600761884838e+01
8.681153020571571687e+03 9.364882616945646987e+01
8.681352987241012670e+03 8.913697866309044571e+01
8.681552953910457290e+03 8.607098486727683451e+01
8.681752920579901911e+03 9.255099976945453477e+01
8.681952887249346531e+03 9.243855501358594040e+01
8.682152853918791152e+03 9.514396321170058002e+01
8.682352820588233953e+03 9.807672732833816553e+01
8.682552787257678574e+03 9.832171122649313588e+01
8.682752753927121375e+03 9.771365295317622213e+01
8.682952720596565996e+03 9.815702714408185159e+01
8.683152687266010616e+03 1.017529052175257647e+02
8.683352653935453418e+03 9.924126767583884146e+01
8.683552620604898038e+03 9.587144104447486370e+01
8.683752587274342659e+03 1.013384736612986927e+02
8.683952553943785460e+03 9.984310659554684264e+01
8.684152520613230081e+03 9.870165591466158617e+01
8.684352487282672882e+03 9.933172219138623404e+01
8.684552453952117503e+03 9.807837042555006235e+01
8.684752420621562123e+03 9.700782491433470511e+01
8.684952387291006744e+03 9.820786026532941548e+01
8.685152353960451364e+03 9.447227568944356335e+01
8.685352320629892347e+03 1.011866236785549233e+02
8.685552287299336967e+03 9.603384977945412970e+01
8.685752253968781588e+03 9.540860223670082974e+01
8.685952220638226208e+03 9.411284786936401758e+01
8.686152187307670829e+03 9.528751885836490487e+01
8.686352153977113630e+03 9.066443859177080355e+01
8.686552120646556432e+03 8.374042080479129879e+01
8.686752087316001052e+03 7.736635807199539272e+01
8.686952053985445673e+03 6.664737550696005997e+01
8.687152020654890293e+03 6.254696054492772817e+01
8.687351987324333095e+03 6.537514732129331207e+01
8.687551953993777715e+03 7.276203161950341780e+01
8.687751920663222336e+03 8.425936742543602520e+01
8.687951887332665137e+03 8.717486162049731035e+01
8.688151854002109758e+03 9.482498085186244907e+01
8.688351820671552559e+03 9.681850453553464320e+01
8.688551787340997180e+03 9.297963241858185768e+01
8.688751754010443619e+03 9.582121694338793816e+01
8.688951720679886421e+03 9.645310106496425817e+01
8.689151687349329222e+03 1.003162602144065261e+02
8.689351654018772024e+03 9.826906416252951715e+01
8.689551620688216644e+03 1.011175798113066264e+02
8.689751587357663084e+03 1.018383531455066873e+02
8.689951554027105885e+03 1.017220601869613859e+02
8.690151520696550506e+03 9.907520539934648696e+01
8.690351487365993307e+03 1.004275179929324651e+02
8.690551454035436109e+03 9.813966056317283915e+01
8.690751420704882548e+03 9.815634608781867598e+01
8.690951387374325350e+03 9.515299256619871926e+01
8.691151354043769970e+03 9.972746141882979032e+01
8.691351320713212772e+03 9.880369153544090466e+01
8.691551287382657392e+03 9.653448939430576559e+01
8.691751254052102013e+03 1.016157271655032019e+02
8.691951220721544814e+03 1.013467120046737620e+02
8.692151187390989435e+03 9.911391561721445953e+01
8.692351154060432236e+03 1.006408193478483355e+02
8.692551120729876857e+03 9.810187586090404466e+01
8.692751087399323296e+03 9.690382463330432472e+01
8.692951054068764279e+03 9.811083376992091587e+01
8.693151020738208899e+03 9.860991809209177461e+01
8.693350987407651701e+03 1.011529760931830424e+02
8.693550954077096321e+03 9.748841163820750921e+01
8.693750920746542761e+03 9.703651362218140264e+01
8.693950887415985562e+03 1.005253832998817956e+02
8.694150854085430183e+03 1.018295751307894363e+02
8.694350820754871165e+03 1.049952019013738749e+02
8.694550787424315786e+03 1.001019887786485327e+02
8.694750754093762225e+03 9.758026170861619164e+01
8.694950720763205027e+03 9.738673987143505428e+01
8.695150687432649647e+03 1.024492037963013047e+02
8.695350654102092449e+03 9.930949130132448488e+01
8.695550620771535250e+03 9.879441309022075757e+01
8.695750587440981690e+03 9.720400330168827452e+01
8.695950554110424491e+03 9.931469278247342913e+01
8.696150520779869112e+03 9.596438871963745498e+01
8.696350487449311913e+03 9.811545967015683800e+01
8.696550454118756534e+03 1.008560266141491866e+02
8.696750420788202973e+03 9.476252368716647823e+01
8.696950387457643956e+03 9.682468818662685806e+01
8.697150354127088576e+03 1.017989648427180072e+02
8.697350320796531378e+03 9.740874303658661404e+01
8.697550287465975998e+03 9.458667834394339025e+01
8.697750254135422438e+03 8.987240331712546038e+01
8.697950220804865239e+03 8.917380855346395663e+01
8.698150187474308041e+03 9.039565152691741901e+01
8.698350154143750842e+03 9.468058364312902597e+01
8.698550120813195463e+03 9.883077324059280500e+01
8.698750087482641902e+03 9.822837006057966391e+01
8.698950054152084704e+03 9.602031191656026010e+01
8.699150020821529324e+03 9.980297341559528945e+01
8.699349987490972126e+03 9.443934534930534141e+01
8.699549954160416746e+03 9.489919115857108523e+01
8.699749920829861367e+03 9.964777718836668896e+01
8.699949887499304168e+03 9.806066490579944173e+01
8.700149854168748789e+03 9.832272257262492587e+01
8.700349820838191590e+03 1.015145691058264248e+02
8.700549787507638030e+03 1.050769179730473581e+02
8.700749754177080831e+03 9.958448873099139576e+01
8.700949720846523633e+03 1.014650329789484857e+02
8.701149687515968253e+03 9.901830942968260274e+01
8.701349654185411055e+03 9.789670474793780386e+01
8.701549620854857494e+03 9.936604673601382842e+01
8.701749587524302115e+03 9.913759681521270295e+01
8.701949554193744916e+03 9.750693430239992665e+01
8.702149520863187718e+03 1.007011878147838786e+02
8.702349487532630519e+03 9.707209248989656203e+01
8.702549454202076959e+03 9.892912997170360256e+01
8.702749420871521579e+03 1.027613788095503224e+02
8.702949387540964381e+03 1.002796455716868422e+02
8.703149354210409001e+03 9.605320363046978116e+01
8.703349320879849984e+03 1.030366539278685423e+02
8.703549287549296423e+03 9.778853536632998100e+01
8.703749254218741044e+03 1.012504478639031475e+02
8.703949220888183845e+03 9.935574062076962321e+01
8.704149187557628466e+03 9.834502545267332607e+01
8.704349154227071267e+03 1.023197300969000452e+02
8.704549120896515888e+03 9.778372701861738392e+01
8.704749087565960508e+03 1.011676267036281871e+02
8.704949054235403310e+03 1.006664954315657923e+02
8.705149020904847930e+03 1.003105272170647453e+02
8.705348987574290732e+03 9.977592737809240475e+01
8.705548954243737171e+03 9.832329881872195187e+01
8.705748920913181792e+03 1.006873982460136858e+02
8.705948887582622774e+03 1.019317482866592570e+02
8.706148854252067395e+03 1.016828639049613088e+02
8.706348820921510196e+03 9.871735207921338429e+01
8.706548787590956636e+03 9.758392568590737426e+01
8.706748754260401256e+03 1.021417134530120734e+02
8.706948720929844058e+03 9.897417108320541956e+01
8.707148687599286859e+03 1.030328470773176264e+02
8.707348654268729661e+03 1.007409210659569538e+02
8.707548620938176100e+03 9.681627499560285344e+01
8.707748587607620721e+03 1.021883382419152753e+02
8.707948554277063522e+03 9.718390387907462014e+01
8.708148520946508143e+03 9.466044549943336506e+01
8.708348487615950944e+03 9.473893129533662716e+01
8.708548454285395565e+03 8.660838611732144443e+01
8.708748420954840185e+03 8.882436293383069881e+01
8.708948387624282987e+03 8.434808716376686277e+01
8.709148354293727607e+03 8.760634236542354358e+01
8.709348320963170409e+03 9.292435031487406150e+01
8.709548287632616848e+03 9.699300857951260468e+01
8.709748254302059649e+03 1.006699237218137739e+02
8.709948220971502451e+03 9.957419566753345919e+01
8.710148187640947071e+03 9.525086187306891361e+01
8.710348154310391692e+03 1.053149654468956555e+02
8.710548120979836312e+03 9.687508615190466799e+01
8.710748087649280933e+03 9.826023209447205886e+01
8.710948054318723734e+03 9.332026051555244806e+01
8.711148020988166536e+03 9.287484240372457123e+01
8.711347987657611156e+03 8.678236613098425778e+01
8.711547954327055777e+03 8.945889139070359874e+01
8.711747920996500397e+03 8.739322867316744237e+01
8.711947887665943199e+03 8.689816853232437666e+01
8.712147854335387819e+03 9.602585668840168864e+01
8.712347821004830621e+03 9.612283249563407139e+01
8.712547787674275241e+03 9.940679217037985893e+01
8.712747754343719862e+03 1.023299703099407907e+02
8.712947721013162663e+03 1.003547354552396200e+02
8.713147687682607284e+03 1.014570397437685898e+02
8.713347654352051904e+03 1.010313729434239178e+02
8.713547621021496525e+03 9.992217112345073815e+01
8.713747587690939326e+03 1.043953505368030790e+02
8.713947554360382128e+03 1.002334197111988203e+02
8.714147521029826748e+03 1.003127285587494839e+02
8.714347487699271369e+03 1.024764389239708748e+02
8.714547454368715989e+03 1.009074333753720794e+02
8.714747421038160610e+03 1.005137659511259756e+02
8.714947387707601592e+03 9.853253039493539234e+01
8.715147354377046213e+03 9.829671149695423082e+01
8.715347321046490833e+03 1.035311619268907606e+02
8.715547287715935454e+03 9.671114962114459956e+01
8.715747254385380074e+03 9.962884430485308940e+01
8.715947221054822876e+03 9.482431873771227515e+01
8.716147187724267496e+03 9.099984365271239994e+01
8.716347154393710298e+03 9.120456705811837139e+01
8.716547121063154918e+03 8.922965218996262138e+01
8.716747087732599539e+03 9.413502228563238816e+01
8.716947054402042340e+03 9.725869041190773601e+01
8.717147021071486961e+03 9.970207661294044499e+01
8.717346987740931581e+03 9.812362092709949479e+01
8.717546954410374383e+03 9.880888325606811406e+01
8.717746921079819003e+03 1.017087991785506063e+02
8.717946887749261805e+03 9.856028274100155784e+01
8.718146854418706425e+03 1.016708890360983446e+02
8.718346821088151046e+03 9.984842971105341292e+01
8.718546787757595666e+03 1.028377439828345388e+02
8.718746754427038468e+03 9.761457477683356387e+01
8.718946721096481269e+03 9.773352476012149737e+01
8.719146687765925890e+03 9.645087805082785337e+01
8.719346654435370510e+03 9.702743690611255545e+01
8.719546621104815131e+03 1.017423809813846276e+02
8.719746587774259751e+03 9.879992258494135626e+01
8.719946554443702553e+03 9.680934350766713692e+01
8.720146521113145354e+03 1.026860128298006885e+02
8.720346487782589975e+03 1.009046467255987238e+02
8.720546454452034595e+03 9.875122105379121251e+01
8.720746421121479216e+03 9.843411249180199718e+01
8.720946387790922017e+03 9.848254584621193430e+01
8.721146354460368457e+03 9.883617879734956091e+01
8.721346321129809439e+03 1.006932155645453406e+02
8.721546287799254060e+03 9.526443679131200781e+01
8.721746254468698680e+03 1.016791936575765050e+02
8.721946221138141482e+03 9.749633161741732579e+01
8.722146187807587921e+03 9.808541528282819399e+01
8.722346154477030723e+03 1.013933858576751845e+02
8.722546121146475343e+03 1.032139398756943365e+02
8.722746087815918145e+03 9.738181261097685137e+01
8.722946054485360946e+03 9.811131756472563836e+01
8.723146021154807386e+03 9.849201333822506399e+01
8.723345987824250187e+03 1.001115968734508499e+02
8.723545954493694808e+03 9.492364009113300938e+01
8.723745921163139428e+03 9.933216593838928077e+01
8.723945887832580411e+03 9.935674670156470256e+01
8.724145854502026850e+03 9.843316079194804047e+01
8.724345821171469652e+03 9.560058787684110371e+01
8.724545787840914272e+03 9.982851738316603019e+01
8.724745754510358893e+03 9.873200790236801083e+01
8.724945721179801694e+03 9.885509142086304735e+01
8.725145687849248134e+03 9.870044964641569152e+01
8.725345654518689116e+03 1.014226659454465533e+02
8.725545621188133737e+03 1.020546086864066524e+02
8.725745587857578357e+03 9.908984967669208288e+01
8.725945554527021159e+03 9.989124413140177694e+01
8.726145521196467598e+03 9.544321238872728941e+01
8.726345487865910400e+03 9.380031028211669764e+01
8.726545454535353201e+03 8.981227712195854451e+01
8.726745421204797822e+03 9.232156657864153715e+01
8.726945387874240623e+03 9.281274842590893570e+01
8.727145354543687063e+03 9.635551466151332534e+01
8.727345321213129864e+03 9.514995559044159279e+01
8.727545287882574485e+03 9.830805537240649983e+01
8.727745254552019105e+03 9.879638991314807583e+01
8.727945221221460088e+03 1.017436199022766203e+02
8.728145187890906527e+03 9.928195239583965304e+01
8.728345154560349329e+03 9.990651795100205845e+01
8.728545121229793949e+03 1.023590634833290380e+02
