8.477399865292854884e+03 1.037981079864320151e+02
8.477599803968925698e+03 1.080096350232124962e+02
8.477799742644992875e+03 1.027846432102143837e+02
8.477999681321061871e+03 1.010516007270640557e+02
8.478199619997129048e+03 9.795767730485492564e+01
8.478399558673196225e+03 1.034729954482680512e+02
8.478599497349267040e+03 1.103567679684695122e+02
8.478799436025332398e+03 9.061472012100470863e+01
8.478999374701403212e+03 9.577770741441243274e+01
8.479199313377468570e+03 1.118921584565656389e+02
8.479399252053539385e+03 1.001641752048644065e+02
8.479599190729608381e+03 9.536031932302670100e+01
8.479799129405673739e+03 1.005042240611448392e+02
8.479999068081744554e+03 1.022421437320872002e+02
8.480199006757809912e+03 9.971983778371961193e+01
8.480398945433880726e+03 1.012069263314423893e+02
8.480598884109947903e+03 9.988459018459346339e+01
8.480798822786015080e+03 9.915450367191718328e+01
8.480998761462085895e+03 9.800112254196595529e+01
8.481198700138151253e+03 1.017433930532936017e+02
8.481398638814222068e+03 1.002529290808675313e+02
8.481598577490289244e+03 9.844083611648217413e+01
8.481798516166358240e+03 9.870532116525841104e+01
8.481998454842425417e+03 1.046261450657353294e+02
8.482198393518492594e+03 1.003765995156046671e+02
8.482398332194561590e+03 1.014398474327045250e+02
8.482598270870630586e+03 9.641273906887363410e+01
8.482798209546699582e+03 9.680604131730858342e+01
8.482998148222766758e+03 9.968179228324667918e+01
8.483198086898833935e+03 1.048761907842355470e+02
8.483398025574902931e+03 9.508568883234102032e+01
8.483597964250971927e+03 1.002484727587154509e+02
8.483797902927039104e+03 9.447368827803961722e+01
8.483997841603108100e+03 9.243160982497273892e+01
8.484197780279177096e+03 9.564065796267433939e+01
8.484397718955244272e+03 9.488591576216813905e+01
8.484597657631313268e+03 1.036006208472345804e+02
8.484797596307380445e+03 1.024913367319041413e+02
8.484997534983449441e+03 9.853212571617633841e+01
8.485197473659516618e+03 1.010199499021915983e+02
8.485397412335585614e+03 9.803388253307613809e+01
8.485597351011652790e+03 1.034620222628520310e+02
8.485797289687721786e+03 9.598070351780124554e+01
8.485997228363790782e+03 1.021728822315536007e+02
8.486197167039857959e+03 9.978449224099333037e+01
8.486397105715926955e+03 1.016727448271219885e+02
8.486597044391994132e+03 1.064333665135357876e+02
8.486796983068063128e+03 9.882234195583680503e+01
8.486996921744130304e+03 1.004829054841534344e+02
8.487196860420199300e+03 1.102658529302447334e+02
8.487396799096268296e+03 9.710641711860209568e+01
8.487596737772337292e+03 9.745440804525449607e+01
8.487796676448404469e+03 1.020607265618945547e+02
8.487996615124471646e+03 9.695575250140817047e+01
8.488196553800540642e+03 9.796647845426346635e+01
8.488396492476607818e+03 1.012456902750373615e+02
8.488596431152678633e+03 9.776111849407122634e+01
8.488796369828743991e+03 9.418893473955360207e+01
8.488996308504812987e+03 1.003588540000859552e+02
8.489196247180881983e+03 9.450198360153791555e+01
8.489396185856949160e+03 9.837998315097260615e+01
8.489596124533019974e+03 1.050386674559830738e+02
8.489796063209085332e+03 9.803313229857266720e+01
8.489996001885156147e+03 1.028150648318160876e+02
8.490195940561221505e+03 1.005103456268142565e+02
8.490395879237290501e+03 9.894682964557715366e+01
8.490595817913361316e+03 1.023183335642200404e+02
8.490795756589426674e+03 9.329075880138184118e+01
8.490995695265497488e+03 9.256111156455702371e+01
8.491195633941562846e+03 1.019704632356775562e+02
8.491395572617631842e+03 9.728417816237664795e+01
8.491595511293700838e+03 9.631668628892722950e+01
8.491795449969768015e+03 1.069178062165714209e+02
8.491995388645837011e+03 1.066532062719657432e+02
8.492195327321904188e+03 1.001030511627286899e+02
8.492395265997975002e+03 1.024547026321018279e+02
8.492595204674042179e+03 9.515280973965009537e+01
8.492795143350109356e+03 9.600813746968972850e+01
8.492995082026178352e+03 9.930295316590529353e+01
8.493195020702245529e+03 9.945770927805007489e+01
8.493394959378314525e+03 9.212566183102725859e+01
8.493594898054383521e+03 1.004022871423342735e+02
8.493794836730450697e+03 8.652653963253651170e+01
8.493994775406519693e+03 9.238407768227061467e+01
8.494194714082586870e+03 9.259877559531999225e+01
8.494394652758655866e+03 7.796266355059040620e+01
8.494594591434724862e+03 6.743363425047114390e+01
8.494794530110792039e+03 6.516124401027640545e+01
8.494994468786861034e+03 6.556300716991994193e+01
8.495194407462926392e+03 5.448885865353759783e+01
8.495394346138997207e+03 4.556722027030276223e+01
8.495594284815066203e+03 5.019400052078152896e+01
8.495794223491133380e+03 5.706090934203960074e+01
8.495994162167202376e+03 7.083680362790467200e+01
8.496194100843267734e+03 8.162566722733306790e+01
8.496394039519338548e+03 8.296317930840973531e+01
8.496593978195405725e+03 8.827480156538402412e+01
8.496793916871474721e+03 9.085843748098596961e+01
8.496993855547543717e+03 9.463750381784666388e+01
8.497193794223609075e+03 1.005129366750095130e+02
8.497393732899679890e+03 9.333580345481010454e+01
8.497593671575747067e+03 1.034779011677558742e+02
8.497793610251816062e+03 9.473644251460770249e+01
8.497993548927883239e+03 9.906695521529030657e+01
8.498193487603952235e+03 9.202803822143377488e+01
8.498393426280021231e+03 1.035310495841276577e+02
8.498593364956088408e+03 9.484103974020655414e+01
8.498793303632157404e+03 9.462720681231922981e+01
8.498993242308224580e+03 9.529986821319783985e+01
8.499193180984293576e+03 1.004898904145124732e+02
8.499393119660360753e+03 9.432916052077371205e+01
8.499593058336429749e+03 9.101021187879007357e+01
8.499792997012496926e+03 9.186252598359013177e+01
8.499992935688565922e+03 9.789206268943634370e+01
8.500192874364634918e+03 1.023563003064085706e+02
8.500392813040702094e+03 1.029362669484102355e+02
8.500592751716772909e+03 9.918674807652384118e+01
8.500792690392838267e+03 1.032892528191301835e+02
8.500992629068907263e+03 1.046635498389899226e+02
8.501192567744974440e+03 9.723933352026001842e+01
8.501392506421043436e+03 1.017622000492970642e+02
8.501592445097114251e+03 9.294124361841841164e+01
8.501792383773179608e+03 9.886047537494945914e+01
8.501992322449248604e+03 9.992239945089202990e+01
8.502192261125315781e+03 1.014428823388267347e+02
8.502392199801384777e+03 1.040809609908708779e+02
8.502592138477453773e+03 1.018447200911580381e+02
8.502792077153520950e+03 9.699913789374920725e+01
8.502992015829589945e+03 9.987412329272312661e+01
8.503191954505657122e+03 1.015255385227639522e+02
8.503391893181726118e+03 1.035283022885583790e+02
8.503591831857795114e+03 1.026362133927252103e+02
8.503791770533862291e+03 1.003318856524608833e+02
8.503991709209931287e+03 9.769800831036778277e+01
8.504191647885998464e+03 1.021893602714678906e+02
8.504391586562065640e+03 9.775763716671701786e+01
8.504591525238136455e+03 1.079960276317530088e+02
8.504791463914203632e+03 9.709020456665746224e+01
8.504991402590272628e+03 1.004582444144893998e+02
8.505191341266339805e+03 1.025969466279268829e+02
8.505391279942406982e+03 9.519388102479038594e+01
8.505591218618477797e+03 9.896090049184813608e+01
8.505791157294543154e+03 9.923916356040714959e+01
8.505991095970613969e+03 8.997239978501883684e+01
8.506191034646679327e+03 1.028631029135902111e+02
8.506390973322750142e+03 9.923535390953213664e+01
8.506590911998819138e+03 9.991873013286624428e+01
8.506790850674884496e+03 9.701237639485280795e+01
8.506990789350955311e+03 9.804707441621908970e+01
8.507190728027020668e+03 9.543526857757971982e+01
8.507390666703091483e+03 9.775710799482138214e+01
8.507590605379158660e+03 9.829265701869243799e+01
8.507790544055225837e+03 1.012913739240644730e+02
8.507990482731296652e+03 9.985578690641679600e+01
8.508190421407362010e+03 1.004377792735664912e+02
8.508390360083432824e+03 9.210752689221025946e+01
8.508590298759500001e+03 9.473440822784961313e+01
8.508790237435568997e+03 1.013565528042695121e+02
8.508990176111636174e+03 9.358505089890633144e+01
8.509190114787703351e+03 1.031694533156959750e+02
8.509390053463772347e+03 9.944192605824871123e+01
8.509589992139841343e+03 9.891570185319983466e+01
8.509789930815910338e+03 1.010493735480809789e+02
8.509989869491977515e+03 1.022167314860071201e+02
8.510189808168044692e+03 1.050582153590595027e+02
8.510389746844113688e+03 1.000279120061645557e+02
8.510589685520182684e+03 1.050039619886743907e+02
8.510789624196249861e+03 9.683787926311629235e+01
8.510989562872318857e+03 9.291189513140609790e+01
8.511189501548387852e+03 8.410311255758867333e+01
8.511389440224455029e+03 8.289895859103485520e+01
8.511589378900524025e+03 8.457174708436835431e+01
8.511789317576591202e+03 9.530214031703096111e+01
8.511989256252660198e+03 9.560493976321356513e+01
8.512189194928727375e+03 9.214185453891133193e+01
8.512389133604796370e+03 9.574209230753585587e+01
8.512589072280863547e+03 9.204765499234731863e+01
8.512789010956932543e+03 9.450963863660966524e+01
8.512988949633001539e+03 1.011879371596524493e+02
8.513188888309068716e+03 9.201556725820999816e+01
8.513388826985137712e+03 9.984911510952284175e+01
8.513588765661206708e+03 1.097921183203277735e+02
8.513788704337273884e+03 1.034332602898807636e+02
8.513988643013341061e+03 1.055357540352489423e+02
8.514188581689410057e+03 1.008067327224097056e+02
8.514388520365479053e+03 1.020572016546000924e+02
8.514588459041548049e+03 1.000281157079738676e+02
8.514788397717615226e+03 1.042582673627949816e+02
8.514988336393682403e+03 9.996253020057503136e+01
8.515188275069751398e+03 1.087396114642587435e+02
8.515388213745818575e+03 1.062795845636812402e+02
8.515588152421889390e+03 9.847094114931790898e+01
8.515788091097954748e+03 1.001005849982016542e+02
8.515988029774023744e+03 9.645691801957985945e+01
8.516187968450092740e+03 9.882494058621941235e+01
8.516387907126159917e+03 9.751358872040655967e+01
8.516587845802230731e+03 9.620878997814109823e+01
8.516787784478296089e+03 1.006510181292260739e+02
8.516987723154366904e+03 9.511689829628630832e+01
8.517187661830432262e+03 1.005135305297892216e+02
8.517387600506501258e+03 1.009034340332025579e+02
8.517587539182572073e+03 9.331707608868367743e+01
8.517787477858637430e+03 8.951303737440130703e+01
8.517987416534708245e+03 9.536059274648778228e+01
8.518187355210773603e+03 1.016095612480027484e+02
8.518387293886842599e+03 9.419289698830114332e+01
8.518587232562911595e+03 9.983013805429760623e+01
8.518787171238978772e+03 9.891609230018923427e+01
8.518987109915047768e+03 9.083910039994165686e+01
8.519187048591114944e+03 9.619836232294133538e+01
8.519386987267185759e+03 1.003832836092044261e+02
8.519586925943252936e+03 9.540837478654739812e+01
8.519786864619320113e+03 9.187670451879739630e+01
8.519986803295389109e+03 9.840793661092159539e+01
8.520186741971456286e+03 9.859311327485113452e+01
8.520386680647525282e+03 9.902101644577099648e+01
8.520586619323594277e+03 9.778047926327191419e+01
8.520786557999661454e+03 1.021328906678261035e+02
8.520986496675730450e+03 9.678934673307482228e+01
8.521186435351797627e+03 1.051131852177039008e+02
8.521386374027866623e+03 1.030986452149937378e+02
8.521586312703935619e+03 1.001477082624646897e+02
8.521786251380002795e+03 9.550464615043767935e+01
8.521986190056071791e+03 9.981945750462041644e+01
8.522186128732137149e+03 1.000953724749586797e+02
8.522386067408207964e+03 9.941373776348945057e+01
8.522586006084276960e+03 9.622200757975252827e+01
8.522785944760344137e+03 9.606882115855151483e+01
8.522985883436413133e+03 9.983835198007196254e+01
8.523185822112478490e+03 1.070599480068483160e+02
8.523385760788549305e+03 1.069941004770383870e+02
8.523585699464616482e+03 1.042905210798419233e+02
8.523785638140685478e+03 9.638310493096906839e+01
8.523985576816754474e+03 9.531723280224602490e+01
8.524185515492819832e+03 1.028232722776552208e+02
8.524385454168890647e+03 1.015876493374142626e+02
8.524585392844957823e+03 1.057313338697468055e+02
8.524785331521026819e+03 9.500049597173095606e+01
8.524985270197093996e+03 9.342941184073730199e+01
8.525185208873162992e+03 1.038849884005606867e+02
8.525385147549230169e+03 9.872603082740785396e+01
8.525585086225299165e+03 9.628446798044892319e+01
8.525785024901368160e+03 9.821750871825956608e+01
8.525984963577435337e+03 9.463065191079169836e+01
8.526184902253504333e+03 9.524061002075504234e+01
8.526384840929571510e+03 9.331340247682227584e+01
8.526584779605640506e+03 1.050045015719357053e+02
8.526784718281707683e+03 1.023951465226220421e+02
8.526984656957776679e+03 9.923173147220568069e+01
8.527184595633845674e+03 1.063746208338513384e+02
8.527384534309912851e+03 1.037681187776598080e+02
8.527584472985983666e+03 1.012058169366430320e+02
8.527784411662049024e+03 1.048935641293266059e+02
8.527984350338118020e+03 9.710000822720731151e+01
8.528184289014185197e+03 9.872263519983390267e+01
8.528384227690254193e+03 1.000666311777827246e+02
8.528584166366323188e+03 1.022867751677739534e+02
8.528784105042390365e+03 9.977315230594908257e+01
8.528984043718459361e+03 9.727774105821529815e+01
8.529183982394526538e+03 1.007090221269254471e+02
8.529383921070595534e+03 9.678905922910756487e+01
8.529583859746664530e+03 9.704030453094783581e+01
8.529783798422731707e+03 9.236596879935804338e+01
8.529983737098800702e+03 9.594609941445479251e+01
8.530183675774867879e+03 1.072521746597549139e+02
8.530383614450936875e+03 9.238120266887675314e+01
8.530583553127005871e+03 9.573090103258640227e+01
8.530783491803073048e+03 1.003294720716928055e+02
8.530983430479142044e+03 9.417897034839663206e+01
8.531183369155209220e+03 1.032073617762083302e+02
8.531383307831276397e+03 9.793344636584427576e+01
8.531583246507347212e+03 1.025501088000529535e+02
8.531783185183414389e+03 9.929226397747730459e+01
8.531983123859483385e+03 9.289243061762576303e+01
8.532183062535550562e+03 1.029631309074294165e+02
8.532383001211617739e+03 9.928440040099269481e+01
8.532582939887688553e+03 1.006636346633492991e+02
8.532782878563753911e+03 9.362167182919149866e+01
8.532982817239824726e+03 9.201809947122677613e+01
8.533182755915890084e+03 9.957171562540280263e+01
8.533382694591960899e+03 9.535976133452403758e+01
8.533582633268029895e+03 9.207818699669162754e+01
8.533782571944095253e+03 9.979290865750174078e+01
8.533982510620166067e+03 8.978850570357089111e+01
8.534182449296231425e+03 9.829146077949091875e+01
8.534382387972302240e+03 9.905135766622164795e+01
8.534582326648369417e+03 9.472794229801446875e+01
8.534782265324436594e+03 9.845496232685110272e+01
8.534982204000507409e+03 8.881495339042541559e+01
8.535182142676572767e+03 9.615936880613395488e+01
8.535382081352643581e+03 1.013833815588728555e+02
8.535582020028710758e+03 8.931865468306132527e+01
8.535781958704779754e+03 9.513644055528209265e+01
8.535981897380846931e+03 9.688945215806680267e+01
8.536181836056914108e+03 9.231653769586814917e+01
8.536381774732983104e+03 8.257638723613528953e+01
8.536581713409052099e+03 8.445824381547537030e+01
8.536781652085121095e+03 8.601626849187317703e+01
8.536981590761188272e+03 9.003677466502668381e+01
8.537181529437255449e+03 8.577291791680738697e+01
8.537381468113324445e+03 7.920716078836638019e+01
8.537581406789393441e+03 7.784925795181042929e+01
8.537781345465460618e+03 7.663388750168195429e+01
8.537981284141529613e+03 7.599947731356976988e+01
8.538181222817598609e+03 7.118551319359953311e+01
8.538381161493665786e+03 6.924066529448964502e+01
8.538581100169734782e+03 6.413875719662749475e+01
8.538781038845801959e+03 5.042163567324670481e+01
8.538980977521870955e+03 5.137855449095429350e+01
8.539180916197938132e+03 4.305074864271600177e+01
8.539380854874007127e+03 3.733837383120582132e+01
8.539580793550074304e+03 3.351754625352858596e+01
8.539780732226143300e+03 4.542050467285994841e+01
8.539980670902212296e+03 5.187549410075291689e+01
8.540180609578279473e+03 5.502245097410549590e+01
8.540380548254348469e+03 6.120214485979730767e+01
8.540580486930417464e+03 6.558957606147494346e+01
8.540780425606484641e+03 7.462997280036057646e+01
8.540980364282551818e+03 7.168641854404420144e+01
8.541180302958620814e+03 7.368295772381705433e+01
8.541380241634689810e+03 7.645737052186316873e+01
8.541580180310758806e+03 7.709090356411913092e+01
8.541780118986825983e+03 8.755492648754062657e+01
8.541980057662893159e+03 8.448932672870083138e+01
8.542179996338962155e+03 8.819646138929591928e+01
8.542379935015029332e+03 9.228716443195158092e+01
8.542579873691100147e+03 9.409261020067599190e+01
8.542779812367165505e+03 9.256542597302538411e+01
8.542979751043234501e+03 8.089218980191009223e+01
8.543179689719303497e+03 9.302812330849755540e+01
8.543379628395370673e+03 9.786946753485985084e+01
8.543579567071441488e+03 9.571458540089248856e+01
8.543779505747506846e+03 9.494812135964484412e+01
8.543979444423577661e+03 9.874534353139713971e+01
8.544179383099643019e+03 9.532880545932918892e+01
8.544379321775712015e+03 9.525444924612203579e+01
8.544579260451782829e+03 9.545615472887151043e+01
8.544779199127848187e+03 9.584708104189665789e+01
8.544979137803919002e+03 9.256141308698718717e+01
8.545179076479984360e+03 9.390852650889007691e+01
8.545379015156053356e+03 9.576382540679198030e+01
8.545578953832122352e+03 9.645886185971998827e+01
8.545778892508189529e+03 9.650968732446003173e+01
8.545978831184258524e+03 9.617711990077148698e+01
8.546178769860325701e+03 9.642941485051618145e+01
8.546378708536396516e+03 9.784748131291269146e+01
8.546578647212463693e+03 8.959168608272705114e+01
8.546778585888530870e+03 9.792926195265063427e+01
8.546978524564599866e+03 9.527145236926963889e+01
8.547178463240667043e+03 9.606419290686125123e+01
8.547378401916736038e+03 1.062996817792861748e+02
8.547578340592805034e+03 9.361175950991075467e+01
8.547778279268872211e+03 9.820846661143941958e+01
8.547978217944941207e+03 9.737818517844881683e+01
8.548178156621008384e+03 1.002798282028087158e+02
8.548378095297077380e+03 1.001701779347172305e+02
8.548578033973146376e+03 9.582436101463201794e+01
8.548777972649213552e+03 1.015566606385994533e+02
8.548977911325282548e+03 1.006347186155758493e+02
8.549177850001347906e+03 1.013861508009773047e+02
8.549377788677418721e+03 1.001034602082889222e+02
8.549577727353487717e+03 1.005489535389384059e+02
8.549777666029554894e+03 1.044047143948684493e+02
8.549977604705623889e+03 9.744155822076356799e+01
8.550177543381689247e+03 1.001902361371439554e+02
8.550377482057760062e+03 8.889988026106706798e+01
8.550577420733827239e+03 1.035022053262189132e+02
8.550777359409896235e+03 9.846234532053922806e+01
8.550977298085965231e+03 9.844449805651167651e+01
8.551177236762030589e+03 9.451121062686337382e+01
8.551377175438101403e+03 1.032410074304682297e+02
8.551577114114168580e+03 9.873920347481227111e+01
8.551777052790237576e+03 9.912792010220950090e+01
8.551976991466304753e+03 1.007119802829117816e+02
8.552176930142373749e+03 1.002191512035344516e+02
8.552376868818440926e+03 9.924317664970381259e+01
8.552576807494509922e+03 1.095586545772688112e+02
8.552776746170578917e+03 9.723798838757446106e+01
8.552976684846646094e+03 9.920109518146539074e+01
8.553176623522715090e+03 9.591770851955814692e+01
8.553376562198782267e+03 1.015426630152318523e+02
8.553576500874851263e+03 1.030836225351430215e+02
8.553776439550918440e+03 9.987797792421726228e+01
8.553976378226987435e+03 9.837002527577371325e+01
8.554176316903056431e+03 9.623189703337145318e+01
8.554376255579123608e+03 9.968855174187240209e+01
8.554576194255194423e+03 1.032352002685708783e+02
8.554776132931259781e+03 9.656727685555493679e+01
8.554976071607328777e+03 1.026476780606738117e+02
8.555176010283395954e+03 1.054936596174334227e+02
8.555375948959464949e+03 1.041221417838446968e+02
8.555575887635533945e+03 9.287123884720318756e+01
8.555775826311601122e+03 1.068940503574845451e+02
8.555975764987670118e+03 9.938308129073206487e+01
8.556175703663737295e+03 1.021242746342597485e+02
8.556375642339806291e+03 9.702294782509363813e+01
8.556575581015875287e+03 9.815837480486959521e+01
8.556775519691942463e+03 9.023273071885670049e+01
8.556975458368011459e+03 9.450444319559926498e+01
8.557175397044078636e+03 1.051001050874324108e+02
8.557375335720147632e+03 9.274831928388151425e+01
8.557575274396216628e+03 1.048264729087025842e+02
8.557775213072283805e+03 1.049941886320794282e+02
8.557975151748352800e+03 9.813297531428530363e+01
8.558175090424419977e+03 9.863290113353332345e+01
8.558375029100487154e+03 9.751342061908066228e+01
8.558574967776557969e+03 1.036253559127077324e+02
8.558774906452623327e+03 9.917299708079168852e+01
8.558974845128694142e+03 9.640250499167846954e+01
8.559174783804761319e+03 9.565556472309533831e+01
8.559374722480830314e+03 9.698006146914453041e+01
8.559574661156899310e+03 9.238813197645363573e+01
8.559774599832964668e+03 1.058105734565048124e+02
8.559974538509035483e+03 1.085992899385339001e+02
8.560174477185100841e+03 9.675921611880036721e+01
8.560374415861171656e+03 1.038048868193705516e+02
8.560574354537240652e+03 9.681879347943939251e+01
8.560774293213306009e+03 9.534205861341582988e+01
8.560974231889376824e+03 9.731084461685392739e+01
8.561174170565442182e+03 1.021440547538347943e+02
8.561374109241512997e+03 1.043579127735308845e+02
8.561574047917580174e+03 9.501949047128078973e+01
8.561773986593647351e+03 1.001464516328620817e+02
8.561973925269716347e+03 1.025637193718207385e+02
8.562173863945783523e+03 9.810295756638062414e+01
8.562373802621854338e+03 1.035442286543404720e+02
8.562573741297921515e+03 9.883690599943888344e+01
8.562773679973990511e+03 9.831214641484230299e+01
8.562973618650057688e+03 9.518027927981957248e+01
8.563173557326124865e+03 9.665551985283580905e+01
8.563373496002193860e+03 1.013091092004852527e+02
8.563573434678262856e+03 1.005662334310113977e+02
8.563773373354331852e+03 9.859521892034557311e+01
8.563973312030399029e+03 1.024461626715099243e+02
8.564173250706466206e+03 9.677760191752139463e+01
8.564373189382535202e+03 9.839614469647460737e+01
8.564573128058604198e+03 1.000721525557757161e+02
8.564773066734671374e+03 1.011132019026345574e+02
8.564973005410740370e+03 1.049741045148978458e+02
8.565172944086807547e+03 9.999217539571323243e+01
8.565372882762876543e+03 9.518510435207601006e+01
8.565572821438945539e+03 1.111656459192385000e+02
8.565772760115012716e+03 9.143023921163393197e+01
8.565972698791081712e+03 9.503126788485569421e+01
8.566172637467148888e+03 1.057496785721758528e+02
8.566372576143217884e+03 1.055946795777679199e+02
8.566572514819285061e+03 9.827399747010166209e+01
8.566772453495354057e+03 9.398910115745320581e+01
8.566972392171423053e+03 1.009016976873149218e+02
8.567172330847490230e+03 9.971269733640117749e+01
8.567372269523559225e+03 9.603848408960398331e+01
8.567572208199628221e+03 1.027811678632292427e+02
8.567772146875695398e+03 1.006933090219844757e+02
8.567972085551762575e+03 1.025075464630921829e+02
8.568172024227831571e+03 9.767228247352865367e+01
8.568371962903900567e+03 9.628040713452698185e+01
8.568571901579969563e+03 1.030563383908879587e+02
8.568771840256036739e+03 9.529199912825623642e+01
8.568971778932103916e+03 9.367704125147966465e+01
8.569171717608172912e+03 9.658620929242674435e+01
8.569371656284240089e+03 1.062037397051140459e+02
8.569571594960310904e+03 1.015239274050297240e+02
8.569771533636376262e+03 1.008843579595798872e+02
8.569971472312445258e+03 9.951719862622020685e+01
8.570171410988514253e+03 1.022576477222510647e+02
8.570371349664581430e+03 9.809269080335403146e+01
8.570571288340652245e+03 9.505081821603764070e+01
8.570771227016717603e+03 9.800532197195248330e+01
8.570971165692788418e+03 9.786662565309602257e+01
8.571171104368853776e+03 1.092285419246289848e+02
8.571371043044922772e+03 9.644520720882643161e+01
8.571570981720993586e+03 1.001119652738380807e+02
8.571770920397058944e+03 9.641915673910784790e+01
8.571970859073129759e+03 8.978938226824293167e+01
8.572170797749195117e+03 1.080346047265644671e+02
8.572370736425264113e+03 1.095615608821162681e+02
8.572570675101333109e+03 1.013675296029336295e+02
8.572770613777400285e+03 1.036790916271758221e+02
8.572970552453469281e+03 1.043839827471433068e+02
8.573170491129536458e+03 9.754836683818315635e+01
8.573370429805607273e+03 1.015402844438581695e+02
8.573570368481674450e+03 9.198318151748574678e+01
8.573770307157741627e+03 9.919065580662224590e+01
8.573970245833810623e+03 1.010390182825109235e+02
8.574170184509877799e+03 9.867951668532013798e+01
8.574370123185946795e+03 9.992988346936712674e+01
8.574570061862015791e+03 9.979266458049939104e+01
8.574770000538082968e+03 1.018229841283621795e+02
8.574969939214151964e+03 9.258698005696216171e+01
8.575169877890219141e+03 1.059469771720353179e+02
8.575369816566288137e+03 1.022027481492977188e+02
8.575569755242357132e+03 9.308227198291768900e+01
8.575769693918424309e+03 1.058579777104552022e+02
8.575969632594493305e+03 1.059669676998883006e+02
8.576169571270558663e+03 1.073719321674894616e+02
8.576369509946629478e+03 9.803930422015592683e+01
8.576569448622698474e+03 1.009362706538711336e+02
8.576769387298765650e+03 1.026011746995343543e+02
8.576969325974834646e+03 9.808920084713666654e+01
8.577169264650900004e+03 1.024011401899245612e+02
8.577369203326970819e+03 9.682009312620536434e+01
8.577569142003037996e+03 1.020643437676701382e+02
8.577769080679106992e+03 9.502260665277307794e+01
8.577969019355175988e+03 1.034045135395134025e+02
8.578168958031243164e+03 1.016695698971435888e+02
8.578368896707312160e+03 9.825819960197600267e+01
8.578568835383379337e+03 9.701747160087506927e+01
8.578768774059448333e+03 1.020893063429056298e+02
8.578968712735515510e+03 9.567778352901487438e+01
8.579168651411584506e+03 9.968768385121806830e+01
8.579368590087651683e+03 9.018957442008823477e+01
8.579568528763720678e+03 9.491088531622607150e+01
8.579768467439789674e+03 9.238026810796868915e+01
8.579968406115856851e+03 9.407856215570119218e+01
8.580168344791925847e+03 1.020807021189923631e+02
8.580368283467993024e+03 1.029804598539384273e+02
8.580568222144062020e+03 9.922083036651957855e+01
8.580768160820129197e+03 9.913971722889867522e+01
8.580968099496198192e+03 1.016645106242397247e+02
8.581168038172267188e+03 9.952193583797047438e+01
8.581367976848334365e+03 1.023435067271918797e+02
8.581567915524405180e+03 1.019564918625185470e+02
8.581767854200470538e+03 9.733610373508122393e+01
8.581967792876539534e+03 9.877147347853292558e+01
8.582167731552606710e+03 9.759962801116753894e+01
8.582367670228675706e+03 9.930985806281384498e+01
8.582567608904744702e+03 9.874655931506018192e+01
8.582767547580811879e+03 9.724100904262498091e+01
8.582967486256880875e+03 1.046527930643787698e+02
8.583167424932948052e+03 9.814912694137278493e+01
8.583367363609017048e+03 9.587746183160757596e+01
8.583567302285086043e+03 1.060459904772367992e+02
8.583767240961153220e+03 9.585499272716766939e+01
8.583967179637222216e+03 1.091548265753234546e+02
8.584167118313289393e+03 1.010722146384678837e+02
8.584367056989358389e+03 9.583819524747916319e+01
8.584566995665427385e+03 9.743220891686024743e+01
8.584766934341494562e+03 9.744828865618585212e+01
8.584966873017563557e+03 1.040120804534728052e+02
8.585166811693630734e+03 9.924161123696900688e+01
8.585366750369697911e+03 1.017286136911934307e+02
8.585566689045768726e+03 9.715615578307782130e+01
8.585766627721834084e+03 9.367464743859082432e+01
8.585966566397904899e+03 1.046388125320796121e+02
8.586166505073972075e+03 1.019603101287753759e+02
8.586366443750041071e+03 1.019300004259721533e+02
8.586566382426110067e+03 1.040973383832471484e+02
8.586766321102175425e+03 1.085871427369829973e+02
8.586966259778246240e+03 1.003582048550672852e+02
8.587166198454311598e+03 1.002733786113192309e+02
8.587366137130382413e+03 1.003736757459685691e+02
8.587566075806451408e+03 9.852241816821529596e+01
8.587766014482516766e+03 1.005172043427454440e+02
8.587965953158587581e+03 9.544198397145760282e+01
8.588165891834652939e+03 9.738102292693382367e+01
8.588365830510723754e+03 1.056537015008215405e+02
8.588565769186790931e+03 9.988286014701155580e+01
8.588765707862858108e+03 9.833073091305938362e+01
8.588965646538927103e+03 1.007894404524233067e+02
8.589165585214994280e+03 1.023673116958947986e+02
8.589365523891065095e+03 9.883301202917014905e+01
8.589565462567132272e+03 1.084441233884377027e+02
8.589765401243201268e+03 9.539058531935752683e+01
8.589965339919268445e+03 9.302980576200046414e+01
8.590165278595335622e+03 9.519992541775587824e+01
8.590365217271404617e+03 1.014593872066280937e+02
8.590565155947473613e+03 9.692840059791565466e+01
8.590765094623542609e+03 1.009534973828399558e+02
8.590965033299609786e+03 1.025172639250421298e+02
8.591164971975676963e+03 9.648221798569005614e+01
8.591364910651745959e+03 1.042981883345383949e+02
8.591564849327814954e+03 1.021251793995952681e+02
8.591764788003882131e+03 9.472370464493513964e+01
8.591964726679951127e+03 9.583164125038962311e+01
8.592164665356018304e+03 1.007662971319490879e+02
8.592364604032087300e+03 9.855355574572664068e+01
8.592564542708156296e+03 9.801606750922701394e+01
8.592764481384223473e+03 1.030470970041634757e+02
8.592964420060292468e+03 9.261043958508309970e+01
8.593164358736359645e+03 9.617390311291724458e+01
8.593364297412428641e+03 1.033152676888380483e+02
8.593564236088495818e+03 1.020714125929678886e+02
8.593764174764564814e+03 9.596670046527179920e+01
8.593964113440633810e+03 9.521793172439453201e+01
8.594164052116700987e+03 8.724740613951779267e+01
8.594363990792769982e+03 1.025625180908042040e+02
8.594563929468838978e+03 9.781586380298965366e+01
8.594763868144906155e+03 9.777174823511180080e+01
8.594963806820973332e+03 9.933298095076509071e+01
8.595163745497042328e+03 9.910274909425510259e+01
8.595363684173109505e+03 9.781373806039984231e+01
8.595563622849180319e+03 9.878887002921764804e+01
8.595763561525247496e+03 9.588667048908236268e+01
8.595963500201314673e+03 9.563678793168615755e+01
8.596163438877383669e+03 9.008900423278498693e+01
8.596363377553450846e+03 9.332620118728046066e+01
8.596563316229521661e+03 1.002835099734597151e+02
8.596763254905587019e+03 1.015855045419293674e+02
8.596963193581657833e+03 9.940988448021579416e+01
8.597163132257725010e+03 1.022991919024647416e+02
8.597363070933792187e+03 9.925720967328632582e+01
8.597563009609863002e+03 9.531742434855146939e+01
8.597762948285928360e+03 1.003672633412838593e+02
8.597962886961999175e+03 1.042069223374703881e+02
8.598162825638064533e+03 9.615639580717916601e+01
8.598362764314133528e+03 1.067396144570483045e+02
8.598562702990202524e+03 1.042558738621150667e+02
8.598762641666269701e+03 1.068126647665186084e+02
8.598962580342340516e+03 9.898217545023706521e+01
8.599162519018405874e+03 1.020313944419607708e+02
8.599362457694474870e+03 1.004999654903691209e+02
8.599562396370543865e+03 1.028642779475214297e+02
8.599762335046611042e+03 1.082792382064468200e+02
8.599962273722680038e+03 9.462092350066635049e+01
8.600162212398747215e+03 1.019114588790936438e+02
8.600362151074818030e+03 9.344196978074897686e+01
8.600562089750885207e+03 9.289177895489532943e+01
8.600762028426952384e+03 1.012139030490827309e+02
8.600961967103021379e+03 1.013790977476304533e+02
8.601161905779088556e+03 8.740685592937845172e+01
8.601361844455157552e+03 9.905991566983216501e+01
8.601561783131226548e+03 1.038544271008892395e+02
8.601761721807293725e+03 9.564366147278819597e+01
8.601961660483362721e+03 9.833247367452683818e+01
8.602161599159429898e+03 9.700345354404500142e+01
8.602361537835498893e+03 9.321289802942438030e+01
8.602561476511567889e+03 9.396612470782744708e+01
8.602761415187635066e+03 1.040561515831521575e+02
8.602961353863704062e+03 1.050601602654800644e+02
8.603161292539769420e+03 1.015900984190318894e+02
8.603361231215840235e+03 1.026227511857251642e+02
8.603561169891909231e+03 9.804008545853847068e+01
8.603761108567976407e+03 9.889101229068511145e+01
8.603961047244045403e+03 1.034247373831363319e+02
8.604160985920110761e+03 9.830235993210983736e+01
8.604360924596181576e+03 1.033518885081905125e+02
8.604560863272248753e+03 9.900697659527949668e+01
8.604760801948317749e+03 9.605122757262759592e+01
8.604960740624386744e+03 1.003269622671686534e+02
8.605160679300453921e+03 9.348832456666781354e+01
8.605360617976522917e+03 9.906603468452372852e+01
8.605560556652590094e+03 9.817608324018324595e+01
8.605760495328659090e+03 9.802465218161658811e+01
8.605960434004726267e+03 9.987001839039017170e+01
8.606160372680795263e+03 1.014004398340321131e+02
8.606360311356862439e+03 9.102139297189832234e+01
8.606560250032931435e+03 1.004851496874655936e+02
8.606760188709000431e+03 1.013640158737363777e+02
8.606960127385067608e+03 9.468724383293516667e+01
8.607160066061136604e+03 9.375106799807504387e+01
8.607360004737203781e+03 1.092786570549597229e+02
8.607559943413272777e+03 1.029194033000620720e+02
8.607759882089339953e+03 1.007934020067480532e+02
8.607959820765408949e+03 1.057494745111364978e+02
8.608159759441477945e+03 9.113517947313918910e+01
8.608359698117545122e+03 9.453726342564846163e+01
8.608559636793615937e+03 9.105407218616267073e+01
8.608759575469681295e+03 9.244082363371187228e+01
8.608959514145750290e+03 8.469949606507239537e+01
8.609159452821817467e+03 8.956192305683759969e+01
8.609359391497886463e+03 7.983979595359021175e+01
8.609559330173955459e+03 9.270675884670166056e+01
8.609759268850022636e+03 1.006831511786668329e+02
8.609959207526091632e+03 9.750583008012515052e+01
8.610159146202158809e+03 1.023081700708123378e+02
8.610359084878227804e+03 9.585466062303376589e+01
8.610559023554296800e+03 9.784349508239949955e+01
8.610758962230363977e+03 9.166076637423947204e+01
8.610958900906432973e+03 9.833247302924223732e+01
8.611158839582500150e+03 9.659863371296241041e+01
8.611358778258569146e+03 1.024298190105786546e+02
8.611558716934638142e+03 1.059496206137729502e+02
8.611758655610705318e+03 9.669438443270058769e+01
8.611958594286774314e+03 1.008357956270115636e+02
8.612158532962841491e+03 9.866876491714452868e+01
8.612358471638908668e+03 9.839049257325737585e+01
8.612558410314979483e+03 1.010690801936981700e+02
8.612758348991044841e+03 9.954402085809530831e+01
8.612958287667115655e+03 1.006495269098184338e+02
8.613158226343182832e+03 9.154770519798175599e+01
8.613358165019251828e+03 1.031070739359636121e+02
8.613558103695320824e+03 1.018316828231630922e+02
8.613758042371386182e+03 9.690999624255255185e+01
8.613957981047456997e+03 9.632851429194828086e+01
8.614157919723522355e+03 1.015873796709329469e+02
8.614357858399593169e+03 9.633801358221700184e+01
8.614557797075662165e+03 9.945602763001210178e+01
8.614757735751727523e+03 9.342665725397409915e+01
8.614957674427798338e+03 1.037747046556017665e+02
8.615157613103863696e+03 1.070708233679022783e+02
8.615357551779934511e+03 9.481192747898563766e+01
8.615557490456001688e+03 1.031592672885503532e+02
8.615757429132068864e+03 1.038504239951987103e+02
8.615957367808137860e+03 1.048020230947072946e+02
8.616157306484205037e+03 9.851846848602305329e+01
8.616357245160275852e+03 9.999099711346028130e+01
8.616557183836343029e+03 1.058389509281689129e+02
8.616757122512412025e+03 9.422721129805832163e+01
8.616957061188479202e+03 9.588955870600563003e+01
8.617156999864546378e+03 9.722204920912915327e+01
8.617356938540615374e+03 1.033359121798521869e+02
8.617556877216684370e+03 9.809199735652110519e+01
8.617756815892753366e+03 1.077894976398754352e+02
8.617956754568820543e+03 1.029774703014751935e+02
8.618156693244887720e+03 9.363006630628548521e+01
8.618356631920956715e+03 9.466998075100239873e+01
8.618556570597025711e+03 8.876530235449111217e+01
8.618756509273092888e+03 9.329184868680522413e+01
8.618956447949161884e+03 9.402395722636836695e+01
8.619156386625229061e+03 8.898306709493449773e+01
8.619356325301298057e+03 8.848472590870079557e+01
8.619556263977367053e+03 9.915520085047165821e+01
8.619756202653434229e+03 9.597243125671460007e+01
8.619956141329503225e+03 1.018429685220344254e+02
8.620156080005570402e+03 1.028775224989587969e+02
8.620356018681639398e+03 9.513998007040837024e+01
8.620555957357706575e+03 1.014544613471596364e+02
8.620755896033775571e+03 9.811888445022815120e+01
8.620955834709844567e+03 9.452564967097055160e+01
8.621155773385911743e+03 9.855500270177851974e+01
8.621355712061980739e+03 1.068084587405225534e+02
8.621555650738049735e+03 1.037591135153061828e+02
8.621755589414116912e+03 1.016848018665431681e+02
8.621955528090184089e+03 1.039431643027208594e+02
8.622155466766253085e+03 1.021248998744362808e+02
8.622355405442320261e+03 1.029922870376863955e+02
8.622555344118391076e+03 1.018488552967599219e+02
8.622755282794458253e+03 1.003852643489542373e+02
8.622955221470525430e+03 1.078323981288000937e+02
8.623155160146594426e+03 1.031806658273571600e+02
8.623355098822661603e+03 1.039146088406050836e+02
8.623555037498732418e+03 1.023220977060404522e+02
8.623754976174797775e+03 9.634688297361763887e+01
8.623954914850868590e+03 1.057550649884747855e+02
8.624154853526935767e+03 1.021994566179839268e+02
8.624354792203002944e+03 9.411499827174279176e+01
8.624554730879073759e+03 1.058655281141947029e+02
8.624754669555139117e+03 9.437786573815236579e+01
8.624954608231209932e+03 1.020624467070229855e+02
8.625154546907275289e+03 9.928775251443977368e+01
8.625354485583344285e+03 1.034938993007394430e+02
8.625554424259413281e+03 9.775880502709897257e+01
8.625754362935480458e+03 9.951542657915638301e+01
8.625954301611551273e+03 1.007936696215723344e+02
8.626154240287616631e+03 9.161571492794462301e+01
8.626354178963685627e+03 1.028703598421010383e+02
8.626554117639754622e+03 1.032396978380529902e+02
8.626754056315821799e+03 1.042005650022692294e+02
8.626953994991890795e+03 1.023816466671016485e+02
8.627153933667957972e+03 9.855049518985656221e+01
8.627353872344028787e+03 1.004121285353592725e+02
8.627553811020095964e+03 9.395082320098164530e+01
8.627753749696163140e+03 1.033448590094720032e+02
8.627953688372232136e+03 9.747558520058639431e+01
8.628153627048299313e+03 1.054493064306958701e+02
8.628353565724368309e+03 9.762759874372424918e+01
8.628553504400437305e+03 9.593674732119195880e+01
8.628753443076502663e+03 1.008900513791924141e+02
8.628953381752573478e+03 9.532236408203883116e+01
8.629153320428640654e+03 1.032107148322876355e+02
8.629353259104709650e+03 9.607409991340693978e+01
8.629553197780778646e+03 9.745667816777961434e+01
8.629753136456845823e+03 9.966028183476204561e+01
8.629953075132914819e+03 1.006881612050331398e+02
8.630153013808980177e+03 9.584475782051025305e+01
8.630352952485050992e+03 1.051565513308501210e+02
8.630552891161119987e+03 9.925140751327224109e+01
8.630752829837187164e+03 9.879036621806004348e+01
8.630952768513256160e+03 1.060354532207108349e+02
8.631152707189321518e+03 9.782060856249854908e+01
8.631352645865392333e+03 9.664346168232552259e+01
8.631552584541459510e+03 9.697066328234338073e+01
8.631752523217528505e+03 9.690855263292127120e+01
8.631952461893595682e+03 1.023405753101486084e+02
8.632152400569664678e+03 1.051793847302801908e+02
8.632352339245733674e+03 9.677481077581902014e+01
8.632552277921800851e+03 9.939278397812084620e+01
8.632752216597869847e+03 1.007701789750427395e+02
8.632952155273937024e+03 9.546748847186567843e+01
8.633152093950006019e+03 9.622234320975204014e+01
8.633352032626073196e+03 1.042528956556744646e+02
8.633551971302142192e+03 9.687890031629368082e+01
8.633751909978211188e+03 9.588621468548234361e+01
8.633951848654278365e+03 9.643883865261678068e+01
8.634151787330347361e+03 9.492080114216531683e+01
8.634351726006414538e+03 1.013107852026970903e+02
8.634551664682483533e+03 1.036184821060708003e+02
8.634751603358550710e+03 9.864709207365041266e+01
8.634951542034619706e+03 1.024850241018034751e+02
8.635151480710688702e+03 9.582984855186445827e+01
8.635351419386755879e+03 1.054678492911244660e+02
8.635551358062826694e+03 1.001813700177577857e+02
8.635751296738892052e+03 9.980154847175195698e+01
8.635951235414961047e+03 1.031628120442909022e+02
8.636151174091028224e+03 9.815969734944940228e+01
8.636351112767097220e+03 1.001048568334635007e+02
8.636551051443166216e+03 1.020125012676751766e+02
8.636750990119233393e+03 9.490823358735461568e+01
8.636950928795302389e+03 1.004170813818798820e+02
8.637150867471369565e+03 1.005312984579535680e+02
8.637350806147438561e+03 9.581696685836604388e+01
8.637550744823507557e+03 9.861457972534748251e+01
8.637750683499574734e+03 1.044057325163986718e+02
8.637950622175643730e+03 9.521038562881994949e+01
8.638150560851710907e+03 9.842564086473788620e+01
8.638350499527779903e+03 1.034688651573870573e+02
8.638550438203848898e+03 1.011818242252343367e+02
8.638750376879916075e+03 1.002795136861717396e+02
8.638950315555985071e+03 1.055057320541186527e+02
8.639150254232052248e+03 9.969924999215609773e+01
8.639350192908119425e+03 1.080375082808638609e+02
8.639550131584190240e+03 9.938336483367548624e+01
8.639750070260255598e+03 9.953295590101232904e+01
8.639950008936326412e+03 9.768513060202846532e+01
8.640149947612393589e+03 1.067563878195596629e+02
8.640349886288462585e+03 9.345032341899027983e+01
8.640549824964531581e+03 1.010113463233041387e+02
8.640749763640596939e+03 9.927916715611432608e+01
8.640949702316667754e+03 1.013969465483106092e+02
8.641149640992733111e+03 1.000866402178984913e+02
8.641349579668803926e+03 9.599804095921570024e+01
8.641549518344872922e+03 9.566471554585079673e+01
8.641749457020938280e+03 9.071309336578759996e+01
8.641949395697009095e+03 9.769887943899861682e+01
8.642149334373074453e+03 1.039958610675650448e+02
8.642349273049145268e+03 9.991155470818581819e+01
8.642549211725212444e+03 9.451293225706953649e+01
8.642749150401281440e+03 9.682650632829010817e+01
8.642949089077348617e+03 1.006229593127591642e+02
8.643149027753415794e+03 1.029483951311534753e+02
8.643348966429486609e+03 1.048389109819490557e+02
8.643548905105553786e+03 1.022547864581215578e+02
8.643748843781622782e+03 9.844092802986803292e+01
8.643948782457689958e+03 9.960458661452636875e+01
8.644148721133757135e+03 9.663056213993712618e+01
8.644348659809826131e+03 9.671667881398445843e+01
8.644548598485895127e+03 9.557698658852824281e+01
8.644748537161964123e+03 9.542963398357096594e+01
8.644948475838031300e+03 9.200938081363123899e+01
8.645148414514098477e+03 1.025972661183152610e+02
8.645348353190167472e+03 9.276949733654403474e+01
8.645548291866236468e+03 9.603789573298340088e+01
8.645748230542303645e+03 1.046562261245869081e+02
8.645948169218372641e+03 9.132861958099681488e+01
8.646148107894439818e+03 9.768231107681391734e+01
8.646348046570508814e+03 1.086499271403916964e+02
8.646547985246577809e+03 1.015422421645481847e+02
8.646747923922644986e+03 9.937749690077190223e+01
8.646947862598713982e+03 1.001918039951785886e+02
8.647147801274781159e+03 1.045394320528892820e+02
8.647347739950850155e+03 9.926349402096123242e+01
8.647547678626917332e+03 1.122843439025109689e+02
8.647747617302986328e+03 1.011129342845963635e+02
8.647947555979055323e+03 1.045018164843708490e+02
8.648147494655122500e+03 9.686012844390899090e+01
8.648347433331191496e+03 1.000957213173510780e+02
8.648547372007260492e+03 1.027369446457913398e+02
8.648747310683327669e+03 9.913890573344974655e+01
8.648947249359394846e+03 1.028073018668892331e+02
8.649147188035463842e+03 1.044786906976008538e+02
8.649347126711531018e+03 9.723871469833363790e+01
8.649547065387601833e+03 1.013424782474546930e+02
8.649747004063669010e+03 1.015230644274606107e+02
8.649946942739736187e+03 1.005857730208665402e+02
8.650146881415805183e+03 9.826948687078031242e+01
8.650346820091872360e+03 9.811084896093201735e+01
8.650546758767943174e+03 1.000416461401964199e+02
8.650746697444008532e+03 9.877969759613134215e+01
8.650946636120079347e+03 9.656065387560761337e+01
8.651146574796146524e+03 9.712489407420102339e+01
8.651346513472213701e+03 9.461913527038242933e+01
8.651546452148284516e+03 9.432114192850599466e+01
8.651746390824349874e+03 1.055825056586867703e+02
8.651946329500420688e+03 1.001718037218765289e+02
8.652146268176486046e+03 9.880990787276869014e+01
8.652346206852555042e+03 9.654887082690717648e+01
8.652546145528624038e+03 1.055334794803222138e+02
8.652746084204691215e+03 9.618319582977406412e+01
8.652946022880762030e+03 9.640563292330584488e+01
8.653145961556827388e+03 9.078231918312221183e+01
8.653345900232896383e+03 9.604097563153337092e+01
8.653545838908965379e+03 9.229314655048057148e+01
8.653745777585032556e+03 9.514135675978729978e+01
8.653945716261101552e+03 9.303671210371493316e+01
8.654145654937168729e+03 9.358263865833464479e+01
8.654345593613239544e+03 1.031048771087811105e+02
8.654545532289306720e+03 1.015099871579622857e+02
8.654745470965373897e+03 9.534882935437987328e+01
8.654945409641442893e+03 9.516897848184729014e+01
8.655145348317510070e+03 9.731633657320101349e+01
8.655345286993579066e+03 9.692755282002399042e+01
8.655545225669648062e+03 9.233726568518295608e+01
8.655745164345713420e+03 9.431240949508402593e+01
8.655945103021784234e+03 8.600357946199967785e+01
8.656145041697851411e+03 9.617539788370528697e+01
8.656344980373920407e+03 8.951221171042452340e+01
8.656544919049989403e+03 8.971514651021880127e+01
8.656744857726056580e+03 9.037725743708689663e+01
8.656944796402125576e+03 9.111793040249978048e+01
8.657144735078190934e+03 8.626261486448278504e+01
8.657344673754261748e+03 9.458844244055978834e+01
8.657544612430330744e+03 8.249184435446269958e+01
8.657744551106397921e+03 8.388190830063336989e+01
8.657944489782466917e+03 7.757346210653712149e+01
8.658144428458532275e+03 7.537118309896736434e+01
8.658344367134603090e+03 7.421601194956319603e+01
8.658544305810670267e+03 7.083989892136540334e+01
8.658744244486739262e+03 5.649096652477105351e+01
8.658944183162806439e+03 5.874090446161368106e+01
8.659144121838875435e+03 4.492871145012718870e+01
8.659344060514944431e+03 3.711055156247348208e+01
8.659543999191011608e+03 3.945823996015685964e+01
8.659743937867080604e+03 4.620171423886698392e+01
8.659943876543147780e+03 5.365089655641189381e+01
8.660143815219216776e+03 5.921561706799116109e+01
8.660343753895283953e+03 7.007738022617731133e+01
8.660543692571352949e+03 7.738761887891595848e+01
8.660743631247421945e+03 7.109739742801446027e+01
8.660943569923489122e+03 7.868854591295571765e+01
8.661143508599558118e+03 8.016767844974377510e+01
8.661343447275625294e+03 8.800195525082081360e+01
8.661543385951696109e+03 8.815743216565964246e+01
8.661743324627761467e+03 9.323961110734431657e+01
8.661943263303830463e+03 8.855598300612892615e+01
8.662143201979897640e+03 9.928857154620196468e+01
8.662343140655966636e+03 9.327475470718466966e+01
8.662543079332037451e+03 9.296953640406312047e+01
8.662743018008102808e+03 8.957367150867258943e+01
8.662942956684171804e+03 9.570791661241352699e+01
8.663142895360238981e+03 9.337834200790631201e+01
8.663342834036307977e+03 8.791417920917577078e+01
8.663542772712376973e+03 1.038344772219943195e+02
8.663742711388444150e+03 9.980120138867505375e+01
8.663942650064513145e+03 9.196993536308687567e+01
8.664142588740580322e+03 9.428219749368682301e+01
8.664342527416649318e+03 9.835033231933516618e+01
8.664542466092718314e+03 9.768129090821703642e+01
8.664742404768785491e+03 8.941133533205147899e+01
8.664942343444854487e+03 9.219665441347609658e+01
8.665142282120921664e+03 9.464542456464765507e+01
8.665342220796988840e+03 9.418804870798575735e+01
8.665542159473059655e+03 1.030476283058675904e+02
8.665742098149126832e+03 9.762118014116049380e+01
8.665942036825195828e+03 9.729662669099361949e+01
8.666141975501263005e+03 1.034530912005930219e+02
8.666341914177330182e+03 1.007671227976902628e+02
8.666541852853400997e+03 9.697826253807309627e+01
8.666741791529466354e+03 9.187100189180154075e+01
8.666941730205537169e+03 1.023265254632967469e+02
8.667141668881604346e+03 1.052806940941069769e+02
8.667341607557673342e+03 9.716399410430507544e+01
8.667541546233742338e+03 1.023083178028308708e+02
8.667741484909807696e+03 9.869553460294217473e+01
8.667941423585878510e+03 9.441144960328212221e+01
8.668141362261943868e+03 1.039916079177929902e+02
8.668341300938014683e+03 1.021682309369001871e+02
8.668541239614081860e+03 9.972521534989422776e+01
8.668741178290149037e+03 1.012082077878297213e+02
8.668941116966219852e+03 1.031010366572140242e+02
8.669141055642285210e+03 9.958434006073112243e+01
8.669340994318356024e+03 1.017227446815553549e+02
8.669540932994423201e+03 1.073815283851224507e+02
8.669740871670492197e+03 9.452507722936520906e+01
8.669940810346559374e+03 9.542179921391705477e+01
8.670140749022626551e+03 9.425427036772497047e+01
8.670340687698697366e+03 9.874912633477461554e+01
8.670540626374764543e+03 9.684854770918363442e+01
8.670740565050833538e+03 9.881739806720622710e+01
8.670940503726900715e+03 1.046818426918633804e+02
8.671140442402967892e+03 1.019076288831111299e+02
8.671340381079036888e+03 9.560208085367453634e+01
8.671540319755105884e+03 9.087123295470624385e+01
8.671740258431174880e+03 1.023121146519631850e+02
8.671940197107242057e+03 7.944033434866770449e+01
8.672140135783309233e+03 8.610197113066348606e+01
8.672340074459378229e+03 8.292384348543187400e+01
8.672540013135447225e+03 9.437241828405015553e+01
8.672739951811514402e+03 8.412831744996485384e+01
8.672939890487583398e+03 9.449332940323874652e+01
8.673139829163650575e+03 9.292359210143888504e+01
8.673339767839719570e+03 9.757491033197369745e+01
8.673539706515788566e+03 9.338023465800328893e+01
8.673739645191855743e+03 1.016588257815011502e+02
8.673939583867924739e+03 9.981613707417008641e+01
8.674139522543991916e+03 9.476006245096100145e+01
8.674339461220060912e+03 1.019994522286924621e+02
8.674539399896128089e+03 9.663632122154159276e+01
8.674739338572197084e+03 1.023381411627050426e+02
8.674939277248266080e+03 1.053034043419228283e+02
8.675139215924333257e+03 1.013579412627625516e+02
8.675339154600402253e+03 1.027088267303424516e+02
8.675539093276471249e+03 9.737126122759808311e+01
8.675739031952538426e+03 1.034856641140011249e+02
8.675938970628605603e+03 1.022456950841759351e+02
8.676138909304674598e+03 9.499716804549630922e+01
8.676338847980741775e+03 1.037499258478249260e+02
8.676538786656812590e+03 9.666874208518045464e+01
8.676738725332879767e+03 1.010180776543566452e+02
8.676938664008946944e+03 1.036511158239593016e+02
8.677138602685015940e+03 1.026095195280807673e+02
8.677338541361083116e+03 9.511349724234655412e+01
8.677538480037153931e+03 1.000487360792371305e+02
8.677738418713219289e+03 9.816852955125688140e+01
8.677938357389290104e+03 1.033699603263499114e+02
8.678138296065357281e+03 9.549928989876248409e+01
8.678338234741424458e+03 1.030872238520438486e+02
8.678538173417495273e+03 1.040926105464069309e+02
8.678738112093560630e+03 9.925249640732883449e+01
8.678938050769631445e+03 1.060800262418482447e+02
8.679137989445696803e+03 1.046299077557809341e+02
8.679337928121765799e+03 1.022020373244502309e+02
8.679537866797834795e+03 9.959872308317581258e+01
8.679737805473901972e+03 1.005995964142090884e+02
8.679937744149972787e+03 9.574097108976631887e+01
8.680137682826038144e+03 1.018035802928665277e+02
8.680337621502108959e+03 8.896998955010533905e+01
8.680537560178176136e+03 1.007474844131335203e+02
8.680737498854243313e+03 9.279207618640951694e+01
8.680937437530312309e+03 9.795957118532413688e+01
8.681137376206379486e+03 9.942784548054108029e+01
8.681337314882450301e+03 9.862896670452290948e+01
8.681537253558517477e+03 1.008468074262436147e+02
8.681737192234584654e+03 9.669242910189245777e+01
8.681937130910653650e+03 9.574914421361157224e+01
8.682137069586720827e+03 9.950611765549921017e+01
8.682337008262789823e+03 1.040572413273262384e+02
8.682536946938858819e+03 9.399147421459126406e+01
8.682736885614924176e+03 1.005120874031153022e+02
8.682936824290994991e+03 1.011200923986757374e+02
8.683136762967062168e+03 9.702892011002981576e+01
8.683336701643131164e+03 1.045057089961043744e+02
8.683536640319200160e+03 9.838572111349817817e+01
8.683736578995267337e+03 9.352951587530181143e+01
8.683936517671336333e+03 1.026530237174927152e+02
8.684136456347401690e+03 1.035797674190098547e+02
8.684336395023472505e+03 9.514444211042173549e+01
8.684536333699541501e+03 1.020221412680823931e+02
8.684736272375608678e+03 9.796815710529051557e+01
8.684936211051677674e+03 9.690913797978899424e+01
8.685136149727743032e+03 1.050584443890256381e+02
8.685336088403813847e+03 9.153350084671468778e+01
8.685536027079881023e+03 8.570662470062347893e+01
8.685735965755950019e+03 7.783620880834710931e+01
8.685935904432017196e+03 6.944807066042201882e+01
8.686135843108086192e+03 7.418049279674539775e+01
8.686335781784155188e+03 7.849848263262651926e+01
8.686535720460222365e+03 8.734316928292633975e+01
8.686735659136291360e+03 9.013299128898175638e+01
8.686935597812358537e+03 9.738049810425501107e+01
8.687135536488427533e+03 1.009879721951489699e+02
8.687335475164494710e+03 1.050942155284047743e+02
8.687535413840563706e+03 1.025159848731333057e+02
8.687735352516632702e+03 9.860251897154313383e+01
8.687935291192699879e+03 1.057198246905843604e+02
8.688135229868768874e+03 1.018556642114754140e+02
8.688335168544836051e+03 1.038217466509485831e+02
8.688535107220906866e+03 9.880226933840860681e+01
8.688735045896972224e+03 9.389874752348451636e+01
8.688934984573041220e+03 1.091369791097111772e+02
8.689134923249108397e+03 1.043664895865315003e+02
8.689334861925177393e+03 9.955647663369424549e+01
8.689534800601248207e+03 9.584109583149729872e+01
8.689734739277313565e+03 9.766419894094183007e+01
8.689934677953382561e+03 1.029984517855184549e+02
8.690134616629449738e+03 9.506383643773617109e+01
8.690334555305518734e+03 1.052682745789766017e+02
8.690534493981587730e+03 8.852898385330921371e+01
8.690734432657654907e+03 9.799227505122405546e+01
8.690934371333723902e+03 1.022470419487621598e+02
8.691134310009791079e+03 9.894118334187889729e+01
8.691334248685860075e+03 1.042687810266056374e+02
8.691534187361929071e+03 9.455550744327454993e+01
8.691734126037996248e+03 1.012240955076806301e+02
8.691934064714065244e+03 1.001238787881981267e+02
8.692134003390132420e+03 9.588941212428548511e+01
8.692333942066199597e+03 1.010033860405771122e+02
8.692533880742270412e+03 9.662791153946470502e+01
8.692733819418337589e+03 9.355282615325404549e+01
8.692933758094406585e+03 1.028931341568977018e+02
8.693133696770473762e+03 1.036676948031198719e+02
8.693333635446540939e+03 1.003660243372199545e+02
8.693533574122611753e+03 1.075287845343653430e+02
8.693733512798677111e+03 1.017280644120646542e+02
8.693933451474747926e+03 1.082130855019928219e+02
8.694133390150815103e+03 9.846603147615128648e+01
8.694333328826884099e+03 9.818692922423632297e+01
8.694533267502953095e+03 9.704986342184578518e+01
8.694733206179018453e+03 1.028937109864822190e+02
8.694933144855089267e+03 1.096317739222442356e+02
8.695133083531154625e+03 1.032153675757380284e+02
8.695333022207225440e+03 9.597155167418586075e+01
8.695532960883292617e+03 1.016045813367750128e+02
8.695732899559359794e+03 9.433001625421950109e+01
8.695932838235430609e+03 1.051117455824372087e+02
8.696132776911495966e+03 9.554379631461036126e+01
8.696332715587566781e+03 9.531672851448912809e+01
8.696532654263633958e+03 9.534312245602477276e+01
8.696732592939702954e+03 9.776030850456677967e+01
8.696932531615770131e+03 1.019317961387764626e+02
8.697132470291837308e+03 9.805102351009155370e+01
8.697332408967908123e+03 9.773711017781272403e+01
8.697532347643975299e+03 9.861069579878530078e+01
8.697732286320044295e+03 9.368742462883216149e+01
8.697932224996111472e+03 9.708632532541486171e+01
8.698132163672178649e+03 9.163490046011801837e+01
8.698332102348247645e+03 1.034838033810752478e+02
8.698532041024316641e+03 9.923610092938031357e+01
8.698731979700383818e+03 9.526537203414268618e+01
8.698931918376452813e+03 9.015910888723621497e+01
8.699131857052519990e+03 1.027978421530908406e+02
8.699331795728588986e+03 9.991315626964905050e+01
8.699531734404657982e+03 9.868324716012250519e+01
8.699731673080725159e+03 1.035986652077057073e+02
8.699931611756794155e+03 9.577450485107438283e+01
8.700131550432861332e+03 9.818213761045230115e+01
8.700331489108930327e+03 9.841479390143453543e+01
8.700531427784999323e+03 9.767511444701307255e+01
8.700731366461066500e+03 9.947142696103050241e+01
8.700931305137135496e+03 1.039652545066663976e+02
8.701131243813202673e+03 1.002743581262386101e+02
8.701331182489271669e+03 9.721450494397353737e+01
8.701531121165338845e+03 1.048159631210528744e+02
8.701731059841407841e+03 9.578868678062417530e+01
8.701930998517475018e+03 1.032955553690899819e+02
8.702130937193544014e+03 1.030056309589088386e+02
8.702330875869613010e+03 1.039340162532341338e+02
8.702530814545682006e+03 1.003349373879425315e+02
8.702730753221749183e+03 1.070940428087181999e+02
8.702930691897816359e+03 1.023133321801165749e+02
8.703130630573885355e+03 9.327572858121985178e+01
8.703330569249952532e+03 9.403559513904581024e+01
8.703530507926023347e+03 1.057277551078156819e+02
8.703730446602090524e+03 9.770331894801375938e+01
8.703930385278157701e+03 9.221170486080052342e+01
8.704130323954226697e+03 1.017181400844553281e+02
8.704330262630293873e+03 1.024785823097218724e+02
8.704530201306364688e+03 1.072308834860314732e+02
8.704730139982430046e+03 9.977275163408575054e+01
8.704930078658500861e+03 9.861931971081628490e+01
8.705130017334568038e+03 9.737231203652858369e+01
8.705329956010635215e+03 9.456990346052421614e+01
8.705529894686706029e+03 9.671507483732762012e+01
8.705729833362771387e+03 9.747977096908859096e+01
8.705929772038842202e+03 1.015004326396879719e+02
8.706129710714907560e+03 9.627064195072537700e+01
8.706329649390976556e+03 9.602125098436719952e+01
8.706529588067045552e+03 1.045580929180077163e+02
8.706729526743112729e+03 1.011975440429426101e+02
8.706929465419183543e+03 9.390972120802670986e+01
8.707129404095248901e+03 9.868615463925587505e+01
8.707329342771319716e+03 9.363616280851992713e+01
8.707529281447386893e+03 8.904002098024200507e+01
8.707729220123454070e+03 9.307652083693554346e+01
8.707929158799523066e+03 9.339512958609043380e+01
8.708129097475590243e+03 8.703387124617663062e+01
8.708329036151661057e+03 9.661502060174636597e+01
8.708528974827728234e+03 9.621348175594404495e+01
8.708728913503795411e+03 9.946607960746736410e+01
8.708928852179864407e+03 1.005240028450398455e+02
8.709128790855931584e+03 1.021035023657216669e+02
8.709328729532000580e+03 1.009220306855640530e+02
8.709528668208069575e+03 9.745605953163521917e+01
8.709728606884134933e+03 1.006009875871250614e+02
8.709928545560205748e+03 9.429652251460670698e+01
8.710128484236272925e+03 1.002729812494428501e+02
8.710328422912341921e+03 8.536125461856778429e+01
8.710528361588410917e+03 8.982461003347103201e+01
8.710728300264478094e+03 9.548577066319066375e+01
8.710928238940547089e+03 9.909054381722826577e+01
8.711128177616612447e+03 9.545928421272915898e+01
8.711328116292683262e+03 1.048924043945900735e+02
8.711528054968752258e+03 1.010001790193695257e+02
8.711727993644819435e+03 9.685398334343132376e+01
8.711927932320888431e+03 1.041925092748332418e+02
8.712127870996953789e+03 9.777877601851089651e+01
8.712327809673024603e+03 9.634296553520997008e+01
8.712527748349091780e+03 9.553108808017218223e+01
8.712727687025160776e+03 1.025650047444926685e+02
8.712927625701227953e+03 9.913073632484638154e+01
8.713127564377296949e+03 1.075944694339544299e+02
8.713327503053365945e+03 1.013998321023618132e+02
8.713527441729433122e+03 9.479016492864349175e+01
8.713727380405502117e+03 9.795465925524268869e+01
8.713927319081569294e+03 1.009235897100764134e+02
8.714127257757638290e+03 9.682419445139318270e+01
8.714327196433705467e+03 9.467648087500687382e+01
8.714527135109774463e+03 9.801572146633851901e+01
8.714727073785843459e+03 9.277795969193483927e+01
8.714927012461910635e+03 9.225206337671224333e+01
8.715126951137979631e+03 9.194040813843670890e+01
8.715326889814046808e+03 1.060176840593372418e+02
8.715526828490117623e+03 9.939762993764411192e+01
8.715726767166182981e+03 1.013148652401095120e+02
8.715926705842251977e+03 9.757540723238534497e+01
8.716126644518319154e+03 9.720845708790361073e+01
8.716326583194388149e+03 1.003336204895001487e+02
8.716526521870458964e+03 9.503892470677695314e+01
8.716726460546524322e+03 1.026665680431684962e+02
8.716926399222593318e+03 9.137462718146683471e+01
8.717126337898660495e+03 9.233663786000836637e+01
8.717326276574729491e+03 1.013648714887888218e+02
8.717526215250798487e+03 1.016370189104755326e+02
8.717726153926865663e+03 1.015114310779252662e+02
8.717926092602934659e+03 9.459022423723412487e+01
8.718126031279001836e+03 9.983437013193636744e+01
8.718325969955070832e+03 9.896486134116683786e+01
8.718525908631139828e+03 1.033254378023392519e+02
8.718725847307207005e+03 1.029893575242480779e+02
8.718925785983276000e+03 9.869741916084703348e+01
8.719125724659343177e+03 9.883820759319917215e+01
8.719325663335410354e+03 1.045358567860733956e+02
8.719525602011481169e+03 8.994923266119174343e+01
8.719725540687548346e+03 1.028883490538355971e+02
8.719925479363617342e+03 1.002607947383932583e+02
8.720125418039684519e+03 1.053788796661812057e+02
8.720325356715751695e+03 9.609766689731463885e+01
8.720525295391822510e+03 1.021647742133256145e+02
8.720725234067887868e+03 9.078651155650324256e+01
8.720925172743958683e+03 9.364978608981219566e+01
8.721125111420025860e+03 9.892656594259356950e+01
8.721325050096094856e+03 1.014315377371939633e+02
8.721524988772163852e+03 1.096181931288112992e+02
8.721724927448229209e+03 1.028987941863366018e+02
8.721924866124300024e+03 1.097676657657171404e+02
8.722124804800365382e+03 1.027722145416378510e+02
8.722324743476436197e+03 1.035074731588236432e+02
8.722524682152503374e+03 9.301059333859602418e+01
8.722724620828570551e+03 8.920081128629955458e+01
8.722924559504641365e+03 1.018840808514624428e+02
8.723124498180706723e+03 9.043944254630440582e+01
8.723324436856777538e+03 9.916664519602251460e+01
8.723524375532844715e+03 1.048720706297657301e+02
8.723724314208913711e+03 9.759735704757878239e+01
8.723924252884980888e+03 9.850025522517620402e+01
8.724124191561048065e+03 1.036369324308049897e+02
8.724324130237118879e+03 9.545854373025338191e+01
8.724524068913186056e+03 9.838468728329281987e+01
8.724724007589255052e+03 9.596733599022697092e+01
8.724923946265322229e+03 1.036610499311420597e+02
8.725123884941389406e+03 9.877051198150121536e+01
8.725323823617458402e+03 1.033781615767721149e+02
8.725523762293527398e+03 9.776927597172647211e+01
8.725723700969594574e+03 9.639687194869942743e+01
8.725923639645663570e+03 1.013153220971648523e+02
8.726123578321732566e+03 1.024801690082433652e+02
8.726323516997799743e+03 9.978053271459548057e+01
8.726523455673868739e+03 1.000897642153660314e+02
8.726723394349935916e+03 9.591550875448415070e+01
8.726923333026004912e+03 9.808443868204219029e+01
8.727123271702072088e+03 1.061912283651166717e+02
8.727323210378141084e+03 1.044253150890766477e+02
