8.478162865667991355e+03 9.871868543731412160e+01
8.478362822339353443e+03 1.025554220628551434e+02
8.478562779010711893e+03 1.030361128285953498e+02
8.478762735682072162e+03 9.964293261186031714e+01
8.478962692353430612e+03 1.013856842362467177e+02
8.479162649024792699e+03 1.008171833272516835e+02
8.479362605696152968e+03 9.791426850243844626e+01
8.479562562367511418e+03 9.734293329570733988e+01
8.479762519038871687e+03 9.860845075457835662e+01
8.479962475710231956e+03 9.981813527493524418e+01
8.480162432381594044e+03 1.000956288848510667e+02
8.480362389052954313e+03 9.851753749120479142e+01
8.480562345724312763e+03 1.018315045630291706e+02
8.480762302395674851e+03 9.908571906158827858e+01
8.480962259067033301e+03 9.763752463695075789e+01
8.481162215738393570e+03 9.948481604686067215e+01
8.481362172409753839e+03 1.001104470648182456e+02
8.481562129081114108e+03 1.009321587024577980e+02
8.481762085752474377e+03 1.010460315115277865e+02
8.481962042423832827e+03 9.769388814791462039e+01
8.482161999095193096e+03 9.996622835013570807e+01
8.482361955766555184e+03 9.768562932453673398e+01
8.482561912437913634e+03 1.001557768367063517e+02
8.482761869109273903e+03 9.949940979553417719e+01
8.482961825780632353e+03 1.005575611040130894e+02
8.483161782451994441e+03 9.840552111016225467e+01
8.483361739123356529e+03 1.001263271692346990e+02
8.483561695794714979e+03 9.909909869943390959e+01
8.483761652466075248e+03 9.886580026318189596e+01
8.483961609137433697e+03 1.009228347354641357e+02
8.484161565808795785e+03 1.002882083459887070e+02
8.484361522480156054e+03 9.952625128718270275e+01
8.484561479151514504e+03 9.866325831835733595e+01
8.484761435822874773e+03 1.028491067775772194e+02
8.484961392494235042e+03 1.011021554615076496e+02
8.485161349165595311e+03 9.825403012145561377e+01
8.485361305836955580e+03 1.018377286964446853e+02
8.485561262508314030e+03 9.997552718121140458e+01
8.485761219179676118e+03 9.918031106946668274e+01
8.485961175851034568e+03 9.891950024174533951e+01
8.486161132522394837e+03 1.008232120471433007e+02
8.486361089193756925e+03 1.000252026039881486e+02
8.486561045865117194e+03 9.905505291317598449e+01
8.486761002536477463e+03 1.010321777099227205e+02
8.486960959207835913e+03 1.000658770325601381e+02
8.487160915879196182e+03 9.888108112803456606e+01
8.487360872550556451e+03 9.862763989738886039e+01
8.487560829221916720e+03 1.008424915865997207e+02
8.487760785893276989e+03 9.979662611243189474e+01
8.487960742564635439e+03 9.901910384849134061e+01
8.488160699235995708e+03 9.825076977776329556e+01
8.488360655907357796e+03 9.968258194476310052e+01
8.488560612578716245e+03 9.999198565399015592e+01
8.488760569250076514e+03 1.016584548844265328e+02
8.488960525921434964e+03 1.008618799501066832e+02
8.489160482592797052e+03 9.649789902615862047e+01
8.489360439264159140e+03 1.002380770374444552e+02
8.489560395935517590e+03 9.906941828697328845e+01
8.489760352606877859e+03 1.022994987487163598e+02
8.489960309278238128e+03 9.938766617715468499e+01
8.490160265949598397e+03 9.721577281264374903e+01
8.490360222620958666e+03 1.000103160607768871e+02
8.490560179292317116e+03 9.916771305363178612e+01
8.490760135963679204e+03 1.010556676766436084e+02
8.490960092635037654e+03 9.997492239160536087e+01
8.491160049306397923e+03 9.822525743213336114e+01
8.491360005977758192e+03 1.012141489803110659e+02
8.491559962649116642e+03 9.973351009684498081e+01
8.491759919320478730e+03 9.797377417136340227e+01
8.491959875991837180e+03 1.007087598703462277e+02
8.492159832663197449e+03 1.009623026052370136e+02
8.492359789334557718e+03 9.820507103462253440e+01
8.492559746005919806e+03 9.985417591151723116e+01
8.492759702677280075e+03 1.013280576888895581e+02
8.492959659348638525e+03 1.006811725790803109e+02
8.493159616019998793e+03 9.898938082202704436e+01
8.493359572691360881e+03 9.917889154125685991e+01
8.493559529362719331e+03 9.885431740928292754e+01
8.493759486034079600e+03 9.647737993917132826e+01
8.493959442705438050e+03 9.723516748190915848e+01
8.494159399376800138e+03 9.678331456286007040e+01
8.494359356048160407e+03 9.531083967718625161e+01
8.494559312719518857e+03 9.658156783766804665e+01
8.494759269390879126e+03 9.449104115788755109e+01
8.494959226062239395e+03 9.059497249845260569e+01
8.495159182733599664e+03 8.896047919686537853e+01
8.495359139404959933e+03 7.794525525508707631e+01
8.495559096076320202e+03 7.482441379609220178e+01
8.495759052747682290e+03 6.417757057010307165e+01
8.495959009419040740e+03 5.809148626061450216e+01
8.496158966090401009e+03 5.486767691828296734e+01
8.496358922761761278e+03 5.777466610319619633e+01
8.496558879433119728e+03 6.187016283435385589e+01
8.496758836104481816e+03 7.243352487585995902e+01
8.496958792775840266e+03 7.670618692794177207e+01
8.497158749447200535e+03 8.713478588388259993e+01
8.497358706118560804e+03 9.133197320252413931e+01
8.497558662789921073e+03 9.207647701641974436e+01
8.497758619461281342e+03 9.433533729596096862e+01
8.497958576132639791e+03 9.737699905608950246e+01
8.498158532804000060e+03 9.825542831949988454e+01
8.498358489475362148e+03 9.776072393228407975e+01
8.498558446146722417e+03 9.481819712405406619e+01
8.498758402818082686e+03 9.684119705547844603e+01
8.498958359489441136e+03 9.819531574878999436e+01
8.499158316160803224e+03 1.000188707816309943e+02
8.499358272832163493e+03 9.734810429348448224e+01
8.499558229503521943e+03 9.821427074536900648e+01
8.499758186174882212e+03 9.962370094534992404e+01
8.499958142846242481e+03 9.990787641523041884e+01
8.500158099517602750e+03 9.743732818460820511e+01
8.500358056188963019e+03 9.647947058696983902e+01
8.500558012860321469e+03 9.565293110596088866e+01
8.500757969531681738e+03 9.703177045057979910e+01
8.500957926203042007e+03 9.644699694839704307e+01
8.501157882874402276e+03 9.864059335185594080e+01
8.501357839545762545e+03 9.788081925655275484e+01
8.501557796217120995e+03 9.776344410400750462e+01
8.501757752888484902e+03 1.014516849968185284e+02
8.501957709559843352e+03 9.732091118321123702e+01
8.502157666231203621e+03 1.017447443859284846e+02
8.502357622902563890e+03 1.011949688723971263e+02
8.502557579573924158e+03 9.955472961135818366e+01
8.502757536245284427e+03 1.006585287805610989e+02
8.502957492916642877e+03 1.018627418801933118e+02
8.503157449588003146e+03 9.919466081960953829e+01
8.503357406259365234e+03 9.888775489048283873e+01
8.503557362930723684e+03 9.967645420538221401e+01
8.503757319602083953e+03 1.004244144872407247e+02
8.503957276273442403e+03 1.005869082145048026e+02
8.504157232944804491e+03 1.011759473405793983e+02
8.504357189616164760e+03 9.847472382738394003e+01
8.504557146287523210e+03 1.023269286754324270e+02
8.504757102958885298e+03 9.700823944883065053e+01
8.504957059630245567e+03 9.839528408115663183e+01
8.505157016301605836e+03 9.991122953291159092e+01
8.505356972972966105e+03 9.911171801045686891e+01
8.505556929644324555e+03 9.906546069024126666e+01
8.505756886315684824e+03 1.001954326961624560e+02
8.505956842987045093e+03 1.009828216460180386e+02
8.506156799658405362e+03 1.017047478149946329e+02
8.506356756329765631e+03 9.999690881611918769e+01
8.506556713001124081e+03 9.720422022688656227e+01
8.506756669672486169e+03 1.010283445827944462e+02
8.506956626343844619e+03 9.775768776551866779e+01
8.507156583015204887e+03 1.021167431193582473e+02
8.507356539686565156e+03 9.770906834520236828e+01
8.507556496357925425e+03 9.995378510715454468e+01
8.507756453029285694e+03 1.002499281466980392e+02
8.507956409700645963e+03 1.000430683109877208e+02
8.508156366372006232e+03 9.975032510895236726e+01
8.508356323043368320e+03 9.874839312086827192e+01
8.508556279714726770e+03 9.949795609817530817e+01
8.508756236386087039e+03 1.014440867508766217e+02
8.508956193057445489e+03 9.821661386814976424e+01
8.509156149728807577e+03 9.742626666213067210e+01
8.509356106400167846e+03 9.951527630521339063e+01
8.509556063071526296e+03 9.883038670952709026e+01
8.509756019742886565e+03 1.000396911815189043e+02
8.509955976414245015e+03 1.031265499395875764e+02
8.510155933085607103e+03 1.009540924350809377e+02
8.510355889756967372e+03 9.764267654566647536e+01
8.510555846428325822e+03 9.863463416473483392e+01
8.510755803099686091e+03 9.967333891957854064e+01
8.510955759771048179e+03 1.007699378842573452e+02
8.511155716442408448e+03 1.005371205190205899e+02
8.511355673113768717e+03 9.913274078441391168e+01
8.511555629785127167e+03 9.946662662831043633e+01
8.511755586456489254e+03 9.626299762244130420e+01
8.511955543127847704e+03 9.567835342898408157e+01
8.512155499799207973e+03 9.584538690014795748e+01
8.512355456470568242e+03 9.166157086573929291e+01
8.512555413141928511e+03 9.465555764931659155e+01
8.512755369813288780e+03 9.906263795283196316e+01
8.512955326484647230e+03 1.005322215243130159e+02
8.513155283156007499e+03 9.774777646731551783e+01
8.513355239827369587e+03 9.827897258676284764e+01
8.513555196498728037e+03 9.747598190672337637e+01
8.513755153170088306e+03 1.003391162571074773e+02
8.513955109841448575e+03 9.858600037788497161e+01
8.514155066512810663e+03 1.005023500596330450e+02
8.514355023184170932e+03 1.014289840914795491e+02
8.514554979855529382e+03 1.009184758374859427e+02
8.514754936526889651e+03 1.006784954727895638e+02
8.514954893198248101e+03 9.984863249588244116e+01
8.515154849869610189e+03 9.859080664287073148e+01
8.515354806540970458e+03 9.826126858627650051e+01
8.515554763212328908e+03 1.006460461244745801e+02
8.515754719883689177e+03 1.010442938031307278e+02
8.515954676555049446e+03 1.009466695709008661e+02
8.516154633226409715e+03 9.941265970840719035e+01
8.516354589897769984e+03 1.012202241605706234e+02
8.516554546569128433e+03 9.760423320086047738e+01
8.516754503240490521e+03 9.843603678813839508e+01
8.516954459911848971e+03 1.012161692648851385e+02
8.517154416583211059e+03 9.949663658625378559e+01
8.517354373254571328e+03 9.806387840866239003e+01
8.517554329925931597e+03 9.976059239367947384e+01
8.517754286597291866e+03 1.007679528769545669e+02
8.517954243268650316e+03 1.003128882554018872e+02
8.518154199940010585e+03 9.921164645217901068e+01
8.518354156611372673e+03 1.001860614249425510e+02
8.518554113282731123e+03 1.008387373487872054e+02
8.518754069954091392e+03 9.988058962605252589e+01
8.518954026625449842e+03 1.004937112354257494e+02
8.519153983296810111e+03 9.801321326058992156e+01
8.519353939968172199e+03 9.916498326032252919e+01
8.519553896639530649e+03 9.871274326681361799e+01
8.519753853310890918e+03 9.641368210858317411e+01
8.519953809982249368e+03 9.840113449305131610e+01
8.520153766653613275e+03 1.013719304276897475e+02
8.520353723324973544e+03 9.959510172393608229e+01
8.520553679996331994e+03 1.013632489167003143e+02
8.520753636667692263e+03 1.003318686648761258e+02
8.520953593339052532e+03 9.504457054269329319e+01
8.521153550010412800e+03 9.798760394658152961e+01
8.521353506681773069e+03 1.010032380159899077e+02
8.521553463353131519e+03 1.008841606601585710e+02
8.521753420024493607e+03 9.795450666042401622e+01
8.521953376695852057e+03 9.973223804693675731e+01
8.522153333367212326e+03 1.002661512689598169e+02
8.522353290038572595e+03 9.952702150136020975e+01
8.522553246709932864e+03 1.004160959028979647e+02
8.522753203381293133e+03 1.012542275901547271e+02
8.522953160052651583e+03 9.968715278129916157e+01
8.523153116724011852e+03 9.874687028688666146e+01
8.523353073395375759e+03 9.918461474705878800e+01
8.523553030066734209e+03 1.007207434108760395e+02
8.523752986738094478e+03 1.019018157406594867e+02
8.523952943409452928e+03 1.004404048323157923e+02
8.524152900080813197e+03 9.915943727899578164e+01
8.524352856752175285e+03 1.007697827652843188e+02
8.524552813423533735e+03 1.009362125991845431e+02
8.524752770094894004e+03 1.020400111187686321e+02
8.524952726766252454e+03 9.887853558708060575e+01
8.525152683437614542e+03 1.000733027595501738e+02
8.525352640108974811e+03 9.942821210828920186e+01
8.525552596780333261e+03 9.919344769620273894e+01
8.525752553451693529e+03 9.890156881643248710e+01
8.525952510123053798e+03 9.752701625864854407e+01
8.526152466794414067e+03 9.882135535367090995e+01
8.526352423465776155e+03 1.020459523555803543e+02
8.526552380137134605e+03 9.995447176016502056e+01
8.526752336808496693e+03 1.004884609027485993e+02
8.526952293479855143e+03 9.730620953150128116e+01
8.527152250151215412e+03 1.010424989836543688e+02
8.527352206822575681e+03 9.947926291110636043e+01
8.527552163493935950e+03 1.015860612560779828e+02
8.527752120165296219e+03 9.900899880905154760e+01
8.527952076836654669e+03 9.909890946302731152e+01
8.528152033508014938e+03 9.598726574119970678e+01
8.528351990179375207e+03 9.583764726038462811e+01
8.528551946850735476e+03 9.825323148014520314e+01
8.528751903522095745e+03 1.003930924646610947e+02
8.528951860193454195e+03 1.004588366253605187e+02
8.529151816864814464e+03 1.001263120658086621e+02
8.529351773536176552e+03 9.909909140440167619e+01
8.529551730207536821e+03 9.919575542849669603e+01
8.529751686878897090e+03 1.014134307423936008e+02
8.529951643550255540e+03 9.832900991197048768e+01
8.530151600221617628e+03 9.832004852731324718e+01
8.530351556892977896e+03 9.938667138798655287e+01
8.530551513564336346e+03 1.002247333020369950e+02
8.530751470235696615e+03 9.719015452105743691e+01
8.530951426907056884e+03 1.026968593693358827e+02
8.531151383578417153e+03 9.815993929178297606e+01
8.531351340249777422e+03 9.781696176707978907e+01
8.531551296921135872e+03 9.981253806820814134e+01
8.531751253592497960e+03 9.968703759495714678e+01
8.531951210263856410e+03 9.726710502961266513e+01
8.532151166935216679e+03 9.756687967039783871e+01
8.532351123606576948e+03 1.034706309050768596e+02
8.532551080277939036e+03 1.012670486137655672e+02
8.532751036949299305e+03 1.001193390797507305e+02
8.532950993620657755e+03 9.829202094985377869e+01
8.533150950292018024e+03 9.872467287220914045e+01
8.533350906963378293e+03 9.751631101305194704e+01
8.533550863634738562e+03 9.766683938792345998e+01
8.533750820306098831e+03 9.703753396295037703e+01
8.533950776977457281e+03 9.866316234490388126e+01
8.534150733648817550e+03 9.720290663282102628e+01
8.534350690320179638e+03 9.772819030079487845e+01
8.534550646991538088e+03 9.732992139920519037e+01
8.534750603662898357e+03 9.681626271767132152e+01
8.534950560334256807e+03 9.647509473910263011e+01
8.535150517005618894e+03 9.868869606531086447e+01
8.535350473676979163e+03 9.774465961359491928e+01
8.535550430348339432e+03 9.503952864776714193e+01
8.535750387019699701e+03 9.626600797484726968e+01
8.535950343691059970e+03 9.535842071165056666e+01
8.536150300362420239e+03 9.444664620575092329e+01
8.536350257033780508e+03 9.534952380780394776e+01
8.536550213705138958e+03 9.296439601566213184e+01
8.536750170376501046e+03 9.503672798955902579e+01
8.536950127047859496e+03 9.206720035464033458e+01
8.537150083719219765e+03 9.318954566588956823e+01
8.537350040390580034e+03 9.239372372395745003e+01
8.537549997061938484e+03 9.004583634100622191e+01
8.537749953733300572e+03 8.796934925025065866e+01
8.537949910404659022e+03 8.841048687855277421e+01
8.538149867076019291e+03 8.785226721970680330e+01
8.538349823747379560e+03 8.203735594111162754e+01
8.538549780418739829e+03 7.858908549315958680e+01
8.538749737090101917e+03 7.721016258482296735e+01
8.538949693761460367e+03 7.360049480942697642e+01
8.539149650432820636e+03 6.761956144217552378e+01
8.539349607104182724e+03 6.679911681583143945e+01
8.539549563775541174e+03 5.997887841896289274e+01
8.539749520446901442e+03 5.548950475547763972e+01
8.539949477118259892e+03 4.639868188179907804e+01
8.540149433789621980e+03 4.651943905415093639e+01
8.540349390460982249e+03 4.301841782567603900e+01
8.540549347132340699e+03 4.631461903798665247e+01
8.540749303803700968e+03 5.210595368220504753e+01
8.540949260475061237e+03 5.802816528808912011e+01
8.541149217146421506e+03 6.384670069445856910e+01
8.541349173817781775e+03 6.942705441151052526e+01
8.541549130489140225e+03 7.253938213293433535e+01
8.541749087160502313e+03 7.994497313066291611e+01
8.541949043831862582e+03 8.211151200130129268e+01
8.542149000503222851e+03 8.350134466593671334e+01
8.542348957174583120e+03 8.333066655258961930e+01
8.542548913845941570e+03 9.078049684479488235e+01
8.542748870517303658e+03 8.642234026070727282e+01
8.542948827188662108e+03 8.907098796246802408e+01
8.543148783860022377e+03 8.847087344582247681e+01
8.543348740531382646e+03 9.096949964800273847e+01
8.543548697202742915e+03 9.241703648022435402e+01
8.543748653874103184e+03 9.293541731469184697e+01
8.543948610545461634e+03 9.203338480618870676e+01
8.544148567216821903e+03 9.440464071818919933e+01
8.544348523888183990e+03 9.483523949247607732e+01
8.544548480559542440e+03 9.515194851599194692e+01
8.544748437230902709e+03 9.693112117771555347e+01
8.544948393902262978e+03 9.537694213474077287e+01
8.545148350573625066e+03 9.456530613562114240e+01
8.545348307244985335e+03 9.920659722520488799e+01
8.545548263916343785e+03 9.489835481460981725e+01
8.545748220587704054e+03 9.961373054588509035e+01
8.545948177259064323e+03 9.813516262630312781e+01
8.546148133930424592e+03 9.459606845327901681e+01
8.546348090601784861e+03 9.873245118736359416e+01
8.546548047273143311e+03 9.681508701708655451e+01
8.546748003944503580e+03 9.896418850905827469e+01
8.546947960615863849e+03 1.016455289947325014e+02
8.547147917287224118e+03 9.835863762655100118e+01
8.547347873958584387e+03 9.674541020674183756e+01
8.547547830629942837e+03 9.886598702200657840e+01
8.547747787301304925e+03 9.901326328706281288e+01
8.547947743972665194e+03 9.925254470600391699e+01
8.548147700644025463e+03 9.803830512447783008e+01
8.548347657315385732e+03 9.987006492586883155e+01
8.548547613986746001e+03 9.759925534025542504e+01
8.548747570658106270e+03 9.761379908657573878e+01
8.548947527329464720e+03 9.849693702750779778e+01
8.549147484000824988e+03 9.893587002762514260e+01
8.549347440672187076e+03 9.816777461226280366e+01
8.549547397343545526e+03 9.880555573604374331e+01
8.549747354014905795e+03 9.774164117222981929e+01
8.549947310686264245e+03 9.770662387442568786e+01
8.550147267357626333e+03 9.890631874111547006e+01
8.550347224028986602e+03 1.008066319224272434e+02
8.550547180700345052e+03 9.926678216805603938e+01
8.550747137371705321e+03 9.837505608708113414e+01
8.550947094043065590e+03 9.950834121150101907e+01
8.551147050714427678e+03 1.000610487098992394e+02
8.551347007385787947e+03 1.021500540740951379e+02
8.551546964057146397e+03 9.826404578209088925e+01
8.551746920728506666e+03 9.747907033245121511e+01
8.551946877399866935e+03 1.021658011607930234e+02
8.552146834071227204e+03 9.944400717486344377e+01
8.552346790742587473e+03 9.957753046446225653e+01
8.552546747413945923e+03 9.885072835048532625e+01
8.552746704085308011e+03 9.881150829203482999e+01
8.552946660756666461e+03 9.946419626384556523e+01
8.553146617428026730e+03 9.799025623831343523e+01
8.553346574099386999e+03 1.001407640413807769e+02
8.553546530770747268e+03 1.001679893153807939e+02
8.553746487442107536e+03 9.866100722236841136e+01
8.553946444113465986e+03 9.955911947040631560e+01
8.554146400784828074e+03 9.904642401387428663e+01
8.554346357456190162e+03 9.863316331738131737e+01
8.554546314127548612e+03 9.978476387149414961e+01
8.554746270798908881e+03 9.647266282952678296e+01
8.554946227470267331e+03 9.932390170012521935e+01
8.555146184141629419e+03 9.885960539560180393e+01
8.555346140812989688e+03 9.885529420776317977e+01
8.555546097484348138e+03 1.003128719295266222e+02
8.555746054155708407e+03 9.984539017837406050e+01
8.555946010827066857e+03 9.945626302770899940e+01
8.556145967498428945e+03 9.980178377753929908e+01
8.556345924169789214e+03 9.981524319586208094e+01
8.556545880841147664e+03 1.005757671070900727e+02
8.556745837512507933e+03 9.877719998927119605e+01
8.556945794183868202e+03 9.864490569587468372e+01
8.557145750855230290e+03 9.788684381945282098e+01
8.557345707526590559e+03 9.945283249637576262e+01
8.557545664197949009e+03 9.896400013342173452e+01
8.557745620869311097e+03 9.727063531986635780e+01
8.557945577540669547e+03 9.798572185650537847e+01
8.558145534212029816e+03 9.904422274908615975e+01
8.558345490883390084e+03 1.010957421163725769e+02
8.558545447554750353e+03 9.937943725206642398e+01
8.558745404226110622e+03 1.008476843880229126e+02
8.558945360897469072e+03 9.906376367045231746e+01
8.559145317568829341e+03 1.002818163468433710e+02
8.559345274240191429e+03 1.010449867369278678e+02
8.559545230911549879e+03 9.915585737698275182e+01
8.559745187582910148e+03 1.004062211733187979e+02
8.559945144254268598e+03 1.009030825422278355e+02
8.560145100925628867e+03 9.825194499893841282e+01
8.560345057596992774e+03 9.899839585964376454e+01
8.560545014268351224e+03 9.901306947103050504e+01
8.560744970939711493e+03 9.694637850594973827e+01
8.560944927611069943e+03 9.921192854349307311e+01
8.561144884282432031e+03 9.942194517617369343e+01
8.561344840953792300e+03 9.995943357465169754e+01
8.561544797625150750e+03 9.995609987155708609e+01
8.561744754296511019e+03 1.001360392165481699e+02
8.561944710967871288e+03 9.953271140370553383e+01
8.562144667639231557e+03 1.007551578404532933e+02
8.562344624310591826e+03 9.919055224799917880e+01
8.562544580981950276e+03 9.891015267257550647e+01
8.562744537653312364e+03 9.777597887404974131e+01
8.562944494324670814e+03 9.955347150171576232e+01
8.563144450996031082e+03 1.009971909869902476e+02
8.563344407667393170e+03 9.842796476490907764e+01
8.563544364338753439e+03 9.605301861681462583e+01
8.563744321010113708e+03 1.018037242739270027e+02
8.563944277681472158e+03 9.981669376013722683e+01
8.564144234352832427e+03 9.881870176879679946e+01
8.564344191024194515e+03 1.001693155228284411e+02
8.564544147695552965e+03 9.855254570865560027e+01
8.564744104366913234e+03 9.933639882768996188e+01
8.564944061038271684e+03 9.839070230221169311e+01
8.565144017709631953e+03 9.876404221734601663e+01
8.565343974380994041e+03 9.954084794927670998e+01
8.565543931052352491e+03 1.000003635045404877e+02
8.565743887723712760e+03 9.964566750002549611e+01
8.565943844395071210e+03 1.004309595225333283e+02
8.566143801066433298e+03 1.014501580029945274e+02
8.566343757737793567e+03 1.006318730015621554e+02
8.566543714409153836e+03 9.855047795356837526e+01
8.566743671080514105e+03 1.017533928917304848e+02
8.566943627751874374e+03 1.004020808147395343e+02
8.567143584423234643e+03 9.947482548951879266e+01
8.567343541094594912e+03 9.901966161794072718e+01
8.567543497765953362e+03 9.974552674345407866e+01
8.567743454437315449e+03 1.016218311830060372e+02
8.567943411108673899e+03 9.908236952187719737e+01
8.568143367780034168e+03 9.785467852817868106e+01
8.568343324451394437e+03 9.970364254432566042e+01
8.568543281122754706e+03 9.984882434431567333e+01
8.568743237794114975e+03 9.788293858550242987e+01
8.568943194465473425e+03 1.017196048335878373e+02
8.569143151136833694e+03 9.963596271722757081e+01
8.569343107808193963e+03 9.998945955919292317e+01
8.569543064479556051e+03 9.949630996371209335e+01
8.569743021150916320e+03 1.004448439416669459e+02
8.569942977822274770e+03 9.840627553324634391e+01
8.570142934493635039e+03 9.980770412424202220e+01
8.570342891164997127e+03 9.897549477588601974e+01
8.570542847836355577e+03 9.911103179798163865e+01
8.570742804507715846e+03 1.015352459526802704e+02
8.570942761179074296e+03 9.905119589125099822e+01
8.571142717850436384e+03 1.018689018349566311e+02
8.571342674521796653e+03 1.003030769812241658e+02
8.571542631193155103e+03 9.919710766012232739e+01
8.571742587864515372e+03 1.009539300553746415e+02
8.571942544535875641e+03 9.930838175990147931e+01
8.572142501207235910e+03 9.815598293762153048e+01
8.572342457878596178e+03 9.977596242742113475e+01
8.572542414549956447e+03 9.745007829848667313e+01
8.572742371221318535e+03 1.012855429331460044e+02
8.572942327892676985e+03 1.013338505349013445e+02
8.573142284564037254e+03 9.968434828970009676e+01
8.573342241235397523e+03 1.006429551654055103e+02
8.573542197906757792e+03 9.812849395389432061e+01
8.573742154578118061e+03 9.944269149813580100e+01
8.573942111249476511e+03 1.005404579867568344e+02
8.574142067920836780e+03 9.757495871399284226e+01
8.574342024592197049e+03 1.013336356099337223e+02
8.574541981263557318e+03 1.010992692047980910e+02
8.574741937934917587e+03 1.003131539300828621e+02
8.574941894606276037e+03 9.991155265969966592e+01
8.575141851277636306e+03 1.010258576891955471e+02
8.575341807948998394e+03 1.002556756081490335e+02
8.575541764620356844e+03 9.614704026875668319e+01
8.575741721291718932e+03 1.018633497342562038e+02
8.575941677963077382e+03 1.011869982096349219e+02
8.576141634634439470e+03 1.001842696095602463e+02
8.576341591305799739e+03 9.969371900565806754e+01
8.576541547977158189e+03 9.796585470848361865e+01
8.576741504648518458e+03 1.001004924446772435e+02
8.576941461319878726e+03 9.918309701943168477e+01
8.577141417991238995e+03 9.839806110321555366e+01
8.577341374662599264e+03 1.002963155138746885e+02
8.577541331333957714e+03 9.771290385295972669e+01
8.577741288005319802e+03 1.020904530492673814e+02
8.577941244676678252e+03 9.881221069049914263e+01
8.578141201348038521e+03 1.004382205881303349e+02
8.578341158019398790e+03 1.011179868070881298e+02
8.578541114690757240e+03 9.955112409346473612e+01
8.578741071362121147e+03 9.959957462758943336e+01
8.578941028033479597e+03 9.930968627177726660e+01
8.579140984704839866e+03 9.705862357659775341e+01
8.579340941376200135e+03 9.830386936563125744e+01
8.579540898047560404e+03 1.007889207560629217e+02
8.579740854718920673e+03 9.587170246993517253e+01
8.579940811390279123e+03 9.895658742974747213e+01
8.580140768061639392e+03 9.836578881284904696e+01
8.580340724733001480e+03 9.773992327393698076e+01
8.580540681404359930e+03 9.508637939724897592e+01
8.580740638075720199e+03 9.784231774424850414e+01
8.580940594747078649e+03 1.008177501007930488e+02
8.581140551418440737e+03 1.001953837648927674e+02
8.581340508089801006e+03 9.793378938392223176e+01
8.581540464761159456e+03 9.995399886650368160e+01
8.581740421432519724e+03 9.719428549657639849e+01
8.581940378103881812e+03 1.020982300951869064e+02
8.582140334775242081e+03 9.956777199880389162e+01
8.582340291446602350e+03 1.026611317205526461e+02
8.582540248117960800e+03 9.848599098114678441e+01
8.582740204789322888e+03 9.772465391181948746e+01
8.582940161460681338e+03 9.445232397004397740e+01
8.583140118132041607e+03 9.757637133234719329e+01
8.583340074803401876e+03 9.970577461724587920e+01
8.583540031474760326e+03 1.012586219550661468e+02
8.583739988146122414e+03 9.985031418173774398e+01
8.583939944817480864e+03 9.861539597090059317e+01
8.584139901488841133e+03 9.888394044769027857e+01
8.584339858160201402e+03 9.838165988814567697e+01
8.584539814831561671e+03 1.020474578473302358e+02
8.584739771502921940e+03 1.002445766559219749e+02
8.584939728174282209e+03 9.879396437459627123e+01
8.585139684845642478e+03 9.870862862470546872e+01
8.585339641517004566e+03 9.765974411019234935e+01
8.585539598188363016e+03 1.011755409868004136e+02
8.585739554859723285e+03 1.009990390191303646e+02
8.585939511531081735e+03 9.714330243940790410e+01
8.586139468202443823e+03 1.007672882272535873e+02
8.586339424873804091e+03 1.008031445204381811e+02
8.586539381545162541e+03 1.009865978529813049e+02
8.586739338216522810e+03 1.005935963453972164e+02
8.586939294887883079e+03 9.988405902647656376e+01
8.587139251559243348e+03 1.012465878457045818e+02
8.587339208230603617e+03 9.953791686512741421e+01
8.587539164901962067e+03 1.001858284246533373e+02
8.587739121573322336e+03 9.943927684250580512e+01
8.587939078244682605e+03 9.966593541562517089e+01
8.588139034916044693e+03 9.965108854204605393e+01
8.588338991587404962e+03 1.007655749072651190e+02
8.588538948258763412e+03 1.008702827087892331e+02
8.588738904930125500e+03 1.004401644212427271e+02
8.588938861601483950e+03 1.010970511987976010e+02
8.589138818272844219e+03 9.809290096542001436e+01
8.589338774944204488e+03 1.003587362582731402e+02
8.589538731615564757e+03 1.003283083498237858e+02
8.589738688286925026e+03 1.020136224402572509e+02
8.589938644958283476e+03 1.028258986110396336e+02
8.590138601629643745e+03 9.947916646778489280e+01
8.590338558301005833e+03 1.009191700566101844e+02
8.590538514972364283e+03 1.018507386936772150e+02
8.590738471643724552e+03 1.007441645893657807e+02
8.590938428315083002e+03 1.007376587968362429e+02
8.591138384986446908e+03 1.011610718588652560e+02
8.591338341657807177e+03 9.941037138734510847e+01
8.591538298329165627e+03 1.009262986820511259e+02
8.591738255000525896e+03 1.004659200223367890e+02
8.591938211671884346e+03 1.003823590730485620e+02
8.592138168343246434e+03 1.016463076497081772e+02
8.592338125014606703e+03 1.010363172073706437e+02
8.592538081685965153e+03 9.799903099037328502e+01
8.592738038357325422e+03 1.032705820393744744e+02
8.592937995028685691e+03 1.014558463588231660e+02
8.593137951700045960e+03 9.953116176104698809e+01
8.593337908371406229e+03 1.020232860752119990e+02
8.593537865042764679e+03 1.009908599756105048e+02
8.593737821714126767e+03 9.873063369574481385e+01
8.593937778385485217e+03 1.010118068600039578e+02
8.594137735056847305e+03 9.985996287446918984e+01
8.594337691728207574e+03 1.008328923937551593e+02
8.594537648399567843e+03 9.856712991569912674e+01
8.594737605070928112e+03 9.941371118315738897e+01
8.594937561742286562e+03 1.008196205955020446e+02
8.595137518413646831e+03 9.684076029785678941e+01
8.595337475085008919e+03 1.001345920737623487e+02
8.595537431756367369e+03 9.801884422265223407e+01
8.595737388427727637e+03 9.805266110459997719e+01
8.595937345099086087e+03 9.931276548704948937e+01
8.596137301770448175e+03 9.745387494276926077e+01
8.596337258441808444e+03 9.968243813992931734e+01
8.596537215113166894e+03 9.598784109477155368e+01
8.596737171784527163e+03 9.669066804698695705e+01
8.596937128455885613e+03 9.884821561989681982e+01
8.597137085127247701e+03 9.670578496387041412e+01
8.597337041798609789e+03 9.641933345409512413e+01
8.597536998469968239e+03 1.000458749536846881e+02
8.597736955141328508e+03 1.018755478632884035e+02
8.597936911812688777e+03 9.816085353515161671e+01
8.598136868484049046e+03 1.019914041784912655e+02
8.598336825155409315e+03 9.859864878136997390e+01
8.598536781826767765e+03 1.010449659651641809e+02
8.598736738498129853e+03 1.021143299236292989e+02
8.598936695169488303e+03 1.001596620688319916e+02
8.599136651840848572e+03 9.987288497779911722e+01
8.599336608512208841e+03 1.005926663235809286e+02
8.599536565183569110e+03 9.943058463048673445e+01
8.599736521854929379e+03 9.925812155342714505e+01
8.599936478526287829e+03 9.901019847544594654e+01
8.600136435197648098e+03 9.803328558102636237e+01
8.600336391869012004e+03 9.877572002694657272e+01
8.600536348540370454e+03 9.906527661375960747e+01
8.600736305211730723e+03 1.007925543502829839e+02
8.600936261883089173e+03 9.988465617699669963e+01
8.601136218554449442e+03 1.012491928272148130e+02
8.601336175225811530e+03 1.005059208878571297e+02
8.601536131897169980e+03 1.003313610420875222e+02
8.601736088568530249e+03 1.011412344417529994e+02
8.601936045239888699e+03 9.802471411920996047e+01
8.602136001911250787e+03 9.962463659236685487e+01
8.602335958582611056e+03 9.907278960490332054e+01
8.602535915253969506e+03 1.006841768662933987e+02
8.602735871925329775e+03 1.001589546288459331e+02
8.602935828596690044e+03 1.024379313913136968e+02
8.603135785268050313e+03 1.025764694325172428e+02
8.603335741939410582e+03 9.927784989583504682e+01
8.603535698610770851e+03 9.880560695580902575e+01
8.603735655282132939e+03 1.013120000424103182e+02
8.603935611953491389e+03 9.844022816334683057e+01
8.604135568624851658e+03 1.005644909897531392e+02
8.604335525296211927e+03 9.684659976558633332e+01
8.604535481967572196e+03 9.891985289801735348e+01
8.604735438638932465e+03 1.000746597616400209e+02
8.604935395310290914e+03 9.927021716875259472e+01
8.605135351981651183e+03 1.008251982977277237e+02
8.605335308653013271e+03 9.900598690656229905e+01
8.605535265324371721e+03 1.021528933790855689e+02
8.605735221995731990e+03 1.014183656099873758e+02
8.605935178667090440e+03 1.001158244579360854e+02
8.606135135338450709e+03 9.818410805530824348e+01
8.606335092009812797e+03 1.024251636434312758e+02
8.606535048681173066e+03 1.013186266168302581e+02
8.606735005352533335e+03 1.013248006817353257e+02
8.606934962023891785e+03 9.903495078472681712e+01
8.607134918695253873e+03 1.013741481626558993e+02
8.607334875366614142e+03 1.026138569955552384e+02
8.607534832037972592e+03 1.023627126878477185e+02
8.607734788709332861e+03 1.006301328227599043e+02
8.607934745380693130e+03 9.789067416644320474e+01
8.608134702052053399e+03 1.006444019538021735e+02
8.608334658723413668e+03 1.011419645473305877e+02
8.608534615394772118e+03 9.835465473069866960e+01
8.608734572066134206e+03 9.920728754717359266e+01
8.608934528737492656e+03 1.005395358684895086e+02
8.609134485408852925e+03 9.976901526308657253e+01
8.609334442080213194e+03 9.787696602491578801e+01
8.609534398751575281e+03 9.673331359371815097e+01
8.609734355422935550e+03 9.665245612262532404e+01
8.609934312094294000e+03 9.555705880060047264e+01
8.610134268765654269e+03 9.752323223130889573e+01
8.610334225437014538e+03 9.908022484833787757e+01
8.610534182108374807e+03 9.797607965275298625e+01
8.610734138779735076e+03 1.000876372550221021e+02
8.610934095451093526e+03 1.035836716970694766e+02
8.611134052122453795e+03 9.934789439948987422e+01
8.611334008793815883e+03 1.011401429587652530e+02
8.611533965465174333e+03 9.844292413680065579e+01
8.611733922136534602e+03 1.001376591307372053e+02
8.611933878807893052e+03 9.952462666461335061e+01
8.612133835479255140e+03 9.917376533254706317e+01
8.612333792150615409e+03 1.022874437423006952e+02
8.612533748821973859e+03 1.006287529602138306e+02
8.612733705493335947e+03 1.030306230481296126e+02
8.612933662164696216e+03 9.832391700951642122e+01
8.613133618836056485e+03 1.021767401808617279e+02
8.613333575507416754e+03 9.880133913039351512e+01
8.613533532178775204e+03 9.828734385755667802e+01
8.613733488850137292e+03 1.027585993789357843e+02
8.613933445521495742e+03 1.003999575124729091e+02
8.614133402192856011e+03 9.974831315181039315e+01
8.614333358864216279e+03 9.794545600551552411e+01
8.614533315535576548e+03 9.858093052967494430e+01
8.614733272206936817e+03 9.949780511225635848e+01
8.614933228878295267e+03 1.013971524350697848e+02
8.615133185549655536e+03 9.896627884530040831e+01
8.615333142221015805e+03 9.925549496071350575e+01
8.615533098892376074e+03 1.007504663140173733e+02
8.615733055563738162e+03 1.031295737848350029e+02
8.615933012235096612e+03 9.984962304339649108e+01
8.616132968906456881e+03 1.011436326556053160e+02
8.616332925577818969e+03 1.007455153833130197e+02
8.616532882249177419e+03 1.014758633045217096e+02
8.616732838920537688e+03 9.932271221784134241e+01
8.616932795591896138e+03 1.009637690664414293e+02
8.617132752263258226e+03 9.952243964513465357e+01
8.617332708934618495e+03 9.918530249152108524e+01
8.617532665605976945e+03 1.002211298437570832e+02
8.617732622277337214e+03 9.824877298682015692e+01
8.617932578948697483e+03 1.001349838631561227e+02
8.618132535620057752e+03 9.997846324380667227e+01
8.618332492291418021e+03 9.949706440537815411e+01
8.618532448962776471e+03 9.773435820928126816e+01
8.618732405634138559e+03 9.903110186430338047e+01
8.618932362305498827e+03 9.998744698567689682e+01
8.619132318976859096e+03 9.976402696470034925e+01
8.619332275648219365e+03 9.977724921236426781e+01
8.619532232319577815e+03 9.939915804903969843e+01
8.619732188990939903e+03 9.621387753534034459e+01
8.619932145662298353e+03 9.929820526747114684e+01
8.620132102333658622e+03 9.622062383458636248e+01
8.620332059005018891e+03 1.002744013580526286e+02
8.620532015676379160e+03 9.948662839404433100e+01
8.620731972347739429e+03 1.000181321935649521e+02
8.620931929019097879e+03 1.017358164713861299e+02
8.621131885690458148e+03 9.972633915739424992e+01
8.621331842361820236e+03 1.002075505168383387e+02
8.621531799033178686e+03 1.013128233996219763e+02
8.621731755704538955e+03 9.934192589275455987e+01
8.621931712375899224e+03 1.005653622584262763e+02
8.622131669047261312e+03 1.035633929787993281e+02
8.622331625718621581e+03 9.922765803575168775e+01
8.622531582389980031e+03 9.997792816159051199e+01
8.622731539061340300e+03 1.005242187291454314e+02
8.622931495732700569e+03 1.000648188615357270e+02
8.623131452404060838e+03 9.997662073670925054e+01
8.623331409075421107e+03 9.975055149459956283e+01
8.623531365746779557e+03 9.764855658822907003e+01
8.623731322418141644e+03 9.903748075321946942e+01
8.623931279089500094e+03 1.011388592990652455e+02
8.624131235760860363e+03 9.980011556191168154e+01
8.624331192432220632e+03 9.859366027071597216e+01
8.624531149103579082e+03 9.963433084303770215e+01
8.624731105774941170e+03 9.825055801287194868e+01
8.624931062446299620e+03 9.877737559564187109e+01
8.625131019117661708e+03 9.923365478331996314e+01
8.625330975789021977e+03 9.752305313311030943e+01
8.625530932460382246e+03 1.016606772477241520e+02
8.625730889131742515e+03 9.975643732328816782e+01
8.625930845803100965e+03 1.006185938536133619e+02
8.626130802474461234e+03 1.003320058305020837e+02
8.626330759145823322e+03 1.008761092319875701e+02
8.626530715817181772e+03 9.843644584630986571e+01
8.626730672488542041e+03 1.002905585660517858e+02
8.626930629159900491e+03 1.021565648891448319e+02
8.627130585831262579e+03 9.965573774193391898e+01
8.627330542502622848e+03 1.006016636848662955e+02
8.627530499173981298e+03 1.005487389802829199e+02
8.627730455845341567e+03 1.003170455477569334e+02
8.627930412516701836e+03 1.002830487096279199e+02
8.628130369188063924e+03 1.006031732936243799e+02
8.628330325859424192e+03 9.869915786595436202e+01
8.628530282530782642e+03 1.006163626273533680e+02
8.628730239202142911e+03 9.918014717691369242e+01
8.628930195873503180e+03 1.033596542635529687e+02
8.629130152544863449e+03 9.798336900186176024e+01
8.629330109216223718e+03 1.002458029120025316e+02
8.629530065887582168e+03 9.866025855909943232e+01
8.629730022558944256e+03 1.016405413134718430e+02
8.629929979230302706e+03 1.002006272307353640e+02
8.630129935901662975e+03 1.013050131532523181e+02
8.630329892573023244e+03 9.831788312950934028e+01
8.630529849244383513e+03 9.962963238111859710e+01
8.630729805915743782e+03 1.022292580652171097e+02
8.630929762587102232e+03 1.002449904779241479e+02
8.631129719258464320e+03 9.910734125183455490e+01
8.631329675929826408e+03 9.636394724500378572e+01
8.631529632601184858e+03 9.969958326841999963e+01
8.631729589272545127e+03 1.013949205607036816e+02
8.631929545943903577e+03 1.000621566379913219e+02
8.632129502615265665e+03 9.752824617339300062e+01
8.632329459286625934e+03 9.772121526473070219e+01
8.632529415957984384e+03 9.902483990129104541e+01
8.632729372629344653e+03 1.012280602082503691e+02
8.632929329300704921e+03 1.019240435725952523e+02
8.633129285972065190e+03 1.000137151556209716e+02
8.633329242643425459e+03 9.786505908697527900e+01
8.633529199314783909e+03 1.021134932289907624e+02
8.633729155986144178e+03 9.999679135237451533e+01
8.633929112657504447e+03 1.009652903689349301e+02
8.634129069328864716e+03 1.027021812094206297e+02
8.634329026000226804e+03 9.806973792933905543e+01
8.634528982671585254e+03 9.939280445519408147e+01
8.634728939342947342e+03 9.777441910004871772e+01
8.634928896014305792e+03 9.795567494444644296e+01
8.635128852685666061e+03 1.003547730857323756e+02
8.635328809357026330e+03 9.877971816968006635e+01
8.635528766028386599e+03 9.858127431121486950e+01
8.635728722699746868e+03 1.006155329857620728e+02
8.635928679371105318e+03 1.019088644014218943e+02
8.636128636042465587e+03 9.719801142791096993e+01
8.636328592713827675e+03 9.890356058135202488e+01
8.636528549385186125e+03 9.888421501979703976e+01
8.636728506056546394e+03 1.002210132109760110e+02
8.636928462727904844e+03 9.938501230404365572e+01
8.637128419399266932e+03 9.726518567405216231e+01
8.637328376070629020e+03 9.990403835772512764e+01
8.637528332741987469e+03 1.006527663587103660e+02
8.637728289413347738e+03 9.970872001656100281e+01
8.637928246084706188e+03 9.937085644272629281e+01
8.638128202756068276e+03 1.000080946313715913e+02
8.638328159427428545e+03 9.773624330003579530e+01
8.638528116098786995e+03 1.009698944748195402e+02
8.638728072770147264e+03 9.784852900177392598e+01
8.638928029441507533e+03 1.024530829882828158e+02
8.639127986112867802e+03 1.020088637876507534e+02
8.639327942784228071e+03 9.950036849901869118e+01
8.639527899455586521e+03 9.875990233847863919e+01
8.639727856126948609e+03 9.993465486291817967e+01
8.639927812798307059e+03 9.717296745893106902e+01
8.640127769469667328e+03 9.795572172739900907e+01
8.640327726141027597e+03 9.862226079389824918e+01
8.640527682812389685e+03 9.993517840604536673e+01
8.640727639483749954e+03 1.008866630307070977e+02
8.640927596155108404e+03 9.945652363080765213e+01
8.641127552826468673e+03 1.001957130800053051e+02
8.641327509497830761e+03 1.012430649000904594e+02
8.641527466169189211e+03 1.001202364312809721e+02
8.641727422840549480e+03 9.991236195731609371e+01
8.641927379511907930e+03 9.908551785968377601e+01
8.642127336183268199e+03 1.016189585416093166e+02
8.642327292854630286e+03 1.005808579391495670e+02
8.642527249525988736e+03 9.798472843992438186e+01
8.642727206197349005e+03 1.017913524783514845e+02
8.642927162868707455e+03 9.945270084680969092e+01
8.643127119540069543e+03 1.009566314060321588e+02
8.643327076211429812e+03 1.004321545785586807e+02
8.643527032882790081e+03 9.979096701949224268e+01
8.643726989554150350e+03 1.000256365225880160e+02
8.643926946225510619e+03 1.023481896778635587e+02
8.644126902896870888e+03 9.995093212613430467e+01
8.644326859568231157e+03 1.015985957695332189e+02
8.644526816239589607e+03 9.885017692643501164e+01
8.644726772910951695e+03 1.022184463519838289e+02
8.644926729582310145e+03 9.999549455583681379e+01
8.645126686253670414e+03 9.905361253875567229e+01
8.645326642925030683e+03 9.788973951624161884e+01
8.645526599596390952e+03 1.004235873492144009e+02
8.645726556267751221e+03 1.018234188632050063e+02
8.645926512939109671e+03 9.876818987179086662e+01
8.646126469610469940e+03 1.001163382634195784e+02
8.646326426281832028e+03 9.686365389721844110e+01
8.646526382953192297e+03 9.900630600373017387e+01
8.646726339624552566e+03 9.893922660051407547e+01
8.646926296295911015e+03 9.886978094029518616e+01
8.647126252967271284e+03 1.006639262864646867e+02
8.647326209638633372e+03 9.955709509703108040e+01
8.647526166309991822e+03 1.012917700404807562e+02
8.647726122981352091e+03 1.001246881328427065e+02
8.647926079652710541e+03 1.012841181983731502e+02
8.648126036324072629e+03 9.622793748312122375e+01
8.648325992995432898e+03 9.879542258615971662e+01
8.648525949666791348e+03 9.989913347790057685e+01
8.648725906338151617e+03 9.875454511077823838e+01
8.648925863009511886e+03 9.906445266162324970e+01
8.649125819680872155e+03 1.017134520138916258e+02
8.649325776352232424e+03 1.038132383667105927e+02
8.649525733023590874e+03 9.897759234684625085e+01
8.649725689694954781e+03 9.894540149919370720e+01
8.649925646366313231e+03 1.002123450940595006e+02
8.650125603037673500e+03 9.928723863937020155e+01
8.650325559709033769e+03 1.002537140036891259e+02
8.650525516380394038e+03 1.003294851418954892e+02
8.650725473051754307e+03 9.816928474507157887e+01
8.650925429723112757e+03 1.007296319020818771e+02
8.651125386394473026e+03 9.842033553184107575e+01
8.651325343065833295e+03 1.004077900842250557e+02
8.651525299737193563e+03 1.010282118466527805e+02
8.651725256408553832e+03 9.904026156186220931e+01
8.651925213079912282e+03 9.998292877807415380e+01
8.652125169751272551e+03 9.725081668259026912e+01
8.652325126422634639e+03 9.772300441881678523e+01
8.652525083093993089e+03 9.910110322453245146e+01
8.652725039765355177e+03 1.019668610752766114e+02
8.652924996436713627e+03 1.014119293570103508e+02
8.653124953108075715e+03 9.954137133608813315e+01
8.653324909779435984e+03 1.011086358171168200e+02
8.653524866450794434e+03 9.899710624529924985e+01
8.653724823122154703e+03 9.776239111344624177e+01
8.653924779793514972e+03 9.759996668864333458e+01
8.654124736464875241e+03 1.000541316860727221e+02
8.654324693136235510e+03 9.613687985527450053e+01
8.654524649807593960e+03 9.974809048921956389e+01
8.654724606478956048e+03 9.932305484064426082e+01
8.654924563150314498e+03 1.014249547375869440e+02
8.655124519821674767e+03 9.820945880055568011e+01
8.655324476493035036e+03 9.912971306591035159e+01
8.655524433164395305e+03 9.683329553065905770e+01
8.655724389835755574e+03 9.935605172959506604e+01
8.655924346507115843e+03 9.651518889434326809e+01
8.656124303178476111e+03 9.758875365648738409e+01
8.656324259849836380e+03 9.707066497290301754e+01
8.656524216521196649e+03 1.003474745254970628e+02
8.656724173192556918e+03 9.522588582205271734e+01
8.656924129863915368e+03 9.647070959055197648e+01
8.657124086535275637e+03 9.546298400541709839e+01
8.657324043206637725e+03 9.474680237021674145e+01
8.657523999877996175e+03 9.182130427518755766e+01
8.657723956549356444e+03 9.383590669375945481e+01
8.657923913220714894e+03 9.331335132682725941e+01
8.658123869892076982e+03 9.258607546456468640e+01
8.658323826563437251e+03 9.068788853069889910e+01
8.658523783234795701e+03 8.432068480572685587e+01
8.658723739906155970e+03 8.291718843158696473e+01
8.658923696577518058e+03 8.039238470715712026e+01
8.659123653248878327e+03 7.657172765044396101e+01
8.659323609920238596e+03 7.229666655736623682e+01
8.659523566591597046e+03 6.409787464301611237e+01
8.659723523262959134e+03 5.681199527538835525e+01
8.659923479934317584e+03 5.443465558049290820e+01
8.660123436605677853e+03 4.736060961514598233e+01
8.660323393277038122e+03 4.676249333683505682e+01
8.660523349948396572e+03 5.114956686945678399e+01
8.660723306619758660e+03 5.511444979661111176e+01
8.660923263291117109e+03 6.315613865673599037e+01
8.661123219962477378e+03 6.955042264995674373e+01
8.661323176633837647e+03 7.355115996196903438e+01
8.661523133305197916e+03 7.933146132570644227e+01
8.661723089976558185e+03 8.578583548714546225e+01
8.661923046647916635e+03 8.659999159971398797e+01
8.662123003319278723e+03 9.013292807648832650e+01
8.662322959990640811e+03 8.999735837231909841e+01
8.662522916661999261e+03 9.053361257125024508e+01
8.662722873333359530e+03 9.191322938438641188e+01
8.662922830004717980e+03 9.176492349653631209e+01
8.663122786676080068e+03 9.503225893630298060e+01
8.663322743347440337e+03 9.315596066737811043e+01
8.663522700018798787e+03 9.677726046691348927e+01
8.663722656690159056e+03 9.662137232045265023e+01
8.663922613361519325e+03 9.886965090999898109e+01
8.664122570032879594e+03 9.615249331147539635e+01
8.664322526704239863e+03 9.762749348030494900e+01
8.664522483375598313e+03 9.894343133734665230e+01
8.664722440046960401e+03 9.675250490063382358e+01
8.664922396718318851e+03 9.649927247023791210e+01
8.665122353389680939e+03 9.782210292560384346e+01
8.665322310061041208e+03 9.943610088963248472e+01
8.665522266732399657e+03 1.017223522886172304e+02
8.665722223403761745e+03 9.833969762051579266e+01
8.665922180075120195e+03 9.651010198422292774e+01
8.666122136746480464e+03 9.836148563018288371e+01
8.666322093417840733e+03 1.004186718862402472e+02
8.666522050089201002e+03 1.031769117992126894e+02
8.666722006760561271e+03 9.987979597027904788e+01
8.666921963431919721e+03 9.621657067724996182e+01
8.667121920103279990e+03 9.563921853393362937e+01
8.667321876774642078e+03 1.001213520320025623e+02
8.667521833446000528e+03 9.944274602551475084e+01
8.667721790117360797e+03 9.929937097365845489e+01
8.667921746788719247e+03 9.712131469549862572e+01
8.668121703460083154e+03 9.917697496185616046e+01
8.668321660131443423e+03 9.823913174092623990e+01
8.668521616802801873e+03 1.008502783451620246e+02
8.668721573474162142e+03 9.859759078637218010e+01
8.668921530145522411e+03 9.754038881020551344e+01
8.669121486816882680e+03 1.003723009707435949e+02
8.669321443488242949e+03 9.821350558415294074e+01
8.669521400159601399e+03 9.732043379406455585e+01
8.669721356830961668e+03 1.026938609557417550e+02
8.669921313502321937e+03 9.646276510250238800e+01
8.670121270173682205e+03 9.950710428903695970e+01
8.670321226845042474e+03 9.809043921305848812e+01
8.670521183516400924e+03 9.878265858943754552e+01
8.670721140187763012e+03 9.806190463914867905e+01
8.670921096859121462e+03 1.002061815219149139e+02
8.671121053530481731e+03 9.792362792312879094e+01
8.671321010201843819e+03 1.006760276906513951e+02
8.671520966873204088e+03 1.001936990621650239e+02
8.671720923544564357e+03 9.976039053722429628e+01
8.671920880215922807e+03 9.961212548549910650e+01
8.672120836887283076e+03 1.001648569134147380e+02
8.672320793558645164e+03 9.773130988540486896e+01
8.672520750230003614e+03 9.519136931648436928e+01
8.672720706901363883e+03 9.864698508041065850e+01
8.672920663572722333e+03 9.631448642864614840e+01
8.673120620244084421e+03 9.534498306508611165e+01
8.673320576915444690e+03 9.717928988588855077e+01
8.673520533586803140e+03 9.762603951203475106e+01
8.673720490258163409e+03 9.895369933868290957e+01
8.673920446929523678e+03 9.572946413590634052e+01
8.674120403600883947e+03 1.003102246409229537e+02
8.674320360272246035e+03 9.812811577803034879e+01
8.674520316943604485e+03 9.874627302196570611e+01
8.674720273614964754e+03 9.796768512570258736e+01
8.674920230286325022e+03 1.002900328974681230e+02
8.675120186957685291e+03 9.945974166699127750e+01
8.675320143629045560e+03 1.008800117823295608e+02
8.675520100300404010e+03 9.997361402622885862e+01
8.675720056971766098e+03 9.900210497792333797e+01
8.675920013643124548e+03 9.784296723568756704e+01
8.676119970314484817e+03 9.833594951238328008e+01
8.676319926985845086e+03 1.007222124630282849e+02
8.676519883657205355e+03 9.819251722597178400e+01
8.676719840328565624e+03 1.000817550452359512e+02
8.676919796999924074e+03 1.014191673211803675e+02
8.677119753671284343e+03 1.010424026271372782e+02
8.677319710342646431e+03 9.967635364485531113e+01
8.677519667014006700e+03 9.871690505627852019e+01
8.677719623685366969e+03 9.935526129110257898e+01
8.677919580356725419e+03 1.015351818766367700e+02
8.678119537028087507e+03 1.022075567775528100e+02
8.678319493699447776e+03 9.929267095201720394e+01
8.678519450370806226e+03 1.014386913977002393e+02
8.678719407042166495e+03 1.005027825308199283e+02
8.678919363713524945e+03 9.804945045202713061e+01
8.679119320384887033e+03 9.883372397913045404e+01
8.679319277056247302e+03 1.002235776305208077e+02
8.679519233727605751e+03 1.006253835905940264e+02
8.679719190398966020e+03 1.004499150615200023e+02
8.679919147070326289e+03 1.002830571644226723e+02
8.680119103741686558e+03 1.023041274897370272e+02
8.680319060413046827e+03 1.010450284946305572e+02
8.680519017084407096e+03 1.002542655611037929e+02
8.680718973755769184e+03 9.794980440284034273e+01
8.680918930427127634e+03 9.879841710485098361e+01
8.681118887098487903e+03 1.002358761289704319e+02
8.681318843769848172e+03 1.004390014142741165e+02
8.681518800441208441e+03 9.962120836773314636e+01
8.681718757112568710e+03 1.005913147702587196e+02
8.681918713783927160e+03 9.636877848927265688e+01
8.682118670455287429e+03 9.752624469907290461e+01
8.682318627126649517e+03 9.674954493768957775e+01
8.682518583798007967e+03 1.012064992817892488e+02
8.682718540469368236e+03 1.004300003866343758e+02
8.682918497140726686e+03 1.009353202080774707e+02
8.683118453812088774e+03 9.801052571940675762e+01
8.683318410483449043e+03 1.008733733582106282e+02
8.683518367154807493e+03 1.003543207468559757e+02
8.683718323826169581e+03 9.904167639592577643e+01
8.683918280497528031e+03 1.008618702255540143e+02
8.684118237168890118e+03 9.877311299100944098e+01
8.684318193840250387e+03 9.984226622459836165e+01
8.684518150511608837e+03 1.011494201245737088e+02
8.684718107182969106e+03 9.856739050409791503e+01
8.684918063854329375e+03 9.918190412438623582e+01
8.685118020525689644e+03 1.007424182905609484e+02
8.685317977197049913e+03 1.012372714272822662e+02
8.685517933868408363e+03 9.954842419076662452e+01
8.685717890539770451e+03 1.012657654477392128e+02
8.685917847211128901e+03 1.001060897955601945e+02
8.686117803882489170e+03 9.682247212415876447e+01
8.686317760553849439e+03 9.315231315659418954e+01
8.686517717225209708e+03 8.661172595485230374e+01
8.686717673896571796e+03 8.644709876830991391e+01
8.686917630567930246e+03 8.861004877340602093e+01
8.687117587239290515e+03 9.177020377691231090e+01
8.687317543910652603e+03 9.631325965295680192e+01
8.687517500582011053e+03 9.886905224645977341e+01
8.687717457253371322e+03 1.012058495643409657e+02
8.687917413924729772e+03 1.007575133369894331e+02
8.688117370596090041e+03 9.849268352439180774e+01
8.688317327267452129e+03 1.016451797897447165e+02
8.688517283938810579e+03 9.855912853586592348e+01
8.688717240610170848e+03 9.912215247269445229e+01
8.688917197281529297e+03 9.849117477297440360e+01
8.689117153952891385e+03 9.877701150461520285e+01
8.689317110624251654e+03 9.840794017746058842e+01
8.689517067295610104e+03 1.013638004205614465e+02
8.689717023966972192e+03 9.954957529963181173e+01
8.689916980638332461e+03 9.952963474346050532e+01
8.690116937309692730e+03 1.011178453226641807e+02
8.690316893981052999e+03 9.920955668895449264e+01
8.690516850652411449e+03 1.011379635084965827e+02
8.690716807323773537e+03 1.028470844723608195e+02
8.690916763995131987e+03 9.970698133125841878e+01
8.691116720666492256e+03 9.984878278414106489e+01
8.691316677337852525e+03 9.863503146645236086e+01
8.691516634009212794e+03 1.015814261740021607e+02
8.691716590680573063e+03 1.018105404318315550e+02
8.691916547351931513e+03 1.012707107014473991e+02
8.692116504023291782e+03 9.967151823917828324e+01
8.692316460694652051e+03 9.905629185626735023e+01
8.692516417366012320e+03 1.002266964507063562e+02
8.692716374037372589e+03 1.008148380438563265e+02
8.692916330708732858e+03 9.825487035280742987e+01
8.693116287380093127e+03 1.018096004217479305e+02
8.693316244051455215e+03 9.724457189150261627e+01
8.693516200722813664e+03 1.003161992686845565e+02
8.693716157394173933e+03 1.003867473062840503e+02
8.693916114065532383e+03 1.034413524106077347e+02
8.694116070736894471e+03 1.004465945944716196e+02
8.694316027408254740e+03 9.910776871466239868e+01
8.694515984079613190e+03 1.003393647691519277e+02
8.694715940750973459e+03 1.001559170685774944e+02
8.694915897422333728e+03 9.873020558113874756e+01
8.695115854093693997e+03 9.940848619843396250e+01
8.695315810765054266e+03 9.796601937386373038e+01
8.695515767436412716e+03 9.977996967644833148e+01
8.695715724107774804e+03 9.954927133242233595e+01
8.695915680779135073e+03 1.013364036807030999e+02
8.696115637450495342e+03 1.009623750736831624e+02
8.696315594121855611e+03 9.764813995108579547e+01
8.696515550793215880e+03 1.001579655658261743e+02
8.696715507464576149e+03 9.969730058463130717e+01
8.696915464135934599e+03 9.757452104085203359e+01
8.697115420807294868e+03 1.008978616808614532e+02
8.697315377478655137e+03 9.799102255438383224e+01
8.697515334150015406e+03 1.006087851252600842e+02
8.697715290821375675e+03 9.908402119622580528e+01
8.697915247492734125e+03 9.809821997497084567e+01
8.698115204164094393e+03 1.002661791197741081e+02
8.698315160835456481e+03 1.010734963628189860e+02
8.698515117506814931e+03 9.964786164090482146e+01
8.698715074178175200e+03 9.842560508115307982e+01
8.698915030849533650e+03 9.812738136508546916e+01
8.699114987520897557e+03 9.845511548716528694e+01
8.699314944192257826e+03 9.873130698433196528e+01
8.699514900863616276e+03 1.009503370273126706e+02
8.699714857534976545e+03 9.899622899711546609e+01
8.699914814206336814e+03 9.799851359055148237e+01
8.700114770877697083e+03 9.952848149107518338e+01
8.700314727549057352e+03 9.944740247088873275e+01
8.700514684220415802e+03 1.006458385312495523e+02
8.700714640891777890e+03 1.009490711782163714e+02
8.700914597563136340e+03 1.006697528965252530e+02
8.701114554234496609e+03 9.875474697290769655e+01
8.701314510905856878e+03 1.008378578917377268e+02
8.701514467577215328e+03 1.011122357036462347e+02
8.701714424248577416e+03 9.929658247013726680e+01
8.701914380919935866e+03 9.823002022001826106e+01
8.702114337591297954e+03 9.956430545763166151e+01
8.702314294262658223e+03 1.006581637901664408e+02
8.702514250934018492e+03 9.846064141405916814e+01
8.702714207605378760e+03 1.016428478063227629e+02
8.702914164276737210e+03 9.808411044327837658e+01
8.703114120948097479e+03 1.004294988671846767e+02
8.703314077619459567e+03 1.005298570389903006e+02
8.703514034290818017e+03 1.012426335606819521e+02
8.703713990962178286e+03 1.009310446206620355e+02
8.703913947633536736e+03 9.830902772916694232e+01
8.704113904304898824e+03 1.006658648495574226e+02
8.704313860976259093e+03 1.003698541735725485e+02
8.704513817647617543e+03 1.025843527513633404e+02
8.704713774318977812e+03 9.823007390447135379e+01
8.704913730990338081e+03 1.017200860628723262e+02
8.705113687661700169e+03 9.806905362690642391e+01
8.705313644333060438e+03 9.897540608640254334e+01
8.705513601004418888e+03 1.011240971109467210e+02
8.705713557675780976e+03 1.016995775816386356e+02
8.705913514347139426e+03 1.013253638160391858e+02
8.706113471018499695e+03 9.926667826552582596e+01
8.706313427689859964e+03 9.814675289996010576e+01
8.706513384361218414e+03 1.002619825206173090e+02
8.706713341032580502e+03 1.008394688067504319e+02
8.706913297703938952e+03 9.932034872991661700e+01
8.707113254375299221e+03 9.845899499226668183e+01
8.707313211046659490e+03 9.994151519678388240e+01
8.707513167718019758e+03 1.001698816504748635e+02
8.707713124389380027e+03 1.003744063466755279e+02
8.707913081060738477e+03 1.008712851227197973e+02
8.708113037732098746e+03 1.005668832107700013e+02
8.708312994403462653e+03 9.988810624671816640e+01
8.708512951074821103e+03 9.683855006252471753e+01
8.708712907746181372e+03 9.932058814898054777e+01
8.708912864417539822e+03 1.002190052444537258e+02
8.709112821088901910e+03 9.877327293044413636e+01
8.709312777760262179e+03 1.010756094234141500e+02
8.709512734431620629e+03 9.994955283113642963e+01
8.709712691102980898e+03 9.897310841787800939e+01
8.709912647774341167e+03 9.983957689196600427e+01
8.710112604445701436e+03 1.008561710631143740e+02
8.710312561117061705e+03 1.009737570418403863e+02
8.710512517788420155e+03 9.837412137214271013e+01
8.710712474459780424e+03 9.670766239715192114e+01
8.710912431131140693e+03 9.934101653929756992e+01
8.711112387802500962e+03 9.916865616008078632e+01
8.711312344473863050e+03 9.981801137021336956e+01
8.711512301145221500e+03 9.744359559429490503e+01
8.711712257816583588e+03 9.793928867260690652e+01
8.711912214487942038e+03 1.006601729631596243e+02
8.712112171159302306e+03 1.018588803468079931e+02
8.712312127830662575e+03 9.959557258616425202e+01
8.712512084502022844e+03 9.966900684268021848e+01
8.712712041173383113e+03 9.923473668489691590e+01
8.712911997844741563e+03 9.994482779063403655e+01
8.713111954516101832e+03 9.924943728410737265e+01
8.713311911187463920e+03 1.007371925674087692e+02
8.713511867858822370e+03 1.011516601636433137e+02
8.713711824530182639e+03 9.825943966708643984e+01
8.713911781201541089e+03 9.895907476249195156e+01
8.714111737872903177e+03 1.016323276586862221e+02
8.714311694544263446e+03 1.001336151101743042e+02
8.714511651215623715e+03 9.977263686108821616e+01
8.714711607886983984e+03 1.001220651156487236e+02
8.714911564558344253e+03 9.982030264600453506e+01
8.715111521229704522e+03 9.943966132120213786e+01
8.715311477901064791e+03 9.956278426945817728e+01
8.715511434572423241e+03 1.012486261272511570e+02
8.715711391243783510e+03 9.938646845605566682e+01
8.715911347915143779e+03 9.733425312315401356e+01
8.716111304586504048e+03 1.023556792054861120e+02
8.716311261257864317e+03 9.821907357391036442e+01
8.716511217929222767e+03 9.881322941813556326e+01
8.716711174600584854e+03 9.892798717550395793e+01
8.716911131271943304e+03 1.000924342729911700e+02
8.717111087943303573e+03 9.748772945062411566e+01
8.717311044614663842e+03 1.014879017604246627e+02
8.717511001286025930e+03 1.010074834864020801e+02
8.717710957957386199e+03 1.010709424064553303e+02
8.717910914628744649e+03 9.984980597482064013e+01
8.718110871300104918e+03 9.976869135054268156e+01
8.718310827971467006e+03 9.928665710926064492e+01
8.718510784642825456e+03 9.980065877684739917e+01
8.718710741314185725e+03 9.898632542281438873e+01
8.718910697985544175e+03 1.012740876804423920e+02
8.719110654656906263e+03 1.000192129196917108e+02
8.719310611328266532e+03 1.014769078759981511e+02
8.719510567999624982e+03 9.890339118787537132e+01
8.719710524670985251e+03 9.890390486166663209e+01
8.719910481342343701e+03 1.004570459672885221e+02
8.720110438013705789e+03 9.992814856893230058e+01
8.720310394685066058e+03 9.941296276655066322e+01
8.720510351356424508e+03 1.021005120313486429e+02
8.720710308027786596e+03 9.970421791174436521e+01
8.720910264699146865e+03 9.902619067931620123e+01
8.721110221370507134e+03 1.015721785255809095e+02
8.721310178041867402e+03 1.014657608628105550e+02
8.721510134713225852e+03 1.004164910745230657e+02
8.721710091384587940e+03 1.031716738431193079e+02
8.721910048055946390e+03 1.027122125507246295e+02
8.722110004727306659e+03 1.003417782956499025e+02
8.722309961398666928e+03 1.010274844615557441e+02
8.722509918070027197e+03 9.886732054791382041e+01
8.722709874741387466e+03 9.925977489796976272e+01
8.722909831412745916e+03 1.017325998037303236e+02
8.723109788084106185e+03 1.005042472510661042e+02
8.723309744755468273e+03 1.004228499830062589e+02
8.723509701426826723e+03 9.868693712293602971e+01
8.723709658098188811e+03 1.009442831458182042e+02
8.723909614769547261e+03 9.746226275923895344e+01
8.724109571440909349e+03 1.007273563718758567e+02
8.724309528112269618e+03 9.905738492368276127e+01
8.724509484783628068e+03 9.847789099605877539e+01
8.724709441454988337e+03 9.826025666468204633e+01
8.724909398126346787e+03 1.004552829953355229e+02
8.725109354797708875e+03 9.919926184406132563e+01
8.725309311469069144e+03 9.858806792705522071e+01
8.725509268140427594e+03 1.003231542042904181e+02
8.725709224811787863e+03 9.879308088513485586e+01
8.725909181483148132e+03 9.923549706430259221e+01
8.726109138154508400e+03 1.002798484584743477e+02
8.726309094825868669e+03 9.855475109548828527e+01
8.726509051497227119e+03 9.826330729326399194e+01
8.726709008168591026e+03 9.921805915988529989e+01
8.726908964839949476e+03 9.923756295755057977e+01
8.727108921511309745e+03 9.866736878153197665e+01
8.727308878182670014e+03 9.821280308438650763e+01
8.727508834854030283e+03 9.997711618292034075e+01
8.727708791525390552e+03 1.004949981719209404e+02
8.727908748196749002e+03 9.905455668092189114e+01
8.728108704868109271e+03 9.969588975654787077e+01
