8.483929977322331979e+03 1.006128111873307915e+02
8.484130070010476629e+03 9.907859497366791857e+01
8.484330162698621280e+03 1.012097468819684281e+02
8.484530255386764111e+03 9.816493094488153304e+01
8.484730348074908761e+03 1.009214651270612677e+02
8.484930440763053412e+03 9.954854865604994529e+01
8.485130533451199881e+03 9.868869158272076447e+01
8.485330626139340893e+03 9.976933181955922691e+01
8.485530718827487362e+03 9.727951333422235791e+01
8.485730811515630194e+03 9.676960710818870837e+01
8.485930904203776663e+03 9.687466644509527214e+01
8.486130996891919494e+03 9.673393349883976100e+01
8.486331089580064145e+03 9.686176059770946267e+01
8.486531182268208795e+03 9.866642673087002890e+01
8.486731274956353445e+03 9.938089597175641643e+01
8.486931367644499915e+03 1.016103164683830897e+02
8.487131460332642746e+03 9.996723682413532686e+01
8.487331553020787396e+03 1.004345931020152847e+02
8.487531645708932047e+03 9.869664957984501541e+01
8.487731738397076697e+03 1.004132754303970358e+02
8.487931831085219528e+03 9.937027899362506389e+01
8.488131923773365997e+03 1.003549501817262808e+02
8.488332016461508829e+03 1.000490048112179409e+02
8.488532109149655298e+03 1.003780411022882788e+02
8.488732201837796310e+03 9.861435642473232122e+01
8.488932294525942780e+03 1.001911948529799901e+02
8.489132387214087430e+03 9.842476673984756985e+01
8.489332479902232080e+03 9.991957664212982593e+01
8.489532572590374912e+03 9.803851180883773964e+01
8.489732665278519562e+03 1.001199213664014422e+02
8.489932757966664212e+03 9.910371417173409725e+01
8.490132850654810682e+03 9.959359240544159775e+01
8.490332943342951694e+03 1.013688911903915510e+02
8.490533036031098163e+03 1.005641936427152956e+02
8.490733128719240995e+03 9.984627930586319167e+01
8.490933221407387464e+03 9.860239665936511244e+01
8.491133314095530295e+03 9.668335796999744503e+01
8.491333406783674945e+03 9.865430953158738703e+01
8.491533499471819596e+03 9.889932013463278793e+01
8.491733592159964246e+03 9.752151704034500312e+01
8.491933684848107077e+03 1.017799543855349498e+02
8.492133777536253547e+03 9.858345399797168795e+01
8.492333870224396378e+03 9.960780704453246415e+01
8.492533962912542847e+03 9.964709124732030432e+01
8.492734055600683860e+03 1.002467702169063415e+02
8.492934148288830329e+03 9.980187411143720055e+01
8.493134240976974979e+03 9.980826558684201188e+01
8.493334333665119630e+03 1.003107091385263061e+02
8.493534426353262461e+03 9.974007543374830220e+01
8.493734519041407111e+03 9.948189441605963168e+01
8.493934611729551762e+03 9.946497386591568102e+01
8.494134704417698231e+03 9.922637702807458027e+01
8.494334797105839243e+03 9.995038969684705421e+01
8.494534889793985712e+03 9.866222816586639510e+01
8.494734982482128544e+03 9.868275744121497439e+01
8.494935075170275013e+03 9.793289908603256322e+01
8.495135167858417844e+03 1.010675124894317207e+02
8.495335260546562495e+03 1.001898274835739073e+02
8.495535353234707145e+03 9.922162382923140456e+01
8.495735445922851795e+03 1.003429076149116099e+02
8.495935538610994627e+03 9.706442583791043432e+01
8.496135631299141096e+03 9.956083039648490285e+01
8.496335723987283927e+03 9.880667486983581682e+01
8.496535816675430397e+03 9.740103277772081469e+01
8.496735909363571409e+03 1.003140781315193664e+02
8.496936002051717878e+03 1.002882660198199432e+02
8.497136094739862529e+03 9.917657610616471686e+01
8.497336187428007179e+03 9.950983811963119763e+01
8.497536280116150010e+03 9.804507883227063303e+01
8.497736372804294660e+03 1.002132878880010765e+02
8.497936465492439311e+03 9.863733646558861778e+01
8.498136558180585780e+03 9.947597157419363612e+01
8.498336650868726792e+03 9.506209324033156349e+01
8.498536743556873262e+03 9.940676629474862125e+01
8.498736836245016093e+03 1.002428629256180983e+02
8.498936928933162562e+03 9.812554364883122560e+01
8.499137021621305394e+03 9.605878233308354197e+01
8.499337114309450044e+03 9.600036758702957229e+01
8.499537206997594694e+03 9.829178290156764319e+01
8.499737299685739345e+03 9.495655895809258595e+01
8.499937392373882176e+03 9.506161461145273961e+01
8.500137485062028645e+03 9.344835213884572056e+01
8.500337577750171477e+03 8.871566069607114002e+01
8.500537670438317946e+03 8.795719170182862001e+01
8.500737763126460777e+03 8.154858233430474002e+01
8.500937855814605427e+03 7.824920386660980398e+01
8.501137948502750078e+03 7.020859613721864889e+01
8.501338041190894728e+03 6.499061063747041089e+01
8.501538133879039378e+03 5.648749492290707508e+01
8.501738226567182210e+03 5.283548798934809554e+01
8.501938319255326860e+03 4.869858832124860726e+01
8.502138411943473329e+03 5.063698872463661615e+01
8.502338504631616161e+03 5.783876923215982657e+01
8.502538597319760811e+03 6.440801018302467185e+01
8.502738690007903642e+03 7.202140023128532675e+01
8.502938782696050112e+03 7.780805023853758939e+01
8.503138875384194762e+03 8.260868302222402804e+01
8.503338968072337593e+03 8.833840224351546055e+01
8.503539060760482243e+03 9.188798076400887282e+01
8.503739153448626894e+03 9.368225554068442307e+01
8.503939246136771544e+03 9.423940583169733998e+01
8.504139338824916194e+03 9.643540985712220959e+01
8.504339431513060845e+03 9.660682024271758905e+01
8.504539524201205495e+03 9.791459739067907719e+01
8.504739616889350145e+03 9.723492662043054224e+01
8.504939709577492977e+03 9.802545339690365722e+01
8.505139802265639446e+03 9.652068250529980276e+01
8.505339894953782277e+03 9.617539075724288011e+01
8.505539987641928747e+03 9.660331064523221301e+01
8.505740080330069759e+03 9.643244835093842937e+01
8.505940173018216228e+03 9.953496358267483402e+01
8.506140265706360879e+03 9.575534486675471157e+01
8.506340358394505529e+03 9.765780513645587746e+01
8.506540451082648360e+03 9.777544821720752566e+01
8.506740543770793010e+03 9.868464571131282526e+01
8.506940636458937661e+03 9.929334529846754265e+01
8.507140729147084130e+03 9.566286166753917541e+01
8.507340821835225142e+03 9.951969082615218554e+01
8.507540914523371612e+03 9.986779842676831720e+01
8.507741007211514443e+03 1.000638637406932929e+02
8.507941099899660912e+03 9.994588453076876533e+01
8.508141192587803744e+03 9.891219314040391453e+01
8.508341285275948394e+03 9.900514064227337485e+01
8.508541377964093044e+03 1.011085502620457675e+02
8.508741470652237695e+03 9.810486691451639274e+01
8.508941563340380526e+03 1.001810297815356563e+02
8.509141656028526995e+03 9.970564397663254397e+01
8.509341748716669827e+03 1.006658146535775842e+02
8.509541841404816296e+03 1.002345787160613071e+02
8.509741934092957308e+03 1.004484785055852996e+02
8.509942026781103777e+03 9.836232924001080846e+01
8.510142119469248428e+03 9.786767479913137890e+01
8.510342212157393078e+03 9.943908208211695410e+01
8.510542304845535909e+03 1.001367379646158184e+02
8.510742397533680560e+03 9.926399921489777967e+01
8.510942490221825210e+03 9.918162076362877144e+01
8.511142582909971679e+03 1.007724307801505148e+02
8.511342675598112692e+03 1.001123751659927592e+02
8.511542768286259161e+03 9.613916091195575575e+01
8.511742860974401992e+03 9.914181280089390214e+01
8.511942953662548462e+03 9.778226144946771115e+01
8.512143046350691293e+03 9.909744282746382282e+01
8.512343139038835943e+03 9.881173363911715057e+01
8.512543231726980594e+03 9.804334837120717339e+01
8.512743324415125244e+03 9.924292772622249004e+01
8.512943417103268075e+03 1.000437571056833548e+02
8.513143509791414544e+03 9.964952329603119097e+01
8.513343602479557376e+03 1.018609450112478072e+02
8.513543695167703845e+03 9.883812637282115077e+01
8.513743787855844857e+03 9.912949886089609208e+01
8.513943880543991327e+03 9.890155782994324341e+01
8.514143973232135977e+03 9.769668778129573639e+01
8.514344065920280627e+03 9.865572284102856315e+01
8.514544158608425278e+03 1.015368296618640898e+02
8.514744251296568109e+03 1.017409680341952907e+02
8.514944343984712759e+03 9.923969698910512705e+01
8.515144436672859229e+03 9.886448113537021243e+01
8.515344529361002060e+03 1.010776413538347640e+02
8.515544622049146710e+03 9.790126802403024442e+01
8.515744714737289542e+03 1.000899945734306868e+02
8.515944807425436011e+03 1.025687059144366771e+02
8.516144900113580661e+03 9.706652076918808802e+01
8.516344992801723492e+03 9.867559045016633945e+01
8.516545085489868143e+03 9.946255553851361242e+01
8.516745178178012793e+03 9.849859971211060383e+01
8.516945270866157443e+03 1.004792535502046604e+02
8.517145363554302094e+03 9.963729840095837176e+01
8.517345456242444925e+03 9.698585662942130625e+01
8.517545548930591394e+03 9.500772992724300536e+01
8.517745641618734226e+03 8.981660697921739711e+01
8.517945734306878876e+03 8.921379548091944400e+01
8.518145826995023526e+03 8.992639291274166169e+01
8.518345919683168177e+03 9.109770664894813308e+01
8.518546012371312827e+03 9.474959362510153937e+01
8.518746105059455658e+03 9.582429947167744899e+01
8.518946197747600309e+03 9.707227899653838676e+01
8.519146290435746778e+03 9.620120892078597308e+01
8.519346383123889609e+03 9.574311466189536191e+01
8.519546475812034259e+03 9.872319949756145263e+01
8.519746568500177091e+03 9.987216455581209118e+01
8.519946661188323560e+03 9.762081550606175995e+01
8.520146753876468210e+03 1.002377375135343698e+02
8.520346846564611042e+03 9.903145326819414151e+01
8.520546939252755692e+03 9.689697694871392741e+01
8.520747031940900342e+03 1.000636522720545116e+02
8.520947124629044993e+03 1.007472517741692712e+02
8.521147217317189643e+03 9.921404150248943665e+01
8.521347310005334293e+03 1.001225984444395323e+02
8.521547402693478944e+03 9.872653824188743954e+01
8.521747495381623594e+03 1.002391659918372113e+02
8.521947588069766425e+03 9.901433829076913185e+01
8.522147680757912894e+03 9.830124767534931607e+01
8.522347773446055726e+03 1.002481578635725299e+02
8.522547866134202195e+03 9.813788954090809113e+01
8.522747958822343207e+03 9.811994066338010612e+01
8.522948051510489677e+03 9.986156081854952049e+01
8.523148144198634327e+03 9.861487357085277949e+01
8.523348236886778977e+03 9.874815537953044497e+01
8.523548329574921809e+03 9.841351586866836954e+01
8.523748422263066459e+03 9.897687838653868653e+01
8.523948514951211109e+03 9.925607841855264724e+01
8.524148607639357579e+03 1.000194865321673916e+02
8.524348700327498591e+03 1.009620205348632567e+02
8.524548793015645060e+03 9.914504270819584519e+01
8.524748885703787892e+03 9.988247961905774730e+01
8.524948978391934361e+03 9.811024911781903768e+01
8.525149071080077192e+03 9.878932064361207210e+01
8.525349163768221842e+03 1.006045588136174445e+02
8.525549256456366493e+03 1.000881895672770554e+02
8.525749349144511143e+03 9.984702076556300199e+01
8.525949441832653974e+03 1.005198430836167063e+02
8.526149534520800444e+03 1.003040610497068030e+02
8.526349627208943275e+03 1.006629476192640027e+02
8.526549719897089744e+03 9.984748433962938918e+01
8.526749812585230757e+03 1.023696751366646112e+02
8.526949905273377226e+03 1.011258862287587306e+02
8.527149997961521876e+03 9.866825406302375256e+01
8.527350090649666527e+03 9.932302756659990450e+01
8.527550183337809358e+03 9.784125276298840390e+01
8.527750276025954008e+03 9.957058208701499780e+01
8.527950368714098659e+03 1.025425352721799328e+02
8.528150461402245128e+03 9.990228277972039450e+01
8.528350554090387959e+03 9.856973204370198971e+01
8.528550646778532609e+03 9.922105300106086645e+01
8.528750739466675441e+03 1.000198446047091494e+02
8.528950832154821910e+03 9.730854508171967154e+01
8.529150924842966560e+03 1.001215013831134684e+02
8.529351017531109392e+03 9.736858240848941648e+01
8.529551110219254042e+03 9.911132518959804827e+01
8.529751202907398692e+03 9.922976221890436932e+01
8.529951295595543343e+03 9.910647750778719001e+01
8.530151388283687993e+03 9.881156692155281007e+01
8.530351480971830824e+03 9.730212330954833533e+01
8.530551573659977294e+03 9.870785999397895694e+01
8.530751666348120125e+03 9.779091220285290831e+01
8.530951759036264775e+03 9.853720411242744603e+01
8.531151851724409426e+03 9.840724083959359803e+01
8.531351944412554076e+03 9.659777118877210000e+01
8.531552037100698726e+03 9.730267072837365561e+01
8.531752129788841557e+03 9.808103939583469355e+01
8.531952222476986208e+03 9.925757819323618492e+01
8.532152315165132677e+03 9.962022713343253599e+01
8.532352407853275508e+03 9.910178986794581135e+01
8.532552500541420159e+03 9.604214481726675956e+01
8.532752593229562990e+03 9.736867276919151948e+01
8.532952685917709459e+03 9.923510577764585605e+01
8.533152778605854110e+03 9.820607877982097023e+01
8.533352871293996941e+03 9.777946015766590904e+01
8.533552963982141591e+03 1.015197486139939826e+02
8.533753056670286242e+03 9.834958160396350024e+01
8.533953149358430892e+03 9.703769651589536238e+01
8.534153242046575542e+03 9.964402104051332287e+01
8.534353334734718374e+03 9.915883605499126929e+01
8.534553427422864843e+03 9.530166732048061817e+01
8.534753520111007674e+03 9.523416110821457892e+01
8.534953612799152324e+03 9.811603443182119122e+01
8.535153705487296975e+03 9.672924572504273044e+01
8.535353798175441625e+03 9.896198951644545616e+01
8.535553890863586275e+03 9.958038334733812746e+01
8.535753983551729107e+03 9.759946269072761993e+01
8.535954076239873757e+03 9.708700408530930304e+01
8.536154168928020226e+03 9.864589473629101235e+01
8.536354261616163058e+03 9.653914163548684257e+01
8.536554354304307708e+03 9.509646413842935431e+01
8.536754446992450539e+03 9.962837992295531819e+01
8.536954539680597009e+03 1.000149942586652827e+02
8.537154632368741659e+03 9.918486573263555783e+01
8.537354725056884490e+03 9.714672231057896568e+01
8.537554817745029140e+03 9.744717570833449827e+01
8.537754910433173791e+03 9.730051573003333942e+01
8.537955003121318441e+03 9.774824927397129670e+01
8.538155095809463091e+03 9.777545216665905059e+01
8.538355188497607742e+03 9.793292826530026218e+01
8.538555281185752392e+03 9.635262510532930946e+01
8.538755373873897042e+03 9.629636325698990618e+01
8.538955466562039874e+03 9.705975486125501561e+01
8.539155559250186343e+03 9.559324020503659369e+01
8.539355651938329174e+03 9.517250035997689395e+01
8.539555744626475644e+03 9.545848159280033940e+01
8.539755837314616656e+03 9.397175929830696361e+01
8.539955930002763125e+03 9.456541475494877602e+01
8.540156022690907776e+03 9.337459031230748963e+01
8.540356115379052426e+03 9.201398035081454907e+01
8.540556208067195257e+03 9.317685729322936083e+01
8.540756300755339907e+03 9.292030783204754130e+01
8.540956393443484558e+03 9.525112202861122057e+01
8.541156486131631027e+03 9.341434712275538743e+01
8.541356578819772039e+03 9.344001087979530951e+01
8.541556671507918509e+03 9.126418091195120041e+01
8.541756764196061340e+03 9.168530998628824591e+01
8.541956856884207809e+03 9.169391948657008129e+01
8.542156949572352460e+03 8.857814035876117487e+01
8.542357042260495291e+03 9.088660567648568644e+01
8.542557134948639941e+03 8.905451317322882687e+01
8.542757227636784592e+03 8.829984723303908822e+01
8.542957320324929242e+03 8.686577619149564100e+01
8.543157413013073892e+03 8.405664262435772116e+01
8.543357505701216724e+03 8.162422949827069374e+01
8.543557598389363193e+03 8.392455307908321060e+01
8.543757691077506024e+03 7.965547388139611940e+01
8.543957783765650674e+03 7.781058005569856562e+01
8.544157876453795325e+03 7.518359210773357404e+01
8.544357969141939975e+03 7.451152809822256984e+01
8.544558061830084625e+03 7.035261810279486383e+01
8.544758154518227457e+03 6.696945879226028353e+01
8.544958247206372107e+03 6.148256651038189347e+01
8.545158339894518576e+03 5.816811996361935400e+01
8.545358432582661408e+03 5.670129934481975909e+01
8.545558525270806058e+03 4.772035348399906241e+01
8.545758617958948889e+03 4.384278352362962750e+01
8.545958710647095359e+03 4.440395091909913106e+01
8.546158803335240009e+03 4.210081525098846100e+01
8.546358896023382840e+03 4.346077100268918514e+01
8.546558988711527491e+03 4.988741730387163642e+01
8.546759081399672141e+03 5.528793405252894644e+01
8.546959174087816791e+03 5.769524610233683859e+01
8.547159266775961441e+03 6.431921587399152429e+01
8.547359359464104273e+03 6.874117838877937459e+01
8.547559452152250742e+03 7.024507639962800454e+01
8.547759544840393573e+03 7.363460689390173286e+01
8.547959637528538224e+03 7.396728477501928012e+01
8.548159730216682874e+03 7.679244027252194371e+01
8.548359822904827524e+03 7.780328089831748173e+01
8.548559915592972175e+03 8.169750907173980181e+01
8.548760008281115006e+03 8.355370029024439305e+01
8.548960100969259656e+03 8.275166898509195335e+01
8.549160193657406126e+03 8.594961779560682658e+01
8.549360286345548957e+03 8.531622664764290676e+01
8.549560379033693607e+03 8.708711439934222653e+01
8.549760471721836439e+03 9.058087641017048952e+01
8.549960564409982908e+03 8.935993872738056609e+01
8.550160657098127558e+03 9.031459734626339753e+01
8.550360749786270389e+03 8.966999636769448045e+01
8.550560842474415040e+03 9.035787590215343812e+01
8.550760935162559690e+03 9.348486490919952985e+01
8.550961027850704340e+03 9.174201672480067771e+01
8.551161120538848991e+03 9.353424670229877336e+01
8.551361213226991822e+03 9.438044564823974270e+01
8.551561305915138291e+03 9.485763631461549039e+01
8.551761398603281123e+03 9.426272285172349541e+01
8.551961491291425773e+03 9.422714818120600455e+01
8.552161583979570423e+03 9.404744760717167651e+01
8.552361676667715074e+03 9.406298689804404489e+01
8.552561769355859724e+03 9.490572241426013989e+01
8.552761862044002555e+03 9.578278907750924986e+01
8.552961954732147206e+03 9.554845329259505604e+01
8.553162047420293675e+03 9.616321003831812675e+01
8.553362140108436506e+03 9.608635650088695002e+01
8.553562232796581156e+03 9.575724693486583305e+01
8.553762325484723988e+03 9.574117444869438032e+01
8.553962418172870457e+03 9.668906657041010533e+01
8.554162510861015107e+03 9.556802298373203541e+01
8.554362603549157939e+03 9.746843706247729244e+01
8.554562696237302589e+03 9.613733206588605640e+01
8.554762788925447239e+03 9.552125184219541154e+01
8.554962881613591890e+03 9.561823853814321694e+01
8.555162974301736540e+03 9.785184306530364040e+01
8.555363066989879371e+03 9.806214625520313177e+01
8.555563159678025841e+03 9.745152058427147779e+01
8.555763252366170491e+03 9.764842551930682646e+01
8.555963345054315141e+03 9.672527533501832409e+01
8.556163437742459791e+03 9.770926680045248247e+01
8.556363530430602623e+03 9.883343500214429866e+01
8.556563623118749092e+03 9.647665869166092989e+01
8.556763715806891923e+03 1.003571202869419636e+02
8.556963808495036574e+03 9.898235029194593437e+01
8.557163901183181224e+03 9.923832119538694485e+01
8.557363993871325874e+03 9.780541179976933108e+01
8.557564086559470525e+03 9.984454114554397108e+01
8.557764179247613356e+03 9.673064541869035793e+01
8.557964271935758006e+03 9.996940098297341137e+01
8.558164364623904476e+03 1.010870069181273436e+02
8.558364457312047307e+03 9.926005539851561821e+01
8.558564550000191957e+03 9.929382353619091361e+01
8.558764642688334789e+03 9.576289125715237560e+01
8.558964735376481258e+03 9.753026837273036165e+01
8.559164828064625908e+03 9.802548197800990692e+01
8.559364920752768739e+03 9.985148010513015038e+01
8.559565013440913390e+03 9.664618418450091042e+01
8.559765106129058040e+03 9.871788962962365588e+01
8.559965198817202690e+03 9.935762737595601379e+01
8.560165291505347341e+03 9.981731700676672858e+01
8.560365384193490172e+03 9.902279985064845391e+01
8.560565476881636641e+03 9.716000240606585692e+01
8.560765569569779473e+03 9.639654084383350607e+01
8.560965662257924123e+03 9.466030356726021466e+01
8.561165754946068773e+03 9.677260732065418836e+01
8.561365847634213424e+03 9.866701614337694082e+01
8.561565940322358074e+03 1.003032390283045601e+02
8.561766033010500905e+03 9.818953057332980450e+01
8.561966125698645556e+03 1.004528779806218637e+02
8.562166218386792025e+03 9.832608041573816138e+01
8.562366311074934856e+03 9.885811143586427363e+01
8.562566403763079506e+03 9.748053321924632542e+01
8.562766496451222338e+03 9.915014344502861832e+01
8.562966589139368807e+03 1.006191542766211171e+02
8.563166681827513457e+03 9.954970883903096990e+01
8.563366774515656289e+03 9.898554926701770285e+01
8.563566867203800939e+03 9.635826885681413501e+01
8.563766959891945589e+03 9.816353120695916346e+01
8.563967052580090240e+03 9.919438908588780635e+01
8.564167145268234890e+03 1.005186189779285399e+02
8.564367237956377721e+03 9.855500617462323021e+01
8.564567330644524191e+03 1.028852357003111990e+02
8.564767423332667022e+03 9.987704974592294604e+01
8.564967516020811672e+03 9.899637672582548475e+01
8.565167608708956323e+03 1.020429938139883177e+02
8.565367701397100973e+03 9.948846412941148287e+01
8.565567794085245623e+03 9.853540794358943344e+01
8.565767886773388454e+03 9.734351930686675303e+01
8.565967979461533105e+03 1.014387665597101744e+02
8.566168072149679574e+03 9.785921850650510123e+01
8.566368164837822405e+03 1.000609001283691981e+02
8.566568257525967056e+03 1.005522832314248802e+02
8.566768350214109887e+03 9.882411876862975930e+01
8.566968442902256356e+03 1.021478835238638538e+02
8.567168535590401007e+03 9.786904290062395262e+01
8.567368628278543838e+03 9.879501028607570845e+01
8.567568720966688488e+03 1.006030742194784153e+02
8.567768813654833139e+03 9.780449941781424172e+01
8.567968906342977789e+03 9.998278275296331685e+01
8.568168999031122439e+03 1.000626573417704037e+02
8.568369091719265271e+03 1.020474259784217850e+02
8.568569184407411740e+03 9.869026595657473422e+01
8.568769277095554571e+03 9.775047635171769400e+01
8.568969369783699221e+03 9.959804225156774748e+01
8.569169462471843872e+03 1.011653857037253772e+02
8.569369555159988522e+03 1.005174163729359265e+02
8.569569647848133172e+03 9.646384389401983128e+01
8.569769740536277823e+03 1.003857378846216335e+02
8.569969833224420654e+03 1.002278687699974995e+02
8.570169925912567123e+03 9.922121453553914705e+01
8.570370018600709955e+03 9.837862552258071958e+01
8.570570111288856424e+03 9.963552694697058598e+01
8.570770203976997436e+03 1.013695371180464235e+02
8.570970296665143906e+03 9.953796471170102222e+01
8.571170389353288556e+03 1.007125844899215394e+02
8.571370482041433206e+03 9.945461620666840474e+01
8.571570574729576037e+03 1.006040072316085059e+02
8.571770667417720688e+03 9.780786750502785765e+01
8.571970760105865338e+03 9.947222720507426175e+01
8.572170852794011807e+03 9.870504933263676151e+01
8.572370945482152820e+03 1.006601562762325273e+02
8.572571038170299289e+03 9.770924838885420627e+01
8.572771130858443939e+03 9.919223983789615318e+01
8.572971223546588590e+03 9.945777816370309665e+01
8.573171316234733240e+03 1.014063326163543195e+02
8.573371408922876071e+03 9.986384882182613865e+01
8.573571501611022541e+03 9.926650301785613806e+01
8.573771594299165372e+03 1.006969014314314705e+02
8.573971686987310022e+03 1.020908795467015011e+02
8.574171779675454673e+03 9.876829277285568764e+01
8.574371872363599323e+03 9.735832821326603437e+01
8.574571965051743973e+03 9.866210036640666203e+01
8.574772057739886804e+03 1.008366873587818162e+02
8.574972150428031455e+03 9.904699420460708836e+01
8.575172243116177924e+03 1.001819141663219455e+02
8.575372335804320755e+03 9.961950975824426280e+01
8.575572428492465406e+03 9.943165899793295637e+01
8.575772521180608237e+03 9.914551829936351623e+01
8.575972613868754706e+03 9.805105591989077141e+01
8.576172706556899357e+03 1.025994858676268109e+02
8.576372799245042188e+03 9.923101137998268939e+01
8.576572891933186838e+03 1.001790641779407878e+02
8.576772984621331489e+03 1.001454009949446515e+02
8.576973077309476139e+03 9.880104163656363880e+01
8.577173169997620789e+03 9.718815048302512594e+01
8.577373262685763621e+03 9.752616084902170712e+01
8.577573355373910090e+03 1.008126593143595073e+02
8.577773448062052921e+03 9.923884745302204635e+01
8.577973540750197571e+03 9.950917059211796811e+01
8.578173633438342222e+03 9.910963346906167715e+01
8.578373726126486872e+03 9.903301092694285046e+01
8.578573818814631522e+03 9.920339225261264460e+01
8.578773911502774354e+03 1.018817018506173042e+02
8.578974004190919004e+03 9.980026966778856945e+01
8.579174096879065473e+03 1.003806633058000131e+02
8.579374189567208305e+03 9.830027664156182254e+01
8.579574282255352955e+03 1.014265503982468175e+02
8.579774374943495786e+03 9.977692948725446342e+01
8.579974467631642256e+03 1.044853721312413342e+02
8.580174560319786906e+03 9.981435603847857863e+01
8.580374653007929737e+03 1.014103563191079047e+02
8.580574745696074388e+03 1.001166558256903159e+02
8.580774838384219038e+03 1.028080999972979157e+02
8.580974931072363688e+03 1.004681637004114236e+02
8.581175023760508338e+03 1.018846750710411442e+02
8.581375116448651170e+03 1.004465681547244031e+02
8.581575209136797639e+03 1.008916783302414757e+02
8.581775301824940470e+03 9.851202933339355639e+01
8.581975394513085121e+03 9.914516616371081170e+01
8.582175487201229771e+03 1.018314634621377763e+02
8.582375579889374421e+03 9.938983888489397600e+01
8.582575672577519072e+03 9.790866629726757253e+01
8.582775765265661903e+03 9.746488490775485047e+01
8.582975857953806553e+03 9.921637543412927585e+01
8.583175950641953023e+03 9.760112858706486350e+01
8.583376043330095854e+03 9.967913661580584517e+01
8.583576136018242323e+03 9.862031724015371026e+01
8.583776228706383336e+03 1.016246497476628434e+02
8.583976321394529805e+03 1.011180269766929172e+02
8.584176414082674455e+03 9.961129459973668077e+01
8.584376506770819105e+03 9.743592429108002761e+01
8.584576599458961937e+03 9.843589518191605237e+01
8.584776692147106587e+03 9.957825846264574920e+01
8.584976784835251237e+03 1.004707122931829275e+02
8.585176877523397707e+03 9.909374637779843908e+01
8.585376970211538719e+03 9.694702710355265651e+01
8.585577062899685188e+03 9.840335492831394504e+01
8.585777155587828020e+03 9.775332931028646044e+01
8.585977248275974489e+03 9.603755772479374286e+01
8.586177340964117320e+03 9.474893903311287602e+01
8.586377433652261971e+03 9.665436625926822956e+01
8.586577526340406621e+03 9.605755128967814471e+01
8.586777619028551271e+03 9.754065735373693258e+01
8.586977711716694103e+03 9.974190412781452153e+01
8.587177804404840572e+03 9.755861671705433480e+01
8.587377897092983403e+03 1.003991569583134407e+02
8.587577989781129872e+03 1.008050797924348814e+02
8.587778082469270885e+03 1.001526922824278785e+02
8.587978175157417354e+03 9.947230479562946925e+01
8.588178267845562004e+03 1.018041731598285082e+02
8.588378360533706655e+03 1.007805298725273815e+02
8.588578453221849486e+03 9.989360963117789538e+01
8.588778545909994136e+03 9.851272837116302128e+01
8.588978638598138787e+03 9.722318294646443348e+01
8.589178731286285256e+03 9.967202785351497596e+01
8.589378823974426268e+03 1.006963351242320641e+02
8.589578916662572738e+03 1.009933480221063888e+02
8.589779009350715569e+03 9.835515568408592912e+01
8.589979102038862038e+03 1.011942018182610212e+02
8.590179194727006688e+03 1.008290636711424071e+02
8.590379287415149520e+03 9.882518776339918531e+01
8.590579380103295989e+03 1.003356006825004840e+02
8.590779472791438820e+03 1.003344900549636947e+02
8.590979565479583471e+03 1.003999133939318398e+02
8.591179658167728121e+03 1.000658593664115870e+02
8.591379750855872771e+03 9.933958596029147259e+01
8.591579843544017422e+03 9.886713694102705574e+01
8.591779936232160253e+03 9.975846580359812776e+01
8.591980028920304903e+03 9.909573733680126395e+01
8.592180121608451373e+03 1.001769957220395497e+02
8.592380214296594204e+03 1.010249452807302646e+02
8.592580306984738854e+03 1.007677373939231131e+02
8.592780399672881686e+03 9.969038720070957993e+01
8.592980492361028155e+03 9.968363619867814407e+01
8.593180585049172805e+03 1.003666620849531057e+02
8.593380677737315636e+03 9.891513648277799575e+01
8.593580770425460287e+03 9.936532304925157177e+01
8.593780863113604937e+03 9.924243459070204665e+01
8.593980955801749587e+03 9.991211717355643884e+01
8.594181048489894238e+03 9.990831164809509346e+01
8.594381141178037069e+03 1.007581521745713644e+02
8.594581233866183538e+03 1.017165650039825522e+02
8.594781326554326370e+03 9.915613122342502095e+01
8.594981419242471020e+03 1.024300870297228130e+02
8.595181511930615670e+03 1.016398496229502229e+02
8.595381604618760321e+03 9.840749912824981038e+01
8.595581697306904971e+03 1.011507906081310892e+02
8.595781789995047802e+03 9.942759573330478418e+01
8.595981882683192453e+03 9.951360447761700811e+01
8.596181975371338922e+03 9.914959347771868181e+01
8.596382068059481753e+03 9.844534028077561061e+01
8.596582160747626403e+03 9.863385744922165088e+01
8.596782253435769235e+03 9.815663267411235893e+01
8.596982346123915704e+03 9.860985183026825496e+01
8.597182438812060354e+03 9.775890659858885101e+01
8.597382531500205005e+03 9.880363021718474670e+01
8.597582624188347836e+03 1.013188858480879873e+02
8.597782716876492486e+03 9.959475022001205957e+01
8.597982809564637137e+03 9.707012464962500076e+01
8.598182902252783606e+03 1.009390452604580730e+02
8.598382994940924618e+03 1.004937612013130064e+02
8.598583087629071088e+03 9.852178468946195267e+01
8.598783180317213919e+03 1.005013727120301894e+02
8.598983273005360388e+03 1.008689936981522095e+02
8.599183365693503220e+03 9.990229564173313292e+01
8.599383458381647870e+03 9.952782085693200997e+01
8.599583551069792520e+03 1.000572102441986573e+02
8.599783643757937170e+03 1.010652259046807586e+02
8.599983736446080002e+03 9.980467439520606376e+01
8.600183829134226471e+03 1.000538832298398120e+02
8.600383921822369302e+03 9.906663774500117370e+01
8.600584014510515772e+03 9.793715379239094432e+01
8.600784107198656784e+03 9.713616093635469895e+01
8.600984199886803253e+03 1.007756254544892300e+02
8.601184292574947904e+03 9.953965897212694358e+01
8.601384385263092554e+03 9.963524767032839691e+01
8.601584477951235385e+03 9.962287576778533094e+01
8.601784570639380036e+03 9.806780504382913932e+01
8.601984663327524686e+03 9.886014406322591697e+01
8.602184756015671155e+03 9.785414529639241721e+01
8.602384848703812168e+03 9.685015644262746548e+01
8.602584941391958637e+03 9.347568927914480241e+01
8.602785034080101468e+03 9.437910505316966692e+01
8.602985126768247937e+03 9.488667328487514396e+01
8.603185219456390769e+03 9.627009051025403608e+01
8.603385312144535419e+03 9.934800133740816364e+01
8.603585404832680069e+03 9.978253099035188711e+01
8.603785497520824720e+03 9.968315762693137572e+01
8.603985590208967551e+03 1.000952374769395448e+02
8.604185682897114020e+03 9.797406511869340306e+01
8.604385775585256852e+03 1.002789824029391355e+02
8.604585868273403321e+03 9.763785682333143257e+01
8.604785960961544333e+03 9.987628993618729112e+01
8.604986053649690803e+03 9.944155977047475403e+01
8.605186146337835453e+03 9.859377185195164373e+01
8.605386239025980103e+03 1.004535218911136383e+02
8.605586331714122934e+03 9.860124992506433728e+01
8.605786424402267585e+03 9.987740414560296642e+01
8.605986517090412235e+03 9.989110537028770409e+01
8.606186609778558704e+03 1.001958416356583967e+02
8.606386702466699717e+03 1.000975292023331349e+02
8.606586795154846186e+03 9.899885666369138448e+01
8.606786887842989017e+03 1.002585980318427943e+02
8.606986980531135487e+03 9.947586962501914343e+01
8.607187073219280137e+03 9.927104276068006072e+01
8.607387165907422968e+03 1.004069100726679125e+02
8.607587258595569438e+03 9.758527274568679388e+01
8.607787351283712269e+03 1.005491637282328412e+02
8.607987443971856919e+03 1.018258856088704221e+02
8.608187536660001570e+03 9.918094424382277907e+01
8.608387629348146220e+03 1.002498881034627800e+02
8.608587722036290870e+03 9.893179606510952340e+01
8.608787814724433701e+03 1.011015122142096772e+02
8.608987907412578352e+03 9.965892358839818144e+01
8.609188000100724821e+03 1.003911775400985107e+02
8.609388092788867652e+03 1.003713436513083224e+02
8.609588185477012303e+03 9.870289397909911600e+01
8.609788278165155134e+03 9.863397045431490540e+01
8.609988370853301603e+03 9.806605324713233074e+01
8.610188463541446254e+03 9.998985275057920319e+01
8.610388556229589085e+03 9.960978859153121334e+01
8.610588648917733735e+03 9.906495706111357435e+01
8.610788741605878386e+03 1.009672829300684072e+02
8.610988834294023036e+03 9.836652226086407325e+01
8.611188926982169505e+03 1.007596047495381697e+02
8.611389019670310518e+03 9.912611342662121672e+01
8.611589112358456987e+03 1.022765133333990235e+02
8.611789205046599818e+03 9.940706608134847500e+01
8.611989297734746287e+03 9.829739994075266907e+01
8.612189390422889119e+03 1.008248112574232493e+02
8.612389483111033769e+03 9.910051871639552701e+01
8.612589575799178419e+03 1.011478911053922189e+02
8.612789668487323070e+03 1.015166439897007535e+02
8.612989761175465901e+03 9.991891618964731947e+01
8.613189853863612370e+03 1.032949481305439576e+02
8.613389946551755202e+03 1.000980135876327779e+02
8.613590039239901671e+03 1.000659829866502406e+02
8.613790131928042683e+03 9.955187663467413017e+01
8.613990224616189153e+03 1.000372409738139083e+02
8.614190317304333803e+03 9.954049960524949370e+01
8.614390409992478453e+03 9.915325005860668739e+01
8.614590502680621285e+03 1.001239297576513820e+02
8.614790595368765935e+03 1.001932671312658414e+02
8.614990688056910585e+03 9.811387527242527540e+01
8.615190780745057054e+03 9.685162563273360092e+01
8.615390873433198067e+03 9.207757442568201611e+01
8.615590966121344536e+03 9.023605979260268839e+01
8.615791058809487367e+03 8.693547819923331588e+01
8.615991151497633837e+03 8.922496340142706117e+01
8.616191244185776668e+03 9.369217304341528063e+01
8.616391336873921318e+03 9.745228679670861993e+01
8.616591429562065969e+03 9.659288965860012866e+01
8.616791522250210619e+03 9.890494391077265846e+01
8.616991614938353450e+03 1.001409424541789690e+02
8.617191707626499920e+03 1.017425195240557798e+02
8.617391800314642751e+03 1.013593001952479824e+02
8.617591893002789220e+03 1.000154037796329760e+02
8.617791985690930233e+03 9.737929609323178681e+01
8.617992078379076702e+03 1.026189627263791095e+02
8.618192171067221352e+03 9.999968176364616568e+01
8.618392263755366002e+03 9.954275478395204857e+01
8.618592356443508834e+03 1.007684783434888658e+02
8.618792449131653484e+03 1.013030285812480713e+02
8.618992541819798134e+03 1.002225671976094503e+02
8.619192634507944604e+03 1.000463424887346804e+02
8.619392727196085616e+03 9.960450424329195585e+01
8.619592819884232085e+03 1.022881392398189462e+02
8.619792912572374917e+03 9.921061705540114417e+01
8.619993005260521386e+03 9.943906277850587117e+01
8.620193097948664217e+03 1.012468130120177250e+02
8.620393190636808868e+03 9.951338177268520724e+01
8.620593283324953518e+03 1.005523084883392926e+02
8.620793376013098168e+03 1.011285574110901422e+02
8.620993468701241000e+03 9.823938032031287548e+01
8.621193561389387469e+03 9.724997166719639097e+01
8.621393654077530300e+03 1.009879933612831451e+02
8.621593746765676769e+03 9.936508242513225753e+01
8.621793839453817782e+03 9.972555400382769619e+01
8.621993932141964251e+03 9.872944422640664186e+01
8.622194024830108901e+03 9.924976888473761960e+01
8.622394117518253552e+03 1.002712954357131139e+02
8.622594210206396383e+03 9.917597972581022248e+01
8.622794302894541033e+03 9.866679338630824248e+01
8.622994395582685684e+03 1.001360084134395407e+02
8.623194488270832153e+03 9.951163651972062496e+01
8.623394580958973165e+03 9.899501986598340864e+01
8.623594673647119635e+03 1.005086276757611188e+02
8.623794766335262466e+03 1.007101472708408352e+02
8.623994859023408935e+03 9.961754004641771587e+01
8.624194951711551766e+03 1.008153697068205759e+02
8.624395044399696417e+03 1.013910414986081463e+02
8.624595137087842886e+03 9.915509771972446629e+01
8.624795229775985717e+03 9.921193380069803425e+01
8.624995322464132187e+03 9.798261775899923975e+01
8.625195415152275018e+03 9.454187975543455025e+01
8.625395507840419668e+03 9.118056310841707557e+01
8.625595600528564319e+03 8.977635559453462122e+01
8.625795693216708969e+03 9.225467464470042955e+01
8.625995785904851800e+03 9.442154090003077727e+01
8.626195878592998270e+03 9.713616283427084852e+01
8.626395971281141101e+03 9.678102573966233990e+01
8.626596063969287570e+03 9.965457089644446853e+01
8.626796156657428583e+03 1.009253243920644394e+02
8.626996249345575052e+03 1.004272764123631987e+02
8.627196342033719702e+03 1.005413148302151995e+02
8.627396434721864352e+03 9.807184932513297326e+01
8.627596527410007184e+03 1.004807729463597639e+02
8.627796620098151834e+03 1.001226231281598018e+02
8.627996712786296484e+03 1.017424398329553128e+02
8.628196805474442954e+03 1.005084728264321114e+02
8.628396898162583966e+03 9.810117711904686644e+01
8.628596990850730435e+03 9.888366155609178065e+01
8.628797083538873267e+03 9.759826265543196655e+01
8.628997176227019736e+03 1.003601693494689187e+02
8.629197268915162567e+03 9.904503382657887300e+01
8.629397361603307218e+03 9.938408650593748916e+01
8.629597454291451868e+03 9.661191792069817552e+01
8.629797546979596518e+03 1.015956629414248056e+02
8.629997639667739350e+03 1.018352962182656540e+02
8.630197732355885819e+03 1.009762693464835905e+02
8.630397825044028650e+03 1.012401368975159102e+02
8.630597917732175119e+03 1.021088156996351159e+02
8.630798010420316132e+03 9.851636863773282471e+01
8.630998103108462601e+03 9.967393918548589227e+01
8.631198195796607251e+03 9.988585973220632752e+01
8.631398288484751902e+03 9.998157786845283113e+01
8.631598381172894733e+03 9.807538815059535864e+01
8.631798473861039383e+03 9.817240359324284782e+01
8.631998566549184034e+03 1.002101083102476764e+02
8.632198659237330503e+03 1.000488870389582132e+02
8.632398751925471515e+03 1.007372622983611166e+02
8.632598844613617985e+03 9.897974435187906295e+01
8.632798937301760816e+03 1.006733752507200990e+02
8.632999029989907285e+03 9.897247681944470798e+01
8.633199122678050117e+03 9.913467213050981286e+01
8.633399215366194767e+03 9.941624574800054859e+01
8.633599308054339417e+03 9.920451468615132740e+01
8.633799400742484067e+03 9.927785575969016918e+01
8.633999493430626899e+03 9.741489499360974946e+01
8.634199586118773368e+03 9.954112119832775818e+01
8.634399678806916199e+03 1.004047830625174811e+02
8.634599771495062669e+03 9.882642634835129059e+01
8.634799864183203681e+03 9.819930212609783382e+01
8.634999956871350150e+03 1.006098547720292373e+02
8.635200049559494801e+03 1.003463019139459931e+02
8.635400142247639451e+03 9.892914531022000801e+01
8.635600234935782282e+03 1.003233033277575430e+02
8.635800327623926933e+03 9.980021285000516684e+01
8.636000420312071583e+03 9.971917903629741886e+01
8.636200513000218052e+03 9.551796469364660425e+01
8.636400605688359065e+03 9.718997399672129234e+01
8.636600698376505534e+03 9.954383559625588873e+01
8.636800791064648365e+03 9.937758690208028156e+01
8.637000883752794834e+03 9.933466728373213073e+01
8.637200976440937666e+03 9.883165151814679916e+01
8.637401069129082316e+03 1.008908139226189604e+02
8.637601161817226966e+03 1.001671020692220679e+02
8.637801254505371617e+03 1.000841192216342534e+02
8.638001347193514448e+03 9.840702247863676178e+01
8.638201439881660917e+03 1.003100836612023556e+02
8.638401532569803749e+03 9.769871739009312250e+01
8.638601625257950218e+03 1.024783306819286679e+02
8.638801717946091230e+03 1.003307265432394644e+02
8.639001810634237700e+03 1.007684645974035220e+02
8.639201903322382350e+03 1.004932209647190149e+02
8.639401996010527000e+03 1.015738382329402754e+02
8.639602088698671650e+03 9.817108624917494808e+01
8.639802181386814482e+03 9.916189210074675486e+01
8.640002274074959132e+03 1.014267076446867293e+02
8.640202366763105601e+03 9.972977849539825002e+01
8.640402459451248433e+03 9.766235323979873328e+01
8.640602552139393083e+03 9.983005610435928645e+01
8.640802644827535914e+03 9.872161155040957681e+01
8.641002737515682384e+03 9.808946754716372141e+01
8.641202830203827034e+03 9.851729069521032045e+01
8.641402922891969865e+03 1.006966076727437240e+02
8.641603015580116335e+03 1.003302183397216112e+02
8.641803108268259166e+03 1.003811111727306979e+02
8.642003200956405635e+03 1.002458462053354253e+02
8.642203293644548467e+03 9.905217163065964314e+01
8.642403386332693117e+03 9.875073415293817902e+01
8.642603479020837767e+03 1.006753592254789567e+02
8.642803571708982417e+03 9.800867402062102940e+01
8.643003664397125249e+03 1.004349847373939468e+02
8.643203757085271718e+03 9.863520312132777690e+01
8.643403849773414549e+03 9.959814392010881079e+01
8.643603942461561019e+03 9.918082886367548667e+01
8.643804035149702031e+03 1.012476993760721200e+02
8.644004127837848500e+03 1.016454618863770492e+02
8.644204220525993151e+03 9.940171454519939687e+01
8.644404313214137801e+03 9.982042418219373303e+01
8.644604405902280632e+03 9.948258534085607607e+01
8.644804498590425283e+03 9.954989686890120026e+01
8.645004591278569933e+03 9.947137431322505563e+01
8.645204683966716402e+03 1.007922304385766665e+02
8.645404776654857415e+03 1.006312898453961679e+02
8.645604869343003884e+03 1.000872974334295833e+02
8.645804962031146715e+03 9.903715444266192947e+01
8.646005054719293184e+03 1.007214076103140172e+02
8.646205147407436016e+03 9.936925746777386337e+01
8.646405240095580666e+03 1.002781069456956686e+02
8.646605332783725316e+03 1.006285343277674684e+02
8.646805425471869967e+03 9.977737126170269732e+01
8.647005518160012798e+03 9.902172712712435043e+01
8.647205610848159267e+03 9.729934691619287435e+01
8.647405703536302099e+03 9.944735722490857199e+01
8.647605796224448568e+03 9.888778196701049694e+01
8.647805888912589580e+03 1.007516180495212836e+02
8.648005981600736050e+03 9.871762286649439488e+01
8.648206074288880700e+03 1.019541663590204479e+02
8.648406166977025350e+03 9.932784235971239184e+01
8.648606259665168182e+03 9.964180583561557114e+01
8.648806352353312832e+03 9.867463305805331686e+01
8.649006445041457482e+03 9.723966816829724280e+01
8.649206537729603951e+03 1.004545540957486480e+02
8.649406630417744964e+03 1.011947084559915595e+02
8.649606723105891433e+03 9.771784269404007262e+01
8.649806815794034264e+03 9.755058616359778512e+01
8.650006908482180734e+03 9.807872691846479540e+01
8.650207001170323565e+03 9.864852055858833069e+01
8.650407093858468215e+03 9.976817561455820282e+01
8.650607186546612866e+03 9.865374280643432314e+01
8.650807279234757516e+03 9.933971948890767578e+01
8.651007371922900347e+03 9.916762490515131390e+01
8.651207464611046817e+03 9.956994981783643084e+01
8.651407557299189648e+03 1.013774276708133470e+02
8.651607649987336117e+03 9.970417716590239365e+01
8.651807742675477130e+03 9.917896152867174919e+01
8.652007835363623599e+03 9.879767315283532980e+01
8.652207928051768249e+03 1.005709921356872485e+02
8.652408020739912899e+03 9.740589744079977663e+01
8.652608113428055731e+03 9.798284003489061433e+01
8.652808206116200381e+03 9.838241335164467216e+01
8.653008298804345031e+03 9.940924325266072969e+01
8.653208391492491501e+03 9.844713664634197414e+01
8.653408484180634332e+03 9.896671169964605497e+01
8.653608576868778982e+03 1.004302470050370744e+02
8.653808669556921814e+03 1.004174134197262163e+02
8.654008762245068283e+03 9.659649162639713893e+01
8.654208854933212933e+03 9.725681657573437633e+01
8.654408947621355765e+03 9.812469572354463310e+01
8.654609040309500415e+03 9.904476761375818228e+01
8.654809132997645065e+03 9.783248658350608196e+01
8.655009225685789715e+03 9.802362285212973347e+01
8.655209318373934366e+03 9.645493129448855996e+01
8.655409411062077197e+03 9.728615951938738249e+01
8.655609503750223666e+03 9.727538642347590780e+01
8.655809596438366498e+03 9.749355705199107547e+01
8.656009689126511148e+03 9.934282121750844397e+01
8.656209781814655798e+03 9.746671911713927727e+01
8.656409874502800449e+03 1.013712739742229587e+02
8.656609967190945099e+03 9.816557061261120509e+01
8.656810059879087930e+03 1.004605414131196000e+02
8.657010152567232581e+03 9.739106096308100291e+01
8.657210245255379050e+03 9.953176901399223198e+01
8.657410337943521881e+03 9.902267725512940899e+01
8.657610430631666532e+03 9.732482421613045176e+01
8.657810523319809363e+03 9.940070635427682078e+01
8.658010616007955832e+03 1.000083502351088356e+02
8.658210708696100482e+03 9.580050235500628730e+01
8.658410801384243314e+03 9.812150106556018159e+01
8.658610894072389783e+03 9.818217703525616002e+01
8.658810986760532614e+03 9.729325417387440211e+01
8.659011079448679084e+03 9.892277169520694713e+01
8.659211172136821915e+03 9.627772436550047530e+01
8.659411264824966565e+03 9.680353193871974327e+01
8.659611357513111216e+03 9.875915884852338422e+01
8.659811450201255866e+03 9.746842875441626575e+01
8.660011542889398697e+03 9.725842429295094860e+01
8.660211635577545167e+03 9.719800770262369838e+01
8.660411728265687998e+03 9.643877861166548371e+01
8.660611820953834467e+03 9.785228684751591288e+01
8.660811913641975480e+03 9.596128534935554910e+01
8.661012006330121949e+03 9.351649943307579349e+01
8.661212099018266599e+03 9.470278903846649143e+01
8.661412191706411249e+03 9.383599557982913097e+01
8.661612284394554081e+03 9.458282823432797670e+01
8.661812377082698731e+03 9.206837648827824694e+01
8.662012469770843381e+03 9.518170669913696713e+01
8.662212562458989851e+03 9.193918527595825196e+01
8.662412655147130863e+03 9.154242183487099283e+01
8.662612747835277332e+03 9.223736151530327732e+01
8.662812840523420164e+03 8.909957532325995544e+01
8.663012933211566633e+03 9.007503811307626052e+01
8.663213025899709464e+03 9.062808442083027671e+01
8.663413118587854115e+03 8.843491963323724292e+01
8.663613211275998765e+03 8.500261180198712907e+01
8.663813303964143415e+03 8.408451357123269077e+01
8.664013396652286247e+03 8.509425643030400011e+01
8.664213489340432716e+03 8.067301277312084551e+01
8.664413582028575547e+03 8.004197476594515592e+01
8.664613674716722016e+03 7.639490779099865847e+01
8.664813767404863029e+03 7.328497903300517180e+01
8.665013860093009498e+03 6.837276979640905950e+01
8.665213952781154148e+03 6.275044437130620878e+01
8.665414045469298799e+03 5.837074095568915055e+01
8.665614138157441630e+03 5.563122196351381632e+01
8.665814230845586280e+03 4.869165789892714002e+01
8.666014323533730931e+03 4.346642691043136608e+01
8.666214416221877400e+03 4.349358868774847053e+01
8.666414508910018412e+03 4.851397410422255518e+01
8.666614601598164882e+03 5.124412903392826735e+01
8.666814694286307713e+03 5.854877576016549767e+01
8.667014786974454182e+03 6.147417051646703356e+01
8.667214879662598833e+03 6.733932767010928444e+01
8.667414972350741664e+03 6.998436701139510774e+01
8.667615065038886314e+03 7.234210063383578415e+01
8.667815157727030964e+03 7.808849029158155020e+01
8.668015250415175615e+03 8.036509087388569128e+01
8.668215343103320265e+03 8.253289733182737109e+01
8.668415435791463096e+03 8.833420076955698619e+01
8.668615528479609566e+03 8.685202429716949268e+01
8.668815621167752397e+03 8.814594472466372110e+01
8.669015713855897047e+03 8.619677810713075417e+01
8.669215806544041698e+03 8.989100147176280586e+01
8.669415899232186348e+03 8.859239735078030265e+01
8.669615991920330998e+03 9.134197919988794467e+01
8.669816084608473830e+03 9.177747869542989179e+01
8.670016177296618480e+03 9.254831318291113007e+01
8.670216269984764949e+03 9.234680757611526758e+01
8.670416362672907781e+03 9.424154654887671256e+01
8.670616455361052431e+03 9.421874701947709241e+01
8.670816548049195262e+03 9.658720775984558315e+01
8.671016640737341731e+03 9.452747819948034191e+01
8.671216733425486382e+03 9.472541316046635984e+01
8.671416826113629213e+03 9.456018424142745005e+01
8.671616918801773863e+03 9.652541764069370345e+01
8.671817011489918514e+03 9.441059807065420273e+01
8.672017104178063164e+03 9.656102994749628010e+01
8.672217196866207814e+03 9.568598114065319749e+01
8.672417289554350646e+03 9.953127409279258586e+01
8.672617382242497115e+03 9.784866628822159385e+01
8.672817474930639946e+03 1.000945101088174880e+02
8.673017567618784597e+03 9.814850940946712399e+01
8.673217660306929247e+03 9.722091977330157420e+01
8.673417752995073897e+03 9.679372594447272604e+01
8.673617845683218547e+03 9.545791895950239336e+01
8.673817938371361379e+03 9.957013619469600485e+01
8.674018031059506029e+03 9.898747589070691788e+01
8.674218123747652498e+03 9.699534101332000091e+01
8.674418216435795330e+03 9.746471871676759235e+01
8.674618309123939980e+03 1.001854129871822181e+02
8.674818401812082811e+03 9.579943103097853907e+01
8.675018494500229281e+03 9.968371435328172936e+01
8.675218587188373931e+03 1.002686856668770048e+02
8.675418679876516762e+03 9.736478634116176067e+01
8.675618772564661413e+03 9.815429109622506587e+01
8.675818865252806063e+03 9.889724386099567255e+01
8.676018957940952532e+03 9.778445553817384450e+01
8.676219050629095364e+03 9.871854846664254524e+01
8.676419143317240014e+03 9.828353027709954404e+01
8.676619236005384664e+03 9.897428424927423407e+01
8.676819328693529314e+03 9.789359542120982383e+01
8.677019421381672146e+03 1.000992003308160179e+02
8.677219514069818615e+03 9.871643598498390304e+01
8.677419606757961446e+03 9.804600091748636714e+01
8.677619699446107916e+03 9.857150669903343498e+01
8.677819792134248928e+03 9.913648702729688011e+01
8.678019884822395397e+03 9.594115844639331669e+01
8.678219977510540048e+03 9.736948685048780305e+01
8.678420070198684698e+03 9.421142582042739377e+01
8.678620162886827529e+03 9.015016167944692427e+01
8.678820255574972180e+03 8.821247929904529883e+01
8.679020348263116830e+03 8.714611072310464124e+01
8.679220440951263299e+03 9.057974037830024372e+01
8.679420533639404312e+03 8.966625779843357691e+01
8.679620626327550781e+03 9.455549513218494440e+01
8.679820719015693612e+03 9.500883228205236719e+01
8.680020811703840081e+03 9.670163364736765743e+01
8.680220904391982913e+03 9.792887618709197284e+01
8.680420997080127563e+03 9.894448332808418911e+01
8.680621089768272213e+03 9.814769754400522572e+01
8.680821182456416864e+03 9.858924561105465045e+01
8.681021275144561514e+03 1.020027104052862654e+02
8.681221367832706164e+03 9.778467992127460207e+01
8.681421460520848996e+03 9.916458186500614147e+01
8.681621553208995465e+03 9.885108313952338221e+01
8.681821645897138296e+03 9.974811790856580274e+01
8.682021738585282947e+03 1.003321512393242330e+02
8.682221831273427597e+03 9.837490779907417959e+01
8.682421923961572247e+03 9.608845328526570029e+01
8.682622016649716898e+03 1.016418627897811859e+02
8.682822109337859729e+03 1.009146238843066072e+02
8.683022202026004379e+03 9.795270133667990820e+01
8.683222294714150848e+03 9.919039548934379980e+01
8.683422387402293680e+03 9.802323648873868933e+01
8.683622480090438330e+03 9.930064490970926272e+01
8.683822572778581161e+03 1.017319085318349750e+02
8.684022665466727631e+03 9.857783210442131860e+01
8.684222758154872281e+03 9.762208365043686342e+01
8.684422850843015112e+03 9.952328130134003459e+01
8.684622943531159763e+03 9.816349848346088436e+01
8.684823036219304413e+03 9.888400313876344683e+01
8.685023128907449063e+03 9.785419126606871032e+01
8.685223221595593714e+03 9.950607715270844267e+01
8.685423314283736545e+03 9.912320692728866334e+01
8.685623406971883014e+03 9.643058842664467534e+01
8.685823499660025846e+03 9.739382834189900962e+01
8.686023592348170496e+03 9.953567057112955752e+01
8.686223685036315146e+03 9.986684407336383629e+01
8.686423777724459796e+03 1.004849553337573269e+02
8.686623870412604447e+03 9.820427753614822564e+01
8.686823963100747278e+03 9.776065956108395483e+01
8.687024055788891928e+03 9.579971642574246005e+01
8.687224148477038398e+03 9.658315021205466167e+01
8.687424241165181229e+03 9.764798165536927854e+01
8.687624333853325879e+03 9.955724237849490521e+01
8.687824426541468711e+03 1.011944295242865905e+02
8.688024519229615180e+03 9.630425773712691750e+01
8.688224611917759830e+03 9.808312213679107572e+01
8.688424704605902662e+03 9.906358459991143661e+01
8.688624797294047312e+03 1.006763865566252747e+02
8.688824889982191962e+03 9.980257923557840627e+01
8.689024982670336613e+03 9.746152854731614923e+01
8.689225075358481263e+03 9.678905067291508146e+01
8.689425168046624094e+03 9.997666854270876513e+01
8.689625260734770563e+03 1.019269594850748604e+02
8.689825353422913395e+03 1.007117780032388197e+02
8.690025446111058045e+03 9.905714171373895738e+01
8.690225538799202695e+03 1.005107534277309185e+02
8.690425631487347346e+03 1.006903538272448202e+02
8.690625724175491996e+03 9.923696886654542482e+01
8.690825816863634827e+03 9.749205135949017631e+01
8.691025909551779478e+03 9.881256875310961618e+01
8.691226002239925947e+03 1.001634228288642561e+02
8.691426094928068778e+03 9.630352436511688552e+01
8.691626187616213429e+03 9.913405518534619887e+01
8.691826280304356260e+03 9.525761487454808218e+01
8.692026372992502729e+03 9.033094936065246827e+01
8.692226465680647379e+03 8.187531016824257790e+01
8.692426558368790211e+03 7.711976018023878510e+01
8.692626651056934861e+03 7.195922411828624377e+01
8.692826743745079511e+03 7.217144909985505308e+01
8.693026836433225981e+03 8.145984307254796875e+01
8.693226929121368812e+03 8.958636766630569070e+01
8.693427021809513462e+03 9.253710496380402617e+01
8.693627114497658113e+03 9.649722239762088805e+01
8.693827207185802763e+03 1.006691968897312250e+02
8.694027299873945594e+03 9.912920252201176652e+01
8.694227392562092064e+03 9.864772439585320285e+01
8.694427485250234895e+03 1.012486164477858637e+02
8.694627577938381364e+03 9.900297053618916721e+01
8.694827670626524196e+03 1.001321843736376849e+02
8.695027763314668846e+03 9.805460334502807029e+01
8.695227856002813496e+03 1.006913538134614612e+02
8.695427948690958146e+03 1.011125014938256470e+02
8.695628041379102797e+03 1.002136331526672848e+02
8.695828134067245628e+03 9.672408685404117534e+01
8.696028226755390278e+03 9.806388917990045684e+01
8.696228319443536748e+03 1.008434929575322059e+02
8.696428412131679579e+03 1.012639101373191579e+02
8.696628504819824229e+03 9.873953394730742161e+01
8.696828597507967061e+03 1.016875153419014026e+02
8.697028690196113530e+03 9.862896735143598903e+01
8.697228782884258180e+03 1.008417635322393835e+02
8.697428875572401012e+03 1.000978692564298882e+02
8.697628968260545662e+03 1.002949047546507728e+02
8.697829060948690312e+03 1.004515275527114966e+02
8.698029153636834963e+03 9.986499155512838399e+01
8.698229246324979613e+03 9.793925964385853433e+01
8.698429339013122444e+03 1.015814785018338711e+02
8.698629431701268913e+03 1.000433169150157369e+02
8.698829524389411745e+03 1.006062916239858822e+02
8.699029617077556395e+03 1.000668765393087085e+02
8.699229709765701045e+03 1.008590983560359291e+02
8.699429802453845696e+03 9.839201816531112854e+01
8.699629895141990346e+03 9.879324079139287562e+01
8.699829987830133177e+03 9.978785938624410790e+01
8.700030080518277828e+03 9.887456223493278173e+01
8.700230173206424297e+03 1.005894214738520134e+02
8.700430265894567128e+03 1.016242423786915765e+02
8.700630358582711779e+03 1.003334969885564334e+02
8.700830451270854610e+03 1.019217438777009903e+02
8.701030543959001079e+03 9.955417826492913491e+01
8.701230636647145730e+03 9.836175935821860605e+01
8.701430729335288561e+03 1.014012682840832582e+02
8.701630822023433211e+03 9.951861553308670238e+01
8.701830914711577861e+03 1.024516612692046635e+02
8.702031007399722512e+03 9.928680521340218945e+01
8.702231100087867162e+03 9.838663767896846934e+01
8.702431192776009993e+03 1.007428864193880287e+02
8.702631285464156463e+03 1.009590507761805611e+02
8.702831378152299294e+03 9.810354517329803059e+01
8.703031470840443944e+03 9.857349529255576215e+01
8.703231563528588595e+03 9.689906180003153224e+01
8.703431656216733245e+03 9.558301772145739506e+01
8.703631748904877895e+03 9.578364346104388005e+01
8.703831841593020727e+03 9.733156102895343054e+01
8.704031934281165377e+03 1.015781075040286936e+02
8.704232026969311846e+03 9.963229063639465721e+01
8.704432119657454678e+03 1.013632947607563892e+02
8.704632212345599328e+03 1.001563283190862990e+02
8.704832305033742159e+03 1.001568126562527965e+02
8.705032397721888628e+03 9.981951685830037491e+01
8.705232490410033279e+03 9.848224792882479051e+01
8.705432583098176110e+03 9.968777231142142625e+01
8.705632675786320760e+03 1.001280065782232640e+02
8.705832768474465411e+03 9.936889063324935023e+01
8.706032861162610061e+03 9.887167702824837079e+01
8.706232953850754711e+03 1.005923147212035360e+02
8.706433046538897543e+03 1.009273047906948335e+02
8.706633139227044012e+03 1.007740293977670802e+02
8.706833231915186843e+03 1.006532692858770730e+02
8.707033324603331494e+03 9.866534170721850217e+01
8.707233417291476144e+03 1.011908305483630812e+02
8.707433509979620794e+03 1.005296686883356188e+02
8.707633602667765444e+03 9.964487967419675840e+01
8.707833695355908276e+03 9.960482383492143299e+01
8.708033788044052926e+03 1.007198705943086168e+02
8.708233880732199395e+03 9.871702521646470530e+01
8.708433973420342227e+03 9.888394792781389242e+01
8.708634066108488696e+03 9.973408317706196158e+01
8.708834158796629708e+03 9.877048355596608076e+01
8.709034251484776178e+03 1.010743038424002123e+02
8.709234344172920828e+03 1.018737598120329579e+02
8.709434436861065478e+03 1.007991904012212672e+02
8.709634529549208310e+03 1.012483629826939904e+02
8.709834622237352960e+03 1.001643991727366654e+02
8.710034714925497610e+03 9.969139802821679552e+01
8.710234807613644080e+03 1.004584687803379239e+02
8.710434900301786911e+03 1.011571755487258741e+02
8.710634992989931561e+03 9.910647347351971348e+01
8.710835085678076211e+03 1.006334893882083321e+02
8.711035178366220862e+03 9.837315533689952929e+01
8.711235271054365512e+03 1.008961231705804806e+02
8.711435363742508343e+03 9.928848187516784662e+01
8.711635456430654813e+03 9.974509369160398364e+01
8.711835549118797644e+03 9.807141355561374496e+01
8.712035641806942294e+03 9.981073172407286620e+01
8.712235734495086945e+03 9.888701975205046324e+01
8.712435827183231595e+03 9.930039835577406393e+01
8.712635919871376245e+03 1.015594844471716982e+02
8.712836012559519077e+03 9.768392695816048388e+01
8.713036105247663727e+03 9.979767947783594195e+01
8.713236197935810196e+03 9.973958358429256066e+01
8.713436290623953028e+03 9.959935737515124288e+01
8.713636383312097678e+03 1.015654553962999955e+02
8.713836476000240509e+03 9.909361661232507856e+01
8.714036568688386978e+03 9.574660051391330740e+01
8.714236661376531629e+03 9.334876388153826099e+01
8.714436754064674460e+03 9.303302876931240917e+01
8.714636846752819110e+03 9.306214784525492689e+01
8.714836939440963761e+03 9.821790423374400802e+01
8.715037032129108411e+03 9.705556563138675585e+01
8.715237124817253061e+03 9.810014921424530598e+01
8.715437217505395893e+03 1.005408855692986663e+02
8.715637310193542362e+03 1.003892134022963631e+02
8.715837402881685193e+03 1.008631804604454771e+02
8.716037495569829844e+03 9.933023580976360734e+01
8.716237588257974494e+03 1.007299994837586752e+02
8.716437680946119144e+03 9.921300211038777661e+01
8.716637773634263795e+03 1.002716411146285225e+02
8.716837866322406626e+03 9.725802555871028687e+01
8.717037959010551276e+03 9.716946858719005320e+01
8.717238051698697745e+03 9.238185715021242572e+01
8.717438144386840577e+03 9.435124407208627417e+01
8.717638237074985227e+03 9.726130757258049186e+01
8.717838329763128058e+03 9.937872054535920086e+01
8.718038422451274528e+03 1.005016836046243611e+02
8.718238515139419178e+03 1.001039291074923057e+02
8.718438607827562009e+03 9.711467260150605796e+01
8.718638700515706660e+03 1.001076758940486684e+02
8.718838793203851310e+03 9.732065799939744011e+01
8.719038885891995960e+03 9.973886057184896003e+01
8.719238978580140611e+03 9.978372905483011834e+01
8.719439071268283442e+03 9.907437348553230549e+01
8.719639163956429911e+03 9.859589545564374191e+01
8.719839256644572743e+03 1.002710668915485570e+02
8.720039349332717393e+03 1.011207778560291786e+02
8.720239442020862043e+03 9.867457840122230550e+01
8.720439534709006693e+03 9.929716985266375673e+01
8.720639627397151344e+03 9.948322850215843971e+01
8.720839720085294175e+03 1.021297602002600797e+02
8.721039812773438825e+03 9.993931712329637662e+01
8.721239905461585295e+03 9.842151805498201611e+01
8.721439998149728126e+03 9.784809174741417337e+01
8.721640090837872776e+03 9.733402894652758164e+01
8.721840183526015608e+03 9.788468225434371561e+01
8.722040276214162077e+03 9.645931486809232069e+01
8.722240368902306727e+03 9.799834736238709354e+01
8.722440461590451378e+03 9.822179964976827193e+01
8.722640554278594209e+03 9.779563118342102257e+01
8.722840646966738859e+03 1.005813736758379378e+02
8.723040739654883510e+03 1.004519780056941016e+02
8.723240832343029979e+03 9.885684252612730916e+01
8.723440925031170991e+03 9.860935853476526347e+01
8.723641017719317460e+03 9.914181228071336704e+01
8.723841110407460292e+03 1.022339035061873318e+02
8.724041203095606761e+03 9.800635077753881319e+01
8.724241295783749592e+03 9.924912520810539718e+01
8.724441388471894243e+03 1.000397707405951166e+02
8.724641481160038893e+03 9.898170170157283110e+01
8.724841573848183543e+03 9.949405158821033979e+01
8.725041666536326375e+03 9.874837649425417396e+01
8.725241759224472844e+03 1.014322537067750716e+02
8.725441851912615675e+03 9.897358222827618590e+01
8.725641944600762145e+03 9.883021913340193976e+01
8.725842037288903157e+03 9.915671236642032227e+01
8.726042129977049626e+03 9.965454141062541282e+01
8.726242222665194276e+03 9.993924969254241830e+01
8.726442315353338927e+03 9.887015797269934581e+01
8.726642408041481758e+03 1.006094536045281131e+02
8.726842500729626408e+03 9.897002744859015877e+01
8.727042593417771059e+03 9.817092919741942580e+01
8.727242686105917528e+03 1.006816882317377377e+02
8.727442778794060359e+03 9.851105151716494390e+01
8.727642871482205010e+03 9.983748607558494825e+01
8.727842964170349660e+03 9.875323940206961026e+01
8.728043056858494310e+03 1.010546349025230626e+02
8.728243149546638961e+03 1.000923664513795046e+02
8.728443242234781792e+03 9.890241497560892014e+01
8.728643334922928261e+03 9.991984228040554683e+01
8.728843427611071093e+03 1.001281897462715449e+02
8.729043520299215743e+03 1.008448078575821540e+02
8.729243612987360393e+03 1.012639400105548475e+02
8.729443705675505043e+03 1.004813402222419256e+02
8.729643798363649694e+03 9.884787043192808653e+01
8.729843891051792525e+03 9.945728035182347071e+01
8.730043983739937175e+03 9.878804780544342634e+01
8.730244076428083645e+03 9.977987303816776432e+01
8.730444169116226476e+03 1.005211796583142245e+02
8.730644261804371126e+03 9.815714729307191533e+01
8.730844354492513958e+03 1.011283375001975458e+02
8.731044447180660427e+03 1.011980956017921471e+02
8.731244539868805077e+03 1.009592467811131797e+02
8.731444632556947909e+03 9.998179873129488726e+01
8.731644725245092559e+03 9.877946534701753478e+01
8.731844817933237209e+03 9.970977890438008728e+01
8.732044910621381860e+03 9.843045110842443535e+01
8.732245003309526510e+03 9.635363718790864596e+01
8.732445095997669341e+03 9.749070668933889294e+01
8.732645188685815810e+03 1.003871059429429522e+02
8.732845281373958642e+03 9.951266797339302173e+01
8.733045374062103292e+03 9.897329897272426535e+01
8.733245466750247942e+03 9.847761819766331826e+01
8.733445559438392593e+03 1.022122812034842525e+02
8.733645652126537243e+03 9.935324619387357359e+01
8.733845744814680074e+03 9.916120114698868804e+01
8.734045837502824725e+03 9.928962450224460667e+01
