8.476269620502938778e+03 1.072704844053957345e+02
8.476469532522291047e+03 1.025423302097296840e+02
8.476669444541641496e+03 9.785940074327093896e+01
8.476869356560993765e+03 1.017627666812738454e+02
8.477069268580344215e+03 1.020608993941561238e+02
8.477269180599696483e+03 1.062341992055359299e+02
8.477469092619048752e+03 1.031667860181741361e+02
8.477669004638399201e+03 9.966565065773663434e+01
8.477868916657751470e+03 9.703340143016444586e+01
8.478068828677101919e+03 9.465167721418788460e+01
8.478268740696454188e+03 1.032939380036264083e+02
8.478468652715804637e+03 1.003421426439412301e+02
8.478668564735156906e+03 1.009315731161660779e+02
8.478868476754509174e+03 9.405554566320755328e+01
8.479068388773857805e+03 9.391409932706136487e+01
8.479268300793211893e+03 9.776399204908152285e+01
8.479468212812562342e+03 1.025761448039767458e+02
8.479668124831914611e+03 9.777243338501719450e+01
8.479868036851266879e+03 1.058170370571028940e+02
8.480067948870615510e+03 1.069638404536789835e+02
8.480267860889969597e+03 1.011571371702504365e+02
8.480467772909320047e+03 1.023819819742550123e+02
8.480667684928670496e+03 1.063156787068544986e+02
8.480867596948024584e+03 9.923640332453305746e+01
8.481067508967373215e+03 1.020518335535675050e+02
8.481267420986727302e+03 1.032536093832031696e+02
8.481467333006077752e+03 1.001950061413699729e+02
8.481667245025428201e+03 1.042221610426516918e+02
8.481867157044782289e+03 1.059328900652384249e+02
8.482067069064130919e+03 9.667102157853477706e+01
8.482266981083483188e+03 9.149674615333586303e+01
8.482466893102835456e+03 9.620248086397678833e+01
8.482666805122185906e+03 9.498492454621242587e+01
8.482866717141538174e+03 1.010754192823815316e+02
8.483066629160888624e+03 9.909828821566074453e+01
8.483266541180240893e+03 1.015129849378430009e+02
8.483466453199593161e+03 9.349003693481617461e+01
8.483666365218943611e+03 1.011024218765415128e+02
8.483866277238294060e+03 1.026055791477232049e+02
8.484066189257646329e+03 1.049649686229669641e+02
8.484266101276998597e+03 1.063538157087079696e+02
8.484466013296350866e+03 1.056726062900153948e+02
8.484665925315701315e+03 9.312848051534298577e+01
8.484865837335051765e+03 1.017594502053306798e+02
8.485065749354404034e+03 1.011741885894537631e+02
8.485265661373756302e+03 9.434762938213705752e+01
8.485465573393106752e+03 9.523167080847711929e+01
8.485665485412459020e+03 1.036565630941597931e+02
8.485865397431809470e+03 9.729968125137004620e+01
8.486065309451161738e+03 9.659985739168971008e+01
8.486265221470514007e+03 9.979677641538694388e+01
8.486465133489864456e+03 1.071572153019291136e+02
8.486665045509216725e+03 1.020908510973274304e+02
8.486864957528567174e+03 9.985557571011194966e+01
8.487064869547919443e+03 1.044951778631898804e+02
8.487264781567269893e+03 9.102394605876139622e+01
8.487464693586622161e+03 1.027422418787373886e+02
8.487664605605974430e+03 1.018121096826752989e+02
8.487864517625324879e+03 9.596706699087853565e+01
8.488064429644675329e+03 1.012685312629739798e+02
8.488264341664027597e+03 9.129439566856930810e+01
8.488464253683379866e+03 1.069544378028926417e+02
8.488664165702732134e+03 1.045462375769670444e+02
8.488864077722082584e+03 1.032601466475575336e+02
8.489063989741433033e+03 9.493873213130368072e+01
8.489263901760785302e+03 1.032113145324238559e+02
8.489463813780137571e+03 1.062045081592525264e+02
8.489663725799488020e+03 9.912151213152758089e+01
8.489863637818840289e+03 1.002163865327721481e+02
8.490063549838190738e+03 9.285312758514201903e+01
8.490263461857543007e+03 8.933448289777250295e+01
8.490463373876895275e+03 9.499733205272752912e+01
8.490663285896245725e+03 1.048374032067234083e+02
8.490863197915597993e+03 1.003295060622872796e+02
8.491063109934948443e+03 9.788196390752851528e+01
8.491263021954298893e+03 9.917524282894279963e+01
8.491462933973652980e+03 9.772099000082855014e+01
8.491662845993001611e+03 9.969668747529895825e+01
8.491862758012355698e+03 9.487947648800934530e+01
8.492062670031706148e+03 9.763865685188113730e+01
8.492262582051056597e+03 1.002273614519228317e+02
8.492462494070410685e+03 1.014581295020401370e+02
8.492662406089759315e+03 9.277182737754370123e+01
8.492862318109111584e+03 9.425179789187079393e+01
8.493062230128463852e+03 8.447624657391047265e+01
8.493262142147814302e+03 9.124084890694706473e+01
8.493462054167168390e+03 7.919829031824185961e+01
8.493661966186517020e+03 7.915470655796588062e+01
8.493861878205869289e+03 6.295983821399086366e+01
8.494061790225221557e+03 5.727031090179474404e+01
8.494261702244572007e+03 5.531846295027996518e+01
8.494461614263924275e+03 6.500540083238065847e+01
8.494661526283274725e+03 5.529947907613907887e+01
8.494861438302626993e+03 7.359697290810289871e+01
8.495061350321979262e+03 7.720307250747701744e+01
8.495261262341329711e+03 8.315530552957180532e+01
8.495461174360681980e+03 9.097627553418000446e+01
8.495661086380032430e+03 9.143784717921710126e+01
8.495860998399384698e+03 9.672974606583267132e+01
8.496060910418735148e+03 9.836948077419000924e+01
8.496260822438087416e+03 1.049178336352395462e+02
8.496460734457439685e+03 9.950328285634826386e+01
8.496660646476790134e+03 1.016351586476565387e+02
8.496860558496142403e+03 9.802907292235649095e+01
8.497060470515491033e+03 9.992796360324642535e+01
8.497260382534845121e+03 1.007432031811096351e+02
8.497460294554197390e+03 9.521841693427333553e+01
8.497660206573547839e+03 9.266086000326838246e+01
8.497860118592900108e+03 9.267700899960007632e+01
8.498060030612248738e+03 9.727329460853201226e+01
8.498259942631602826e+03 8.854753710794581423e+01
8.498459854650955094e+03 1.036349451928862635e+02
8.498659766670303725e+03 1.017564665802685084e+02
8.498859678689657812e+03 9.074173658535491427e+01
8.499059590709006443e+03 9.088561779010274222e+01
8.499259502728360530e+03 1.028397068247440558e+02
8.499459414747712799e+03 1.027601243726418829e+02
8.499659326767061430e+03 9.944144175254501761e+01
8.499859238786415517e+03 1.064904958502924046e+02
8.500059150805764148e+03 9.638474351611826307e+01
8.500259062825116416e+03 1.018304060808796834e+02
8.500458974844470504e+03 1.016686268120929952e+02
8.500658886863819134e+03 9.423076072260323599e+01
8.500858798883173222e+03 1.029677461976479975e+02
8.501058710902521852e+03 1.002199616776411233e+02
8.501258622921874121e+03 9.091057029540486667e+01
8.501458534941226389e+03 1.031920266790469611e+02
8.501658446960576839e+03 9.466325717329914369e+01
8.501858358979929108e+03 9.862272097116054681e+01
8.502058270999279557e+03 1.039927674121087193e+02
8.502258183018631826e+03 1.029324307073086828e+02
8.502458095037984094e+03 1.042522382880518990e+02
8.502658007057334544e+03 9.991075979228523352e+01
8.502857919076686812e+03 9.758913641439993114e+01
8.503057831096037262e+03 1.083326443260384053e+02
8.503257743115389530e+03 1.064509279385498672e+02
8.503457655134741799e+03 9.627970480841776180e+01
8.503657567154092249e+03 1.026647785832757336e+02
8.503857479173444517e+03 9.525184785531526188e+01
8.504057391192794967e+03 1.080106268875011608e+02
8.504257303212147235e+03 1.043645586530788449e+02
8.504457215231497685e+03 9.841536185311390739e+01
8.504657127250849953e+03 1.022816705484718796e+02
8.504857039270202222e+03 9.365377519640233572e+01
8.505056951289552671e+03 9.600713915715645896e+01
8.505256863308904940e+03 1.004931223094025370e+02
8.505456775328255389e+03 1.042995333971368268e+02
8.505656687347607658e+03 1.031342619900186719e+02
8.505856599366958108e+03 1.034231628686328435e+02
8.506056511386308557e+03 1.031503385210421584e+02
8.506256423405662645e+03 9.600586645767850769e+01
8.506456335425013094e+03 9.756889235574888630e+01
8.506656247444365363e+03 1.003141231992384803e+02
8.506856159463715812e+03 1.019097385913016893e+02
8.507056071483066262e+03 9.758317131623525142e+01
8.507255983502420349e+03 1.013065685849148139e+02
8.507455895521770799e+03 1.042368604464491852e+02
8.507655807541121249e+03 9.469064161882623409e+01
8.507855719560473517e+03 1.012404599803184198e+02
8.508055631579823967e+03 1.019700408553654540e+02
8.508255543599178054e+03 9.664385275254065277e+01
8.508455455618528504e+03 9.807800987871742393e+01
8.508655367637878953e+03 1.043422572951749459e+02
8.508855279657231222e+03 9.320473655706508964e+01
8.509055191676581671e+03 9.792696542876998933e+01
8.509255103695933940e+03 8.931198561915952894e+01
8.509455015715286208e+03 9.866771069949217576e+01
8.509654927734636658e+03 9.898017143674638874e+01
8.509854839753988927e+03 1.020320472358133372e+02
8.510054751773339376e+03 9.707469985204238583e+01
8.510254663792689826e+03 9.576500871741281173e+01
8.510454575812043913e+03 9.270111931808236250e+01
8.510654487831394363e+03 8.633108601064050447e+01
8.510854399850744812e+03 9.960478727884857619e+01
8.511054311870097081e+03 9.203076150328959670e+01
8.511254223889447530e+03 9.455857271175287337e+01
8.511454135908801618e+03 1.085449212414363416e+02
8.511654047928152067e+03 1.016285752669789559e+02
8.511853959947502517e+03 1.008613838658470456e+02
8.512053871966854786e+03 1.104159334168356708e+02
8.512253783986205235e+03 1.020657131265400892e+02
8.512453696005559323e+03 9.778022522990096377e+01
8.512653608024909772e+03 9.934764621672420049e+01
8.512853520044260222e+03 1.078098909695011685e+02
8.513053432063612490e+03 1.104330924677810515e+02
8.513253344082962940e+03 8.955613324098433736e+01
8.513453256102315208e+03 1.077182204050783128e+02
8.513653168121667477e+03 1.093437277970303541e+02
8.513853080141017927e+03 1.041061917314940928e+02
8.514052992160370195e+03 9.858970447779844903e+01
8.514252904179720645e+03 1.001366570696310987e+02
8.514452816199072913e+03 9.517277214543101138e+01
8.514652728218423363e+03 9.890086381993137365e+01
8.514852640237775631e+03 1.054879535467419203e+02
8.515052552257126081e+03 1.089260667030631424e+02
8.515252464276478349e+03 9.667061851271716932e+01
8.515452376295830618e+03 9.732756720524700711e+01
8.515652288315181067e+03 9.553797360203964217e+01
8.515852200334533336e+03 1.045488055058009422e+02
8.516052112353883786e+03 9.409032211644441190e+01
8.516252024373236054e+03 9.871258774858230822e+01
8.516451936392588323e+03 1.101437780174710070e+02
8.516651848411936953e+03 1.060519038499396629e+02
8.516851760431291041e+03 9.508407767219264883e+01
8.517051672450641490e+03 9.741053013324894039e+01
8.517251584469993759e+03 1.023721390091551626e+02
8.517451496489346027e+03 9.901877864837007337e+01
8.517651408508694658e+03 1.005590382744230453e+02
8.517851320528048745e+03 1.000474736966010738e+02
8.518051232547399195e+03 1.023926975009416651e+02
8.518251144566749645e+03 1.002923230674288533e+02
8.518451056586103732e+03 9.842112123145849978e+01
8.518650968605452363e+03 1.046446134754058619e+02
8.518850880624806450e+03 9.768423105409326013e+01
8.519050792644155081e+03 1.018303053191446423e+02
8.519250704663507349e+03 9.746056492092594681e+01
8.519450616682861437e+03 9.861808395663537397e+01
8.519650528702210067e+03 1.021899290741508963e+02
8.519850440721562336e+03 1.033134486090752375e+02
8.520050352740912786e+03 1.033757063905030691e+02
8.520250264760265054e+03 1.007874683459075555e+02
8.520450176779619142e+03 9.122859131016035406e+01
8.520650088798967772e+03 1.007508867256195089e+02
8.520850000818320041e+03 1.055219342870642549e+02
8.521049912837670490e+03 9.123496699082372174e+01
8.521249824857022759e+03 9.484102914435882781e+01
8.521449736876376846e+03 9.761481431516965301e+01
8.521649648895725477e+03 9.060947868105085945e+01
8.521849560915077745e+03 9.635920011191726076e+01
8.522049472934428195e+03 1.031135016773228443e+02
8.522249384953780464e+03 1.004134816683082221e+02
8.522449296973132732e+03 9.747505169981937456e+01
8.522649208992483182e+03 1.037605747317354741e+02
8.522849121011835450e+03 9.550909872335752482e+01
8.523049033031185900e+03 1.062637867836868111e+02
8.523248945050538168e+03 9.970859344028383475e+01
8.523448857069888618e+03 1.041910267520670601e+02
8.523648769089240886e+03 9.960852810807887181e+01
8.523848681108593155e+03 1.006542020359799210e+02
8.524048593127941785e+03 1.020629141323691584e+02
8.524248505147295873e+03 1.035456542382048610e+02
8.524448417166646323e+03 1.061933910640626948e+02
8.524648329185998591e+03 9.496866271601459175e+01
8.524848241205350860e+03 9.723546884220287723e+01
8.525048153224699490e+03 1.004221939492927760e+02
8.525248065244053578e+03 1.035445862577274028e+02
8.525447977263404027e+03 8.747770089205451427e+01
8.525647889282754477e+03 1.089607696863886446e+02
8.525847801302108564e+03 1.002505322465578246e+02
8.526047713321457195e+03 9.766431053573150223e+01
8.526247625340811283e+03 1.030652529003294546e+02
8.526447537360161732e+03 9.978559706032577026e+01
8.526647449379512182e+03 9.335332409375433826e+01
8.526847361398866269e+03 9.868699359289200856e+01
8.527047273418214900e+03 9.947027656445575872e+01
8.527247185437567168e+03 1.031602835310426229e+02
8.527447097456919437e+03 9.991501330859043151e+01
8.527647009476269886e+03 1.009010490168472813e+02
8.527846921495622155e+03 1.038653567678948235e+02
8.528046833514972604e+03 9.973857652969361709e+01
8.528246745534324873e+03 1.016679405372667020e+02
8.528446657553677142e+03 9.636945701989202462e+01
8.528646569573027591e+03 1.012020449660787733e+02
8.528846481592378041e+03 9.604979758509267640e+01
8.529046393611730309e+03 1.042148328224956089e+02
8.529246305631082578e+03 9.552979771037306023e+01
8.529446217650434846e+03 9.355081239413128458e+01
8.529646129669785296e+03 9.833349417792642555e+01
8.529846041689135745e+03 9.397244477757996606e+01
8.530045953708488014e+03 9.690519628476262426e+01
8.530245865727840282e+03 9.723205028267419436e+01
8.530445777747192551e+03 8.886851385069329012e+01
8.530645689766543001e+03 9.619072917057789596e+01
8.530845601785893450e+03 1.010761930533047206e+02
8.531045513805245719e+03 9.986679324535361957e+01
8.531245425824597987e+03 9.949675291290144230e+01
8.531445337843948437e+03 9.238613451119833542e+01
8.531645249863300705e+03 1.015372281954276730e+02
8.531845161882651155e+03 9.944522073904188630e+01
8.532045073902003423e+03 9.370313748465387960e+01
8.532244985921353873e+03 1.044911146077979254e+02
8.532444897940706142e+03 9.377858006035785365e+01
8.532644809960058410e+03 1.009453932048565008e+02
8.532844721979408860e+03 1.037299496998777641e+02
8.533044633998759309e+03 9.299567498072643446e+01
8.533244546018111578e+03 1.015845793197592855e+02
8.533444458037463846e+03 9.742192405193709703e+01
8.533644370056816115e+03 9.411248971971050992e+01
8.533844282076166564e+03 9.634313143536277835e+01
8.534044194095517014e+03 1.015885992495594081e+02
8.534244106114869282e+03 9.073737968343426985e+01
8.534444018134221551e+03 9.676173512172684354e+01
8.534643930153572001e+03 9.258379551391541895e+01
8.534843842172924269e+03 9.035529551610828491e+01
8.535043754192274719e+03 9.317009615013827784e+01
8.535243666211626987e+03 9.360943940219330273e+01
8.535443578230979256e+03 8.906083730940596865e+01
8.535643490250329705e+03 9.386740343833982081e+01
8.535843402269681974e+03 1.016480313634311301e+02
8.536043314289032423e+03 8.746548367273069857e+01
8.536243226308382873e+03 8.575313910941997619e+01
8.536443138327736960e+03 9.186177459031760861e+01
8.536643050347085591e+03 7.812496829557585443e+01
8.536842962366439679e+03 7.527677349146138397e+01
8.537042874385790128e+03 7.192791103696933419e+01
8.537242786405140578e+03 6.724380678843013470e+01
8.537442698424494665e+03 6.722039477351806624e+01
8.537642610443843296e+03 6.316130629242381644e+01
8.537842522463195564e+03 5.446089316216120579e+01
8.538042434482547833e+03 5.172436323228957633e+01
8.538242346501898282e+03 4.546167705584192475e+01
8.538442258521252370e+03 4.806069825319161737e+01
8.538642170540601001e+03 5.495798164340503433e+01
8.538842082559953269e+03 5.680431817239800552e+01
8.539041994579305538e+03 6.153768637829447385e+01
8.539241906598655987e+03 6.976012198024892541e+01
8.539441818618010075e+03 7.138377637318427560e+01
8.539641730637358705e+03 7.981171203332370112e+01
8.539841642656710974e+03 7.441698536580807399e+01
8.540041554676063242e+03 8.308843512100089868e+01
8.540241466695413692e+03 8.117429158377731824e+01
8.540441378714765960e+03 8.730974873331629738e+01
8.540641290734116410e+03 8.905881023860355583e+01
8.540841202753468679e+03 9.223374635828137968e+01
8.541041114772819128e+03 8.891457860150515558e+01
8.541241026792171397e+03 8.967804374873094275e+01
8.541440938811523665e+03 9.362920661153791002e+01
8.541640850830874115e+03 8.590473234321333962e+01
8.541840762850226383e+03 8.565958889695096445e+01
8.542040674869575014e+03 9.076820818372137012e+01
8.542240586888929101e+03 9.315911039047819031e+01
8.542440498908281370e+03 9.743259994494290765e+01
8.542640410927631820e+03 9.558412507662420410e+01
8.542840322946984088e+03 9.320696964352842429e+01
8.543040234966332719e+03 1.030398596853740543e+02
8.543240146985686806e+03 1.026608786362446182e+02
8.543440059005039075e+03 9.597183798449724179e+01
8.543639971024387705e+03 9.302357828092495140e+01
8.543839883043741793e+03 9.500309907683131883e+01
8.544039795063090423e+03 1.023407245919215995e+02
8.544239707082444511e+03 9.816848855672402863e+01
8.544439619101796779e+03 9.378153401300028236e+01
8.544639531121145410e+03 9.359129267507324812e+01
8.544839443140499498e+03 9.796103887873373139e+01
8.545039355159848128e+03 9.098025218011324000e+01
8.545239267179200397e+03 1.051559790153436182e+02
8.545439179198552665e+03 9.687068291929742259e+01
8.545639091217903115e+03 1.075137497354779157e+02
8.545839003237257202e+03 9.348697171855717158e+01
8.546038915256605833e+03 1.025918199233884138e+02
8.546238827275958101e+03 9.574112941068804616e+01
8.546438739295310370e+03 1.054272992175165626e+02
8.546638651314660819e+03 1.004316046291969542e+02
8.546838563334013088e+03 9.855919863719985585e+01
8.547038475353363538e+03 9.914970303356166426e+01
8.547238387372715806e+03 1.006458445771078800e+02
8.547438299392068075e+03 1.000494212744493723e+02
8.547638211411418524e+03 9.893427549175598301e+01
8.547838123430770793e+03 1.018197981789117676e+02
8.548038035450121242e+03 9.879075404579502617e+01
8.548237947469473511e+03 9.812082811784429737e+01
8.548437859488825779e+03 9.649424216709782343e+01
8.548637771508176229e+03 1.016113755170098329e+02
8.548837683527528498e+03 9.824349618217127045e+01
8.549037595546878947e+03 9.818703263911434931e+01
8.549237507566231216e+03 9.778218144853175886e+01
8.549437419585581665e+03 9.897817287422185473e+01
8.549637331604933934e+03 1.043018583113702533e+02
8.549837243624284383e+03 9.493610510283241410e+01
8.550037155643636652e+03 9.481282290178300798e+01
8.550237067662988920e+03 1.035488228631776195e+02
8.550436979682339370e+03 9.396089553929671467e+01
8.550636891701691638e+03 9.733195775716258424e+01
8.550836803721042088e+03 9.856654518473136761e+01
8.551036715740392538e+03 1.044539645851784684e+02
8.551236627759746625e+03 1.099965192456173213e+02
8.551436539779097075e+03 9.965907573507746520e+01
8.551636451798449343e+03 9.727709171371458297e+01
8.551836363817799793e+03 9.486740085508947118e+01
8.552036275837150242e+03 9.795491531041625421e+01
8.552236187856504330e+03 9.502069898279053461e+01
8.552436099875854779e+03 1.060748384791802721e+02
8.552636011895205229e+03 9.935532638865363708e+01
8.552835923914557497e+03 1.003324664667770207e+02
8.553035835933907947e+03 9.414825109195612640e+01
8.553235747953262035e+03 1.045813079294368322e+02
8.553435659972612484e+03 9.611910667304508138e+01
8.553635571991962934e+03 9.846068646148910375e+01
8.553835484011315202e+03 1.007923494560923245e+02
8.554035396030665652e+03 9.993231384271395257e+01
8.554235308050016101e+03 9.947513174513198919e+01
8.554435220069370189e+03 1.067909191725982794e+02
8.554635132088720638e+03 9.700953967566864833e+01
8.554835044108072907e+03 1.082952164074572892e+02
8.555034956127423357e+03 9.647944888921328754e+01
8.555234868146773806e+03 1.015449356041147837e+02
8.555434780166127894e+03 9.487523385720983526e+01
8.555634692185478343e+03 1.051080919525930000e+02
8.555834604204830612e+03 9.283131335060608080e+01
8.556034516224181061e+03 1.003226039598898041e+02
8.556234428243531511e+03 1.008323190118931194e+02
8.556434340262885598e+03 1.054438280945996524e+02
8.556634252282236048e+03 1.019224232150467486e+02
8.556834164301586497e+03 9.978900909450446477e+01
8.557034076320938766e+03 9.672137003925044496e+01
8.557233988340289216e+03 9.733436581390428444e+01
8.557433900359643303e+03 8.926268402692193149e+01
8.557633812378993753e+03 9.401713622744030374e+01
8.557833724398344202e+03 1.023951354213115508e+02
8.558033636417696471e+03 1.013441261758323719e+02
8.558233548437046920e+03 1.035040875369668498e+02
8.558433460456399189e+03 9.835664307433131626e+01
8.558633372475751457e+03 1.032051332390091005e+02
8.558833284495101907e+03 1.089857437959069557e+02
8.559033196514454175e+03 1.102804499191712040e+02
8.559233108533804625e+03 9.686976938930429526e+01
8.559433020553156894e+03 1.023408819534070631e+02
8.559632932572507343e+03 9.559123668502073201e+01
8.559832844591859612e+03 9.403935799160346676e+01
8.560032756611210061e+03 9.949872628966662091e+01
8.560232668630562330e+03 1.003665198298301675e+02
8.560432580649914598e+03 1.049603955358099654e+02
8.560632492669265048e+03 9.974585478601709099e+01
8.560832404688617316e+03 1.053166085286298426e+02
8.561032316707967766e+03 9.610746433706344760e+01
8.561232228727320035e+03 1.026660565465816148e+02
8.561432140746672303e+03 1.008083669651343541e+02
8.561632052766020934e+03 9.903463138012408251e+01
8.561831964785375021e+03 9.670631462545979673e+01
8.562031876804725471e+03 9.675339496489938540e+01
8.562231788824077739e+03 9.644016618320659973e+01
8.562431700843430008e+03 1.001211429162427180e+02
8.562631612862778638e+03 1.035598904536740150e+02
8.562831524882132726e+03 1.082322707753195488e+02
8.563031436901483175e+03 1.085315308162235937e+02
8.563231348920833625e+03 1.005065547746026766e+02
8.563431260940187713e+03 1.039692728562374384e+02
8.563631172959536343e+03 9.947612538653147851e+01
8.563831084978890431e+03 1.068621745605930755e+02
8.564030996998239061e+03 1.032478922473183331e+02
8.564230909017591330e+03 1.015226902622591325e+02
8.564430821036945417e+03 1.022385759599806079e+02
8.564630733056294048e+03 1.032881992875421986e+02
8.564830645075648135e+03 1.021136336216478355e+02
8.565030557094996766e+03 9.446894138832193732e+01
8.565230469114349034e+03 9.818974494061002645e+01
8.565430381133703122e+03 9.789259438589307649e+01
8.565630293153051753e+03 9.839446695431863077e+01
8.565830205172404021e+03 1.035630921645062017e+02
8.566030117191754471e+03 9.533931318945860767e+01
8.566230029211106739e+03 1.001184898507539174e+02
8.566429941230460827e+03 9.791530640957185483e+01
8.566629853249809457e+03 1.028602814742099838e+02
8.566829765269161726e+03 1.004189109126051420e+02
8.567029677288512175e+03 1.001089384525605652e+02
8.567229589307864444e+03 9.361433931577637679e+01
8.567429501327216713e+03 1.046698806696151252e+02
8.567629413346567162e+03 9.996369521132999125e+01
8.567829325365919431e+03 9.493392162686954805e+01
8.568029237385269880e+03 9.713101774045351533e+01
8.568229149404622149e+03 1.015052157895144802e+02
8.568429061423972598e+03 1.029397526284632534e+02
8.568628973443324867e+03 9.713667283377682793e+01
8.568828885462677135e+03 9.588499003586144909e+01
8.569028797482025766e+03 9.575038954759892817e+01
8.569228709501379853e+03 1.022355116132758752e+02
8.569428621520730303e+03 1.008184292670343751e+02
8.569628533540082572e+03 9.167252957510230260e+01
8.569828445559434840e+03 1.008688978331837660e+02
8.570028357578783471e+03 9.873146462295152048e+01
8.570228269598137558e+03 1.123607849547337310e+02
8.570428181617488008e+03 9.380076145074592375e+01
8.570628093636838457e+03 1.006695774729215316e+02
8.570828005656192545e+03 9.994356492898650401e+01
8.571027917675541175e+03 9.698339734366516041e+01
8.571227829694895263e+03 9.902794464554195031e+01
8.571427741714245713e+03 9.404075660590174834e+01
8.571627653733596162e+03 9.578680640177910277e+01
8.571827565752950250e+03 1.042782443947550206e+02
8.572027477772298880e+03 9.886598771441596512e+01
8.572227389791651149e+03 1.020204630736043185e+02
8.572427301811003417e+03 1.085757859108524030e+02
8.572627213830353867e+03 1.019952735820940859e+02
8.572827125849706135e+03 9.579148961153104835e+01
8.573027037869056585e+03 9.687411404329721165e+01
8.573226949888408853e+03 9.790405079852716597e+01
8.573426861907761122e+03 9.673875296581593375e+01
8.573626773927111572e+03 1.056185303648128837e+02
8.573826685946463840e+03 9.260918965253362956e+01
8.574026597965814290e+03 9.624919516128429109e+01
8.574226509985166558e+03 9.440573467132647068e+01
8.574426422004518827e+03 9.639083462067380026e+01
8.574626334023869276e+03 9.446406500698904551e+01
8.574826246043219726e+03 1.059540670173007442e+02
8.575026158062571994e+03 1.045228140521747662e+02
8.575226070081924263e+03 9.810229660616268177e+01
8.575425982101276531e+03 1.009044212722328382e+02
8.575625894120626981e+03 1.045221630204019618e+02
8.575825806139977431e+03 9.791198650239297763e+01
8.576025718159329699e+03 9.667821744441873477e+01
8.576225630178681968e+03 1.011880614459282839e+02
8.576425542198032417e+03 1.108781254188023411e+02
8.576625454217384686e+03 1.024553676773448245e+02
8.576825366236735135e+03 9.852166073189228257e+01
8.577025278256087404e+03 1.017393383462652849e+02
8.577225190275437853e+03 9.166338448901727531e+01
8.577425102294790122e+03 1.029713895860273709e+02
8.577625014314142391e+03 1.038525784508908032e+02
8.577824926333492840e+03 9.874801409418243736e+01
8.578024838352843290e+03 1.038807898103511036e+02
8.578224750372195558e+03 1.041335124530651228e+02
8.578424662391547827e+03 9.922526915783248569e+01
8.578624574410900095e+03 1.010144376472661207e+02
8.578824486430250545e+03 1.030211272394067379e+02
8.579024398449600994e+03 1.032667290136130589e+02
8.579224310468953263e+03 1.054033629967763943e+02
8.579424222488305531e+03 9.963449272306394278e+01
8.579624134507655981e+03 1.011596879815979975e+02
8.579824046527008250e+03 9.618167607009570474e+01
8.580023958546358699e+03 1.075576007705582242e+02
8.580223870565710968e+03 9.800765461273076085e+01
8.580423782585063236e+03 1.017480932194856109e+02
8.580623694604413686e+03 1.005339388473734630e+02
8.580823606623765954e+03 9.764951240644633401e+01
8.581023518643116404e+03 1.050754940934925088e+02
8.581223430662466853e+03 9.655845480988115526e+01
8.581423342681820941e+03 1.033803043327677500e+02
8.581623254701169571e+03 9.435759244753954533e+01
8.581823166720523659e+03 1.017879952436172033e+02
8.582023078739874109e+03 9.418139442409079720e+01
8.582222990759224558e+03 1.042235389175438627e+02
8.582422902778578646e+03 1.002928405654276105e+02
8.582622814797927276e+03 9.990530468940683306e+01
8.582822726817281364e+03 1.029548341165782404e+02
8.583022638836631813e+03 1.042094309166142807e+02
8.583222550855982263e+03 9.887069995696610647e+01
8.583422462875336350e+03 9.677588145261078978e+01
8.583622374894684981e+03 9.904206672042145954e+01
8.583822286914037250e+03 9.990670307224736746e+01
8.584022198933389518e+03 9.684120943718701824e+01
8.584222110952739968e+03 8.768569856933095252e+01
8.584422022972094055e+03 1.005295277254222412e+02
8.584621934991442686e+03 9.882267201194052575e+01
8.584821847010794954e+03 1.051496244534846056e+02
8.585021759030147223e+03 1.060627688288206372e+02
8.585221671049497672e+03 1.016753531358890257e+02
8.585421583068849941e+03 9.799238902584590960e+01
8.585621495088200390e+03 9.484632469603882043e+01
8.585821407107552659e+03 9.401071937524999100e+01
8.586021319126903109e+03 1.007096664488875746e+02
8.586221231146255377e+03 1.040810536708664102e+02
8.586421143165607646e+03 1.017538830193693826e+02
8.586621055184958095e+03 1.049703518211524909e+02
8.586820967204310364e+03 1.005239544325997514e+02
8.587020879223658994e+03 9.510254395614859391e+01
8.587220791243013082e+03 9.839145807298541513e+01
8.587420703262365350e+03 9.791785078097922224e+01
8.587620615281715800e+03 9.625208250170386748e+01
8.587820527301068068e+03 9.856698870407943502e+01
8.588020439320416699e+03 1.065840199687326475e+02
8.588220351339770787e+03 9.614683664002373575e+01
8.588420263359123055e+03 1.013572713245479520e+02
8.588620175378471686e+03 9.968039275443449299e+01
8.588820087397825773e+03 9.774629510042444736e+01
8.589019999417174404e+03 1.016941537937633626e+02
8.589219911436528491e+03 9.453735258029352906e+01
8.589419823455880760e+03 1.039926323566662774e+02
8.589619735475229390e+03 9.898880613021060526e+01
8.589819647494583478e+03 1.023476724762395662e+02
8.590019559513932109e+03 9.645289416842517483e+01
8.590219471533284377e+03 9.778355029227759587e+01
8.590419383552636646e+03 9.389025874115404235e+01
8.590619295571987095e+03 9.422882491598304000e+01
8.590819207591341183e+03 9.785440469740872516e+01
8.591019119610689813e+03 1.072441039828949840e+02
8.591219031630042082e+03 9.940994569743388354e+01
8.591418943649394350e+03 9.504070082002411368e+01
8.591618855668744800e+03 9.853933291828209917e+01
8.591818767688098887e+03 9.258525131994407786e+01
8.592018679707447518e+03 1.024824890464104499e+02
8.592218591726799787e+03 9.721079715610804328e+01
8.592418503746152055e+03 1.004918777407508514e+02
8.592618415765502505e+03 1.044707419472422032e+02
8.592818327784854773e+03 9.830101783786965086e+01
8.593018239804205223e+03 9.212002374113667713e+01
8.593218151823557491e+03 9.502917619625887369e+01
8.593418063842909760e+03 9.533346115746610394e+01
8.593617975862260209e+03 9.800161301111357659e+01
8.593817887881612478e+03 9.288365282471286832e+01
8.594017799900962927e+03 9.275510056728893460e+01
8.594217711920315196e+03 9.882569121443786742e+01
8.594417623939665646e+03 9.914959402802013244e+01
8.594617535959017914e+03 9.914051405855094856e+01
8.594817447978368364e+03 8.844032922271267694e+01
8.595017359997720632e+03 9.034093537029310994e+01
8.595217272017072901e+03 9.729950063605069488e+01
8.595417184036423350e+03 9.993701178277839858e+01
8.595617096055775619e+03 1.010178836784728418e+02
8.595817008075126068e+03 1.000607292542027409e+02
8.596016920094476518e+03 1.014555166612409920e+02
8.596216832113830606e+03 1.001130330161981590e+02
8.596416744133181055e+03 1.056978041897848755e+02
8.596616656152533324e+03 9.722116470255770082e+01
8.596816568171883773e+03 1.028469590124715864e+02
8.597016480191234223e+03 1.037113461019465461e+02
8.597216392210588310e+03 1.029848581684798603e+02
8.597416304229938760e+03 1.054164015991192684e+02
8.597616216249289209e+03 1.033324414189889211e+02
8.597816128268641478e+03 1.038332075221106265e+02
8.598016040287991927e+03 9.859555917754285304e+01
8.598215952307346015e+03 1.017512815461411435e+02
8.598415864326696465e+03 1.003599428193105041e+02
8.598615776346046914e+03 1.012232076931038591e+02
8.598815688365399183e+03 9.324554893992900872e+01
8.599015600384749632e+03 9.948844916003831429e+01
8.599215512404100082e+03 9.292868442560612152e+01
8.599415424423454169e+03 9.611836461652828234e+01
8.599615336442804619e+03 9.832012419160956540e+01
8.599815248462156887e+03 1.021652704868939168e+02
8.600015160481507337e+03 9.677509058030857148e+01
8.600215072500857787e+03 1.039598286844432096e+02
8.600414984520211874e+03 1.011785977874926061e+02
8.600614896539562324e+03 1.007414881171968517e+02
8.600814808558914592e+03 9.735732427338714956e+01
8.601014720578265042e+03 1.022924710515934521e+02
8.601214632597615491e+03 1.032130964806260920e+02
8.601414544616969579e+03 9.633619158357841172e+01
8.601614456636320028e+03 9.821581796635976502e+01
8.601814368655670478e+03 9.948889611162995550e+01
8.602014280675022746e+03 9.933658088146344767e+01
8.602214192694373196e+03 9.809386692762090831e+01
8.602414104713727284e+03 9.582592079375658045e+01
8.602614016733077733e+03 9.951836558957894852e+01
8.602813928752428183e+03 1.045634045180045888e+02
8.603013840771780451e+03 9.768949386268968738e+01
8.603213752791130901e+03 1.012993270248212099e+02
8.603413664810483169e+03 9.774205194877656311e+01
8.603613576829833619e+03 1.086571041936669815e+02
8.603813488849185887e+03 9.987429490638000118e+01
8.604013400868538156e+03 9.823679547107352050e+01
8.604213312887888605e+03 9.635067998546030310e+01
8.604413224907240874e+03 8.692894319498948619e+01
8.604613136926591324e+03 9.495710401433001380e+01
8.604813048945943592e+03 9.583484004017876146e+01
8.605012960965294042e+03 9.701303742465957214e+01
8.605212872984646310e+03 1.033502932009449893e+02
8.605412785003998579e+03 1.025030326531785363e+02
8.605612697023349028e+03 9.684320760183135235e+01
8.605812609042701297e+03 9.462976001057278097e+01
8.606012521062051746e+03 1.061120595543895888e+02
8.606212433081404015e+03 1.067285938058952297e+02
8.606412345100756284e+03 9.854534772332210935e+01
8.606612257120104914e+03 9.353415814461568800e+01
8.606812169139459002e+03 9.905066949733300419e+01
8.607012081158809451e+03 1.058827216347260816e+02
8.607211993178161720e+03 9.948024197538627789e+01
8.607411905197513988e+03 1.040977262589212984e+02
8.607611817216862619e+03 9.131985535500409412e+01
8.607811729236216706e+03 9.907271520005984655e+01
8.608011641255565337e+03 8.823021143978664327e+01
8.608211553274917605e+03 9.570103303520401994e+01
8.608411465294271693e+03 9.880708095534984636e+01
8.608611377313620324e+03 1.048272278651580649e+02
8.608811289332974411e+03 9.339852576899042447e+01
8.609011201352323042e+03 9.965644766308763280e+01
8.609211113371675310e+03 9.555670322343652856e+01
8.609411025391029398e+03 1.031039865423445718e+02
8.609610937410378028e+03 1.036689602723281780e+02
8.609810849429732116e+03 9.779502852597596529e+01
8.610010761449080746e+03 9.948936533558371309e+01
8.610210673468433015e+03 9.652477391027140641e+01
8.610410585487787102e+03 9.624809016830415942e+01
8.610610497507135733e+03 1.013347667516938770e+02
8.610810409526488002e+03 9.959704586462599707e+01
8.611010321545838451e+03 1.002277790731226190e+02
8.611210233565190720e+03 1.058204806543396330e+02
8.611410145584544807e+03 1.043120587228950029e+02
8.611610057603893438e+03 9.512509480244486326e+01
8.611809969623245706e+03 1.023574897923194271e+02
8.612009881642596156e+03 9.875126590106194158e+01
8.612209793661948424e+03 1.012090355939644866e+02
8.612409705681298874e+03 1.057068645631802468e+02
8.612609617700651143e+03 1.051088783634303638e+02
8.612809529720003411e+03 1.025080372940318370e+02
8.613009441739353861e+03 9.669155901787310370e+01
8.613209353758706129e+03 9.475176889653093326e+01
8.613409265778056579e+03 1.023965185707287731e+02
8.613609177797408847e+03 1.019196216799369239e+02
8.613809089816761116e+03 9.632292177992280813e+01
8.614009001836109746e+03 9.687891502196467286e+01
8.614208913855463834e+03 9.991604541203315648e+01
8.614408825874814283e+03 1.029454306417677003e+02
8.614608737894166552e+03 9.878830532129667574e+01
8.614808649913518821e+03 8.906107257506873509e+01
8.615008561932867451e+03 9.345345494598053904e+01
8.615208473952221539e+03 1.073822564702523721e+02
8.615408385971571988e+03 1.001954356146761853e+02
8.615608297990922438e+03 9.505389655321461362e+01
8.615808210010276525e+03 9.830517359010680423e+01
8.616008122029625156e+03 1.052554832453266584e+02
8.616208034048979243e+03 1.010382159157777267e+02
8.616407946068329693e+03 1.029110826772024581e+02
8.616607858087680142e+03 9.910117757086314327e+01
8.616807770107034230e+03 9.745521673742267410e+01
8.617007682126382861e+03 1.004286557668155382e+02
8.617207594145736948e+03 9.949646916210122072e+01
8.617407506165087398e+03 9.594030580920221496e+01
8.617607418184437847e+03 1.013451514957826447e+02
8.617807330203790116e+03 1.003649850584465355e+02
8.618007242223140565e+03 9.595376948839005138e+01
8.618207154242492834e+03 1.042632504101869984e+02
8.618407066261845102e+03 9.804227174786154819e+01
8.618606978281195552e+03 1.069194871590008376e+02
8.618806890300547821e+03 1.013567441071902522e+02
8.619006802319898270e+03 1.106924284076078777e+02
8.619206714339250539e+03 9.738317847911262959e+01
8.619406626358602807e+03 9.710612711992300206e+01
8.619606538377953257e+03 1.018350919306687103e+02
8.619806450397303706e+03 1.065749355142461781e+02
8.620006362416655975e+03 1.030505373377996250e+02
8.620206274436008243e+03 9.706464967559610102e+01
8.620406186455360512e+03 1.007382675460572727e+02
8.620606098474710961e+03 1.036784734106193753e+02
8.620806010494061411e+03 9.476978854728304213e+01
8.621005922513413680e+03 9.164101490100634351e+01
8.621205834532765948e+03 1.049362331962424548e+02
8.621405746552116398e+03 9.971541717978881536e+01
8.621605658571468666e+03 9.714625929059698706e+01
8.621805570590819116e+03 1.011370321911962975e+02
8.622005482610171384e+03 9.766304061307457118e+01
8.622205394629521834e+03 9.734758976648248563e+01
8.622405306648874102e+03 9.844840270288378292e+01
8.622605218668226371e+03 1.028123819353365747e+02
8.622805130687576820e+03 9.615692801161739567e+01
8.623005042706927270e+03 1.064323131354102117e+02
8.623204954726279539e+03 9.612827106813050193e+01
8.623404866745631807e+03 9.585751781599638832e+01
8.623604778764984076e+03 1.057902872545287778e+02
8.623804690784334525e+03 9.579425591630615600e+01
8.624004602803684975e+03 1.029340221913066529e+02
8.624204514823037243e+03 1.069520644536795118e+02
8.624404426842389512e+03 1.000899617259603502e+02
8.624604338861739961e+03 1.086728863871055637e+02
8.624804250881092230e+03 9.704675285792930595e+01
8.625004162900442680e+03 9.888903097221461280e+01
8.625204074919794948e+03 9.666225968535583490e+01
8.625403986939147217e+03 1.042513626426948292e+02
8.625603898958497666e+03 9.613991330490105724e+01
8.625803810977849935e+03 9.607734750471443874e+01
8.626003722997200384e+03 9.923885265056206606e+01
8.626203635016552653e+03 9.557959505255588795e+01
8.626403547035904921e+03 9.101475482583980181e+01
8.626603459055253552e+03 9.011493434567276495e+01
8.626803371074607639e+03 9.938697679261639450e+01
8.627003283093958089e+03 9.008618857529720003e+01
8.627203195113308539e+03 9.278795597545895646e+01
8.627403107132662626e+03 9.739500525533730979e+01
8.627603019152011257e+03 1.051045922911017243e+02
8.627802931171365344e+03 9.700253215602772627e+01
8.628002843190715794e+03 1.022777866476162387e+02
8.628202755210066243e+03 1.001959471843154290e+02
8.628402667229420331e+03 1.109846563589003239e+02
8.628602579248768961e+03 9.632948475888274231e+01
8.628802491268121230e+03 1.001307104130169279e+02
8.629002403287473498e+03 1.007559572502362926e+02
8.629202315306823948e+03 9.665393294987045181e+01
8.629402227326178036e+03 9.258282396946702875e+01
8.629602139345526666e+03 9.154393435734186824e+01
8.629802051364878935e+03 1.031165500575038010e+02
8.630001963384231203e+03 1.025863828490163030e+02
8.630201875403581653e+03 1.053646915924005327e+02
8.630401787422933921e+03 1.002755426604302897e+02
8.630601699442284371e+03 1.042462401978342967e+02
8.630801611461636639e+03 1.065392924323607389e+02
8.631001523480987089e+03 9.922521031029860694e+01
8.631201435500339358e+03 1.018059281911724980e+02
8.631401347519691626e+03 1.070253511398415753e+02
8.631601259539042076e+03 9.234804492520490271e+01
8.631801171558394344e+03 9.315850731573075905e+01
8.632001083577742975e+03 1.069027472315705012e+02
8.632200995597097062e+03 1.017725621940914777e+02
8.632400907616449331e+03 1.034973029011433852e+02
8.632600819635799780e+03 1.045752916399389960e+02
8.632800731655152049e+03 9.886906850472894348e+01
8.633000643674500679e+03 1.021548343479187082e+02
8.633200555693854767e+03 9.889788943400805010e+01
8.633400467713207036e+03 1.024716079557169337e+02
8.633600379732555666e+03 1.044862927394673306e+02
8.633800291751909754e+03 1.005029402079269829e+02
8.634000203771258384e+03 1.030925526378296695e+02
8.634200115790612472e+03 1.001916515371881786e+02
8.634400027809964740e+03 9.843642102166913332e+01
8.634599939829313371e+03 1.000739341102210318e+02
8.634799851848667458e+03 1.007214869116311320e+02
8.634999763868016089e+03 1.033698350870762965e+02
8.635199675887370176e+03 9.324903183166753706e+01
8.635399587906720626e+03 9.255514137461641155e+01
8.635599499926071076e+03 9.697682291521468301e+01
8.635799411945425163e+03 9.873814919417952751e+01
8.635999323964773794e+03 9.626041262932187692e+01
8.636199235984126062e+03 9.422446956618779268e+01
8.636399148003478331e+03 9.936376646312545802e+01
8.636599060022828780e+03 9.613867127106574628e+01
8.636798972042182868e+03 1.016469130985386329e+02
8.636998884061531498e+03 1.091506393953476248e+02
8.637198796080883767e+03 9.557326325941164669e+01
8.637398708100236036e+03 1.017850336124417794e+02
8.637598620119586485e+03 1.058571819807304166e+02
8.637798532138938754e+03 1.062108477336122405e+02
8.637998444158289203e+03 9.883356758440766043e+01
8.638198356177641472e+03 9.548689938974729330e+01
8.638398268196993740e+03 1.056429631760266403e+02
8.638598180216344190e+03 9.563090452290059318e+01
8.638798092235696458e+03 9.929221592310658195e+01
8.638998004255046908e+03 9.736079204891274230e+01
8.639197916274399176e+03 8.888634014505247194e+01
8.639397828293749626e+03 1.007334339376973986e+02
8.639597740313101895e+03 1.025273281589795999e+02
8.639797652332452344e+03 9.568544714640285065e+01
8.639997564351804613e+03 1.006278242755091270e+02
8.640197476371156881e+03 9.296551240829572293e+01
8.640397388390507331e+03 1.123727090192400624e+02
8.640597300409859599e+03 1.035319252473008333e+02
8.640797212429210049e+03 9.720941167828891594e+01
8.640997124448560498e+03 9.864738500387595366e+01
8.641197036467914586e+03 9.683235106939584114e+01
8.641396948487265036e+03 9.804783397905981701e+01
8.641596860506617304e+03 1.026668888964192803e+02
8.641796772525967754e+03 9.778841212793234661e+01
8.641996684545318203e+03 9.726576172020135402e+01
8.642196596564672291e+03 9.811258821931683372e+01
8.642396508584022740e+03 1.039440152783536462e+02
8.642596420603373190e+03 1.106578065705498659e+02
8.642796332622725458e+03 1.021267304116069283e+02
8.642996244642075908e+03 1.054443611804174026e+02
8.643196156661429995e+03 9.883174445342254444e+01
8.643396068680780445e+03 9.759389650628415325e+01
8.643595980700130895e+03 9.607942162219235627e+01
8.643795892719483163e+03 8.842569672883983856e+01
8.643995804738833613e+03 9.366949060536499871e+01
8.644195716758185881e+03 1.009424918235698243e+02
8.644395628777538150e+03 9.279415046047051874e+01
8.644595540796888599e+03 9.950925128103098416e+01
8.644795452816240868e+03 1.003876896144167574e+02
8.644995364835591317e+03 1.040879803768896750e+02
8.645195276854941767e+03 1.054620227944345459e+02
8.645395188874295854e+03 9.613573615226108871e+01
8.645595100893646304e+03 9.703640352230054589e+01
8.645795012912998573e+03 1.036177088186252462e+02
8.645994924932349022e+03 1.030745495650944576e+02
8.646194836951699472e+03 1.013203518247685366e+02
8.646394748971053559e+03 9.003015843818559460e+01
8.646594660990404009e+03 9.854853375373276947e+01
8.646794573009754458e+03 1.047825964732771808e+02
8.646994485029106727e+03 9.399953845857893953e+01
8.647194397048457176e+03 1.013534374147197923e+02
8.647394309067811264e+03 9.143988118658054987e+01
8.647594221087161714e+03 9.504164514114427220e+01
8.647794133106512163e+03 1.032401591098301878e+02
8.647994045125864432e+03 1.005683365814511205e+02
8.648193957145214881e+03 1.108558019575614821e+02
8.648393869164567150e+03 1.001830506932147671e+02
8.648593781183917599e+03 1.028046195077325677e+02
8.648793693203269868e+03 1.010976854717485196e+02
8.648993605222622136e+03 9.995986015433332739e+01
8.649193517241972586e+03 1.008889688771816253e+02
8.649393429261324854e+03 9.809971983610817858e+01
8.649593341280675304e+03 1.006120984696126897e+02
8.649793253300027573e+03 1.018598632784083549e+02
8.649993165319378022e+03 1.016309795547865775e+02
8.650193077338730291e+03 1.042733847936691802e+02
8.650392989358082559e+03 9.914099313800772961e+01
8.650592901377433009e+03 1.013301344557437744e+02
8.650792813396785277e+03 1.059385829973177522e+02
8.650992725416135727e+03 9.544710193523351904e+01
8.651192637435487995e+03 9.232856458658432075e+01
8.651392549454840264e+03 9.756876280472995688e+01
8.651592461474188894e+03 8.571621591552343489e+01
8.651792373493542982e+03 9.024868622734194901e+01
8.651992285512893432e+03 9.395003317727739045e+01
8.652192197532245700e+03 9.566770814886790220e+01
8.652392109551597969e+03 9.933716869390900683e+01
8.652592021570946599e+03 1.023352390182045895e+02
8.652791933590300687e+03 1.024302789267095051e+02
8.652991845609649317e+03 1.002696739478733292e+02
8.653191757629003405e+03 9.742047901622237305e+01
8.653391669648355673e+03 9.309794052764925709e+01
8.653591581667704304e+03 9.655048783758341813e+01
8.653791493687058392e+03 9.508955125040979794e+01
8.653991405706407022e+03 9.777639837313522264e+01
8.654191317725759291e+03 9.929199090381322890e+01
8.654391229745113378e+03 9.791626591329448104e+01
8.654591141764462009e+03 1.003097311908449427e+02
8.654791053783816096e+03 9.835805184288999214e+01
8.654990965803164727e+03 9.898740803531461552e+01
8.655190877822516995e+03 1.046024387391256454e+02
8.655390789841871083e+03 9.334737063926417022e+01
8.655590701861219713e+03 8.139153835870409637e+01
8.655790613880571982e+03 9.942864984239317039e+01
8.655990525899922432e+03 9.480016860007422963e+01
8.656190437919274700e+03 9.578049361772829684e+01
8.656390349938628788e+03 9.321272622348618597e+01
8.656590261957977418e+03 9.079947494639840500e+01
8.656790173977329687e+03 8.697944529640966493e+01
8.656990085996680136e+03 8.040381634613648032e+01
8.657189998016032405e+03 8.134732522289058920e+01
8.657389910035382854e+03 6.925583935289660076e+01
8.657589822054735123e+03 7.006534174922035163e+01
8.657789734074087391e+03 6.225614355935321953e+01
8.657989646093437841e+03 5.643650072743947277e+01
8.658189558112790110e+03 5.040300825856326838e+01
8.658389470132140559e+03 4.622469185400876057e+01
8.658589382151492828e+03 5.578112050948310952e+01
8.658789294170845096e+03 5.449942662378695957e+01
8.658989206190193727e+03 6.609937978734630804e+01
8.659189118209547814e+03 7.135085115856011839e+01
8.659389030228898264e+03 7.834962287969050010e+01
8.659588942248250532e+03 7.800083975956032134e+01
8.659788854267602801e+03 8.562452966206308247e+01
8.659988766286951432e+03 9.021315062738541712e+01
8.660188678306305519e+03 8.984097685250020504e+01
8.660388590325655969e+03 9.119107967967399020e+01
8.660588502345006418e+03 9.214690884827423645e+01
8.660788414364360506e+03 8.418161831996079059e+01
8.660988326383709136e+03 9.202313628203016549e+01
8.661188238403063224e+03 8.603816386848413345e+01
8.661388150422413673e+03 9.456995304129587510e+01
8.661588062441764123e+03 8.942158935644113171e+01
8.661787974461116391e+03 8.385789285427020445e+01
8.661987886480466841e+03 8.862418552001199146e+01
8.662187798499820929e+03 9.868391973537337947e+01
8.662387710519171378e+03 1.011849400219667245e+02
8.662587622538521828e+03 9.796128580241047246e+01
8.662787534557874096e+03 9.311898951332356944e+01
8.662987446577224546e+03 9.544428908810313317e+01
8.663187358596576814e+03 9.989340277970394766e+01
8.663387270615929083e+03 9.916232432984868694e+01
8.663587182635279532e+03 9.916117582475797576e+01
8.663787094654631801e+03 9.751046793356674414e+01
8.663987006673982251e+03 9.071871140982025850e+01
8.664186918693334519e+03 9.258568412856935481e+01
8.664386830712686788e+03 1.006360855236861056e+02
8.664586742732037237e+03 9.693745296721355942e+01
8.664786654751387687e+03 9.785555923028070424e+01
8.664986566770739955e+03 9.338142267356538184e+01
8.665186478790092224e+03 9.668487902329411554e+01
8.665386390809444492e+03 9.260640431137898076e+01
8.665586302828794942e+03 1.011969567275124575e+02
8.665786214848145391e+03 9.929672314406397504e+01
8.665986126867497660e+03 1.003831201144754743e+02
8.666186038886848110e+03 1.010546974536949989e+02
8.666385950906200378e+03 1.001417525547918075e+02
8.666585862925552647e+03 9.480020581703104199e+01
8.666785774944903096e+03 1.016361294299858287e+02
8.666985686964255365e+03 9.708034818076137640e+01
8.667185598983605814e+03 1.025259089220371322e+02
8.667385511002958083e+03 1.106065010220096383e+02
8.667585423022310351e+03 9.796106564165432928e+01
8.667785335041660801e+03 1.012664896780646018e+02
8.667985247061011250e+03 1.009640896790318294e+02
8.668185159080363519e+03 9.662659555179070026e+01
8.668385071099715788e+03 1.059222643909954797e+02
8.668584983119068056e+03 1.018541075710827215e+02
8.668784895138418506e+03 1.043782519274353007e+02
8.668984807157768955e+03 1.068826548628533857e+02
8.669184719177121224e+03 1.067397597759690342e+02
8.669384631196473492e+03 8.871193392345060147e+01
8.669584543215825761e+03 9.826610426076534566e+01
8.669784455235176210e+03 1.004980182060970151e+02
8.669984367254526660e+03 1.055210295074176940e+02
8.670184279273878929e+03 1.028040835512501303e+02
8.670384191293231197e+03 9.652415225166257073e+01
8.670584103312579828e+03 9.819808510000179069e+01
8.670784015331933915e+03 9.574867801649840260e+01
8.670983927351284365e+03 9.804723114402585793e+01
8.671183839370636633e+03 1.095062463437346167e+02
8.671383751389988902e+03 9.706242622984508728e+01
8.671583663409337532e+03 9.962715344148524821e+01
8.671783575428691620e+03 1.031469213108925516e+02
8.671983487448042069e+03 9.984662262612860673e+01
8.672183399467392519e+03 1.016450483406358103e+02
8.672383311486746607e+03 1.084728318092173964e+02
8.672583223506095237e+03 9.895842047944385911e+01
8.672783135525449325e+03 9.935609162228632840e+01
8.672983047544799774e+03 1.058101462382109901e+02
8.673182959564150224e+03 9.383421113256021329e+01
8.673382871583504311e+03 9.534055823709707056e+01
8.673582783602852942e+03 1.053759792767331334e+02
8.673782695622205210e+03 9.956372042332655781e+01
8.673982607641557479e+03 1.001371388664610862e+02
8.674182519660907928e+03 1.035131574565386359e+02
8.674382431680262016e+03 9.282146162968965086e+01
8.674582343699610647e+03 1.014108888107068793e+02
8.674782255718962915e+03 9.736111371202575526e+01
8.674982167738313365e+03 9.539197071388737470e+01
8.675182079757665633e+03 9.983790620259840409e+01
8.675381991777017902e+03 1.048233823243539149e+02
8.675581903796368351e+03 1.016664670078237549e+02
8.675781815815720620e+03 1.005929286811118999e+02
8.675981727835071069e+03 1.030012361619258598e+02
8.676181639854423338e+03 9.915472519133922447e+01
8.676381551873775607e+03 1.020755823258023867e+02
8.676581463893126056e+03 9.928070124277279263e+01
8.676781375912478325e+03 1.006296027782579330e+02
8.676981287931826955e+03 9.506360544060945017e+01
8.677181199951181043e+03 1.101666823278224854e+02
8.677381111970533311e+03 1.000779126331346731e+02
8.677581023989883761e+03 9.316960860094097541e+01
8.677780936009236029e+03 1.087446547839935960e+02
8.677980848028584660e+03 9.976220738579054625e+01
8.678180760047938747e+03 1.072423983936858036e+02
8.678380672067291016e+03 9.734177364409102040e+01
8.678580584086641466e+03 9.529410495387787705e+01
8.678780496105993734e+03 9.589071053449644921e+01
8.678980408125342365e+03 9.469284986875864263e+01
8.679180320144696452e+03 1.000471555602109248e+02
8.679380232164048721e+03 9.605651536117623834e+01
8.679580144183397351e+03 9.912573545808083963e+01
8.679780056202751439e+03 9.997935210265249850e+01
8.679979968222100069e+03 9.289843559358398295e+01
8.680179880241454157e+03 9.471254517709449772e+01
8.680379792260804606e+03 9.854127923550640844e+01
8.680579704280155056e+03 1.009210723336519209e+02
8.680779616299509144e+03 1.071598984315107117e+02
8.680979528318857774e+03 1.061990647026232466e+02
8.681179440338210043e+03 9.564894702193899434e+01
8.681379352357562311e+03 9.538682721801821174e+01
8.681579264376912761e+03 1.058916320136601286e+02
8.681779176396266848e+03 1.074159528152808321e+02
8.681979088415615479e+03 9.667337468328750560e+01
8.682179000434967747e+03 1.051311073310670565e+02
8.682378912454320016e+03 9.399551583905383723e+01
8.682578824473670466e+03 1.015396334554998106e+02
8.682778736493022734e+03 9.842708590914450895e+01
8.682978648512373184e+03 1.011255743732343717e+02
8.683178560531725452e+03 9.764928151563567837e+01
8.683378472551077721e+03 9.895484251272199572e+01
8.683578384570428170e+03 9.965069671782231353e+01
8.683778296589780439e+03 1.039601671653882988e+02
8.683978208609130888e+03 9.944757658753354690e+01
8.684178120628483157e+03 1.023724539122150219e+02
8.684378032647833606e+03 9.698365800611199461e+01
8.684577944667185875e+03 9.305462888465615379e+01
8.684777856686536325e+03 9.053583499506893872e+01
8.684977768705888593e+03 9.117037808918621522e+01
8.685177680725240862e+03 9.844739828128533077e+01
8.685377592744591311e+03 8.772036668320122033e+01
8.685577504763943580e+03 9.829731385222422091e+01
8.685777416783294029e+03 9.926069067230048404e+01
8.685977328802644479e+03 9.019571878599413139e+01
8.686177240821998566e+03 1.061890808447235486e+02
8.686377152841349016e+03 1.044534477851535144e+02
8.686577064860701284e+03 1.025197722340051030e+02
8.686776976880051734e+03 1.011962219982774656e+02
8.686976888899402184e+03 9.391168107752118033e+01
8.687176800918756271e+03 1.069886828256189375e+02
8.687376712938106721e+03 9.791646422258884286e+01
8.687576624957458989e+03 1.048517335667223165e+02
8.687776536976809439e+03 1.055732507098682760e+02
8.687976448996159888e+03 9.898368457227539352e+01
8.688176361015513976e+03 1.000542475327586089e+02
8.688376273034864425e+03 1.089056144067086080e+02
8.688576185054214875e+03 9.642485971127608479e+01
8.688776097073567144e+03 9.856081573071155333e+01
8.688976009092917593e+03 1.040725637024543744e+02
8.689175921112269862e+03 9.515750966700061042e+01
8.689375833131622130e+03 9.717452064798042954e+01
8.689575745150972580e+03 9.946302829121066225e+01
8.689775657170324848e+03 9.437970819997583760e+01
8.689975569189675298e+03 1.009322653449358285e+02
8.690175481209025747e+03 9.441433621237663942e+01
8.690375393228379835e+03 1.018819989480660411e+02
8.690575305247730284e+03 1.028986782429348352e+02
8.690775217267082553e+03 1.006891850778409179e+02
8.690975129286433003e+03 9.388443272798409112e+01
8.691175041305783452e+03 1.061782938765898052e+02
8.691374953325137540e+03 9.383613929883549076e+01
8.691574865344487989e+03 9.648237346738929432e+01
8.691774777363838439e+03 9.505872325730150862e+01
8.691974689383190707e+03 9.636018663814699892e+01
8.692174601402541157e+03 9.920760018149813675e+01
8.692374513421895244e+03 1.017077847909963424e+02
8.692574425441245694e+03 9.831472607088176119e+01
8.692774337460596144e+03 1.003784946235578985e+02
8.692974249479948412e+03 9.559587124348007592e+01
8.693174161499298862e+03 9.984712064759868611e+01
8.693374073518651130e+03 1.059909500073451767e+02
8.693573985538001580e+03 9.629927060459769450e+01
8.693773897557353848e+03 9.500994259069372561e+01
8.693973809576706117e+03 1.033715410131458583e+02
8.694173721596056566e+03 9.794737968216098523e+01
8.694373633615408835e+03 1.063941388192320971e+02
8.694573545634759284e+03 1.042377195856712291e+02
8.694773457654111553e+03 1.025518453491125968e+02
8.694973369673462003e+03 9.879386455440605630e+01
8.695173281692814271e+03 9.260568235275677296e+01
8.695373193712166540e+03 9.292466995771194149e+01
8.695573105731516989e+03 1.027257128576271583e+02
8.695773017750869258e+03 9.827909378720245570e+01
8.695972929770219707e+03 1.075602622971055098e+02
8.696172841789571976e+03 9.998026613281999175e+01
8.696372753808924244e+03 1.015829655135703291e+02
8.696572665828274694e+03 9.231477996555332766e+01
8.696772577847626962e+03 9.653823504200357775e+01
8.696972489866977412e+03 9.822854661823149058e+01
8.697172401886329681e+03 9.985162981884502642e+01
8.697372313905681949e+03 9.411293544739521622e+01
8.697572225925030580e+03 9.982000974971684570e+01
8.697772137944384667e+03 9.734037282787429035e+01
8.697972049963733298e+03 1.024639041860932025e+02
8.698171961983087385e+03 1.127689139345728080e+02
8.698371874002439654e+03 1.021873903394689052e+02
8.698571786021788284e+03 9.855101458983439500e+01
8.698771698041142372e+03 9.647716978349757255e+01
8.698971610060491003e+03 1.042829938382712385e+02
8.699171522079843271e+03 1.040729571749761675e+02
8.699371434099197359e+03 9.696329215798787970e+01
8.699571346118545989e+03 1.026139997644860102e+02
8.699771258137900077e+03 9.641176318478051144e+01
8.699971170157248707e+03 1.013647065222458252e+02
8.700171082176600976e+03 1.026925086827049967e+02
8.700370994195955063e+03 1.046156072984760215e+02
8.700570906215303694e+03 1.003254461391546783e+02
8.700770818234655962e+03 1.034054739233064311e+02
8.700970730254006412e+03 9.921934558808564475e+01
8.701170642273358681e+03 9.758234912116742521e+01
8.701370554292712768e+03 1.026083550187808981e+02
8.701570466312061399e+03 9.932242080783865390e+01
8.701770378331413667e+03 1.038606580650014735e+02
8.701970290350764117e+03 9.853124861352380037e+01
8.702170202370116385e+03 1.030547021884676298e+02
8.702370114389466835e+03 1.032319406334368068e+02
8.702570026408819103e+03 9.618999993853530839e+01
8.702769938428171372e+03 9.477193123942963382e+01
8.702969850447521821e+03 1.020406797941308525e+02
8.703169762466874090e+03 1.025245112353413646e+02
8.703369674486224540e+03 1.108528022507981632e+02
8.703569586505576808e+03 9.256144556387349098e+01
8.703769498524929077e+03 1.014983602572966817e+02
8.703969410544277707e+03 9.895655813872205897e+01
8.704169322563631795e+03 1.042200937880166975e+02
8.704369234582982244e+03 1.033816081456967311e+02
8.704569146602334513e+03 9.581282667301960032e+01
8.704769058621686781e+03 1.049825665741287679e+02
8.704968970641035412e+03 1.036420307192068151e+02
8.705168882660389500e+03 1.019611563626139059e+02
8.705368794679739949e+03 1.018662392406893957e+02
8.705568706699092218e+03 1.019395165608280962e+02
8.705768618718444486e+03 1.047804709321850680e+02
8.705968530737793117e+03 9.653516343304221436e+01
8.706168442757147204e+03 1.048050473258088857e+02
8.706368354776497654e+03 9.873030338914219328e+01
8.706568266795848103e+03 1.032899480404686159e+02
8.706768178815200372e+03 9.129541532461901454e+01
8.706968090834550821e+03 1.048977429717961343e+02
8.707168002853904909e+03 9.524094940768094375e+01
8.707367914873255359e+03 9.925849223907614771e+01
8.707567826892605808e+03 9.479308632053437123e+01
8.707767738911958077e+03 1.072001174652573923e+02
8.707967650931308526e+03 9.681717771068208833e+01
8.708167562950660795e+03 9.598237668364018305e+01
8.708367474970013063e+03 9.909489899785477007e+01
8.708567386989363513e+03 9.922343900219317447e+01
8.708767299008715781e+03 9.939888495270432145e+01
8.708967211028066231e+03 9.910829460469452101e+01
8.709167123047418499e+03 1.030657853647084039e+02
8.709367035066770768e+03 1.079819576292163958e+02
8.709566947086121218e+03 1.008720423508437989e+02
8.709766859105471667e+03 1.055153547739766253e+02
8.709966771124823936e+03 9.733778338321266688e+01
8.710166683144176204e+03 1.054316505063845995e+02
8.710366595163528473e+03 9.993195462073420288e+01
8.710566507182878922e+03 1.091364150196714320e+02
8.710766419202229372e+03 1.064306892509242175e+02
8.710966331221581640e+03 9.577511407682125366e+01
8.711166243240932090e+03 1.058069610620216139e+02
8.711366155260284359e+03 9.561598476540271463e+01
8.711566067279636627e+03 1.024940365174264656e+02
8.711765979298987077e+03 1.022950551003570610e+02
8.711965891318339345e+03 9.996892076280106210e+01
8.712165803337689795e+03 9.883153186875804863e+01
8.712365715357042063e+03 1.015926013363383476e+02
8.712565627376394332e+03 1.023941369178390062e+02
8.712765539395744781e+03 1.078403706310855199e+02
8.712965451415095231e+03 1.053386704260616256e+02
8.713165363434447499e+03 9.481437485831760625e+01
8.713365275453799768e+03 9.250407363067181166e+01
8.713565187473152037e+03 1.003945617005920923e+02
8.713765099492502486e+03 9.855282473631632456e+01
8.713965011511852936e+03 8.999455357590360904e+01
8.714164923531205204e+03 9.589355633359070907e+01
8.714364835550557473e+03 1.032515165072108232e+02
8.714564747569909741e+03 1.000915912358030084e+02
8.714764659589260191e+03 1.029499312449907933e+02
8.714964571608610640e+03 9.671305553518405418e+01
8.715164483627962909e+03 1.039972840689188871e+02
8.715364395647315177e+03 9.037080428852917180e+01
8.715564307666663808e+03 9.817899424128025032e+01
8.715764219686017896e+03 1.044610384533820451e+02
8.715964131705368345e+03 1.048530321454381493e+02
8.716164043724720614e+03 9.297807353972760325e+01
8.716363955744072882e+03 1.031146791956506803e+02
8.716563867763421513e+03 1.020045844065823673e+02
8.716763779782775600e+03 9.932627575742272086e+01
8.716963691802126050e+03 9.865829139811091864e+01
8.717163603821476499e+03 1.014708856641784394e+02
8.717363515840830587e+03 9.661916656756308441e+01
8.717563427860179218e+03 9.163080735974885727e+01
8.717763339879533305e+03 9.734418501578083749e+01
8.717963251898883755e+03 9.718172204130154057e+01
8.718163163918234204e+03 9.960934325913169118e+01
8.718363075937588292e+03 9.751838485567614612e+01
8.718562987956936922e+03 9.850528663442270272e+01
8.718762899976289191e+03 9.453410642228743654e+01
8.718962811995641459e+03 1.012920721942754056e+02
8.719162724014991909e+03 1.072355254125567257e+02
8.719362636034345996e+03 9.344713734274557737e+01
8.719562548053694627e+03 9.863385998159991175e+01
8.719762460073046896e+03 9.600250003550037547e+01
8.719962372092397345e+03 9.816953856155582514e+01
8.720162284111749614e+03 9.507430406674917833e+01
8.720362196131101882e+03 9.220848102828189496e+01
8.720562108150452332e+03 9.442902175272080001e+01
8.720762020169804600e+03 9.784698810914098033e+01
8.720961932189155050e+03 1.034176756898360452e+02
8.721161844208507318e+03 9.740112037596055927e+01
8.721361756227859587e+03 1.030780255620970394e+02
8.721561668247210036e+03 9.849670282168077051e+01
8.721761580266562305e+03 9.739397157955748696e+01
8.721961492285910936e+03 1.005791375846645508e+02
8.722161404305265023e+03 1.067960322349001530e+02
8.722361316324617292e+03 1.084702528603559415e+02
8.722561228343967741e+03 1.034919949074409260e+02
8.722761140363320010e+03 9.614073272634054490e+01
8.722961052382668640e+03 1.011404215035590681e+02
8.723160964402022728e+03 9.578531658844553931e+01
8.723360876421374996e+03 9.221607768386222403e+01
8.723560788440725446e+03 9.652604369605784029e+01
8.723760700460077715e+03 1.045494745578661338e+02
8.723960612479426345e+03 9.769611550286413149e+01
8.724160524498780433e+03 9.092477794743027175e+01
8.724360436518130882e+03 9.975203768640733415e+01
8.724560348537481332e+03 1.034948409632884108e+02
8.724760260556835419e+03 1.016455166587393393e+02
8.724960172576184050e+03 9.946874301648085748e+01
8.725160084595538137e+03 9.902288614172354642e+01
8.725359996614888587e+03 1.012992713393854558e+02
8.725559908634239036e+03 9.690546771760335787e+01
8.725759820653593124e+03 9.934730539006177708e+01
8.725959732672941755e+03 9.285300306952700566e+01
8.726159644692294023e+03 9.916493823500533722e+01
