8.478162865667991355e+03 1.014428202577134215e+02
8.478362822339353443e+03 1.007131059584335162e+02
8.478562779010711893e+03 1.006562397067530270e+02
8.478762735682072162e+03 9.971518280754456498e+01
8.478962692353430612e+03 9.985589085408447829e+01
8.479162649024792699e+03 9.917217177189239408e+01
8.479362605696152968e+03 9.920866012657957356e+01
8.479562562367511418e+03 9.854052870553466903e+01
8.479762519038871687e+03 9.671037788565945448e+01
8.479962475710231956e+03 9.559053848545160292e+01
8.480162432381594044e+03 9.237054353910811244e+01
8.480362389052954313e+03 9.297070040222403975e+01
8.480562345724312763e+03 9.827130624020904293e+01
8.480762302395674851e+03 9.813341175800185567e+01
8.480962259067033301e+03 9.775298627846217414e+01
8.481162215738393570e+03 9.991614549851500726e+01
8.481362172409753839e+03 9.908849449358545769e+01
8.481562129081114108e+03 9.824296260878506359e+01
8.481762085752474377e+03 9.941859040970201988e+01
8.481962042423832827e+03 9.931547732026564290e+01
8.482161999095193096e+03 9.998755258557568482e+01
8.482361955766555184e+03 9.901566751985161829e+01
8.482561912437913634e+03 9.972254637086412288e+01
8.482761869109273903e+03 1.005367950215510433e+02
8.482961825780632353e+03 1.001216679761146793e+02
8.483161782451994441e+03 9.966931785314859837e+01
8.483361739123356529e+03 1.013183247799450726e+02
8.483561695794714979e+03 1.022674823795909731e+02
8.483761652466075248e+03 1.005059580871546814e+02
8.483961609137433697e+03 9.992826329954463915e+01
8.484161565808795785e+03 9.991898813571016547e+01
8.484361522480156054e+03 9.969370189574357255e+01
8.484561479151514504e+03 9.830652409547153070e+01
8.484761435822874773e+03 9.990080013533876979e+01
8.484961392494235042e+03 1.005101900283331133e+02
8.485161349165595311e+03 9.922922653263094617e+01
8.485361305836955580e+03 9.814192258788990841e+01
8.485561262508314030e+03 9.805599468851335132e+01
8.485761219179676118e+03 9.888720973897427768e+01
8.485961175851034568e+03 9.976391176865460864e+01
8.486161132522394837e+03 9.834221125646386952e+01
8.486361089193756925e+03 9.943353784376469662e+01
8.486561045865117194e+03 1.003579380627352293e+02
8.486761002536477463e+03 9.930976482865639809e+01
8.486960959207835913e+03 1.000180243243722060e+02
8.487160915879196182e+03 1.013204569668807409e+02
8.487360872550556451e+03 9.988122328334793565e+01
8.487560829221916720e+03 9.989157355312241293e+01
8.487760785893276989e+03 9.960674301387010132e+01
8.487960742564635439e+03 1.001741158913358021e+02
8.488160699235995708e+03 9.995126021796836824e+01
8.488360655907357796e+03 9.806281881653451649e+01
8.488560612578716245e+03 9.816445643431472945e+01
8.488760569250076514e+03 9.988804118058982340e+01
8.488960525921434964e+03 1.007582303169185849e+02
8.489160482592797052e+03 9.984920081160024097e+01
8.489360439264159140e+03 9.857419937896021622e+01
8.489560395935517590e+03 9.940686097419936118e+01
8.489760352606877859e+03 9.811355024438894645e+01
8.489960309278238128e+03 9.859153441829776909e+01
8.490160265949598397e+03 9.607757265683935088e+01
8.490360222620958666e+03 9.906442242599837300e+01
8.490560179292317116e+03 9.662820757760569279e+01
8.490760135963679204e+03 9.919453560639821887e+01
8.490960092635037654e+03 1.000559710730225191e+02
8.491160049306397923e+03 9.710859289811065764e+01
8.491360005977758192e+03 9.811392774660902205e+01
8.491559962649116642e+03 9.898440818915894113e+01
8.491759919320478730e+03 9.838900982126068584e+01
8.491959875991837180e+03 9.706453702107343418e+01
8.492159832663197449e+03 9.482910104230978732e+01
8.492359789334557718e+03 9.730248168628172323e+01
8.492559746005919806e+03 9.654364616071106298e+01
8.492759702677280075e+03 9.534570768903316207e+01
8.492959659348638525e+03 9.810382105673659225e+01
8.493159616019998793e+03 9.831526710499834110e+01
8.493359572691360881e+03 9.678775771054182542e+01
8.493559529362719331e+03 9.651304561033941809e+01
8.493759486034079600e+03 9.490280945660218492e+01
8.493959442705438050e+03 9.384279908954671612e+01
8.494159399376800138e+03 9.386892422173733053e+01
8.494359356048160407e+03 9.173615694346685245e+01
8.494559312719518857e+03 8.898606592308816232e+01
8.494759269390879126e+03 8.545525467504063499e+01
8.494959226062239395e+03 7.949106142313011958e+01
8.495159182733599664e+03 7.240784530725605350e+01
8.495359139404959933e+03 6.954395913292275111e+01
8.495559096076320202e+03 6.466059447279255323e+01
8.495759052747682290e+03 5.486998309759697179e+01
8.495959009419040740e+03 5.231788077179400887e+01
8.496158966090401009e+03 4.584076678257660120e+01
8.496358922761761278e+03 4.948935964590679504e+01
8.496558879433119728e+03 5.478746741550516930e+01
8.496758836104481816e+03 6.390883927523883301e+01
8.496958792775840266e+03 6.930043980606293985e+01
8.497158749447200535e+03 7.711272501359366061e+01
8.497358706118560804e+03 8.230108360349403540e+01
8.497558662789921073e+03 8.618544963418629834e+01
8.497758619461281342e+03 8.983309094418268614e+01
8.497958576132639791e+03 9.238601217641857488e+01
8.498158532804000060e+03 9.283777297403756279e+01
8.498358489475362148e+03 9.437244112772020799e+01
8.498558446146722417e+03 9.268506730116772019e+01
8.498758402818082686e+03 9.383009229798443585e+01
8.498958359489441136e+03 9.538427225062922332e+01
8.499158316160803224e+03 9.690631174294789218e+01
8.499358272832163493e+03 9.509734556734615296e+01
8.499558229503521943e+03 9.562232930960838928e+01
8.499758186174882212e+03 9.390602209523939337e+01
8.499958142846242481e+03 9.293422549424816737e+01
8.500158099517602750e+03 9.120287373672705655e+01
8.500358056188963019e+03 9.145100876448968563e+01
8.500558012860321469e+03 9.239752154485516655e+01
8.500757969531681738e+03 9.420400431193564827e+01
8.500957926203042007e+03 9.569581114640403996e+01
8.501157882874402276e+03 9.491408797767316230e+01
8.501357839545762545e+03 9.698266898466410169e+01
8.501557796217120995e+03 9.694843721677095516e+01
8.501757752888484902e+03 9.869751508144746310e+01
8.501957709559843352e+03 9.908186883309647897e+01
8.502157666231203621e+03 9.979455422315851365e+01
8.502357622902563890e+03 9.662318052838601545e+01
8.502557579573924158e+03 9.865381829042182460e+01
8.502757536245284427e+03 9.944579185974501456e+01
8.502957492916642877e+03 1.002947770987366169e+02
8.503157449588003146e+03 9.695448192794171405e+01
8.503357406259365234e+03 9.972504042472901631e+01
8.503557362930723684e+03 9.994293286851119262e+01
8.503757319602083953e+03 9.832354708590082737e+01
8.503957276273442403e+03 9.808112794965109060e+01
8.504157232944804491e+03 1.009349635677938437e+02
8.504357189616164760e+03 9.768632676633235690e+01
8.504557146287523210e+03 9.915568879865341501e+01
8.504757102958885298e+03 9.726316492271061520e+01
8.504957059630245567e+03 1.003292478562635779e+02
8.505157016301605836e+03 9.895631668130167213e+01
8.505356972972966105e+03 1.008030883828589026e+02
8.505556929644324555e+03 1.000739292360356814e+02
8.505756886315684824e+03 9.987197199287516014e+01
8.505956842987045093e+03 1.005737864696412345e+02
8.506156799658405362e+03 9.759275811717078852e+01
8.506356756329765631e+03 9.916653691255415026e+01
8.506556713001124081e+03 1.006032818219490110e+02
8.506756669672486169e+03 9.903626691037862884e+01
8.506956626343844619e+03 1.011963295147881041e+02
8.507156583015204887e+03 9.873166288751953346e+01
8.507356539686565156e+03 9.942120529033765308e+01
8.507556496357925425e+03 9.897799759310791501e+01
8.507756453029285694e+03 9.993399822442285085e+01
8.507956409700645963e+03 9.904124242814663148e+01
8.508156366372006232e+03 9.730557854292777620e+01
8.508356323043368320e+03 9.918180793304132692e+01
8.508556279714726770e+03 9.912285654951759284e+01
8.508756236386087039e+03 9.840653453443957233e+01
8.508956193057445489e+03 9.953608109996729070e+01
8.509156149728807577e+03 9.972617257471479491e+01
8.509356106400167846e+03 9.972850635646919670e+01
8.509556063071526296e+03 1.010817477156032567e+02
8.509756019742886565e+03 9.907831176091850978e+01
8.509955976414245015e+03 9.992591624261888228e+01
8.510155933085607103e+03 1.001767679964861912e+02
8.510355889756967372e+03 9.832455177347399911e+01
8.510555846428325822e+03 1.008886970492187913e+02
8.510755803099686091e+03 9.845499328601923139e+01
8.510955759771048179e+03 9.949713068334446575e+01
8.511155716442408448e+03 1.015906114356199197e+02
8.511355673113768717e+03 1.004822312605152348e+02
8.511555629785127167e+03 9.974826681374371162e+01
8.511755586456489254e+03 9.499736435265546675e+01
8.511955543127847704e+03 9.040846719495311845e+01
8.512155499799207973e+03 8.853657088168125711e+01
8.512355456470568242e+03 8.850225121136520556e+01
8.512555413141928511e+03 8.950201320775714464e+01
8.512755369813288780e+03 9.339723583019892317e+01
8.512955326484647230e+03 9.401363937977160390e+01
8.513155283156007499e+03 9.400712885734104418e+01
8.513355239827369587e+03 9.530408379683090914e+01
8.513555196498728037e+03 9.821144205507260949e+01
8.513755153170088306e+03 9.707393337202724126e+01
8.513955109841448575e+03 9.915022415720432036e+01
8.514155066512810663e+03 1.017921447962912538e+02
8.514355023184170932e+03 9.961459138976127292e+01
8.514554979855529382e+03 1.007423930441624549e+02
8.514754936526889651e+03 9.826873082703104956e+01
8.514954893198248101e+03 9.811515286035871952e+01
8.515154849869610189e+03 9.845682009546307256e+01
8.515354806540970458e+03 9.900989668100815777e+01
8.515554763212328908e+03 9.992500145979920489e+01
8.515754719883689177e+03 9.755250421322278953e+01
8.515954676555049446e+03 9.860703623793273209e+01
8.516154633226409715e+03 9.809406293509339037e+01
8.516354589897769984e+03 9.938232447470267061e+01
8.516554546569128433e+03 9.652028756749349725e+01
8.516754503240490521e+03 9.996448928082563157e+01
8.516954459911848971e+03 9.999351832255553063e+01
8.517154416583211059e+03 9.850305922296578842e+01
8.517354373254571328e+03 9.933173969029152772e+01
8.517554329925931597e+03 9.939733935181564561e+01
8.517754286597291866e+03 9.827829906776410951e+01
8.517954243268650316e+03 1.000975276496705106e+02
8.518154199940010585e+03 1.005253704575001166e+02
8.518354156611372673e+03 1.016983777717744744e+02
8.518554113282731123e+03 9.893021268025005099e+01
8.518754069954091392e+03 9.951632984335623178e+01
8.518954026625449842e+03 9.876618521570456721e+01
8.519153983296810111e+03 9.828567563117262296e+01
8.519353939968172199e+03 1.002358892758299618e+02
8.519553896639530649e+03 9.924198094029226525e+01
8.519753853310890918e+03 9.752478192900312592e+01
8.519953809982249368e+03 1.002383467815267437e+02
8.520153766653613275e+03 1.000158213499180988e+02
8.520353723324973544e+03 1.007001548414344683e+02
8.520553679996331994e+03 9.901177978471115182e+01
8.520753636667692263e+03 9.933436043752800515e+01
8.520953593339052532e+03 1.004267363973214202e+02
8.521153550010412800e+03 9.954274127693949481e+01
8.521353506681773069e+03 1.004508072503430895e+02
8.521553463353131519e+03 9.826704356420877673e+01
8.521753420024493607e+03 9.937146834874774015e+01
8.521953376695852057e+03 9.861899310900435012e+01
8.522153333367212326e+03 9.790604520556749435e+01
8.522353290038572595e+03 9.923645678098353073e+01
8.522553246709932864e+03 9.982192373564227239e+01
8.522753203381293133e+03 1.006798753091851495e+02
8.522953160052651583e+03 9.872545542670380314e+01
8.523153116724011852e+03 9.671365122714948370e+01
8.523353073395375759e+03 9.880900602349873907e+01
8.523553030066734209e+03 9.917269710002609884e+01
8.523752986738094478e+03 9.923687506066553965e+01
8.523952943409452928e+03 9.830311537740942640e+01
8.524152900080813197e+03 9.771416376300390993e+01
8.524352856752175285e+03 9.698545852603579931e+01
8.524552813423533735e+03 9.723959715347427846e+01
8.524752770094894004e+03 9.398227823185629859e+01
8.524952726766252454e+03 9.454600945586966532e+01
8.525152683437614542e+03 9.316183850460316762e+01
8.525352640108974811e+03 9.372705489351262997e+01
8.525552596780333261e+03 9.324432165125976724e+01
8.525752553451693529e+03 9.587719039060507953e+01
8.525952510123053798e+03 9.702063901780806532e+01
8.526152466794414067e+03 9.812016238614648955e+01
8.526352423465776155e+03 9.840396477508639350e+01
8.526552380137134605e+03 9.984120948807465368e+01
8.526752336808496693e+03 9.695302903172840558e+01
8.526952293479855143e+03 9.812668714071625686e+01
8.527152250151215412e+03 9.849842040104806529e+01
8.527352206822575681e+03 9.759354476665565414e+01
8.527552163493935950e+03 9.770974955363250558e+01
8.527752120165296219e+03 9.883229278587280930e+01
8.527952076836654669e+03 9.808571853999367818e+01
8.528152033508014938e+03 9.653094176613473110e+01
8.528351990179375207e+03 9.850799642998696015e+01
8.528551946850735476e+03 9.740710238935592713e+01
8.528751903522095745e+03 9.857200740740444189e+01
8.528951860193454195e+03 9.854680068740780996e+01
8.529151816864814464e+03 9.646161993817459290e+01
8.529351773536176552e+03 9.708080688093539834e+01
8.529551730207536821e+03 9.773253540541010409e+01
8.529751686878897090e+03 9.870978798562175882e+01
8.529951643550255540e+03 9.604021991555507043e+01
8.530151600221617628e+03 9.901783024183892223e+01
8.530351556892977896e+03 9.982742134422221625e+01
8.530551513564336346e+03 9.832722275271797230e+01
8.530751470235696615e+03 9.811649615338679098e+01
8.530951426907056884e+03 9.728490370069380333e+01
8.531151383578417153e+03 9.536651150917501241e+01
8.531351340249777422e+03 9.625743154167453497e+01
8.531551296921135872e+03 9.662167681626893057e+01
8.531751253592497960e+03 9.788645554459185405e+01
8.531951210263856410e+03 9.520648093761522546e+01
8.532151166935216679e+03 9.652522462780274282e+01
8.532351123606576948e+03 9.704025597982857221e+01
8.532551080277939036e+03 9.496328798345689393e+01
8.532751036949299305e+03 9.515298673931955875e+01
8.532950993620657755e+03 9.609604534371244711e+01
8.533150950292018024e+03 9.341534622430933155e+01
8.533350906963378293e+03 9.455818336099126498e+01
8.533550863634738562e+03 9.574690868197522775e+01
8.533750820306098831e+03 9.413245184855372827e+01
8.533950776977457281e+03 9.433599434857134725e+01
8.534150733648817550e+03 9.134385146246171416e+01
8.534350690320179638e+03 9.019736778042826586e+01
8.534550646991538088e+03 8.912493748269282889e+01
8.534750603662898357e+03 9.190297587697070014e+01
8.534950560334256807e+03 9.145156901713569653e+01
8.535150517005618894e+03 9.180804703702850134e+01
8.535350473676979163e+03 9.148723605326698305e+01
8.535550430348339432e+03 9.215481222858841193e+01
8.535750387019699701e+03 8.975030076902808673e+01
8.535950343691059970e+03 8.907067892559490474e+01
8.536150300362420239e+03 8.716175849604965720e+01
8.536350257033780508e+03 8.596307334624059138e+01
8.536550213705138958e+03 8.669493547278791823e+01
8.536750170376501046e+03 8.614680021129869658e+01
8.536950127047859496e+03 8.414422658381816689e+01
8.537150083719219765e+03 8.473560554325092653e+01
8.537350040390580034e+03 8.291489971689432537e+01
8.537549997061938484e+03 7.908896135610415001e+01
8.537749953733300572e+03 7.790543220515488088e+01
8.537949910404659022e+03 7.736547259061950399e+01
8.538149867076019291e+03 7.582785637128645817e+01
8.538349823747379560e+03 7.467020875247040124e+01
8.538549780418739829e+03 6.826395648837109320e+01
8.538749737090101917e+03 6.898825757171917417e+01
8.538949693761460367e+03 6.683814969052741617e+01
8.539149650432820636e+03 6.155154522539666573e+01
8.539349607104182724e+03 5.751362532056418786e+01
8.539549563775541174e+03 5.346652735095767639e+01
8.539749520446901442e+03 4.722210912492808887e+01
8.539949477118259892e+03 4.267526446286792208e+01
8.540149433789621980e+03 3.773532659600035544e+01
8.540349390460982249e+03 3.852461868835149517e+01
8.540549347132340699e+03 4.291375315486508413e+01
8.540749303803700968e+03 4.711472123868296080e+01
8.540949260475061237e+03 5.464532397781350426e+01
8.541149217146421506e+03 5.686118912936067460e+01
8.541349173817781775e+03 6.274310151278576342e+01
8.541549130489140225e+03 6.574450808681739034e+01
8.541749087160502313e+03 6.751207571047230260e+01
8.541949043831862582e+03 7.207459478995909308e+01
8.542149000503222851e+03 7.311336609030560396e+01
8.542348957174583120e+03 7.455452321524116144e+01
8.542548913845941570e+03 7.655949171077449478e+01
8.542748870517303658e+03 7.888754830640935722e+01
8.542948827188662108e+03 8.094112982358635122e+01
8.543148783860022377e+03 7.919673749712922017e+01
8.543348740531382646e+03 8.294320447981357347e+01
8.543548697202742915e+03 8.248671855526629315e+01
8.543748653874103184e+03 8.359883034069113705e+01
8.543948610545461634e+03 8.599226850174780168e+01
8.544148567216821903e+03 8.610398407455647884e+01
8.544348523888183990e+03 8.927265774747448290e+01
8.544548480559542440e+03 8.884456027789984489e+01
8.544748437230902709e+03 9.026409451541327655e+01
8.544948393902262978e+03 8.995040805489277602e+01
8.545148350573625066e+03 9.047439904340630790e+01
8.545348307244985335e+03 8.996585529893594924e+01
8.545548263916343785e+03 9.263182570850358388e+01
8.545748220587704054e+03 9.212349816775979150e+01
8.545948177259064323e+03 9.418671772721729951e+01
8.546148133930424592e+03 9.428985212521826043e+01
8.546348090601784861e+03 9.425156748245457550e+01
8.546548047273143311e+03 9.434854185400439519e+01
8.546748003944503580e+03 9.473578230105933073e+01
8.546947960615863849e+03 9.627681023288843676e+01
8.547147917287224118e+03 9.544095245435998720e+01
8.547347873958584387e+03 9.439506425905612730e+01
8.547547830629942837e+03 9.470614387206930473e+01
8.547747787301304925e+03 9.496567569480936299e+01
8.547947743972665194e+03 9.607793875058568744e+01
8.548147700644025463e+03 9.636068051185921490e+01
8.548347657315385732e+03 9.502757726302625940e+01
8.548547613986746001e+03 9.723680241601950058e+01
8.548747570658106270e+03 9.503020286903729641e+01
8.548947527329464720e+03 9.543368424923095006e+01
8.549147484000824988e+03 9.628186748989786281e+01
8.549347440672187076e+03 9.573172570828862149e+01
8.549547397343545526e+03 9.754321970834486422e+01
8.549747354014905795e+03 9.785551773395522446e+01
8.549947310686264245e+03 9.723343217859471110e+01
8.550147267357626333e+03 9.843083802304832375e+01
8.550347224028986602e+03 9.712519163573438163e+01
8.550547180700345052e+03 9.871673104132288756e+01
8.550747137371705321e+03 9.750377851681136576e+01
8.550947094043065590e+03 9.941122827825455488e+01
8.551147050714427678e+03 9.783440207359346630e+01
8.551347007385787947e+03 9.850042562580524930e+01
8.551546964057146397e+03 9.654977671522433980e+01
8.551746920728506666e+03 9.903658893117852813e+01
8.551946877399866935e+03 9.751314346313368731e+01
8.552146834071227204e+03 9.651076152062019275e+01
8.552346790742587473e+03 9.620828544825820927e+01
8.552546747413945923e+03 1.000379880959243764e+02
8.552746704085308011e+03 9.839831565023882831e+01
8.552946660756666461e+03 9.897776458181347436e+01
8.553146617428026730e+03 9.882054104681635920e+01
8.553346574099386999e+03 9.716171496865960933e+01
8.553546530770747268e+03 9.796497068980592360e+01
8.553746487442107536e+03 9.753118196831884745e+01
8.553946444113465986e+03 9.828212699142474662e+01
8.554146400784828074e+03 9.796168079736087009e+01
8.554346357456190162e+03 9.696144299284762269e+01
8.554546314127548612e+03 9.449320343136469091e+01
8.554746270798908881e+03 9.385735964350351423e+01
8.554946227470267331e+03 9.299331339321908274e+01
8.555146184141629419e+03 9.368823714761796850e+01
8.555346140812989688e+03 9.488036029254411119e+01
8.555546097484348138e+03 9.645057002542533553e+01
8.555746054155708407e+03 9.976933590879401947e+01
8.555946010827066857e+03 9.944673670875548055e+01
8.556145967498428945e+03 9.647250202347497350e+01
8.556345924169789214e+03 1.000360641179544530e+02
8.556545880841147664e+03 9.695856957864596382e+01
8.556745837512507933e+03 9.776895501891368667e+01
8.556945794183868202e+03 1.002216014286716899e+02
8.557145750855230290e+03 9.948720556865991682e+01
8.557345707526590559e+03 9.941087916531080282e+01
8.557545664197949009e+03 9.818516621371588826e+01
8.557745620869311097e+03 9.701624261755863188e+01
8.557945577540669547e+03 9.980103915974088125e+01
8.558145534212029816e+03 9.939835475769008610e+01
8.558345490883390084e+03 9.950339007524414114e+01
8.558545447554750353e+03 1.001652335214139669e+02
8.558745404226110622e+03 9.802027335989572521e+01
8.558945360897469072e+03 9.928309747491174164e+01
8.559145317568829341e+03 9.964197915127596161e+01
8.559345274240191429e+03 9.838080360011250036e+01
8.559545230911549879e+03 9.841578198903995656e+01
8.559745187582910148e+03 9.968948353255031236e+01
8.559945144254268598e+03 1.000204066448135052e+02
8.560145100925628867e+03 9.983615687057256594e+01
8.560345057596992774e+03 1.002490625636770574e+02
8.560545014268351224e+03 1.008851870741454206e+02
8.560744970939711493e+03 1.003682808889890623e+02
8.560944927611069943e+03 1.004781439935995024e+02
8.561144884282432031e+03 9.794772805889309097e+01
8.561344840953792300e+03 9.931317600879090435e+01
8.561544797625150750e+03 9.911803250011149657e+01
8.561744754296511019e+03 1.004383344558753208e+02
8.561944710967871288e+03 9.966512683185636945e+01
8.562144667639231557e+03 1.003938394456190508e+02
8.562344624310591826e+03 9.964254455637336605e+01
8.562544580981950276e+03 9.935767117628178369e+01
8.562744537653312364e+03 9.748551378541348811e+01
8.562944494324670814e+03 1.001342267228692577e+02
8.563144450996031082e+03 9.960539922914564670e+01
8.563344407667393170e+03 1.013102662455140859e+02
8.563544364338753439e+03 9.965293867899382008e+01
8.563744321010113708e+03 9.935541308976762309e+01
8.563944277681472158e+03 9.983002864487849592e+01
8.564144234352832427e+03 9.813738839381727530e+01
8.564344191024194515e+03 1.008759970785964128e+02
8.564544147695552965e+03 1.016816500827846426e+02
8.564744104366913234e+03 1.004662940830380364e+02
8.564944061038271684e+03 9.936592363958801855e+01
8.565144017709631953e+03 9.960890528707513170e+01
8.565343974380994041e+03 1.018414370483615841e+02
8.565543931052352491e+03 1.010571808970193786e+02
8.565743887723712760e+03 9.959232878400545985e+01
8.565943844395071210e+03 9.918031651801572934e+01
8.566143801066433298e+03 9.714591123701390529e+01
8.566343757737793567e+03 9.871043195633822620e+01
8.566543714409153836e+03 1.017822142085969261e+02
8.566743671080514105e+03 9.903214401241352505e+01
8.566943627751874374e+03 9.831569173609781842e+01
8.567143584423234643e+03 9.955256978274832136e+01
8.567343541094594912e+03 9.944760234892277140e+01
8.567543497765953362e+03 1.003757849815965528e+02
8.567743454437315449e+03 1.010156269605669479e+02
8.567943411108673899e+03 1.005543695360482843e+02
8.568143367780034168e+03 9.886977573540589503e+01
8.568343324451394437e+03 1.028967246066346064e+02
8.568543281122754706e+03 9.888897215914143146e+01
8.568743237794114975e+03 9.901643419135186264e+01
8.568943194465473425e+03 9.909057186102398873e+01
8.569143151136833694e+03 9.975523074126950007e+01
8.569343107808193963e+03 9.956446575292237355e+01
8.569543064479556051e+03 9.971357425142770126e+01
8.569743021150916320e+03 9.670383973241202114e+01
8.569942977822274770e+03 9.790833894992694297e+01
8.570142934493635039e+03 9.640238929612772267e+01
8.570342891164997127e+03 9.941434632855713005e+01
8.570542847836355577e+03 9.776821048006563331e+01
8.570742804507715846e+03 9.948897881130861265e+01
8.570942761179074296e+03 9.913798869305364292e+01
8.571142717850436384e+03 9.863506006923107350e+01
8.571342674521796653e+03 1.005882587554782361e+02
8.571542631193155103e+03 1.005422043964695007e+02
8.571742587864515372e+03 1.027399057551060935e+02
8.571942544535875641e+03 9.893128142435639916e+01
8.572142501207235910e+03 9.936152186437942646e+01
8.572342457878596178e+03 9.970050178225042714e+01
8.572542414549956447e+03 9.969099717342079714e+01
8.572742371221318535e+03 9.962732720442048162e+01
8.572942327892676985e+03 9.796089742882951157e+01
8.573142284564037254e+03 1.032091521971786676e+02
8.573342241235397523e+03 9.853882496331355867e+01
8.573542197906757792e+03 9.799783791792795284e+01
8.573742154578118061e+03 9.875254188646475484e+01
8.573942111249476511e+03 1.009939492441923505e+02
8.574142067920836780e+03 9.765985277146792498e+01
8.574342024592197049e+03 1.008117228702324439e+02
8.574541981263557318e+03 9.932602884680480315e+01
8.574741937934917587e+03 1.005578123881077204e+02
8.574941894606276037e+03 1.006342345994414842e+02
8.575141851277636306e+03 9.840332545085504989e+01
8.575341807948998394e+03 1.001078559503787773e+02
8.575541764620356844e+03 9.993414470523714499e+01
8.575741721291718932e+03 9.952514835747811617e+01
8.575941677963077382e+03 9.806838808526865137e+01
8.576141634634439470e+03 1.018218060906102949e+02
8.576341591305799739e+03 9.902514845346402694e+01
8.576541547977158189e+03 9.988459908788757957e+01
8.576741504648518458e+03 9.880264744455355697e+01
8.576941461319878726e+03 9.982452909021280618e+01
8.577141417991238995e+03 9.868351280792268199e+01
8.577341374662599264e+03 9.914127810521725337e+01
8.577541331333957714e+03 1.008238731240773518e+02
8.577741288005319802e+03 1.009671448834364611e+02
8.577941244676678252e+03 1.016651086118331193e+02
8.578141201348038521e+03 1.005193177835713954e+02
8.578341158019398790e+03 1.008249523310365277e+02
8.578541114690757240e+03 1.015798264000860200e+02
8.578741071362121147e+03 9.899282133726542554e+01
8.578941028033479597e+03 9.885668386072372016e+01
8.579140984704839866e+03 1.009717071449902193e+02
8.579340941376200135e+03 9.949827469238387323e+01
8.579540898047560404e+03 9.919233777689514397e+01
8.579740854718920673e+03 9.727295083485668670e+01
8.579940811390279123e+03 9.725028574978770735e+01
8.580140768061639392e+03 9.498307688376110036e+01
8.580340724733001480e+03 9.120534975979863646e+01
8.580540681404359930e+03 9.564002865808339493e+01
8.580740638075720199e+03 9.661922615450315277e+01
8.580940594747078649e+03 9.825451614904851283e+01
8.581140551418440737e+03 9.839446200021683353e+01
8.581340508089801006e+03 1.002418834489655239e+02
8.581540464761159456e+03 1.008887315469543893e+02
8.581740421432519724e+03 1.005880655798197125e+02
8.581940378103881812e+03 9.867529728370914199e+01
8.582140334775242081e+03 9.817622247505165944e+01
8.582340291446602350e+03 9.970617324285599636e+01
8.582540248117960800e+03 9.850047875238729489e+01
8.582740204789322888e+03 9.714560892978190054e+01
8.582940161460681338e+03 9.769608580907191708e+01
8.583140118132041607e+03 9.784344926802825171e+01
8.583340074803401876e+03 9.634551977218244190e+01
8.583540031474760326e+03 9.965514241105336168e+01
8.583739988146122414e+03 1.005173211018701096e+02
8.583939944817480864e+03 9.806857470843773683e+01
8.584139901488841133e+03 1.006215475754542439e+02
8.584339858160201402e+03 9.717711682984577237e+01
8.584539814831561671e+03 9.823541940639709935e+01
8.584739771502921940e+03 9.925809021356158723e+01
8.584939728174282209e+03 1.010460834458390735e+02
8.585139684845642478e+03 1.012023366937422963e+02
8.585339641517004566e+03 9.772367161906289823e+01
8.585539598188363016e+03 9.941660444030843280e+01
8.585739554859723285e+03 9.867286687421783142e+01
8.585939511531081735e+03 1.012577086384190466e+02
8.586139468202443823e+03 9.974035563456457965e+01
8.586339424873804091e+03 1.003801216614784835e+02
8.586539381545162541e+03 9.798534894808646811e+01
8.586739338216522810e+03 9.983170507781406400e+01
8.586939294887883079e+03 9.956703454141320719e+01
8.587139251559243348e+03 1.005147975194270202e+02
8.587339208230603617e+03 1.003528346446166637e+02
8.587539164901962067e+03 1.003059853737793219e+02
8.587739121573322336e+03 1.020022443928367437e+02
8.587939078244682605e+03 9.827955133209731287e+01
8.588139034916044693e+03 1.001460170254933217e+02
8.588338991587404962e+03 9.862573714647231782e+01
8.588538948258763412e+03 9.877999864779161499e+01
8.588738904930125500e+03 9.858125452800594246e+01
8.588938861601483950e+03 9.985346870789948071e+01
8.589138818272844219e+03 9.965865200074009067e+01
8.589338774944204488e+03 9.797648048993366388e+01
8.589538731615564757e+03 9.944103339456849255e+01
8.589738688286925026e+03 9.958116594691999524e+01
8.589938644958283476e+03 1.016055945635628603e+02
8.590138601629643745e+03 1.000335549849013859e+02
8.590338558301005833e+03 9.983663678772893491e+01
8.590538514972364283e+03 9.924214373158719127e+01
8.590738471643724552e+03 9.731437315983492908e+01
8.590938428315083002e+03 9.891670811164127031e+01
8.591138384986446908e+03 9.699130579496399207e+01
8.591338341657807177e+03 9.846662775848412252e+01
8.591538298329165627e+03 9.975561829992113871e+01
8.591738255000525896e+03 9.899044471383206201e+01
8.591938211671884346e+03 9.805346428710303996e+01
8.592138168343246434e+03 1.004494163359551777e+02
8.592338125014606703e+03 9.843941992262705298e+01
8.592538081685965153e+03 1.013962633393864508e+02
8.592738038357325422e+03 9.896421418225816069e+01
8.592937995028685691e+03 9.866582651304499052e+01
8.593137951700045960e+03 9.800570009087891776e+01
8.593337908371406229e+03 9.777581131513989021e+01
8.593537865042764679e+03 1.002858401662288657e+02
8.593737821714126767e+03 1.006249076003755363e+02
8.593937778385485217e+03 9.740665583830794105e+01
8.594137735056847305e+03 9.536571694907119934e+01
8.594337691728207574e+03 9.816217893466220801e+01
8.594537648399567843e+03 9.884671640438379825e+01
8.594737605070928112e+03 9.946661627404969863e+01
8.594937561742286562e+03 9.749150106313577169e+01
8.595137518413646831e+03 9.883170671881123326e+01
8.595337475085008919e+03 9.897760154224067719e+01
8.595537431756367369e+03 9.903484327157956102e+01
8.595737388427727637e+03 9.641138963346425328e+01
8.595937345099086087e+03 9.467071490322868499e+01
8.596137301770448175e+03 9.543741581411350694e+01
8.596337258441808444e+03 9.384123697645041773e+01
8.596537215113166894e+03 9.166995658278170822e+01
8.596737171784527163e+03 8.791685286887214090e+01
8.596937128455885613e+03 8.852078282535742915e+01
8.597137085127247701e+03 9.071890570041180979e+01
8.597337041798609789e+03 9.471405440252331687e+01
8.597536998469968239e+03 9.720932001239235376e+01
8.597736955141328508e+03 1.005608144853464267e+02
8.597936911812688777e+03 9.841244703768251156e+01
8.598136868484049046e+03 9.980698112737357519e+01
8.598336825155409315e+03 9.807437750668427157e+01
8.598536781826767765e+03 1.003734244880578217e+02
8.598736738498129853e+03 9.977886997439617289e+01
8.598936695169488303e+03 9.897113331860910534e+01
8.599136651840848572e+03 1.001787011516221639e+02
8.599336608512208841e+03 1.020751115231577018e+02
8.599536565183569110e+03 9.839223232190758495e+01
8.599736521854929379e+03 1.014876059108713520e+02
8.599936478526287829e+03 9.916784954215044934e+01
8.600136435197648098e+03 1.007559127906800711e+02
8.600336391869012004e+03 1.000279545124760148e+02
8.600536348540370454e+03 1.015734844941787145e+02
8.600736305211730723e+03 1.025908242966156365e+02
8.600936261883089173e+03 1.007970870591189225e+02
8.601136218554449442e+03 9.981114371948450525e+01
8.601336175225811530e+03 9.995054513138832419e+01
8.601536131897169980e+03 1.000528393804531362e+02
8.601736088568530249e+03 1.002216474594446964e+02
8.601936045239888699e+03 9.921028931816857721e+01
8.602136001911250787e+03 9.817735727963489012e+01
8.602335958582611056e+03 9.886338130058970819e+01
8.602535915253969506e+03 9.937948678421744830e+01
8.602735871925329775e+03 1.000624739532007368e+02
8.602935828596690044e+03 1.016055893340360683e+02
8.603135785268050313e+03 1.012345913035768774e+02
8.603335741939410582e+03 9.943676707621941091e+01
8.603535698610770851e+03 9.907612715893580457e+01
8.603735655282132939e+03 9.910907747902737697e+01
8.603935611953491389e+03 9.862671429940391477e+01
8.604135568624851658e+03 9.762891585003767148e+01
8.604335525296211927e+03 9.896141391365829065e+01
8.604535481967572196e+03 9.949993086668629871e+01
8.604735438638932465e+03 9.705494987362139625e+01
8.604935395310290914e+03 1.000520407279227726e+02
8.605135351981651183e+03 9.949502758303202654e+01
8.605335308653013271e+03 1.002791730705522895e+02
8.605535265324371721e+03 9.865771088115334919e+01
8.605735221995731990e+03 9.925446287551351077e+01
8.605935178667090440e+03 9.947875714958783533e+01
8.606135135338450709e+03 1.006326984119996979e+02
8.606335092009812797e+03 9.977322260862814574e+01
8.606535048681173066e+03 9.955366405125114682e+01
8.606735005352533335e+03 9.959493056685170131e+01
8.606934962023891785e+03 9.819479579800702140e+01
8.607134918695253873e+03 9.952582757302381822e+01
8.607334875366614142e+03 1.005740756953803015e+02
8.607534832037972592e+03 9.978088089771520686e+01
8.607734788709332861e+03 1.021103536128346718e+02
8.607934745380693130e+03 1.009337649999035023e+02
8.608134702052053399e+03 9.958461410564973448e+01
8.608334658723413668e+03 9.749096301597217007e+01
8.608534615394772118e+03 9.728244091884279499e+01
8.608734572066134206e+03 9.953422630421900408e+01
8.608934528737492656e+03 9.970443427124261859e+01
8.609134485408852925e+03 9.874132604750914766e+01
8.609334442080213194e+03 9.804841065614749596e+01
8.609534398751575281e+03 9.409695386946458484e+01
8.609734355422935550e+03 9.028977588487509820e+01
8.609934312094294000e+03 8.744139642305330540e+01
8.610134268765654269e+03 8.778527497181359251e+01
8.610334225437014538e+03 9.284624234458266301e+01
8.610534182108374807e+03 9.559464993743647199e+01
8.610734138779735076e+03 9.902297677186338376e+01
8.610934095451093526e+03 9.982680303410532474e+01
8.611134052122453795e+03 9.981364203221893661e+01
8.611334008793815883e+03 9.854718026705512557e+01
8.611533965465174333e+03 9.922100362557516462e+01
8.611733922136534602e+03 9.935175627285855171e+01
8.611933878807893052e+03 9.893189935104894062e+01
8.612133835479255140e+03 1.010880247395249540e+02
8.612333792150615409e+03 9.942415440581916641e+01
8.612533748821973859e+03 9.880502052566026805e+01
8.612733705493335947e+03 1.010348214946166081e+02
8.612933662164696216e+03 1.008630708486181220e+02
8.613133618836056485e+03 9.995369799451883353e+01
8.613333575507416754e+03 1.005301389763140492e+02
8.613533532178775204e+03 9.925074104101369699e+01
8.613733488850137292e+03 9.998445839190908657e+01
8.613933445521495742e+03 9.884860130931431854e+01
8.614133402192856011e+03 9.772331444077549634e+01
8.614333358864216279e+03 9.744006099508176533e+01
8.614533315535576548e+03 9.729325888992516980e+01
8.614733272206936817e+03 9.846583173411815437e+01
8.614933228878295267e+03 9.872474832857867000e+01
8.615133185549655536e+03 1.007828624049500235e+02
8.615333142221015805e+03 9.984035448520376121e+01
8.615533098892376074e+03 9.915220421017410501e+01
8.615733055563738162e+03 1.021814189364621797e+02
8.615933012235096612e+03 9.957350918116350158e+01
8.616132968906456881e+03 9.960673711659333662e+01
8.616332925577818969e+03 9.828018000436171064e+01
8.616532882249177419e+03 9.886803769361029026e+01
8.616732838920537688e+03 9.951717635041607934e+01
8.616932795591896138e+03 9.826895181990261108e+01
8.617132752263258226e+03 9.942585030824847081e+01
8.617332708934618495e+03 1.002884046391904036e+02
8.617532665605976945e+03 9.765016724742284282e+01
8.617732622277337214e+03 1.016960587972606902e+02
8.617932578948697483e+03 1.003898542300341177e+02
8.618132535620057752e+03 1.007723616823869008e+02
8.618332492291418021e+03 1.000413206835699782e+02
8.618532448962776471e+03 9.856046031006773944e+01
8.618732405634138559e+03 9.989819829028859033e+01
8.618932362305498827e+03 9.824084061415584301e+01
8.619132318976859096e+03 9.789743660903305056e+01
8.619332275648219365e+03 9.521852430053786520e+01
8.619532232319577815e+03 9.265402602864106996e+01
8.619732188990939903e+03 8.996349448466166621e+01
8.619932145662298353e+03 9.074006633064654181e+01
8.620132102333658622e+03 9.442235114574100407e+01
8.620332059005018891e+03 9.706198697929896468e+01
8.620532015676379160e+03 9.867364412663629025e+01
8.620731972347739429e+03 9.940613004402803199e+01
8.620931929019097879e+03 9.936614578796910280e+01
8.621131885690458148e+03 9.970653453340179340e+01
8.621331842361820236e+03 1.007726970953681587e+02
8.621531799033178686e+03 9.917882313503862690e+01
8.621731755704538955e+03 1.005736293556780083e+02
8.621931712375899224e+03 9.942054687800198565e+01
8.622131669047261312e+03 9.968517838281816523e+01
8.622331625718621581e+03 9.907643605600746639e+01
8.622531582389980031e+03 9.942312246336445014e+01
8.622731539061340300e+03 1.003848189738375254e+02
8.622931495732700569e+03 1.004039344544563050e+02
8.623131452404060838e+03 9.873927890601666491e+01
8.623331409075421107e+03 9.973542007646670982e+01
8.623531365746779557e+03 1.005719947858443675e+02
8.623731322418141644e+03 9.985436298081189932e+01
8.623931279089500094e+03 1.004394452544297565e+02
8.624131235760860363e+03 1.011103459598180052e+02
8.624331192432220632e+03 9.827132951063308042e+01
8.624531149103579082e+03 1.002054511972597481e+02
8.624731105774941170e+03 1.007818891354649793e+02
8.624931062446299620e+03 1.004892039925841942e+02
8.625131019117661708e+03 9.914949822316027905e+01
8.625330975789021977e+03 1.007594912328557797e+02
8.625530932460382246e+03 1.012966427106197926e+02
8.625730889131742515e+03 1.010787891266695482e+02
8.625930845803100965e+03 9.891568145324940531e+01
8.626130802474461234e+03 1.008300691846320660e+02
8.626330759145823322e+03 9.914690938070279458e+01
8.626530715817181772e+03 1.001310102242186559e+02
8.626730672488542041e+03 1.019180883525391863e+02
8.626930629159900491e+03 1.002284343157235895e+02
8.627130585831262579e+03 9.904922668471722602e+01
8.627330542502622848e+03 9.910538750170138655e+01
8.627530499173981298e+03 9.966582686530246349e+01
8.627730455845341567e+03 1.012678640937845103e+02
8.627930412516701836e+03 1.001616755775036438e+02
8.628130369188063924e+03 9.939793476873971656e+01
8.628330325859424192e+03 1.004648633793348438e+02
8.628530282530782642e+03 9.754195631543987588e+01
8.628730239202142911e+03 9.963602193450655875e+01
8.628930195873503180e+03 9.896364388299454617e+01
8.629130152544863449e+03 9.926584088591162924e+01
8.629330109216223718e+03 1.010035192251075813e+02
8.629530065887582168e+03 1.008564213955078799e+02
8.629730022558944256e+03 9.954895494400389566e+01
8.629929979230302706e+03 9.860717182666159886e+01
8.630129935901662975e+03 1.004920263387026438e+02
8.630329892573023244e+03 9.903117430228328999e+01
8.630529849244383513e+03 9.896040516758397132e+01
8.630729805915743782e+03 9.823938385263055295e+01
8.630929762587102232e+03 9.955825076648476113e+01
8.631129719258464320e+03 1.001349936254494395e+02
8.631329675929826408e+03 9.839763743727405654e+01
8.631529632601184858e+03 1.015967901303343837e+02
8.631729589272545127e+03 9.822215080456400926e+01
8.631929545943903577e+03 1.000534437026899326e+02
8.632129502615265665e+03 1.003409027802032227e+02
8.632329459286625934e+03 9.922233113188028142e+01
8.632529415957984384e+03 1.011170855388343455e+02
8.632729372629344653e+03 9.931280899394032247e+01
8.632929329300704921e+03 9.821008056930172359e+01
8.633129285972065190e+03 1.013512646575261726e+02
8.633329242643425459e+03 9.822734648941637658e+01
8.633529199314783909e+03 1.001461333597909373e+02
8.633729155986144178e+03 9.960495502571738768e+01
8.633929112657504447e+03 9.962212632631302256e+01
8.634129069328864716e+03 1.001906398337386150e+02
8.634329026000226804e+03 9.970337129954742750e+01
8.634528982671585254e+03 9.843911062943224977e+01
8.634728939342947342e+03 1.007594538394518224e+02
8.634928896014305792e+03 1.010566637838809925e+02
8.635128852685666061e+03 9.943329874445019811e+01
8.635328809357026330e+03 9.761470871659716408e+01
8.635528766028386599e+03 9.963371477539385523e+01
8.635728722699746868e+03 9.901265288013931354e+01
8.635928679371105318e+03 9.934913220261306321e+01
8.636128636042465587e+03 9.815752084366866370e+01
8.636328592713827675e+03 9.884371805190849614e+01
8.636528549385186125e+03 1.005235902582142273e+02
8.636728506056546394e+03 1.002424123946885715e+02
8.636928462727904844e+03 9.938870137393614357e+01
8.637128419399266932e+03 1.006238314134491674e+02
8.637328376070629020e+03 1.002056619019469821e+02
8.637528332741987469e+03 9.996765414769035374e+01
8.637728289413347738e+03 9.922236788743563807e+01
8.637928246084706188e+03 9.931212956512929679e+01
8.638128202756068276e+03 1.005010042396463632e+02
8.638328159427428545e+03 1.016235683506434526e+02
8.638528116098786995e+03 1.005877150139384071e+02
8.638728072770147264e+03 9.864418154163583097e+01
8.638928029441507533e+03 9.891952284827536346e+01
8.639127986112867802e+03 1.011043475161719414e+02
8.639327942784228071e+03 9.860039709339564240e+01
8.639527899455586521e+03 9.939776147471326340e+01
8.639727856126948609e+03 9.851781223990873571e+01
8.639927812798307059e+03 1.005740271164078763e+02
8.640127769469667328e+03 9.900550541561923978e+01
8.640327726141027597e+03 9.936821980270974564e+01
8.640527682812389685e+03 1.001912240761472361e+02
8.640727639483749954e+03 1.009634439574532649e+02
8.640927596155108404e+03 9.915816152699919428e+01
8.641127552826468673e+03 9.936420723498079610e+01
8.641327509497830761e+03 1.005409791334677578e+02
8.641527466169189211e+03 1.009002017556053801e+02
8.641727422840549480e+03 1.000424992228600729e+02
8.641927379511907930e+03 9.984047394065271419e+01
8.642127336183268199e+03 9.891220567681776288e+01
8.642327292854630286e+03 1.002894228687436566e+02
8.642527249525988736e+03 1.009058328218114156e+02
8.642727206197349005e+03 1.011277390380502936e+02
8.642927162868707455e+03 1.005296830232353784e+02
8.643127119540069543e+03 1.010692394266082630e+02
8.643327076211429812e+03 1.005980864341922967e+02
8.643527032882790081e+03 1.012724366463823316e+02
8.643726989554150350e+03 9.877469172670211606e+01
8.643926946225510619e+03 9.980384738028014624e+01
8.644126902896870888e+03 1.008785977582603266e+02
8.644326859568231157e+03 9.960044674036424794e+01
8.644526816239589607e+03 9.857090249807620808e+01
8.644726772910951695e+03 9.806701888360183261e+01
8.644926729582310145e+03 9.890021664275298008e+01
8.645126686253670414e+03 9.887271607489513769e+01
8.645326642925030683e+03 9.863599373142962179e+01
8.645526599596390952e+03 9.807405635500600738e+01
8.645726556267751221e+03 9.887106978598538376e+01
8.645926512939109671e+03 9.807139728444930427e+01
8.646126469610469940e+03 9.472412239180086146e+01
8.646326426281832028e+03 9.421867096822728627e+01
8.646526382953192297e+03 9.066995548249070680e+01
8.646726339624552566e+03 9.353405693127490395e+01
8.646926296295911015e+03 9.411254949870115638e+01
8.647126252967271284e+03 9.592879130241453822e+01
8.647326209638633372e+03 9.804893154470073569e+01
8.647526166309991822e+03 9.928854544379125002e+01
8.647726122981352091e+03 9.893742327851089158e+01
8.647926079652710541e+03 9.761318337209577578e+01
8.648126036324072629e+03 9.792646131772393403e+01
8.648325992995432898e+03 1.000376953604181409e+02
8.648525949666791348e+03 9.835809711463889471e+01
8.648725906338151617e+03 9.743351752454067594e+01
8.648925863009511886e+03 9.963825695070073607e+01
8.649125819680872155e+03 9.962743098034412981e+01
8.649325776352232424e+03 9.903056956339052874e+01
8.649525733023590874e+03 9.731300947351890329e+01
8.649725689694954781e+03 1.000176279683655167e+02
8.649925646366313231e+03 9.829329413656661529e+01
8.650125603037673500e+03 9.766300473761151579e+01
8.650325559709033769e+03 9.794340159880141528e+01
8.650525516380394038e+03 9.870055988552137194e+01
8.650725473051754307e+03 9.699893887193604769e+01
8.650925429723112757e+03 9.912915538512402236e+01
8.651125386394473026e+03 9.878953341951095979e+01
8.651325343065833295e+03 9.794769247915500898e+01
8.651525299737193563e+03 9.710933895307032060e+01
8.651725256408553832e+03 9.838076479895519810e+01
8.651925213079912282e+03 9.872510618930449766e+01
8.652125169751272551e+03 9.709946742660149255e+01
8.652325126422634639e+03 9.720606953740282563e+01
8.652525083093993089e+03 9.714331970967695895e+01
8.652725039765355177e+03 9.707424777767631952e+01
8.652924996436713627e+03 9.758692558337438072e+01
8.653124953108075715e+03 9.723676786160450547e+01
8.653324909779435984e+03 9.651408212013362231e+01
8.653524866450794434e+03 9.676281612953229683e+01
8.653724823122154703e+03 9.672947916932810131e+01
8.653924779793514972e+03 9.678389535181489123e+01
8.654124736464875241e+03 9.791588802500920963e+01
8.654324693136235510e+03 9.505338976152619068e+01
8.654524649807593960e+03 9.645553897779015529e+01
8.654724606478956048e+03 9.435192734417134375e+01
8.654924563150314498e+03 9.631357056115982118e+01
8.655124519821674767e+03 9.631547373515969923e+01
8.655324476493035036e+03 9.388854909275576688e+01
8.655524433164395305e+03 9.420776146956600883e+01
8.655724389835755574e+03 9.364269766172279219e+01
8.655924346507115843e+03 9.347261591332741659e+01
8.656124303178476111e+03 9.166331482719745338e+01
8.656324259849836380e+03 9.299084412837618174e+01
8.656524216521196649e+03 9.238337964008839265e+01
8.656724173192556918e+03 9.090230976606142121e+01
8.656924129863915368e+03 8.924523533552437016e+01
8.657124086535275637e+03 8.850876618074833857e+01
8.657324043206637725e+03 8.666680243863002886e+01
8.657523999877996175e+03 8.705942131030242592e+01
8.657723956549356444e+03 8.585637338714366251e+01
8.657923913220714894e+03 8.491242040836371530e+01
8.658123869892076982e+03 8.073914421730640356e+01
8.658323826563437251e+03 7.913597364220255770e+01
8.658523783234795701e+03 7.908581977806949226e+01
8.658723739906155970e+03 7.441146328747879579e+01
8.658923696577518058e+03 6.955567925453087241e+01
8.659123653248878327e+03 6.784194037410033218e+01
8.659323609920238596e+03 6.377472419404610804e+01
8.659523566591597046e+03 5.753766496930442997e+01
8.659723523262959134e+03 5.327125148685534128e+01
8.659923479934317584e+03 4.466589142386919065e+01
8.660123436605677853e+03 3.939390225105324106e+01
8.660323393277038122e+03 3.737020183299527787e+01
8.660523349948396572e+03 4.198810261217662543e+01
8.660723306619758660e+03 4.875981194895920368e+01
8.660923263291117109e+03 5.577207263203806065e+01
8.661123219962477378e+03 6.192582815340314539e+01
8.661323176633837647e+03 6.434820042846594390e+01
8.661523133305197916e+03 7.079865423970977645e+01
8.661723089976558185e+03 7.337996969818671289e+01
8.661923046647916635e+03 7.549423458375491691e+01
8.662123003319278723e+03 7.681700424266912819e+01
8.662322959990640811e+03 7.956827875211124024e+01
8.662522916661999261e+03 8.093890862421986299e+01
8.662722873333359530e+03 8.258324120494175702e+01
8.662922830004717980e+03 8.537745235772224817e+01
8.663122786676080068e+03 8.568496557445207884e+01
8.663322743347440337e+03 8.479416049180579762e+01
8.663522700018798787e+03 8.574656691476397441e+01
8.663722656690159056e+03 8.841281334677998416e+01
8.663922613361519325e+03 8.812754746143730245e+01
8.664122570032879594e+03 8.934266398708662393e+01
8.664322526704239863e+03 9.207376262834432623e+01
8.664522483375598313e+03 9.205802376765937822e+01
8.664722440046960401e+03 9.174496974477939659e+01
8.664922396718318851e+03 9.447956157019358159e+01
8.665122353389680939e+03 9.454810750335163050e+01
8.665322310061041208e+03 9.312120536512861690e+01
8.665522266732399657e+03 9.416403414468017274e+01
8.665722223403761745e+03 9.502647354795251999e+01
8.665922180075120195e+03 9.410168112932146300e+01
8.666122136746480464e+03 9.534788477727073541e+01
8.666322093417840733e+03 9.472120064973192655e+01
8.666522050089201002e+03 9.885364420550391173e+01
8.666722006760561271e+03 9.657053292086764884e+01
8.666921963431919721e+03 9.594498264726959746e+01
8.667121920103279990e+03 9.450688710496980605e+01
8.667321876774642078e+03 9.824283003784204027e+01
8.667521833446000528e+03 9.782587038197075913e+01
8.667721790117360797e+03 9.977011910984701615e+01
8.667921746788719247e+03 9.575615363862540619e+01
8.668121703460083154e+03 9.711330260558266048e+01
8.668321660131443423e+03 9.753884387464295003e+01
8.668521616802801873e+03 9.840023267072041335e+01
8.668721573474162142e+03 9.769515495491303625e+01
8.668921530145522411e+03 9.618586008520931330e+01
8.669121486816882680e+03 9.662637749420248667e+01
8.669321443488242949e+03 9.877587761495020402e+01
8.669521400159601399e+03 9.726939123939905585e+01
8.669721356830961668e+03 9.683457107188574753e+01
8.669921313502321937e+03 9.695638806949352784e+01
8.670121270173682205e+03 9.746844715155606309e+01
8.670321226845042474e+03 9.750178392548605188e+01
8.670521183516400924e+03 9.823011153662775996e+01
8.670721140187763012e+03 9.776413358423468480e+01
8.670921096859121462e+03 9.854414073501534688e+01
8.671121053530481731e+03 9.824390348007221974e+01
8.671321010201843819e+03 1.000250986956597927e+02
8.671520966873204088e+03 1.003781944577175551e+02
8.671720923544564357e+03 9.913171409587785377e+01
8.671920880215922807e+03 9.979079257384361767e+01
8.672120836887283076e+03 9.838553847254476636e+01
8.672320793558645164e+03 9.446386671158596471e+01
8.672520750230003614e+03 9.351213897101612815e+01
8.672720706901363883e+03 8.714515513897966059e+01
8.672920663572722333e+03 8.793993837000961378e+01
8.673120620244084421e+03 8.913485454630757943e+01
8.673320576915444690e+03 9.021607649471033596e+01
8.673520533586803140e+03 9.325399336032884889e+01
8.673720490258163409e+03 9.527638389108274453e+01
8.673920446929523678e+03 9.709756179530357656e+01
8.674120403600883947e+03 9.507498674968455532e+01
8.674320360272246035e+03 9.972645611208349692e+01
8.674520316943604485e+03 9.899203900428776137e+01
8.674720273614964754e+03 9.957596597070187272e+01
8.674920230286325022e+03 9.825924318738859142e+01
8.675120186957685291e+03 1.006150910151942242e+02
8.675320143629045560e+03 1.005644386643530339e+02
8.675520100300404010e+03 9.934538083672356379e+01
8.675720056971766098e+03 9.941567464442546509e+01
8.675920013643124548e+03 1.000632784396664761e+02
8.676119970314484817e+03 9.948350591178470381e+01
8.676319926985845086e+03 1.003917691494438884e+02
8.676519883657205355e+03 9.886865621504139767e+01
8.676719840328565624e+03 9.873589758552385831e+01
8.676919796999924074e+03 9.887213525163284089e+01
8.677119753671284343e+03 9.802282573786719411e+01
8.677319710342646431e+03 9.776129000053140317e+01
8.677519667014006700e+03 9.599489537622118007e+01
8.677719623685366969e+03 9.435316416826184138e+01
8.677919580356725419e+03 9.484750492671976474e+01
8.678119537028087507e+03 9.419795890764888213e+01
8.678319493699447776e+03 9.355300043912566821e+01
8.678519450370806226e+03 9.546193735981952955e+01
8.678719407042166495e+03 9.737478719394123061e+01
8.678919363713524945e+03 9.674291532800897642e+01
8.679119320384887033e+03 9.919042645201987796e+01
8.679319277056247302e+03 9.839386951772353029e+01
8.679519233727605751e+03 9.843333078588709384e+01
8.679719190398966020e+03 9.949794753078423071e+01
8.679919147070326289e+03 9.987551141257817733e+01
8.680119103741686558e+03 9.958860463814100683e+01
8.680319060413046827e+03 9.958439798437181878e+01
8.680519017084407096e+03 9.946838522455300335e+01
8.680718973755769184e+03 9.835149138147902192e+01
8.680918930427127634e+03 9.842467277686635896e+01
8.681118887098487903e+03 9.652263105936630438e+01
8.681318843769848172e+03 9.714571883210547298e+01
8.681518800441208441e+03 9.941093736656929991e+01
8.681718757112568710e+03 9.872804926967775430e+01
8.681918713783927160e+03 1.006795909702734093e+02
8.682118670455287429e+03 9.858344412377485355e+01
8.682318627126649517e+03 1.000824862434867839e+02
8.682518583798007967e+03 1.007822348547359468e+02
8.682718540469368236e+03 9.964199578031669091e+01
8.682918497140726686e+03 9.997924341800109005e+01
8.683118453812088774e+03 1.000729364643279808e+02
8.683318410483449043e+03 9.939773996797846678e+01
8.683518367154807493e+03 9.882757093408102378e+01
8.683718323826169581e+03 9.740224544092838244e+01
8.683918280497528031e+03 1.013254117308066355e+02
8.684118237168890118e+03 9.860203859142937688e+01
8.684318193840250387e+03 9.822638019978388968e+01
8.684518150511608837e+03 9.721822574203962120e+01
8.684718107182969106e+03 9.721300123682222249e+01
8.684918063854329375e+03 9.780226878362421417e+01
8.685118020525689644e+03 9.952905056768229031e+01
8.685317977197049913e+03 9.918742134118603815e+01
8.685517933868408363e+03 9.750384779615751540e+01
8.685717890539770451e+03 9.801617128625156283e+01
8.685917847211128901e+03 9.750240340764077018e+01
8.686117803882489170e+03 9.285812548028846436e+01
8.686317760553849439e+03 8.813687254622205103e+01
8.686517717225209708e+03 8.228870924802900788e+01
8.686717673896571796e+03 7.639659647877466853e+01
8.686917630567930246e+03 8.135068210596173799e+01
8.687117587239290515e+03 8.697786104831548926e+01
8.687317543910652603e+03 9.289136608185532396e+01
8.687517500582011053e+03 9.697604480445700403e+01
8.687717457253371322e+03 9.575851335194516878e+01
8.687917413924729772e+03 9.772613486561694174e+01
8.688117370596090041e+03 9.697076037845684482e+01
8.688317327267452129e+03 9.934078048587278431e+01
8.688517283938810579e+03 9.794880271554572460e+01
8.688717240610170848e+03 9.834070445971582330e+01
8.688917197281529297e+03 1.005037662562213825e+02
8.689117153952891385e+03 1.006412677065361834e+02
8.689317110624251654e+03 1.001287155246763092e+02
8.689517067295610104e+03 1.001197192761521393e+02
8.689717023966972192e+03 1.011195829244870765e+02
8.689916980638332461e+03 1.001455531970288746e+02
8.690116937309692730e+03 9.937317719441927011e+01
8.690316893981052999e+03 9.950985753963203706e+01
8.690516850652411449e+03 1.002369996129904592e+02
8.690716807323773537e+03 9.960830728984137750e+01
8.690916763995131987e+03 1.003611732946233275e+02
8.691116720666492256e+03 1.000973612766422463e+02
8.691316677337852525e+03 1.002342283982225126e+02
8.691516634009212794e+03 9.870637437387956936e+01
8.691716590680573063e+03 1.004408217280220583e+02
8.691916547351931513e+03 9.957290082363793715e+01
8.692116504023291782e+03 9.814351093553700878e+01
8.692316460694652051e+03 9.997292956347145321e+01
8.692516417366012320e+03 9.608210377207126385e+01
8.692716374037372589e+03 9.739687688459014225e+01
8.692916330708732858e+03 9.606797987252920734e+01
8.693116287380093127e+03 9.628051139770172995e+01
8.693316244051455215e+03 9.893114751455522082e+01
8.693516200722813664e+03 9.950716942101425389e+01
8.693716157394173933e+03 9.997275362528334597e+01
8.693916114065532383e+03 9.827152032208813637e+01
8.694116070736894471e+03 9.891567676452950764e+01
8.694316027408254740e+03 9.934840480234015558e+01
8.694515984079613190e+03 1.016512652924801472e+02
8.694715940750973459e+03 1.000342380612831477e+02
8.694915897422333728e+03 9.818229969413788183e+01
8.695115854093693997e+03 1.007118329855984058e+02
8.695315810765054266e+03 1.007462133855668327e+02
8.695515767436412716e+03 1.015186299365826841e+02
8.695715724107774804e+03 9.815611422698434296e+01
8.695915680779135073e+03 1.021257803386323957e+02
8.696115637450495342e+03 9.976156140659946914e+01
8.696315594121855611e+03 9.893774932468828354e+01
8.696515550793215880e+03 1.004725002221231591e+02
8.696715507464576149e+03 9.971829214047822632e+01
8.696915464135934599e+03 9.693907286678322066e+01
8.697115420807294868e+03 9.783836133914633137e+01
8.697315377478655137e+03 9.537940119915130310e+01
8.697515334150015406e+03 9.407749864773089143e+01
8.697715290821375675e+03 9.655979439010945953e+01
8.697915247492734125e+03 9.580993130436348793e+01
8.698115204164094393e+03 9.889205777907432093e+01
8.698315160835456481e+03 9.984641040562132730e+01
8.698515117506814931e+03 9.853164365827296933e+01
8.698715074178175200e+03 1.008678802493924138e+02
8.698915030849533650e+03 9.880000475269746119e+01
8.699114987520897557e+03 1.010360774857950048e+02
8.699314944192257826e+03 9.874741866011862612e+01
8.699514900863616276e+03 9.980646425442658654e+01
8.699714857534976545e+03 1.000870929914544547e+02
8.699914814206336814e+03 9.895802105569654827e+01
8.700114770877697083e+03 9.885564392756884899e+01
8.700314727549057352e+03 9.961174067494174267e+01
8.700514684220415802e+03 9.839067202869661344e+01
8.700714640891777890e+03 1.008826283246964266e+02
8.700914597563136340e+03 9.956722762443558850e+01
8.701114554234496609e+03 9.932349568208793755e+01
8.701314510905856878e+03 9.854764765647132663e+01
8.701514467577215328e+03 1.007223155876631466e+02
8.701714424248577416e+03 9.985975670471516707e+01
8.701914380919935866e+03 9.758078966490035100e+01
8.702114337591297954e+03 9.948740116447200421e+01
8.702314294262658223e+03 9.999509309668134449e+01
8.702514250934018492e+03 1.005084544641331519e+02
8.702714207605378760e+03 9.921302578453510534e+01
8.702914164276737210e+03 9.974517216003968656e+01
8.703114120948097479e+03 9.953466607533098909e+01
8.703314077619459567e+03 9.863363838042796772e+01
8.703514034290818017e+03 9.965766469507370573e+01
8.703713990962178286e+03 9.938698474322917775e+01
8.703913947633536736e+03 1.003994582168161429e+02
8.704113904304898824e+03 1.001686092066193225e+02
8.704313860976259093e+03 9.851046677885352665e+01
8.704513817647617543e+03 9.792966069932496964e+01
8.704713774318977812e+03 9.851934072520707275e+01
8.704913730990338081e+03 1.004616602031381944e+02
8.705113687661700169e+03 9.849893823275627369e+01
8.705313644333060438e+03 9.849626182523130069e+01
8.705513601004418888e+03 9.864258129009670029e+01
8.705713557675780976e+03 9.980352861996109937e+01
8.705913514347139426e+03 9.801337640026488884e+01
8.706113471018499695e+03 9.846115212875170641e+01
8.706313427689859964e+03 9.883748800849740235e+01
8.706513384361218414e+03 9.894075882617666196e+01
8.706713341032580502e+03 9.901207503119728415e+01
8.706913297703938952e+03 1.001063577859720510e+02
8.707113254375299221e+03 9.990092254914233649e+01
8.707313211046659490e+03 1.000691504448496829e+02
8.707513167718019758e+03 9.837350839937255387e+01
8.707713124389380027e+03 9.654560392508868460e+01
8.707913081060738477e+03 9.605014920510770082e+01
8.708113037732098746e+03 9.348029514992012423e+01
8.708312994403462653e+03 9.213250744180237461e+01
8.708512951074821103e+03 9.010806617338405999e+01
8.708712907746181372e+03 9.173330844802251249e+01
8.708912864417539822e+03 9.385525778205095548e+01
8.709112821088901910e+03 9.591560218027667872e+01
8.709312777760262179e+03 9.840194492610696386e+01
8.709512734431620629e+03 9.835215589621242316e+01
8.709712691102980898e+03 1.003802950813771275e+02
8.709912647774341167e+03 9.937226137048489250e+01
8.710112604445701436e+03 9.772279342287340853e+01
8.710312561117061705e+03 9.731453092588834863e+01
8.710512517788420155e+03 9.951415224163012851e+01
8.710712474459780424e+03 9.425222686132002536e+01
8.710912431131140693e+03 9.490897188393309136e+01
8.711112387802500962e+03 9.369323624579783427e+01
8.711312344473863050e+03 9.278576287068868567e+01
8.711512301145221500e+03 9.520216004585212488e+01
8.711712257816583588e+03 9.643187451331688465e+01
8.711912214487942038e+03 9.885232981125645324e+01
8.712112171159302306e+03 9.909744868602587076e+01
8.712312127830662575e+03 1.000904942888166147e+02
8.712512084502022844e+03 1.015006071046422704e+02
8.712712041173383113e+03 9.993365517823031041e+01
8.712911997844741563e+03 1.009550462629951397e+02
8.713111954516101832e+03 1.007240803064604364e+02
8.713311911187463920e+03 1.001091752012424507e+02
8.713511867858822370e+03 9.999158207938708642e+01
8.713711824530182639e+03 1.011431142219557842e+02
8.713911781201541089e+03 9.965110922146872952e+01
8.714111737872903177e+03 9.999806348992751737e+01
8.714311694544263446e+03 1.000426817219676536e+02
8.714511651215623715e+03 9.814077921638798330e+01
8.714711607886983984e+03 9.888572814650102316e+01
8.714911564558344253e+03 9.945536864200046523e+01
8.715111521229704522e+03 9.867731460328211313e+01
8.715311477901064791e+03 9.946588854197973717e+01
8.715511434572423241e+03 9.816476369463448748e+01
8.715711391243783510e+03 9.610980821406533892e+01
8.715911347915143779e+03 9.365469696022505275e+01
8.716111304586504048e+03 9.124783301004016778e+01
8.716311261257864317e+03 9.750611993389442489e+01
8.716511217929222767e+03 9.747436124625670573e+01
8.716711174600584854e+03 9.798553124764926281e+01
8.716911131271943304e+03 9.894640323911508517e+01
8.717111087943303573e+03 1.004211949697670860e+02
8.717311044614663842e+03 1.011731752890692917e+02
8.717511001286025930e+03 9.813006549766558351e+01
8.717710957957386199e+03 9.937909680789749700e+01
8.717910914628744649e+03 9.965011582756118003e+01
8.718110871300104918e+03 9.780152597176420670e+01
8.718310827971467006e+03 9.951717554033963609e+01
8.718510784642825456e+03 9.955924264429337711e+01
8.718710741314185725e+03 1.008035237941689672e+02
8.718910697985544175e+03 1.004884138967673408e+02
8.719110654656906263e+03 1.018290379545579327e+02
8.719310611328266532e+03 1.005888449463986518e+02
8.719510567999624982e+03 9.948907973202668131e+01
8.719710524670985251e+03 9.929154759502590366e+01
8.719910481342343701e+03 1.003657803688606549e+02
8.720110438013705789e+03 9.880610264118963926e+01
8.720310394685066058e+03 9.959591043021376322e+01
8.720510351356424508e+03 1.011023253628313654e+02
8.720710308027786596e+03 9.800737615562832161e+01
8.720910264699146865e+03 9.969100324573280147e+01
8.721110221370507134e+03 9.939224978756396922e+01
8.721310178041867402e+03 1.016786981687863829e+02
8.721510134713225852e+03 9.919006026791446118e+01
8.721710091384587940e+03 9.966339475411899684e+01
8.721910048055946390e+03 1.012511133140572639e+02
8.722110004727306659e+03 9.962103472332513832e+01
8.722309961398666928e+03 9.858118647997528683e+01
8.722509918070027197e+03 1.000038924091904278e+02
8.722709874741387466e+03 1.009874381047504670e+02
8.722909831412745916e+03 1.003799662671117261e+02
8.723109788084106185e+03 1.008717162234472369e+02
8.723309744755468273e+03 1.008538113127938232e+02
8.723509701426826723e+03 1.018814274659956425e+02
8.723709658098188811e+03 9.952625244853680897e+01
8.723909614769547261e+03 1.014579581182306640e+02
8.724109571440909349e+03 1.009585728959270057e+02
8.724309528112269618e+03 9.762163293049395918e+01
8.724509484783628068e+03 1.001807500379018165e+02
8.724709441454988337e+03 9.925015733282683073e+01
8.724909398126346787e+03 9.899045191650736797e+01
8.725109354797708875e+03 9.807342266750606541e+01
8.725309311469069144e+03 9.825224564585664666e+01
8.725509268140427594e+03 9.839230672962925439e+01
8.725709224811787863e+03 9.644413426076323503e+01
8.725909181483148132e+03 9.567220355438331580e+01
8.726109138154508400e+03 9.361524760916223897e+01
8.726309094825868669e+03 9.473836336989620577e+01
8.726509051497227119e+03 9.508236672099847908e+01
8.726709008168591026e+03 9.730435563995160919e+01
8.726908964839949476e+03 9.915617941359265330e+01
8.727108921511309745e+03 1.000042425933117300e+02
8.727308878182670014e+03 1.000526510075847142e+02
8.727508834854030283e+03 9.960418731926127123e+01
8.727708791525390552e+03 9.981139824397092752e+01
8.727908748196749002e+03 9.988227176887777148e+01
8.728108704868109271e+03 9.901589838278698608e+01
