8.476269620502938778e+03 1.004421464669607928e+02
8.476469532522291047e+03 1.007832345880355263e+02
8.476669444541641496e+03 9.682650256309119641e+01
8.476869356560993765e+03 9.551680279887351332e+01
8.477069268580344215e+03 9.970258703972977798e+01
8.477269180599696483e+03 9.206047023390992479e+01
8.477469092619048752e+03 9.195354399657011868e+01
8.477669004638399201e+03 9.869026831772423236e+01
8.477868916657751470e+03 9.965343313309185191e+01
8.478068828677101919e+03 8.775707031628677157e+01
8.478268740696454188e+03 1.052050733666528117e+02
8.478468652715804637e+03 1.049744035042350134e+02
8.478668564735156906e+03 1.036899410719465635e+02
8.478868476754509174e+03 9.750205411218638574e+01
8.479068388773857805e+03 9.193333835259988973e+01
8.479268300793211893e+03 1.022711394060571450e+02
8.479468212812562342e+03 9.638995150041218096e+01
8.479668124831914611e+03 1.010284812191635666e+02
8.479868036851266879e+03 1.036686633187574387e+02
8.480067948870615510e+03 1.019469807037632023e+02
8.480267860889969597e+03 1.011844401667095212e+02
8.480467772909320047e+03 1.069520232425126238e+02
8.480667684928670496e+03 9.834862293357497265e+01
8.480867596948024584e+03 1.034745968803246967e+02
8.481067508967373215e+03 9.103400150217655096e+01
8.481267420986727302e+03 9.893264744128235577e+01
8.481467333006077752e+03 9.699759228999668892e+01
8.481667245025428201e+03 9.650667809258834495e+01
8.481867157044782289e+03 9.967245333988942946e+01
8.482067069064130919e+03 9.978444334977974961e+01
8.482266981083483188e+03 9.973090774474047748e+01
8.482466893102835456e+03 1.045686092386159487e+02
8.482666805122185906e+03 9.716373768353054174e+01
8.482866717141538174e+03 1.016550130634932856e+02
8.483066629160888624e+03 1.011965045984454292e+02
8.483266541180240893e+03 1.009647735759240135e+02
8.483466453199593161e+03 1.036456080503619148e+02
8.483666365218943611e+03 9.670149573180317759e+01
8.483866277238294060e+03 9.433308928538188809e+01
8.484066189257646329e+03 9.590650691896071578e+01
8.484266101276998597e+03 1.018949096572504800e+02
8.484466013296350866e+03 1.039106524852664251e+02
8.484665925315701315e+03 1.004152055367277399e+02
8.484865837335051765e+03 1.033679707709748214e+02
8.485065749354404034e+03 1.113828361100866857e+02
8.485265661373756302e+03 1.031698236062432983e+02
8.485465573393106752e+03 1.030517554640625235e+02
8.485665485412459020e+03 9.881698627302468196e+01
8.485865397431809470e+03 9.391871765429351626e+01
8.486065309451161738e+03 9.789755943634752100e+01
8.486265221470514007e+03 9.871653328881545519e+01
8.486465133489864456e+03 9.126898286812513561e+01
8.486665045509216725e+03 1.042519636505968634e+02
8.486864957528567174e+03 9.404062570803745302e+01
8.487064869547919443e+03 1.061950998521773499e+02
8.487264781567269893e+03 8.992470727227157568e+01
8.487464693586622161e+03 9.746773739099930367e+01
8.487664605605974430e+03 1.027897143155200723e+02
8.487864517625324879e+03 1.026929762782425541e+02
8.488064429644675329e+03 9.628721891440075353e+01
8.488264341664027597e+03 9.817690324576955163e+01
8.488464253683379866e+03 8.924611132922953516e+01
8.488664165702732134e+03 9.756830592557712123e+01
8.488864077722082584e+03 9.297386738758891056e+01
8.489063989741433033e+03 1.087147382257732318e+02
8.489263901760785302e+03 1.029538728199041628e+02
8.489463813780137571e+03 9.454319008765618548e+01
8.489663725799488020e+03 1.033361437759745485e+02
8.489863637818840289e+03 8.856151470330868847e+01
8.490063549838190738e+03 9.727422857000767920e+01
8.490263461857543007e+03 9.634986760411030104e+01
8.490463373876895275e+03 9.274636040845622631e+01
8.490663285896245725e+03 1.032656634605496322e+02
8.490863197915597993e+03 1.030471046608869159e+02
8.491063109934948443e+03 9.917722384153778137e+01
8.491263021954298893e+03 9.696436808356570225e+01
8.491462933973652980e+03 9.662010864750369876e+01
8.491662845993001611e+03 9.465029750321579627e+01
8.491862758012355698e+03 9.734128909569558630e+01
8.492062670031706148e+03 9.142813524116289159e+01
8.492262582051056597e+03 9.643013040618006926e+01
8.492462494070410685e+03 1.046531250057183229e+02
8.492662406089759315e+03 9.143493423079782190e+01
8.492862318109111584e+03 9.517033083913239011e+01
8.493062230128463852e+03 8.848826949442681666e+01
8.493262142147814302e+03 8.670508844278086258e+01
8.493462054167168390e+03 8.056404951007367288e+01
8.493661966186517020e+03 7.779204975843032344e+01
8.493861878205869289e+03 6.908288148422765573e+01
8.494061790225221557e+03 6.060153141402746257e+01
8.494261702244572007e+03 5.651432934354849635e+01
8.494461614263924275e+03 6.019038007243865707e+01
8.494661526283274725e+03 6.459871164941097277e+01
8.494861438302626993e+03 6.997135799766273578e+01
8.495061350321979262e+03 8.371286384680526282e+01
8.495261262341329711e+03 9.187317475986793625e+01
8.495461174360681980e+03 9.700533858830013401e+01
8.495661086380032430e+03 9.688237478400118619e+01
8.495860998399384698e+03 8.731756577405869280e+01
8.496060910418735148e+03 9.444275311755987445e+01
8.496260822438087416e+03 1.030069602345764395e+02
8.496460734457439685e+03 9.803779643478176808e+01
8.496660646476790134e+03 9.478069149821396877e+01
8.496860558496142403e+03 9.902746580192355452e+01
8.497060470515491033e+03 1.057893587577311791e+02
8.497260382534845121e+03 9.936278999728038741e+01
8.497460294554197390e+03 1.017671225137114419e+02
8.497660206573547839e+03 1.060354050655507763e+02
8.497860118592900108e+03 8.954585108060946652e+01
8.498060030612248738e+03 9.158994311234543773e+01
8.498259942631602826e+03 8.970918715837085244e+01
8.498459854650955094e+03 9.385870010272159902e+01
8.498659766670303725e+03 9.370922574113861003e+01
8.498859678689657812e+03 1.007114389293429753e+02
8.499059590709006443e+03 9.427748349084994572e+01
8.499259502728360530e+03 1.029058912051885386e+02
8.499459414747712799e+03 9.686811991035695257e+01
8.499659326767061430e+03 1.021616046779880804e+02
8.499859238786415517e+03 9.560273798258809563e+01
8.500059150805764148e+03 9.749378928020499302e+01
8.500259062825116416e+03 1.045339543649821934e+02
8.500458974844470504e+03 9.922784572439503847e+01
8.500658886863819134e+03 9.547520792849712734e+01
8.500858798883173222e+03 9.878934652469952482e+01
8.501058710902521852e+03 9.543134688293076806e+01
8.501258622921874121e+03 9.912488547501212111e+01
8.501458534941226389e+03 1.040790516460655084e+02
8.501658446960576839e+03 1.082720551186945102e+02
8.501858358979929108e+03 1.031421771907749871e+02
8.502058270999279557e+03 9.143697537971463873e+01
8.502258183018631826e+03 1.003324766559525330e+02
8.502458095037984094e+03 9.056175733539734551e+01
8.502658007057334544e+03 1.038032285886243784e+02
8.502857919076686812e+03 1.091567041612628799e+02
8.503057831096037262e+03 9.918486124866366538e+01
8.503257743115389530e+03 1.024629677174966389e+02
8.503457655134741799e+03 9.938273484532776081e+01
8.503657567154092249e+03 1.000047989280898975e+02
8.503857479173444517e+03 9.702907325308450481e+01
8.504057391192794967e+03 9.815781299798928217e+01
8.504257303212147235e+03 1.016221337139338488e+02
8.504457215231497685e+03 1.028120288515008269e+02
8.504657127250849953e+03 1.017251212658242281e+02
8.504857039270202222e+03 9.521748787580129658e+01
8.505056951289552671e+03 1.070255348230720926e+02
8.505256863308904940e+03 9.824469152637627190e+01
8.505456775328255389e+03 9.829772982826925443e+01
8.505656687347607658e+03 9.510047245701613861e+01
8.505856599366958108e+03 1.037293934799108399e+02
8.506056511386308557e+03 9.933283344028254191e+01
8.506256423405662645e+03 1.057969618785426178e+02
8.506456335425013094e+03 9.903357969191829113e+01
8.506656247444365363e+03 1.018560635917363584e+02
8.506856159463715812e+03 1.002944095893333980e+02
8.507056071483066262e+03 8.943031167000935966e+01
8.507255983502420349e+03 9.917328474794960869e+01
8.507455895521770799e+03 9.966339045558844134e+01
8.507655807541121249e+03 9.165028675068830921e+01
8.507855719560473517e+03 1.027793876085858358e+02
8.508055631579823967e+03 9.210083981515971630e+01
8.508255543599178054e+03 9.946813147925280418e+01
8.508455455618528504e+03 9.748571396778264386e+01
8.508655367637878953e+03 1.044526841837179489e+02
8.508855279657231222e+03 9.449341594736935690e+01
8.509055191676581671e+03 1.023335326444091180e+02
8.509255103695933940e+03 9.719491351531438283e+01
8.509455015715286208e+03 9.441488821272939447e+01
8.509654927734636658e+03 1.005739668842208516e+02
8.509854839753988927e+03 1.059717296785852767e+02
8.510054751773339376e+03 1.005502067046209334e+02
8.510254663792689826e+03 1.010904481772736858e+02
8.510454575812043913e+03 8.557902902195176864e+01
8.510654487831394363e+03 9.247122957335714943e+01
8.510854399850744812e+03 1.052857181595267377e+02
8.511054311870097081e+03 9.657017112431068995e+01
8.511254223889447530e+03 1.037407901812471493e+02
8.511454135908801618e+03 9.757936983579922696e+01
8.511654047928152067e+03 9.397697286568686081e+01
8.511853959947502517e+03 9.423422359238006152e+01
8.512053871966854786e+03 1.036375977077837547e+02
8.512253783986205235e+03 9.918928518082940116e+01
8.512453696005559323e+03 9.783253450530555995e+01
8.512653608024909772e+03 9.182024101104379099e+01
8.512853520044260222e+03 1.046965150987900728e+02
8.513053432063612490e+03 9.355755410690690610e+01
8.513253344082962940e+03 1.001264756721979268e+02
8.513453256102315208e+03 1.104951138084386599e+02
8.513653168121667477e+03 1.039014248688828417e+02
8.513853080141017927e+03 1.018003527213248844e+02
8.514052992160370195e+03 1.025961515273793481e+02
8.514252904179720645e+03 1.008899327225167184e+02
8.514452816199072913e+03 9.940580008537337164e+01
8.514652728218423363e+03 1.072656869915721103e+02
8.514852640237775631e+03 9.793085232777163185e+01
8.515052552257126081e+03 9.988544975547402771e+01
8.515252464276478349e+03 1.057303436091434179e+02
8.515452376295830618e+03 1.005611147902205005e+02
8.515652288315181067e+03 1.011423927670628018e+02
8.515852200334533336e+03 1.028968254220565939e+02
8.516052112353883786e+03 9.042187046924273375e+01
8.516252024373236054e+03 1.014398196960809315e+02
8.516451936392588323e+03 9.976202095270151915e+01
8.516651848411936953e+03 9.825617579709481220e+01
8.516851760431291041e+03 9.758598985833430106e+01
8.517051672450641490e+03 8.972210570905828320e+01
8.517251584469993759e+03 1.060167287805976031e+02
8.517451496489346027e+03 9.453048828580089946e+01
8.517651408508694658e+03 9.934055427596211985e+01
8.517851320528048745e+03 1.018560207114128247e+02
8.518051232547399195e+03 1.100570191603054866e+02
8.518251144566749645e+03 1.006833610208582854e+02
8.518451056586103732e+03 8.989048275134467758e+01
8.518650968605452363e+03 1.066812139988839618e+02
8.518850880624806450e+03 1.057561948978042210e+02
8.519050792644155081e+03 9.116044559995474117e+01
8.519250704663507349e+03 9.625891516657584646e+01
8.519450616682861437e+03 9.389724321016207398e+01
8.519650528702210067e+03 9.341573937380596249e+01
8.519850440721562336e+03 9.630679816570618357e+01
8.520050352740912786e+03 1.000055636009245887e+02
8.520250264760265054e+03 9.855825990351169708e+01
8.520450176779619142e+03 9.566014660692881932e+01
8.520650088798967772e+03 9.895387944590603979e+01
8.520850000818320041e+03 1.075106582598952372e+02
8.521049912837670490e+03 1.070044894831163589e+02
8.521249824857022759e+03 1.033675573550821554e+02
8.521449736876376846e+03 1.049310001500107319e+02
8.521649648895725477e+03 1.062289673444569189e+02
8.521849560915077745e+03 9.719879099877431372e+01
8.522049472934428195e+03 9.696917640691134466e+01
8.522249384953780464e+03 9.857016928007350032e+01
8.522449296973132732e+03 8.724037372467279283e+01
8.522649208992483182e+03 1.043364448793356161e+02
8.522849121011835450e+03 9.711856661920725742e+01
8.523049033031185900e+03 9.493321459938687212e+01
8.523248945050538168e+03 9.717465458682774226e+01
8.523448857069888618e+03 9.732900735819546867e+01
8.523648769089240886e+03 9.694612575335985127e+01
8.523848681108593155e+03 9.739098164568716243e+01
8.524048593127941785e+03 9.916789581706760259e+01
8.524248505147295873e+03 1.007511468272407029e+02
8.524448417166646323e+03 9.581246094435104510e+01
8.524648329185998591e+03 9.375053907467528802e+01
8.524848241205350860e+03 1.029907512518160075e+02
8.525048153224699490e+03 1.014107410195424848e+02
8.525248065244053578e+03 9.917179030154892416e+01
8.525447977263404027e+03 9.886317608817371649e+01
8.525647889282754477e+03 9.877614108494069001e+01
8.525847801302108564e+03 9.822546347208636064e+01
8.526047713321457195e+03 1.021472070959622727e+02
8.526247625340811283e+03 1.014580156972211427e+02
8.526447537360161732e+03 9.355879568353641673e+01
8.526647449379512182e+03 9.685164066074823097e+01
8.526847361398866269e+03 9.627149676039452686e+01
8.527047273418214900e+03 1.006529037933816824e+02
8.527247185437567168e+03 1.155638446313076884e+02
8.527447097456919437e+03 1.013498558035438464e+02
8.527647009476269886e+03 1.047621993287926614e+02
8.527846921495622155e+03 1.094737719755817977e+02
8.528046833514972604e+03 9.007374007114550807e+01
8.528246745534324873e+03 1.054193994788709006e+02
8.528446657553677142e+03 9.398474118317338366e+01
8.528646569573027591e+03 9.840742186988309470e+01
8.528846481592378041e+03 1.001810621088308864e+02
8.529046393611730309e+03 1.058230430985110075e+02
8.529246305631082578e+03 9.811531809987089048e+01
8.529446217650434846e+03 1.035343603217923771e+02
8.529646129669785296e+03 9.508653424666022147e+01
8.529846041689135745e+03 9.677880396121619810e+01
8.530045953708488014e+03 9.104115985257723764e+01
8.530245865727840282e+03 9.986807131383179126e+01
8.530445777747192551e+03 9.461533959720492248e+01
8.530645689766543001e+03 1.006920286116769887e+02
8.530845601785893450e+03 9.196036583537926390e+01
8.531045513805245719e+03 9.741235262667083816e+01
8.531245425824597987e+03 9.464503961688131994e+01
8.531445337843948437e+03 1.065284766670904872e+02
8.531645249863300705e+03 1.068809498942834608e+02
8.531845161882651155e+03 1.038872454347695395e+02
8.532045073902003423e+03 9.760887497829556025e+01
8.532244985921353873e+03 9.770771776800603448e+01
8.532444897940706142e+03 9.617374242130037487e+01
8.532644809960058410e+03 1.016809014508517492e+02
8.532844721979408860e+03 9.656947119608639696e+01
8.533044633998759309e+03 9.860033253657653063e+01
8.533244546018111578e+03 9.861121593219024817e+01
8.533444458037463846e+03 1.029157735181146904e+02
8.533644370056816115e+03 9.741441197035851474e+01
8.533844282076166564e+03 9.605587018285815759e+01
8.534044194095517014e+03 9.793854629029974035e+01
8.534244106114869282e+03 9.216161339992315504e+01
8.534444018134221551e+03 9.952698371102276553e+01
8.534643930153572001e+03 9.381602878712425309e+01
8.534843842172924269e+03 9.765987205569912533e+01
8.535043754192274719e+03 8.802260329745180911e+01
8.535243666211626987e+03 9.469324868739749945e+01
8.535443578230979256e+03 9.230573567653870271e+01
8.535643490250329705e+03 9.459789011516535595e+01
8.535843402269681974e+03 9.337221731314384954e+01
8.536043314289032423e+03 1.020944259124681395e+02
8.536243226308382873e+03 8.523388094220807432e+01
8.536443138327736960e+03 7.790321438806674337e+01
8.536643050347085591e+03 8.412206336033085563e+01
8.536842962366439679e+03 8.758415325060074963e+01
8.537042874385790128e+03 7.907344627163230655e+01
8.537242786405140578e+03 7.520009410015158835e+01
8.537442698424494665e+03 7.115934463121149633e+01
8.537642610443843296e+03 6.091005670596759813e+01
8.537842522463195564e+03 5.984172556557913936e+01
8.538042434482547833e+03 4.357974836594922152e+01
8.538242346501898282e+03 4.481180526031799616e+01
8.538442258521252370e+03 5.180670162732258177e+01
8.538642170540601001e+03 4.757058394968623105e+01
8.538842082559953269e+03 5.638080688947867003e+01
8.539041994579305538e+03 6.991751804059960307e+01
8.539241906598655987e+03 6.188177506286108098e+01
8.539441818618010075e+03 6.833425641125241157e+01
8.539641730637358705e+03 8.133620077793229086e+01
8.539841642656710974e+03 8.662984468560905782e+01
8.540041554676063242e+03 8.463419233603683267e+01
8.540241466695413692e+03 8.700487766183513827e+01
8.540441378714765960e+03 8.855270431279856780e+01
8.540641290734116410e+03 8.928501450634091441e+01
8.540841202753468679e+03 9.008398340357571499e+01
8.541041114772819128e+03 8.777904713735151176e+01
8.541241026792171397e+03 9.186361506432531598e+01
8.541440938811523665e+03 8.537895351786009712e+01
8.541640850830874115e+03 8.821722651812970639e+01
8.541840762850226383e+03 8.884280090400071117e+01
8.542040674869575014e+03 9.662523080332593395e+01
8.542240586888929101e+03 8.466427501564848512e+01
8.542440498908281370e+03 9.803739911769338278e+01
8.542640410927631820e+03 9.100233366678858715e+01
8.542840322946984088e+03 9.769268399768284894e+01
8.543040234966332719e+03 9.868824917979502231e+01
8.543240146985686806e+03 1.004143642119128259e+02
8.543440059005039075e+03 9.765024236557796655e+01
8.543639971024387705e+03 9.763060981150204043e+01
8.543839883043741793e+03 9.605963179251948247e+01
8.544039795063090423e+03 9.551999579987524669e+01
8.544239707082444511e+03 9.858452166746923240e+01
8.544439619101796779e+03 9.089071826974530666e+01
8.544639531121145410e+03 9.247651632895976093e+01
8.544839443140499498e+03 1.052688367957675126e+02
8.545039355159848128e+03 9.580196842134260748e+01
8.545239267179200397e+03 9.007426947490361613e+01
8.545439179198552665e+03 9.149653453355978172e+01
8.545639091217903115e+03 1.023334982965742341e+02
8.545839003237257202e+03 1.011159750676138600e+02
8.546038915256605833e+03 9.483791995629715643e+01
8.546238827275958101e+03 9.524091433692780129e+01
8.546438739295310370e+03 1.068079807278168687e+02
8.546638651314660819e+03 1.083824528734412809e+02
8.546838563334013088e+03 1.054547297732797659e+02
8.547038475353363538e+03 1.005671397724634915e+02
8.547238387372715806e+03 1.065595227377723830e+02
8.547438299392068075e+03 1.071300457129507180e+02
8.547638211411418524e+03 9.905737193185485978e+01
8.547838123430770793e+03 9.575304523559073289e+01
8.548038035450121242e+03 9.236833927347583995e+01
8.548237947469473511e+03 1.013108256319859066e+02
8.548437859488825779e+03 1.016800571344921167e+02
8.548637771508176229e+03 9.013713681540625089e+01
8.548837683527528498e+03 9.434558815889343464e+01
8.549037595546878947e+03 1.040882245048216390e+02
8.549237507566231216e+03 9.029606121016109910e+01
8.549437419585581665e+03 9.107160529527055814e+01
8.549637331604933934e+03 1.055527652202217439e+02
8.549837243624284383e+03 9.159150849536160877e+01
8.550037155643636652e+03 1.020553919524750341e+02
8.550237067662988920e+03 9.426606723570057511e+01
8.550436979682339370e+03 1.030153518507038655e+02
8.550636891701691638e+03 1.032150360772049993e+02
8.550836803721042088e+03 1.083350961065229541e+02
8.551036715740392538e+03 9.755582762275810182e+01
8.551236627759746625e+03 1.025590886594379754e+02
8.551436539779097075e+03 1.010518211036296634e+02
8.551636451798449343e+03 9.760780060548918868e+01
8.551836363817799793e+03 1.047045843608882763e+02
8.552036275837150242e+03 1.064108167923740353e+02
8.552236187856504330e+03 9.882283904523585250e+01
8.552436099875854779e+03 1.007107146343486193e+02
8.552636011895205229e+03 1.041620606815051673e+02
8.552835923914557497e+03 1.008416356073102662e+02
8.553035835933907947e+03 8.951146636747456853e+01
8.553235747953262035e+03 9.209519846902952622e+01
8.553435659972612484e+03 1.030003556788223591e+02
8.553635571991962934e+03 9.690400381719433653e+01
8.553835484011315202e+03 9.686993259624368591e+01
8.554035396030665652e+03 1.058591689395203588e+02
8.554235308050016101e+03 1.018526035185413718e+02
8.554435220069370189e+03 1.039559245612221901e+02
8.554635132088720638e+03 9.904063367867259160e+01
8.554835044108072907e+03 9.649846934229384487e+01
8.555034956127423357e+03 1.037283240850083672e+02
8.555234868146773806e+03 1.064345843672886360e+02
8.555434780166127894e+03 1.041177388822567167e+02
8.555634692185478343e+03 9.655429199327571155e+01
8.555834604204830612e+03 9.365863385571978483e+01
8.556034516224181061e+03 1.133343874049779458e+02
8.556234428243531511e+03 9.461048741337533841e+01
8.556434340262885598e+03 9.879911560946364091e+01
8.556634252282236048e+03 9.984366716011723497e+01
8.556834164301586497e+03 9.739055233660154443e+01
8.557034076320938766e+03 9.810619600060448420e+01
8.557233988340289216e+03 9.996625540700792101e+01
8.557433900359643303e+03 8.462254951822174576e+01
8.557633812378993753e+03 9.850891508543242026e+01
8.557833724398344202e+03 1.022635506072920180e+02
8.558033636417696471e+03 9.862066800050995141e+01
8.558233548437046920e+03 9.350247859948329676e+01
8.558433460456399189e+03 1.049423756508472110e+02
8.558633372475751457e+03 1.009416036813459101e+02
8.558833284495101907e+03 1.046403409648695231e+02
8.559033196514454175e+03 9.884813614055344999e+01
8.559233108533804625e+03 9.544105805838469792e+01
8.559433020553156894e+03 1.066601720662348498e+02
8.559632932572507343e+03 9.631403577319433396e+01
8.559832844591859612e+03 1.034061344825367854e+02
8.560032756611210061e+03 9.073317644430196083e+01
8.560232668630562330e+03 9.393263637402321820e+01
8.560432580649914598e+03 9.428223694255902387e+01
8.560632492669265048e+03 9.790702424064852494e+01
8.560832404688617316e+03 9.859659375434971196e+01
8.561032316707967766e+03 1.052936521278387829e+02
8.561232228727320035e+03 1.071529545925893956e+02
8.561432140746672303e+03 1.016257365955927696e+02
8.561632052766020934e+03 9.666085954193702889e+01
8.561831964785375021e+03 9.915467915253874764e+01
8.562031876804725471e+03 1.034945021132691636e+02
8.562231788824077739e+03 9.124014183873740080e+01
8.562431700843430008e+03 9.276662373352077395e+01
8.562631612862778638e+03 9.966713030597446732e+01
8.562831524882132726e+03 9.509072504224130284e+01
8.563031436901483175e+03 9.796772274311136641e+01
8.563231348920833625e+03 1.031001195195229627e+02
8.563431260940187713e+03 1.008840363398321358e+02
8.563631172959536343e+03 1.036179022408674939e+02
8.563831084978890431e+03 1.042910685739698096e+02
8.564030996998239061e+03 9.507502942443046834e+01
8.564230909017591330e+03 1.035703071382109357e+02
8.564430821036945417e+03 1.068104639045156858e+02
8.564630733056294048e+03 9.072541011029751701e+01
8.564830645075648135e+03 9.790935547274752082e+01
8.565030557094996766e+03 1.027333623648482188e+02
8.565230469114349034e+03 1.053934372388394678e+02
8.565430381133703122e+03 1.020119719235881917e+02
8.565630293153051753e+03 1.058531091303575948e+02
8.565830205172404021e+03 1.029910389237053323e+02
8.566030117191754471e+03 1.000452498415383076e+02
8.566230029211106739e+03 1.039277880654037318e+02
8.566429941230460827e+03 1.021859253704529777e+02
8.566629853249809457e+03 9.397955935439146913e+01
8.566829765269161726e+03 1.015732532947275786e+02
8.567029677288512175e+03 1.112887934685878832e+02
8.567229589307864444e+03 1.006043091628701234e+02
8.567429501327216713e+03 9.244080036891975283e+01
8.567629413346567162e+03 9.744018346561159660e+01
8.567829325365919431e+03 1.094657546796450447e+02
8.568029237385269880e+03 9.960316513035918717e+01
8.568229149404622149e+03 9.832711045941229600e+01
8.568429061423972598e+03 9.100851484259732160e+01
8.568628973443324867e+03 9.352161273476946235e+01
8.568828885462677135e+03 9.983294017917842211e+01
8.569028797482025766e+03 9.708448652042298477e+01
8.569228709501379853e+03 1.038607559332473613e+02
8.569428621520730303e+03 9.716312044804003278e+01
8.569628533540082572e+03 9.144666260923251855e+01
8.569828445559434840e+03 9.722618476105208174e+01
8.570028357578783471e+03 1.028039197125691686e+02
8.570228269598137558e+03 9.293166825394126818e+01
8.570428181617488008e+03 9.526789157098696137e+01
8.570628093636838457e+03 9.884497463616959578e+01
8.570828005656192545e+03 9.193787156153885576e+01
8.571027917675541175e+03 9.917525912722560122e+01
8.571227829694895263e+03 1.070082664052610539e+02
8.571427741714245713e+03 9.901837459586491264e+01
8.571627653733596162e+03 9.877542568124056288e+01
8.571827565752950250e+03 1.023014083708365973e+02
8.572027477772298880e+03 1.005289098910802892e+02
8.572227389791651149e+03 1.006922962377091864e+02
8.572427301811003417e+03 9.622302419157935560e+01
8.572627213830353867e+03 1.015517708299976789e+02
8.572827125849706135e+03 1.100011816025748885e+02
8.573027037869056585e+03 9.890915899752329210e+01
8.573226949888408853e+03 1.072401595901608431e+02
8.573426861907761122e+03 1.012276734995716794e+02
8.573626773927111572e+03 9.771467346957989264e+01
8.573826685946463840e+03 1.018981307049016891e+02
8.574026597965814290e+03 1.102410805954371540e+02
8.574226509985166558e+03 1.033135454394869441e+02
8.574426422004518827e+03 1.006299124488472785e+02
8.574626334023869276e+03 1.106468443335068770e+02
8.574826246043219726e+03 1.020053261356391374e+02
8.575026158062571994e+03 1.017157808690301692e+02
8.575226070081924263e+03 1.067238012734262043e+02
8.575425982101276531e+03 9.845419956782717463e+01
8.575625894120626981e+03 9.718597570954089804e+01
8.575825806139977431e+03 9.929800178918591769e+01
8.576025718159329699e+03 8.927650731614649260e+01
8.576225630178681968e+03 1.091023134980008678e+02
8.576425542198032417e+03 1.009770347785955664e+02
8.576625454217384686e+03 9.980157441242801042e+01
8.576825366236735135e+03 9.527250737172063566e+01
8.577025278256087404e+03 1.037617298636383509e+02
8.577225190275437853e+03 9.969612914285535510e+01
8.577425102294790122e+03 1.007240340577837117e+02
8.577625014314142391e+03 1.004781144007800719e+02
8.577824926333492840e+03 1.050441482662116925e+02
8.578024838352843290e+03 1.075438941371397448e+02
8.578224750372195558e+03 9.744752999085181955e+01
8.578424662391547827e+03 1.003634227522589413e+02
8.578624574410900095e+03 9.314926751791173842e+01
8.578824486430250545e+03 1.023192812928609925e+02
8.579024398449600994e+03 9.966370344289384775e+01
8.579224310468953263e+03 1.000595481205961335e+02
8.579424222488305531e+03 1.056888175202422673e+02
8.579624134507655981e+03 9.886076399257311209e+01
8.579824046527008250e+03 1.014578554658104821e+02
8.580023958546358699e+03 1.050567594219052125e+02
8.580223870565710968e+03 9.214576881445633205e+01
8.580423782585063236e+03 9.525009173596247081e+01
8.580623694604413686e+03 9.821516966839972440e+01
8.580823606623765954e+03 9.762243051978920505e+01
8.581023518643116404e+03 9.836510288420325310e+01
8.581223430662466853e+03 1.003576945824351156e+02
8.581423342681820941e+03 9.952887803671288225e+01
8.581623254701169571e+03 9.899781588705280910e+01
8.581823166720523659e+03 9.621467292623229639e+01
8.582023078739874109e+03 1.015935449531344403e+02
8.582222990759224558e+03 1.027521630962548329e+02
8.582422902778578646e+03 1.035001664097280383e+02
8.582622814797927276e+03 9.979494454465772435e+01
8.582822726817281364e+03 9.886824544870781040e+01
8.583022638836631813e+03 1.026252858398732286e+02
8.583222550855982263e+03 9.872555617376092130e+01
8.583422462875336350e+03 1.019745017933571347e+02
8.583622374894684981e+03 9.720046065621237119e+01
8.583822286914037250e+03 1.085743623167053613e+02
8.584022198933389518e+03 1.002763686534000414e+02
8.584222110952739968e+03 1.016551526944008685e+02
8.584422022972094055e+03 9.517507740457197940e+01
8.584621934991442686e+03 9.447445623995963615e+01
8.584821847010794954e+03 9.960218881150612447e+01
8.585021759030147223e+03 9.832012428362098433e+01
8.585221671049497672e+03 9.980061519335716014e+01
8.585421583068849941e+03 1.056729192109270201e+02
8.585621495088200390e+03 8.990688574623771956e+01
8.585821407107552659e+03 1.017233607808074538e+02
8.586021319126903109e+03 1.002443668394027014e+02
8.586221231146255377e+03 1.101887195301248994e+02
8.586421143165607646e+03 9.925131275400566722e+01
8.586621055184958095e+03 1.032096243736726535e+02
8.586820967204310364e+03 9.464120845624509570e+01
8.587020879223658994e+03 1.006360261453176577e+02
8.587220791243013082e+03 1.044444157700830829e+02
8.587420703262365350e+03 1.015393367186380544e+02
8.587620615281715800e+03 1.049165810757600639e+02
8.587820527301068068e+03 1.002529952690455417e+02
8.588020439320416699e+03 9.836229942636161638e+01
8.588220351339770787e+03 1.001222229482542048e+02
8.588420263359123055e+03 1.051557855497465823e+02
8.588620175378471686e+03 9.420608926382462300e+01
8.588820087397825773e+03 9.416088144542247562e+01
8.589019999417174404e+03 9.539108001987027308e+01
8.589219911436528491e+03 1.014577253858153796e+02
8.589419823455880760e+03 9.492808980370067218e+01
8.589619735475229390e+03 1.014209900607689292e+02
8.589819647494583478e+03 9.614154011614684237e+01
8.590019559513932109e+03 9.958921056515031012e+01
8.590219471533284377e+03 9.392060902990442628e+01
8.590419383552636646e+03 9.856229388445829898e+01
8.590619295571987095e+03 1.047044835867943675e+02
8.590819207591341183e+03 9.288350817009190052e+01
8.591019119610689813e+03 1.024855684771761446e+02
8.591219031630042082e+03 1.047500723156626208e+02
8.591418943649394350e+03 9.766565080791519904e+01
8.591618855668744800e+03 9.615698028442000123e+01
8.591818767688098887e+03 9.512734680305968027e+01
8.592018679707447518e+03 1.030134562854315590e+02
8.592218591726799787e+03 1.069226621168430142e+02
8.592418503746152055e+03 1.004931401023564206e+02
8.592618415765502505e+03 1.052042033835490855e+02
8.592818327784854773e+03 1.034619442517529393e+02
8.593018239804205223e+03 9.911544432868998911e+01
8.593218151823557491e+03 9.886064176826913297e+01
8.593418063842909760e+03 9.946501884427034668e+01
8.593617975862260209e+03 9.812367828135715797e+01
8.593817887881612478e+03 9.852416039235261280e+01
8.594017799900962927e+03 8.775577936051753625e+01
8.594217711920315196e+03 9.930432198306439773e+01
8.594417623939665646e+03 1.005219737526854544e+02
8.594617535959017914e+03 9.282331649734210544e+01
8.594817447978368364e+03 9.782211074248718319e+01
8.595017359997720632e+03 1.004907691075755025e+02
8.595217272017072901e+03 9.842296747317207917e+01
8.595417184036423350e+03 1.010286374790263011e+02
8.595617096055775619e+03 9.362186223218496650e+01
8.595817008075126068e+03 9.685343829209611499e+01
8.596016920094476518e+03 1.054666110861829367e+02
8.596216832113830606e+03 1.010106785912316099e+02
8.596416744133181055e+03 9.914919677793515973e+01
8.596616656152533324e+03 1.003218523261628548e+02
8.596816568171883773e+03 9.991604174636937330e+01
8.597016480191234223e+03 9.812341107376529692e+01
8.597216392210588310e+03 9.379904420022153033e+01
8.597416304229938760e+03 9.670300790255836887e+01
8.597616216249289209e+03 9.743560978079483448e+01
8.597816128268641478e+03 1.019001587374453948e+02
8.598016040287991927e+03 1.015681719287718749e+02
8.598215952307346015e+03 1.000907131067618678e+02
8.598415864326696465e+03 9.347243850913906726e+01
8.598615776346046914e+03 1.015961532804938656e+02
8.598815688365399183e+03 1.123714426691213788e+02
8.599015600384749632e+03 9.845736807245282307e+01
8.599215512404100082e+03 1.008516517416772587e+02
8.599415424423454169e+03 1.038824880645294115e+02
8.599615336442804619e+03 1.044569328819576839e+02
8.599815248462156887e+03 1.047933734856653558e+02
8.600015160481507337e+03 9.807707165193032495e+01
8.600215072500857787e+03 9.710246241461771888e+01
8.600414984520211874e+03 1.048773795347196796e+02
8.600614896539562324e+03 9.921331311391639929e+01
8.600814808558914592e+03 9.091127137624221177e+01
8.601014720578265042e+03 9.251379781137579528e+01
8.601214632597615491e+03 9.813706457711737130e+01
8.601414544616969579e+03 1.023180265163461229e+02
8.601614456636320028e+03 9.236650847769637096e+01
8.601814368655670478e+03 1.016319844659129501e+02
8.602014280675022746e+03 9.511669612890813141e+01
8.602214192694373196e+03 9.219070711404866358e+01
8.602414104713727284e+03 9.895093853832784703e+01
8.602614016733077733e+03 1.025897706508085463e+02
8.602813928752428183e+03 1.020762968319223916e+02
8.603013840771780451e+03 1.001501789335579389e+02
8.603213752791130901e+03 1.039789299811159395e+02
8.603413664810483169e+03 8.667350006615119185e+01
8.603613576829833619e+03 9.342674208115410295e+01
8.603813488849185887e+03 9.857576676505743762e+01
8.604013400868538156e+03 1.044136532533497785e+02
8.604213312887888605e+03 9.221450967025194245e+01
8.604413224907240874e+03 9.657997832858920617e+01
8.604613136926591324e+03 9.472187925417080123e+01
8.604813048945943592e+03 9.461364339070337337e+01
8.605012960965294042e+03 1.005884115492120827e+02
8.605212872984646310e+03 1.038630240055403817e+02
8.605412785003998579e+03 9.891576240962464794e+01
8.605612697023349028e+03 9.952030801538769822e+01
8.605812609042701297e+03 1.037174357491976053e+02
8.606012521062051746e+03 1.016154609082189921e+02
8.606212433081404015e+03 9.975348512626281661e+01
8.606412345100756284e+03 9.255823213017708895e+01
8.606612257120104914e+03 9.691015557908126254e+01
8.606812169139459002e+03 1.071840052208102207e+02
8.607012081158809451e+03 9.600230060675632160e+01
8.607211993178161720e+03 1.041246526417587717e+02
8.607411905197513988e+03 9.146352100496795856e+01
8.607611817216862619e+03 8.973420584524833998e+01
8.607811729236216706e+03 9.251335856814134218e+01
8.608011641255565337e+03 9.642362527304608477e+01
8.608211553274917605e+03 9.238731931300448252e+01
8.608411465294271693e+03 9.712050312937790864e+01
8.608611377313620324e+03 9.502491318822825406e+01
8.608811289332974411e+03 1.008392418738446992e+02
8.609011201352323042e+03 1.034253923657934422e+02
8.609211113371675310e+03 1.044513635570852728e+02
8.609411025391029398e+03 9.568519222080573172e+01
8.609610937410378028e+03 1.024199842611296987e+02
8.609810849429732116e+03 1.052404794429894395e+02
8.610010761449080746e+03 9.949606187922657341e+01
8.610210673468433015e+03 1.058731752285638237e+02
8.610410585487787102e+03 1.001140740382837180e+02
8.610610497507135733e+03 9.331619310521639932e+01
8.610810409526488002e+03 9.366248271786150781e+01
8.611010321545838451e+03 1.002153588961838864e+02
8.611210233565190720e+03 1.012982413178919501e+02
8.611410145584544807e+03 1.007653127400505326e+02
8.611610057603893438e+03 9.153965941897504877e+01
8.611809969623245706e+03 8.933108326801973931e+01
8.612009881642596156e+03 1.004348296289228131e+02
8.612209793661948424e+03 1.037118988039866849e+02
8.612409705681298874e+03 1.018128826077810487e+02
8.612609617700651143e+03 9.558643472393713125e+01
8.612809529720003411e+03 1.079430129402433778e+02
8.613009441739353861e+03 1.032125234135616694e+02
8.613209353758706129e+03 1.049207791307121198e+02
8.613409265778056579e+03 9.567203962852572374e+01
8.613609177797408847e+03 9.688977025721496261e+01
8.613809089816761116e+03 1.065271688520805782e+02
8.614009001836109746e+03 1.066081408093046434e+02
8.614208913855463834e+03 8.982652312598830235e+01
8.614408825874814283e+03 1.042824722171997109e+02
8.614608737894166552e+03 1.027591449208939878e+02
8.614808649913518821e+03 1.060710578697880067e+02
8.615008561932867451e+03 9.601693207951809939e+01
8.615208473952221539e+03 9.817619351086814561e+01
8.615408385971571988e+03 9.982997183248562578e+01
8.615608297990922438e+03 9.091598526841025318e+01
8.615808210010276525e+03 9.418811982669046756e+01
8.616008122029625156e+03 1.059894468683481250e+02
8.616208034048979243e+03 1.045104958563480011e+02
8.616407946068329693e+03 1.038924288221127767e+02
8.616607858087680142e+03 1.079218789803072553e+02
8.616807770107034230e+03 1.024010353100587594e+02
8.617007682126382861e+03 9.611132945902068059e+01
8.617207594145736948e+03 9.563418596084375167e+01
8.617407506165087398e+03 9.725928870006970328e+01
8.617607418184437847e+03 9.537767668472764626e+01
8.617807330203790116e+03 9.845553831014606772e+01
8.618007242223140565e+03 9.239292508639336177e+01
8.618207154242492834e+03 9.603641150364387613e+01
8.618407066261845102e+03 1.013769805799774844e+02
8.618606978281195552e+03 9.591252797439182132e+01
8.618806890300547821e+03 9.467131580355453480e+01
8.619006802319898270e+03 1.007245217084194167e+02
8.619206714339250539e+03 1.023380754756118733e+02
8.619406626358602807e+03 1.007849069843038166e+02
8.619606538377953257e+03 1.034645750167981078e+02
8.619806450397303706e+03 1.017076805437583715e+02
8.620006362416655975e+03 1.098201593654069370e+02
8.620206274436008243e+03 1.014964004504484762e+02
8.620406186455360512e+03 9.975784895454629009e+01
8.620606098474710961e+03 1.095890660033483215e+02
8.620806010494061411e+03 9.271699353553904643e+01
8.621005922513413680e+03 1.042120769887815328e+02
8.621205834532765948e+03 1.054878277739604613e+02
8.621405746552116398e+03 9.195487408601312040e+01
8.621605658571468666e+03 9.739187759421207602e+01
8.621805570590819116e+03 9.170292370823339922e+01
8.622005482610171384e+03 1.043560859288000842e+02
8.622205394629521834e+03 9.710870135720288943e+01
8.622405306648874102e+03 9.238034304647059969e+01
8.622605218668226371e+03 9.384314106774763786e+01
8.622805130687576820e+03 1.080987022014982983e+02
8.623005042706927270e+03 9.832626222164500973e+01
8.623204954726279539e+03 1.024638682623650539e+02
8.623404866745631807e+03 9.970029483106358725e+01
8.623604778764984076e+03 1.034408713133986168e+02
8.623804690784334525e+03 9.745487011785441211e+01
8.624004602803684975e+03 1.010436943766919029e+02
8.624204514823037243e+03 1.007560230152203218e+02
8.624404426842389512e+03 9.903622737176590363e+01
8.624604338861739961e+03 9.199743976815150859e+01
8.624804250881092230e+03 1.055475045720101548e+02
8.625004162900442680e+03 1.010731632336355688e+02
8.625204074919794948e+03 1.027067256036830827e+02
8.625403986939147217e+03 9.520590168992110591e+01
8.625603898958497666e+03 1.032989829170240625e+02
8.625803810977849935e+03 1.058565863945202494e+02
8.626003722997200384e+03 8.883585151123594414e+01
8.626203635016552653e+03 1.018404909652694244e+02
8.626403547035904921e+03 1.004670295532054780e+02
8.626603459055253552e+03 1.006654131948051969e+02
8.626803371074607639e+03 1.003469644326051906e+02
8.627003283093958089e+03 9.426110061829220399e+01
8.627203195113308539e+03 9.774349691205451052e+01
8.627403107132662626e+03 1.126287368734453906e+02
8.627603019152011257e+03 1.045916316992570358e+02
8.627802931171365344e+03 9.457602922581698124e+01
8.628002843190715794e+03 1.044028094213512645e+02
8.628202755210066243e+03 1.020953510364103920e+02
8.628402667229420331e+03 1.012110280893383703e+02
8.628602579248768961e+03 9.835136644463965183e+01
8.628802491268121230e+03 9.806828646671766592e+01
8.629002403287473498e+03 1.050171505516147050e+02
8.629202315306823948e+03 1.034828946057033221e+02
8.629402227326178036e+03 1.005310882366761405e+02
8.629602139345526666e+03 1.003680874877671698e+02
8.629802051364878935e+03 1.039489812250367606e+02
8.630001963384231203e+03 9.648018139437807861e+01
8.630201875403581653e+03 1.055943268772760604e+02
8.630401787422933921e+03 9.493320468727881689e+01
8.630601699442284371e+03 9.793861974660856617e+01
8.630801611461636639e+03 1.046594093560881475e+02
8.631001523480987089e+03 1.053718220334818767e+02
8.631201435500339358e+03 1.018798569937188887e+02
8.631401347519691626e+03 9.481087415491212766e+01
8.631601259539042076e+03 9.931439135542358088e+01
8.631801171558394344e+03 9.433463100024023618e+01
8.632001083577742975e+03 9.471751310875126251e+01
8.632200995597097062e+03 9.494629050295465333e+01
8.632400907616449331e+03 9.996706562304072463e+01
8.632600819635799780e+03 1.030694379697674066e+02
8.632800731655152049e+03 9.780980856601341600e+01
8.633000643674500679e+03 1.008734837414843497e+02
8.633200555693854767e+03 9.768707336591315027e+01
8.633400467713207036e+03 1.020505839051176480e+02
8.633600379732555666e+03 9.723626506286325366e+01
8.633800291751909754e+03 9.031457604795087946e+01
8.634000203771258384e+03 9.696114150134847876e+01
8.634200115790612472e+03 1.031013155158681229e+02
8.634400027809964740e+03 9.946499557696213856e+01
8.634599939829313371e+03 1.011485477863092228e+02
8.634799851848667458e+03 9.966179115243701858e+01
8.634999763868016089e+03 9.577551570543988646e+01
8.635199675887370176e+03 1.018438023451530512e+02
8.635399587906720626e+03 9.912876657946895875e+01
8.635599499926071076e+03 1.010381926499825056e+02
8.635799411945425163e+03 1.047320494763469014e+02
8.635999323964773794e+03 9.691369642891717717e+01
8.636199235984126062e+03 9.852688673022845478e+01
8.636399148003478331e+03 9.112676964945173097e+01
8.636599060022828780e+03 1.024516115428204870e+02
8.636798972042182868e+03 1.083409665040349950e+02
8.636998884061531498e+03 9.698186129573170433e+01
8.637198796080883767e+03 1.056406661383121133e+02
8.637398708100236036e+03 1.063402871418101938e+02
8.637598620119586485e+03 1.016107963327590795e+02
8.637798532138938754e+03 9.515668569689383105e+01
8.637998444158289203e+03 9.509309385993499575e+01
8.638198356177641472e+03 9.460217977912947163e+01
8.638398268196993740e+03 9.261843543779973231e+01
8.638598180216344190e+03 1.008414324400973356e+02
8.638798092235696458e+03 1.034712856743045251e+02
8.638998004255046908e+03 1.010332802819602733e+02
8.639197916274399176e+03 1.023808654363755579e+02
8.639397828293749626e+03 9.911264131475890338e+01
8.639597740313101895e+03 9.728670647005040450e+01
8.639797652332452344e+03 1.003415449026308437e+02
8.639997564351804613e+03 9.987677780285764584e+01
8.640197476371156881e+03 9.788467994055791621e+01
8.640397388390507331e+03 9.988922521396679599e+01
8.640597300409859599e+03 9.637587025039623256e+01
8.640797212429210049e+03 1.044538161511123349e+02
8.640997124448560498e+03 9.544363188142840215e+01
8.641197036467914586e+03 9.949301019637570676e+01
8.641396948487265036e+03 1.060043569006996762e+02
8.641596860506617304e+03 9.737384851954352882e+01
8.641796772525967754e+03 9.054111795409188801e+01
8.641996684545318203e+03 9.867253847238450248e+01
8.642196596564672291e+03 9.398624952720385295e+01
8.642396508584022740e+03 1.044344962964464543e+02
8.642596420603373190e+03 9.974919971446976774e+01
8.642796332622725458e+03 1.072438141681754900e+02
8.642996244642075908e+03 1.067371237009077163e+02
8.643196156661429995e+03 1.017184561295999998e+02
8.643396068680780445e+03 1.008596185932796203e+02
8.643595980700130895e+03 9.889547397612277280e+01
8.643795892719483163e+03 9.800903021449332186e+01
8.643995804738833613e+03 9.897097487719395303e+01
8.644195716758185881e+03 1.032733370084863367e+02
8.644395628777538150e+03 1.020942156503808746e+02
8.644595540796888599e+03 1.012438579025472762e+02
8.644795452816240868e+03 1.021155034591478596e+02
8.644995364835591317e+03 1.024450006972059271e+02
8.645195276854941767e+03 9.844030763139187457e+01
8.645395188874295854e+03 1.012889743246088159e+02
8.645595100893646304e+03 1.022980118674143313e+02
8.645795012912998573e+03 9.133444278598446431e+01
8.645994924932349022e+03 9.827968893318440280e+01
8.646194836951699472e+03 1.047900479483681409e+02
8.646394748971053559e+03 9.153705276463742280e+01
8.646594660990404009e+03 9.753745503089830038e+01
8.646794573009754458e+03 9.669939083928187529e+01
8.646994485029106727e+03 9.177358747601827815e+01
8.647194397048457176e+03 1.033473028748531277e+02
8.647394309067811264e+03 9.790260139755646662e+01
8.647594221087161714e+03 9.805178754254686169e+01
8.647794133106512163e+03 9.970169960867573877e+01
8.647994045125864432e+03 1.083622849969761859e+02
8.648193957145214881e+03 1.024144811688826167e+02
8.648393869164567150e+03 1.059338658191627189e+02
8.648593781183917599e+03 9.839163376180738396e+01
8.648793693203269868e+03 1.020119738690006557e+02
8.648993605222622136e+03 9.886909747962319273e+01
8.649193517241972586e+03 9.492953932828419283e+01
8.649393429261324854e+03 1.001342008899686249e+02
8.649593341280675304e+03 1.098343526157373162e+02
8.649793253300027573e+03 9.685510316510989526e+01
8.649993165319378022e+03 1.037678577740821169e+02
8.650193077338730291e+03 9.447763354869506713e+01
8.650392989358082559e+03 9.559508054988472736e+01
8.650592901377433009e+03 1.037410389731618778e+02
8.650792813396785277e+03 9.369469739480815917e+01
8.650992725416135727e+03 9.372623784647689149e+01
8.651192637435487995e+03 9.934434562079158582e+01
8.651392549454840264e+03 9.872996104080307589e+01
8.651592461474188894e+03 9.614308264553243077e+01
8.651792373493542982e+03 9.773911159487406053e+01
8.651992285512893432e+03 9.794657373431329006e+01
8.652192197532245700e+03 1.010706890110079286e+02
8.652392109551597969e+03 9.669984652476905751e+01
8.652592021570946599e+03 9.836096701424860100e+01
8.652791933590300687e+03 1.004357101243734292e+02
8.652991845609649317e+03 9.853682330514601517e+01
8.653191757629003405e+03 1.033666998699009270e+02
8.653391669648355673e+03 1.019227680062699051e+02
8.653591581667704304e+03 9.859440659775073357e+01
8.653791493687058392e+03 9.767896195295510609e+01
8.653991405706407022e+03 1.010601004156376348e+02
8.654191317725759291e+03 1.006847086021654007e+02
8.654391229745113378e+03 1.027416007672367755e+02
8.654591141764462009e+03 9.537234577045180117e+01
8.654791053783816096e+03 1.018493750414435226e+02
8.654990965803164727e+03 9.716577387523757636e+01
8.655190877822516995e+03 9.900549195691480975e+01
8.655390789841871083e+03 9.103569817336672543e+01
8.655590701861219713e+03 9.312115755872027023e+01
8.655790613880571982e+03 9.683208170599867515e+01
8.655990525899922432e+03 9.754158187264815183e+01
8.656190437919274700e+03 9.142906314027904102e+01
8.656390349938628788e+03 9.026513892678126183e+01
8.656590261957977418e+03 9.585013178788710775e+01
8.656790173977329687e+03 8.391153191093053465e+01
8.656990085996680136e+03 8.201203868495358051e+01
8.657189998016032405e+03 7.589147990205718486e+01
8.657389910035382854e+03 7.127814875813209028e+01
8.657589822054735123e+03 7.261322620713276876e+01
8.657789734074087391e+03 5.841617994676217762e+01
8.657989646093437841e+03 6.377902760857751474e+01
8.658189558112790110e+03 5.082460723713475659e+01
8.658389470132140559e+03 4.018243127897336819e+01
8.658589382151492828e+03 5.650097515403007264e+01
8.658789294170845096e+03 6.133084596319465476e+01
8.658989206190193727e+03 6.179795278224848687e+01
8.659189118209547814e+03 7.259261863892082545e+01
8.659389030228898264e+03 7.780848846298401611e+01
8.659588942248250532e+03 8.644614595135604418e+01
8.659788854267602801e+03 8.218390624292982238e+01
8.659988766286951432e+03 9.194390815084940982e+01
8.660188678306305519e+03 9.038481226026519266e+01
8.660388590325655969e+03 9.830074436988353170e+01
8.660588502345006418e+03 8.150290736654885393e+01
8.660788414364360506e+03 9.375166421263219263e+01
8.660988326383709136e+03 9.105581567327168102e+01
8.661188238403063224e+03 9.001547545011803209e+01
8.661388150422413673e+03 8.681819839463543076e+01
8.661588062441764123e+03 9.756019725959654920e+01
8.661787974461116391e+03 9.398895166350415309e+01
8.661987886480466841e+03 9.235207327053610982e+01
8.662187798499820929e+03 9.338244086202504946e+01
8.662387710519171378e+03 9.236470090850285430e+01
8.662587622538521828e+03 9.757350633486821323e+01
8.662787534557874096e+03 1.060121881409838096e+02
8.662987446577224546e+03 1.053598104103492119e+02
8.663187358596576814e+03 1.044335320614529365e+02
8.663387270615929083e+03 9.773176494133363690e+01
8.663587182635279532e+03 9.768297687374332838e+01
8.663787094654631801e+03 9.840578350927478368e+01
8.663987006673982251e+03 8.718844052787591181e+01
8.664186918693334519e+03 9.661488238368161774e+01
8.664386830712686788e+03 1.010489946303298154e+02
8.664586742732037237e+03 1.060057363294519490e+02
8.664786654751387687e+03 1.000703010199282232e+02
8.664986566770739955e+03 9.641417222766828843e+01
8.665186478790092224e+03 1.023901306160728240e+02
8.665386390809444492e+03 1.050801969899111583e+02
8.665586302828794942e+03 9.584588874690113869e+01
8.665786214848145391e+03 1.058592899822103846e+02
8.665986126867497660e+03 9.315123921461687928e+01
8.666186038886848110e+03 1.060045701699134497e+02
8.666385950906200378e+03 9.128097214614348331e+01
8.666585862925552647e+03 1.045494113693781344e+02
8.666785774944903096e+03 9.932851543545827155e+01
8.666985686964255365e+03 1.030580540509929364e+02
8.667185598983605814e+03 1.026258899039584378e+02
8.667385511002958083e+03 1.002918245000618782e+02
8.667585423022310351e+03 1.005226999418707976e+02
8.667785335041660801e+03 9.659235435707148554e+01
8.667985247061011250e+03 1.014745761923539504e+02
8.668185159080363519e+03 1.047141974511359734e+02
8.668385071099715788e+03 9.877273298141234648e+01
8.668584983119068056e+03 1.054531330802645925e+02
8.668784895138418506e+03 9.789429701788199623e+01
8.668984807157768955e+03 9.149071742431461018e+01
8.669184719177121224e+03 1.018882143212425007e+02
8.669384631196473492e+03 9.835711671136934342e+01
8.669584543215825761e+03 9.748198466747346913e+01
8.669784455235176210e+03 1.024936578724707488e+02
8.669984367254526660e+03 1.037194894574974882e+02
8.670184279273878929e+03 9.595575313295098852e+01
8.670384191293231197e+03 9.832897512410171714e+01
8.670584103312579828e+03 9.598330728358706665e+01
8.670784015331933915e+03 9.625124032505486582e+01
8.670983927351284365e+03 9.602965803123358057e+01
8.671183839370636633e+03 9.628180809172509669e+01
8.671383751389988902e+03 9.763320021134796889e+01
8.671583663409337532e+03 9.160395343091269638e+01
8.671783575428691620e+03 1.040445977153582220e+02
8.671983487448042069e+03 1.020661258456886031e+02
8.672183399467392519e+03 1.015300836563002633e+02
8.672383311486746607e+03 9.498630539668855022e+01
8.672583223506095237e+03 9.082232534988551720e+01
8.672783135525449325e+03 9.685333556271083921e+01
8.672983047544799774e+03 1.043039310673357818e+02
8.673182959564150224e+03 1.041673787639611533e+02
8.673382871583504311e+03 1.119660161960501483e+02
8.673582783602852942e+03 1.031525162992201530e+02
8.673782695622205210e+03 1.051400890536602759e+02
8.673982607641557479e+03 9.759715614567294040e+01
8.674182519660907928e+03 9.356804736046994719e+01
8.674382431680262016e+03 1.015126434860877538e+02
8.674582343699610647e+03 9.929947918820735708e+01
8.674782255718962915e+03 1.004511739921154430e+02
8.674982167738313365e+03 9.712563881601111859e+01
8.675182079757665633e+03 9.918736444432089172e+01
8.675381991777017902e+03 9.822943619249306835e+01
8.675581903796368351e+03 9.536235570883307844e+01
8.675781815815720620e+03 1.023225512457765234e+02
8.675981727835071069e+03 9.519493791095671043e+01
8.676181639854423338e+03 1.105201414796557344e+02
8.676381551873775607e+03 1.001935383646195419e+02
8.676581463893126056e+03 1.065691449515208262e+02
8.676781375912478325e+03 1.015143128401544459e+02
8.676981287931826955e+03 1.015831959511836260e+02
8.677181199951181043e+03 1.023228425440719747e+02
8.677381111970533311e+03 1.028268063071032117e+02
8.677581023989883761e+03 9.963923094875774211e+01
8.677780936009236029e+03 1.031453957344781287e+02
8.677980848028584660e+03 9.373666597074557671e+01
8.678180760047938747e+03 9.974647687013705877e+01
8.678380672067291016e+03 1.026234844203897865e+02
8.678580584086641466e+03 9.607833280422275379e+01
8.678780496105993734e+03 1.021517787144732097e+02
8.678980408125342365e+03 9.358566071944439102e+01
8.679180320144696452e+03 1.052779250036215473e+02
8.679380232164048721e+03 1.043860610163738869e+02
8.679580144183397351e+03 9.915176963989343051e+01
8.679780056202751439e+03 9.854683535037692366e+01
8.679979968222100069e+03 9.784411569487573956e+01
8.680179880241454157e+03 9.402235292072789719e+01
8.680379792260804606e+03 1.081026112393777510e+02
8.680579704280155056e+03 1.044376714753842208e+02
8.680779616299509144e+03 1.067879599862247346e+02
8.680979528318857774e+03 9.381160243647106256e+01
8.681179440338210043e+03 1.042075652351554851e+02
8.681379352357562311e+03 1.023564249148314218e+02
8.681579264376912761e+03 9.642675576395861015e+01
8.681779176396266848e+03 1.012317577360959859e+02
8.681979088415615479e+03 9.350124520413413620e+01
8.682179000434967747e+03 9.947752992787079052e+01
8.682378912454320016e+03 9.513878016027990725e+01
8.682578824473670466e+03 9.542867416382652834e+01
8.682778736493022734e+03 8.987305014931835956e+01
8.682978648512373184e+03 9.403861784375652633e+01
8.683178560531725452e+03 9.214719991586783010e+01
8.683378472551077721e+03 1.014646349268817573e+02
8.683578384570428170e+03 9.454364274196478846e+01
8.683778296589780439e+03 1.040974272211782505e+02
8.683978208609130888e+03 9.863525337538169424e+01
8.684178120628483157e+03 9.781741264730327146e+01
8.684378032647833606e+03 9.249975285278492265e+01
8.684577944667185875e+03 9.353192272215454750e+01
8.684777856686536325e+03 8.305440669217780680e+01
8.684977768705888593e+03 8.561879653203749285e+01
8.685177680725240862e+03 9.867805938286259959e+01
8.685377592744591311e+03 9.771235233444208745e+01
8.685577504763943580e+03 9.698670878540835361e+01
8.685777416783294029e+03 1.036117853042309633e+02
8.685977328802644479e+03 9.810640388963859948e+01
8.686177240821998566e+03 9.258053043434968288e+01
8.686377152841349016e+03 1.014328447272781517e+02
8.686577064860701284e+03 9.469926344189488532e+01
8.686776976880051734e+03 1.055018876302828232e+02
8.686976888899402184e+03 1.066262123863363485e+02
8.687176800918756271e+03 9.756049264715211677e+01
8.687376712938106721e+03 9.952830436965030003e+01
8.687576624957458989e+03 9.732783946312210333e+01
8.687776536976809439e+03 9.675898329046339086e+01
8.687976448996159888e+03 1.015526709534497485e+02
8.688176361015513976e+03 9.321839197815394584e+01
8.688376273034864425e+03 1.013619785628762173e+02
8.688576185054214875e+03 1.007592374273324225e+02
8.688776097073567144e+03 9.380064587155032996e+01
8.688976009092917593e+03 9.824707495488748066e+01
8.689175921112269862e+03 8.863901331201620337e+01
8.689375833131622130e+03 9.763163689047293303e+01
8.689575745150972580e+03 9.553973859365297017e+01
8.689775657170324848e+03 1.022670972306438983e+02
8.689975569189675298e+03 9.894355242452020605e+01
8.690175481209025747e+03 1.047882795047894859e+02
8.690375393228379835e+03 1.015528429402092883e+02
8.690575305247730284e+03 9.762340535864635171e+01
8.690775217267082553e+03 1.060740639372206715e+02
8.690975129286433003e+03 9.586256528387553999e+01
8.691175041305783452e+03 1.031680522866550973e+02
8.691374953325137540e+03 1.052424266995367219e+02
8.691574865344487989e+03 9.985754286037595762e+01
8.691774777363838439e+03 1.031631589374706124e+02
8.691974689383190707e+03 8.891690658060403507e+01
8.692174601402541157e+03 9.069040282298742284e+01
8.692374513421895244e+03 9.225425581950577225e+01
8.692574425441245694e+03 1.093681497498729556e+02
8.692774337460596144e+03 1.022988311825835268e+02
8.692974249479948412e+03 1.071361432814423154e+02
8.693174161499298862e+03 9.580431209391133507e+01
8.693374073518651130e+03 9.709185275323325470e+01
8.693573985538001580e+03 9.533652920177127044e+01
8.693773897557353848e+03 9.774711903172301675e+01
8.693973809576706117e+03 9.607349137963512931e+01
8.694173721596056566e+03 9.281051455725561539e+01
8.694373633615408835e+03 1.084710611517033527e+02
8.694573545634759284e+03 1.098268919131611483e+02
8.694773457654111553e+03 8.927740719359888999e+01
8.694973369673462003e+03 9.628545632048411562e+01
8.695173281692814271e+03 9.609206409313725317e+01
8.695373193712166540e+03 9.533683647271938355e+01
8.695573105731516989e+03 9.788934775798578869e+01
8.695773017750869258e+03 9.580354143734538752e+01
8.695972929770219707e+03 1.034941642626844072e+02
8.696172841789571976e+03 9.883769933780432382e+01
8.696372753808924244e+03 1.025815625485156630e+02
8.696572665828274694e+03 1.010882615496076369e+02
8.696772577847626962e+03 9.464075543391160750e+01
8.696972489866977412e+03 8.854307187044136640e+01
8.697172401886329681e+03 9.586110413388169604e+01
8.697372313905681949e+03 1.008546856284382471e+02
8.697572225925030580e+03 1.013022121157708426e+02
8.697772137944384667e+03 1.062671474034920323e+02
8.697972049963733298e+03 9.852123489581619253e+01
8.698171961983087385e+03 9.757568300001176453e+01
8.698371874002439654e+03 1.007564749715110395e+02
8.698571786021788284e+03 1.088924918038678982e+02
8.698771698041142372e+03 9.098617208221560304e+01
8.698971610060491003e+03 9.423971510908828009e+01
8.699171522079843271e+03 9.055076747188476816e+01
8.699371434099197359e+03 9.991818526358403574e+01
8.699571346118545989e+03 9.548025092818940607e+01
8.699771258137900077e+03 9.890528590079198068e+01
8.699971170157248707e+03 9.900525049234086339e+01
8.700171082176600976e+03 9.620477154414379584e+01
8.700370994195955063e+03 1.004658520578047103e+02
8.700570906215303694e+03 9.662366259649594724e+01
8.700770818234655962e+03 1.010382151215652016e+02
8.700970730254006412e+03 1.067949217916788172e+02
8.701170642273358681e+03 1.004556138694047149e+02
8.701370554292712768e+03 9.975567005406601595e+01
8.701570466312061399e+03 9.613022591248635251e+01
8.701770378331413667e+03 1.025114827552767025e+02
8.701970290350764117e+03 9.971398189023832970e+01
8.702170202370116385e+03 9.894731836762228738e+01
8.702370114389466835e+03 1.021977859583486321e+02
8.702570026408819103e+03 1.035829438536542426e+02
8.702769938428171372e+03 9.740722452014352939e+01
8.702969850447521821e+03 9.755051220708681115e+01
8.703169762466874090e+03 1.048259399049254625e+02
8.703369674486224540e+03 1.007468779300264430e+02
8.703569586505576808e+03 9.922488118815731184e+01
8.703769498524929077e+03 9.720090190448244982e+01
8.703969410544277707e+03 9.976614688097096462e+01
8.704169322563631795e+03 9.559015610885171554e+01
8.704369234582982244e+03 9.705146673527401902e+01
8.704569146602334513e+03 9.745766571583133953e+01
8.704769058621686781e+03 9.868049256548215453e+01
8.704968970641035412e+03 9.849291040458584234e+01
8.705168882660389500e+03 9.571021978672192176e+01
8.705368794679739949e+03 1.041918745099194581e+02
8.705568706699092218e+03 1.043763563023411791e+02
8.705768618718444486e+03 9.680427393887855203e+01
8.705968530737793117e+03 1.060680494195530059e+02
8.706168442757147204e+03 9.916693501386536980e+01
8.706368354776497654e+03 9.170660079286138000e+01
8.706568266795848103e+03 9.413676095690273371e+01
8.706768178815200372e+03 1.001933391534895179e+02
8.706968090834550821e+03 9.932635998726438231e+01
8.707168002853904909e+03 1.016392445939070655e+02
8.707367914873255359e+03 9.493599243149500921e+01
8.707567826892605808e+03 9.714563914763785135e+01
8.707767738911958077e+03 9.490622904545152494e+01
8.707967650931308526e+03 9.823443940545273279e+01
8.708167562950660795e+03 1.069151691126691333e+02
8.708367474970013063e+03 1.010743131693126600e+02
8.708567386989363513e+03 1.047842490464505687e+02
8.708767299008715781e+03 9.941775090346084198e+01
8.708967211028066231e+03 9.769049369776359981e+01
8.709167123047418499e+03 9.313062189085172804e+01
8.709367035066770768e+03 1.007736074835160878e+02
8.709566947086121218e+03 9.342470816857435523e+01
8.709766859105471667e+03 9.342781732457747523e+01
8.709966771124823936e+03 1.011960543965930270e+02
8.710166683144176204e+03 9.774795630946594827e+01
8.710366595163528473e+03 1.014691130434002133e+02
8.710566507182878922e+03 1.034527633221485559e+02
8.710766419202229372e+03 9.887957869381156684e+01
8.710966331221581640e+03 9.920070659926980738e+01
8.711166243240932090e+03 9.726604032567972524e+01
8.711366155260284359e+03 9.425403763475462426e+01
8.711566067279636627e+03 9.703284791937332443e+01
8.711765979298987077e+03 9.492492299907002007e+01
8.711965891318339345e+03 9.884737195423342371e+01
8.712165803337689795e+03 9.546505560753088560e+01
8.712365715357042063e+03 9.392785732774260055e+01
8.712565627376394332e+03 1.025365258632685226e+02
8.712765539395744781e+03 9.592630733650742059e+01
8.712965451415095231e+03 1.026936421738587910e+02
8.713165363434447499e+03 1.052810582911216102e+02
8.713365275453799768e+03 9.554651527293373192e+01
8.713565187473152037e+03 9.589146871295962171e+01
8.713765099492502486e+03 9.818739627468747244e+01
8.713965011511852936e+03 9.687593979739352790e+01
8.714164923531205204e+03 9.803294547887114163e+01
8.714364835550557473e+03 1.010822423528200886e+02
8.714564747569909741e+03 9.246071663388293871e+01
8.714764659589260191e+03 9.717666286724441704e+01
8.714964571608610640e+03 1.006731771539257920e+02
8.715164483627962909e+03 9.481411059152588905e+01
8.715364395647315177e+03 9.725710373269978959e+01
8.715564307666663808e+03 1.079970497064683173e+02
8.715764219686017896e+03 1.042432411554573690e+02
8.715964131705368345e+03 1.025336190671443006e+02
8.716164043724720614e+03 1.061589175875772924e+02
8.716363955744072882e+03 9.455370722527959515e+01
8.716563867763421513e+03 1.014246980185026814e+02
8.716763779782775600e+03 9.691892387807139642e+01
8.716963691802126050e+03 9.549529145193150725e+01
8.717163603821476499e+03 1.023045836151829064e+02
8.717363515840830587e+03 9.953180615376548701e+01
8.717563427860179218e+03 1.054045424745613673e+02
8.717763339879533305e+03 9.460856353528794216e+01
8.717963251898883755e+03 1.029792716283174627e+02
8.718163163918234204e+03 9.720710097346682232e+01
8.718363075937588292e+03 9.775495639142043558e+01
8.718562987956936922e+03 1.031412109851542738e+02
8.718762899976289191e+03 1.120959237543367522e+02
8.718962811995641459e+03 9.157986293678504808e+01
8.719162724014991909e+03 9.492780441710411310e+01
8.719362636034345996e+03 1.001756686181893912e+02
8.719562548053694627e+03 9.373948605684743995e+01
8.719762460073046896e+03 1.063430185533272265e+02
8.719962372092397345e+03 9.984348052707225918e+01
8.720162284111749614e+03 9.936383679689564019e+01
8.720362196131101882e+03 1.008125436957033685e+02
8.720562108150452332e+03 1.037372402505214666e+02
8.720762020169804600e+03 9.579454878394540174e+01
8.720961932189155050e+03 1.045671963111668390e+02
8.721161844208507318e+03 1.021548872429200117e+02
8.721361756227859587e+03 9.988988170403162314e+01
8.721561668247210036e+03 9.591044617336577005e+01
8.721761580266562305e+03 1.002083898406497866e+02
8.721961492285910936e+03 9.824711251573133097e+01
8.722161404305265023e+03 9.603940476457290742e+01
8.722361316324617292e+03 1.038793034866488512e+02
8.722561228343967741e+03 1.017705637141742159e+02
8.722761140363320010e+03 1.006746345217183176e+02
8.722961052382668640e+03 1.010282022116533938e+02
8.723160964402022728e+03 9.269769868967921411e+01
8.723360876421374996e+03 1.058985722980641953e+02
8.723560788440725446e+03 1.009348177304391783e+02
8.723760700460077715e+03 1.018701566840195483e+02
8.723960612479426345e+03 9.976605110141265698e+01
8.724160524498780433e+03 1.022515301278297244e+02
8.724360436518130882e+03 8.783968435515863860e+01
8.724560348537481332e+03 1.015882092647996160e+02
8.724760260556835419e+03 9.191898498823532293e+01
8.724960172576184050e+03 1.035738000850112996e+02
8.725160084595538137e+03 9.617172677498288635e+01
8.725359996614888587e+03 9.446662511174331200e+01
8.725559908634239036e+03 1.011852044146625786e+02
8.725759820653593124e+03 9.834980835572483215e+01
8.725959732672941755e+03 1.021105676481774225e+02
8.726159644692294023e+03 9.581183212784804937e+01
