8.476326129166214741e+03 1.063890642730783469e+02
8.476526042518316899e+03 9.208445632305571849e+01
8.476725955870419057e+03 9.375537247785352690e+01
8.476925869222523033e+03 9.676673629154217338e+01
8.477125782574623372e+03 9.988398104957092016e+01
8.477325695926727349e+03 9.660797687974836379e+01
8.477525609278833144e+03 1.031596455314081595e+02
8.477725522630935302e+03 1.010661986725872339e+02
8.477925435983037460e+03 1.019417480211033222e+02
8.478125349335139617e+03 9.194067154488051585e+01
8.478325262687243594e+03 9.640833021979983641e+01
8.478525176039345752e+03 1.002785841826658810e+02
8.478725089391447909e+03 9.638282443439328517e+01
8.478925002743551886e+03 1.035004052334747655e+02
8.479124916095655863e+03 9.903198375250380536e+01
8.479324829447758020e+03 1.048137009669245572e+02
8.479524742799861997e+03 1.032500495104256117e+02
8.479724656151964155e+03 1.043846694189544451e+02
8.479924569504066312e+03 9.701152275921211299e+01
8.480124482856168470e+03 1.015543250733390579e+02
8.480324396208272447e+03 9.386808996093743929e+01
8.480524309560378242e+03 1.057732022521316253e+02
8.480724222912478581e+03 1.012414880027071007e+02
8.480924136264582557e+03 9.611469674767020877e+01
8.481124049616684715e+03 1.017614249467013536e+02
8.481323962968788692e+03 9.353708585477973259e+01
8.481523876320890849e+03 9.773554808153963336e+01
8.481723789672993007e+03 1.069614552467940172e+02
8.481923703025096984e+03 1.033720149327303375e+02
8.482123616377199141e+03 9.543785152261332883e+01
8.482323529729303118e+03 9.767468657402018550e+01
8.482523443081407095e+03 1.024893926272086020e+02
8.482723356433509252e+03 9.424025809723670477e+01
8.482923269785611410e+03 9.619942081172609960e+01
8.483123183137713568e+03 9.595956009378946305e+01
8.483323096489817544e+03 1.045930190140526719e+02
8.483523009841919702e+03 1.028961932788221532e+02
8.483722923194023679e+03 9.673108759572929216e+01
8.483922836546127655e+03 9.608110689918987646e+01
8.484122749898229813e+03 9.647593246822447099e+01
8.484322663250331971e+03 1.031638281236167103e+02
8.484522576602435947e+03 1.054223562352527779e+02
8.484722489954538105e+03 1.072015013159571453e+02
8.484922403306642082e+03 9.901887505068721396e+01
8.485122316658742420e+03 1.028993030319566060e+02
8.485322230010848216e+03 1.010531459746292313e+02
8.485522143362952193e+03 9.771559897484873147e+01
8.485722056715052531e+03 1.011493601956188826e+02
8.485921970067156508e+03 1.022434825333675548e+02
8.486121883419258666e+03 1.083723356169856373e+02
8.486321796771362642e+03 9.449397299707059972e+01
8.486521710123464800e+03 9.542034958992179838e+01
8.486721623475568776e+03 1.012078740940636123e+02
8.486921536827672753e+03 9.749363809747400467e+01
8.487121450179773092e+03 1.027434478576595751e+02
8.487321363531877068e+03 9.856762041267982966e+01
8.487521276883981045e+03 9.568847443625647031e+01
8.487721190236083203e+03 9.714212517794459245e+01
8.487921103588185360e+03 9.833202641593385351e+01
8.488121016940287518e+03 9.307333538894307878e+01
8.488320930292393314e+03 1.000850931060750355e+02
8.488520843644495471e+03 9.660751911060943087e+01
8.488720756996597629e+03 9.748602707940938217e+01
8.488920670348701606e+03 9.736055031885491928e+01
8.489120583700803763e+03 1.050057287910667725e+02
8.489320497052905921e+03 9.596596822085066947e+01
8.489520410405009898e+03 9.593150403179517127e+01
8.489720323757112055e+03 1.008554671599242170e+02
8.489920237109217851e+03 9.729883802920737423e+01
8.490120150461318190e+03 9.436838272336225941e+01
8.490320063813422166e+03 1.048849241735610178e+02
8.490519977165526143e+03 1.050134743824392558e+02
8.490719890517626482e+03 1.020027174877016876e+02
8.490919803869730458e+03 1.034727063060623919e+02
8.491119717221832616e+03 9.584153002909259556e+01
8.491319630573938412e+03 9.936806283107571858e+01
8.491519543926040569e+03 9.182829777564931817e+01
8.491719457278142727e+03 1.056009416389205171e+02
8.491919370630246704e+03 1.014219185070266036e+02
8.492119283982347042e+03 9.544378417450374741e+01
8.492319197334451019e+03 8.719235759207843728e+01
8.492519110686554995e+03 1.015791582588376372e+02
8.492719024038657153e+03 1.001517830020923583e+02
8.492918937390761130e+03 8.163387850728382489e+01
8.493118850742863287e+03 9.515508296861746373e+01
8.493318764094967264e+03 8.715754377223689175e+01
8.493518677447069422e+03 7.155047043709538457e+01
8.493718590799171579e+03 7.370630667648646295e+01
8.493918504151275556e+03 5.721279023418335896e+01
8.494118417503377714e+03 5.798945221122627913e+01
8.494318330855479871e+03 4.914178622268862284e+01
8.494518244207585667e+03 5.877586339460140152e+01
8.494718157559687825e+03 6.780404636776583516e+01
8.494918070911791801e+03 7.833875092202690382e+01
8.495117984263892140e+03 7.951084745036938273e+01
8.495317897615996117e+03 9.073388644696774463e+01
8.495517810968100093e+03 8.358577803998143452e+01
8.495717724320200432e+03 9.618971073047634945e+01
8.495917637672304409e+03 9.797435997016167164e+01
8.496117551024408385e+03 9.513689897769363313e+01
8.496317464376512362e+03 9.528287537668460061e+01
8.496517377728614520e+03 9.995870299672151305e+01
8.496717291080716677e+03 9.468930289763736141e+01
8.496917204432820654e+03 1.020084511155491498e+02
8.497117117784920993e+03 9.147416433940921365e+01
8.497317031137024969e+03 1.076602082088409418e+02
8.497516944489130765e+03 1.085431482810455037e+02
8.497716857841232923e+03 9.824652029396646924e+01
8.497916771193335080e+03 1.039019091847427063e+02
8.498116684545437238e+03 9.808575051324956462e+01
8.498316597897541214e+03 9.801767358054475210e+01
8.498516511249645191e+03 9.871174087596459401e+01
8.498716424601745530e+03 9.616438488981337684e+01
8.498916337953849506e+03 1.019514023197843784e+02
8.499116251305953483e+03 9.918832377930118582e+01
8.499316164658055641e+03 9.265294929267085422e+01
8.499516078010159617e+03 9.824101649541678682e+01
8.499715991362261775e+03 1.036416060148033864e+02
8.499915904714365752e+03 1.022258386145961424e+02
8.500115818066466090e+03 9.917942870785331877e+01
8.500315731418570067e+03 9.507384720595270267e+01
8.500515644770674044e+03 9.341744296213920506e+01
8.500715558122776201e+03 9.714933191040522331e+01
8.500915471474880178e+03 1.008855925930787834e+02
8.501115384826982336e+03 1.003778093229681048e+02
8.501315298179086312e+03 9.987709487172440959e+01
8.501515211531188470e+03 9.920298733528623814e+01
8.501715124883290628e+03 9.509033333754298667e+01
8.501915038235394604e+03 1.000813877409911470e+02
8.502114951587496762e+03 9.906144534749114428e+01
8.502314864939600739e+03 1.078787749856269045e+02
8.502514778291704715e+03 1.083340418822604363e+02
8.502714691643806873e+03 9.629198652909363432e+01
8.502914604995909031e+03 1.001147556365712035e+02
8.503114518348011188e+03 1.009412736331098870e+02
8.503314431700115165e+03 1.039453249918887963e+02
8.503514345052219142e+03 1.039944503544598007e+02
8.503714258404321299e+03 9.475393826153381838e+01
8.503914171756425276e+03 9.693683673886931729e+01
8.504114085108527433e+03 1.005126147987649858e+02
8.504313998460629591e+03 1.019822684156358719e+02
8.504513911812733568e+03 1.017573307017476765e+02
8.504713825164835725e+03 1.007616238654487972e+02
8.504913738516939702e+03 1.030716918686686654e+02
8.505113651869040041e+03 1.047961999638911692e+02
8.505313565221145836e+03 9.805390317596227590e+01
8.505513478573249813e+03 9.845674494752161365e+01
8.505713391925350152e+03 9.967570500053406590e+01
8.505913305277454128e+03 9.039353861983809679e+01
8.506113218629556286e+03 9.473311310325198065e+01
8.506313131981660263e+03 1.032424275500046633e+02
8.506513045333762420e+03 9.726012841236591555e+01
8.506712958685866397e+03 9.696689651538309818e+01
8.506912872037970374e+03 1.027403449761104781e+02
8.507112785390070712e+03 1.051750512653418497e+02
8.507312698742174689e+03 1.039449779676297965e+02
8.507512612094278666e+03 9.761371033610230086e+01
8.507712525446380823e+03 9.476773104329400610e+01
8.507912438798482981e+03 9.827153321256476204e+01
8.508112352150585139e+03 1.019149760472165838e+02
8.508312265502690934e+03 1.011889014055277727e+02
8.508512178854794911e+03 9.744537000345573574e+01
8.508712092206895250e+03 9.820111137613781693e+01
8.508912005558999226e+03 8.931877536035405285e+01
8.509111918911101384e+03 1.022519665227675603e+02
8.509311832263203542e+03 9.697243379361927396e+01
8.509511745615307518e+03 9.962230071185126690e+01
8.509711658967409676e+03 9.234038761065112055e+01
8.509911572319515471e+03 1.061221055228457004e+02
8.510111485671615810e+03 9.759539810098642931e+01
8.510311399023719787e+03 9.579474868844336299e+01
8.510511312375823763e+03 9.805663258597576259e+01
8.510711225727924102e+03 9.578720792740004697e+01
8.510911139080028079e+03 1.007131649713971768e+02
8.511111052432130236e+03 9.674753814132810703e+01
8.511310965784234213e+03 9.115246834757542160e+01
8.511510879136338190e+03 1.013460797303021224e+02
8.511710792488440347e+03 1.080650246282335587e+02
8.511910705840544324e+03 9.783225703748921376e+01
8.512110619192646482e+03 1.005705503766556888e+02
8.512310532544748639e+03 1.118716229741820456e+02
8.512510445896852616e+03 1.081107818568693943e+02
8.512710359248954774e+03 9.831298849818550423e+01
8.512910272601058750e+03 1.027676528312769051e+02
8.513110185953160908e+03 1.035089453162495516e+02
8.513310099305264885e+03 9.968023141342554538e+01
8.513510012657368861e+03 1.033943491096935503e+02
8.513709926009469200e+03 9.771211579655617641e+01
8.513909839361573177e+03 1.050454845769451424e+02
8.514109752713675334e+03 9.260723086579186258e+01
8.514309666065777492e+03 1.047624629609949523e+02
8.514509579417883288e+03 9.309177243572494831e+01
8.514709492769985445e+03 9.225050391776989045e+01
8.514909406122089422e+03 9.615317791107383982e+01
8.515109319474189761e+03 1.062319153723308176e+02
8.515309232826293737e+03 1.093379973082435157e+02
8.515509146178397714e+03 9.671038159957268476e+01
8.515709059530498052e+03 9.157601453424645399e+01
8.515908972882602029e+03 9.749859908194568447e+01
8.516108886234706006e+03 9.851955726426743354e+01
8.516308799586809982e+03 9.979139731222211651e+01
8.516508712938912140e+03 1.032090528051775351e+02
8.516708626291014298e+03 9.405943588310682912e+01
8.516908539643118274e+03 9.762960788821634139e+01
8.517108452995220432e+03 1.017269162495527581e+02
8.517308366347322590e+03 9.064421540852927706e+01
8.517508279699428385e+03 9.941559741946767303e+01
8.517708193051530543e+03 9.667463112612209386e+01
8.517908106403632701e+03 9.691735182001883686e+01
8.518108019755734858e+03 9.530734605013925886e+01
8.518307933107838835e+03 9.976519952504574462e+01
8.518507846459942812e+03 9.987821381489661121e+01
8.518707759812043150e+03 1.067651988242977978e+02
8.518907673164147127e+03 1.007956021764044863e+02
8.519107586516251104e+03 9.165544070259359444e+01
8.519307499868353261e+03 1.040153641809572918e+02
8.519507413220457238e+03 1.084814521126465507e+02
8.519707326572559396e+03 9.817229616394661207e+01
8.519907239924663372e+03 9.444212262282167103e+01
8.520107153276763711e+03 9.684030408649832111e+01
8.520307066628867688e+03 1.000794707617443322e+02
8.520506979980971664e+03 9.145951504216252204e+01
8.520706893333073822e+03 1.015870996573532210e+02
8.520906806685177798e+03 9.927161221006565484e+01
8.521106720037279956e+03 1.018012646785397664e+02
8.521306633389383933e+03 9.450191480345573325e+01
8.521506546741486090e+03 9.794723970353553000e+01
8.521706460093588248e+03 1.023266137420177699e+02
8.521906373445692225e+03 9.766778374846090571e+01
8.522106286797794382e+03 1.016036864963814850e+02
8.522306200149898359e+03 9.262993538835125662e+01
8.522506113502002336e+03 1.027877130908364336e+02
8.522706026854104493e+03 9.734893875194141799e+01
8.522905940206206651e+03 9.471046983575392630e+01
8.523105853558308809e+03 9.549806028411957470e+01
8.523305766910412785e+03 9.961537438902439590e+01
8.523505680262516762e+03 1.031251015031737808e+02
8.523705593614618920e+03 9.889841031634399826e+01
8.523905506966722896e+03 9.814693567895130855e+01
8.524105420318825054e+03 1.053019805802417181e+02
8.524305333670927212e+03 1.081550413152931327e+02
8.524505247023031188e+03 1.015416137928508391e+02
8.524705160375133346e+03 9.593535576397060538e+01
8.524905073727237323e+03 1.028326540253500951e+02
8.525104987079337661e+03 9.628542284428405651e+01
8.525304900431443457e+03 8.985674817343344500e+01
8.525504813783547434e+03 9.800426061776627762e+01
8.525704727135649591e+03 9.578384425812694758e+01
8.525904640487751749e+03 9.770260520061485465e+01
8.526104553839853907e+03 9.645475948841789204e+01
8.526304467191957883e+03 9.736403369519372575e+01
8.526504380544060041e+03 9.386022560248945013e+01
8.526704293896162199e+03 9.289385341618360314e+01
8.526904207248267994e+03 9.568500080782177974e+01
8.527104120600370152e+03 1.002545559034174687e+02
8.527304033952472309e+03 9.544731154614665058e+01
8.527503947304576286e+03 1.032969150761831969e+02
8.527703860656678444e+03 1.113975399627299652e+02
8.527903774008780601e+03 9.502257746229892632e+01
8.528103687360882759e+03 1.067050350314849538e+02
8.528303600712988555e+03 9.985451213439688445e+01
8.528503514065092531e+03 9.569341264703433581e+01
8.528703427417192870e+03 9.639003186134844725e+01
8.528903340769296847e+03 1.025754743767356416e+02
8.529103254121399004e+03 9.692238179651333496e+01
8.529303167473501162e+03 9.387310713444119870e+01
8.529503080825605139e+03 1.067940956209461802e+02
8.529702994177707296e+03 9.933244563252536352e+01
8.529902907529813092e+03 9.929237978482706239e+01
8.530102820881913431e+03 1.036407855987200719e+02
8.530302734234017407e+03 8.634453859777954676e+01
8.530502647586121384e+03 9.934506590544380344e+01
8.530702560938223542e+03 1.048094489805349809e+02
8.530902474290325699e+03 1.008911924695285052e+02
8.531102387642427857e+03 1.026564835023842193e+02
8.531302300994531834e+03 1.005466197744789412e+02
8.531502214346635810e+03 9.957457064386279910e+01
8.531702127698737968e+03 9.854219184265089382e+01
8.531902041050841945e+03 1.043883585761418402e+02
8.532101954402944102e+03 8.314221692648347073e+01
8.532301867755046260e+03 9.949696484038474864e+01
8.532501781107150236e+03 1.041633500988825176e+02
8.532701694459252394e+03 1.051313605434228293e+02
8.532901607811354552e+03 9.924184081504019161e+01
8.533101521163458528e+03 1.052925810226006718e+02
8.533301434515562505e+03 9.106417603582787024e+01
8.533501347867666482e+03 9.714697946756294300e+01
8.533701261219766820e+03 1.025756859173939830e+02
8.533901174571870797e+03 9.530564847275365992e+01
8.534101087923972955e+03 1.071839751059178383e+02
8.534301001276075112e+03 1.026433909640134772e+02
8.534500914628180908e+03 9.435996577618429626e+01
8.534700827980283066e+03 9.855742698165879290e+01
8.534900741332387042e+03 9.730921360718862445e+01
8.535100654684487381e+03 9.189588628344819199e+01
8.535300568036591358e+03 9.318590139206105505e+01
8.535500481388695334e+03 9.566569994036798619e+01
8.535700394740797492e+03 9.230308924039790952e+01
8.535900308092899650e+03 7.983925032597723259e+01
8.536100221445003626e+03 8.703766042126618174e+01
8.536300134797107603e+03 8.922821742869253114e+01
8.536500048149209761e+03 8.039458987498623799e+01
8.536699961501311918e+03 8.520045356692178018e+01
8.536899874853415895e+03 7.610985588684322067e+01
8.537099788205518053e+03 7.536218193826474021e+01
8.537299701557620210e+03 7.207565477793933439e+01
8.537499614909724187e+03 5.775281971898240130e+01
8.537699528261828164e+03 6.078405049855866338e+01
8.537899441613930321e+03 5.587249991473907329e+01
8.538099354966032479e+03 4.738543628359024495e+01
8.538299268318136455e+03 4.364641646101387096e+01
8.538499181670240432e+03 4.492355616668976381e+01
8.538699095022340771e+03 4.528413192883557059e+01
8.538899008374444747e+03 5.548156602552755601e+01
8.539098921726548724e+03 5.821136210188446114e+01
8.539298835078652701e+03 5.598729878144794014e+01
8.539498748430754858e+03 7.454994665474936255e+01
8.539698661782857016e+03 8.041103179394511358e+01
8.539898575134960993e+03 8.485736256560925028e+01
8.540098488487061331e+03 7.942154428739128491e+01
8.540298401839165308e+03 8.664175945955010150e+01
8.540498315191269285e+03 8.409152061864141103e+01
8.540698228543373261e+03 8.443292852632656320e+01
8.540898141895475419e+03 9.543795630342204106e+01
8.541098055247577577e+03 9.030534727789162730e+01
8.541297968599681553e+03 8.884934469200429419e+01
8.541497881951783711e+03 9.705474983503606268e+01
8.541697795303885869e+03 8.720194560394632788e+01
8.541897708655989845e+03 1.009670679299965173e+02
8.542097622008092003e+03 8.698420049715112157e+01
8.542297535360195980e+03 9.598169322265339076e+01
8.542497448712299956e+03 1.002721000894026417e+02
8.542697362064402114e+03 9.534597226702929618e+01
8.542897275416504272e+03 9.486039697008881433e+01
8.543097188768606429e+03 9.215675663717735233e+01
8.543297102120710406e+03 1.051836611356878279e+02
8.543497015472814383e+03 9.460575933134303739e+01
8.543696928824914721e+03 9.961228787221574521e+01
8.543896842177020517e+03 1.013188909674964151e+02
8.544096755529122674e+03 1.022719590950415238e+02
8.544296668881226651e+03 1.014209485266412401e+02
8.544496582233328809e+03 1.005168602940395601e+02
8.544696495585430966e+03 9.087930851160876955e+01
8.544896408937534943e+03 9.517562808780895978e+01
8.545096322289635282e+03 1.017847890906062531e+02
8.545296235641741077e+03 9.938908918148307237e+01
8.545496148993845054e+03 9.627051430708796431e+01
8.545696062345947212e+03 8.883173273513661172e+01
8.545895975698049369e+03 9.672423780811612914e+01
8.546095889050151527e+03 8.945371102504577721e+01
8.546295802402255504e+03 9.237593487916262802e+01
8.546495715754357661e+03 1.014066283394322312e+02
8.546695629106459819e+03 9.311378084436194058e+01
8.546895542458565615e+03 9.174388307040584323e+01
8.547095455810667772e+03 1.029686618463825027e+02
8.547295369162769930e+03 1.022626115234161546e+02
8.547495282514873907e+03 1.089121656540720551e+02
8.547695195866976064e+03 1.015441830943572654e+02
8.547895109219078222e+03 1.000618369234706222e+02
8.548095022571180380e+03 9.303686223810930755e+01
8.548294935923284356e+03 9.954625843688262421e+01
8.548494849275390152e+03 1.005872183943027949e+02
8.548694762627490491e+03 9.644392973589185658e+01
8.548894675979594467e+03 1.055221421363087870e+02
8.549094589331696625e+03 1.009348662110578232e+02
8.549294502683800602e+03 1.047473515622335327e+02
8.549494416035902759e+03 1.012854932401284600e+02
8.549694329388004917e+03 1.015642742067598192e+02
8.549894242740110712e+03 1.012019732288340776e+02
8.550094156092211051e+03 1.071850884663005274e+02
8.550294069444315028e+03 9.977449031373357968e+01
8.550493982796419004e+03 9.609650256915122668e+01
8.550693896148521162e+03 1.054403389472509645e+02
8.550893809500623320e+03 1.050683554732921010e+02
8.551093722852725477e+03 1.050638970070632894e+02
8.551293636204829454e+03 1.012798273339909088e+02
8.551493549556933431e+03 9.508452825433512601e+01
8.551693462909035588e+03 9.750066783193015851e+01
8.551893376261139565e+03 9.050222756061059215e+01
8.552093289613241723e+03 9.746782246919809722e+01
8.552293202965343880e+03 1.016694437897111243e+02
8.552493116317447857e+03 1.077774814994383519e+02
8.552693029669550015e+03 1.036785796088468032e+02
8.552892943021653991e+03 9.970887015153859068e+01
8.553092856373756149e+03 9.993969830335622362e+01
8.553292769725860126e+03 1.012438492089131330e+02
8.553492683077964102e+03 9.784519616222118543e+01
8.553692596430064441e+03 9.872241766156449216e+01
8.553892509782168418e+03 9.696726903073853521e+01
8.554092423134270575e+03 1.034877915046605068e+02
8.554292336486374552e+03 9.411829349926877342e+01
8.554492249838478529e+03 1.003357064052260910e+02
8.554692163190580686e+03 9.001487132957720405e+01
8.554892076542684663e+03 1.081012029808408244e+02
8.555091989894785002e+03 1.004232803778294567e+02
8.555291903246888978e+03 9.774935117468473322e+01
8.555491816598992955e+03 8.900072832097301045e+01
8.555691729951095112e+03 1.003377821984240228e+02
8.555891643303197270e+03 1.043025901651579090e+02
8.556091556655301247e+03 9.903988176786064912e+01
8.556291470007405223e+03 1.084427020566252509e+02
8.556491383359507381e+03 1.066067088196380439e+02
8.556691296711609539e+03 1.054995682493544962e+02
8.556891210063713515e+03 1.020405191126361188e+02
8.557091123415815673e+03 9.392217736891727498e+01
8.557291036767917831e+03 1.081350487675728118e+02
8.557490950120021807e+03 9.879614763253766796e+01
8.557690863472125784e+03 1.037988268615513761e+02
8.557890776824229761e+03 1.032289146548445302e+02
8.558090690176330099e+03 1.035843057245937047e+02
8.558290603528434076e+03 1.055756302385957923e+02
8.558490516880538053e+03 9.315552166672729584e+01
8.558690430232638391e+03 9.166877823163891037e+01
8.558890343584742368e+03 9.637623304640351307e+01
8.559090256936844526e+03 1.068241792828676893e+02
8.559290170288950321e+03 9.693507624531187616e+01
8.559490083641052479e+03 1.037245279829234903e+02
8.559689996993154637e+03 1.039331036284949761e+02
8.559889910345258613e+03 9.555379873613281916e+01
8.560089823697358952e+03 9.602863612026919782e+01
8.560289737049462929e+03 9.802575726336712592e+01
8.560489650401566905e+03 1.010147284021887657e+02
8.560689563753670882e+03 1.043908898914697687e+02
8.560889477105773040e+03 1.045132872816093936e+02
8.561089390457875197e+03 1.029306830737652945e+02
8.561289303809979174e+03 1.048200473245472608e+02
8.561489217162081331e+03 9.875133949821815804e+01
8.561689130514183489e+03 1.009423427911858084e+02
8.561889043866287466e+03 9.233382806566105216e+01
8.562088957218389623e+03 9.666580984583663394e+01
8.562288870570493600e+03 9.612018663276749919e+01
8.562488783922597577e+03 1.040248413288102824e+02
8.562688697274699734e+03 1.032156944161887822e+02
8.562888610626803711e+03 1.030371383058734267e+02
8.563088523978904050e+03 1.047830807930869241e+02
8.563288437331008026e+03 1.019428084358934967e+02
8.563488350683112003e+03 9.510761204953179515e+01
8.563688264035212342e+03 1.046365511754980702e+02
8.563888177387318137e+03 9.730662459344019055e+01
8.564088090739420295e+03 1.016997159281660430e+02
8.564288004091524272e+03 9.661352387671344388e+01
8.564487917443626429e+03 9.972590302495486014e+01
8.564687830795728587e+03 1.013609041253484691e+02
8.564887744147832564e+03 1.015640226128322610e+02
8.565087657499932902e+03 9.263748435045091867e+01
8.565287570852038698e+03 1.055974213135012576e+02
8.565487484204142675e+03 1.056443018258648010e+02
8.565687397556244832e+03 9.602315196374406980e+01
8.565887310908346990e+03 1.032300108814302320e+02
8.566087224260449148e+03 1.062855563921538646e+02
8.566287137612553124e+03 1.036080557202170951e+02
8.566487050964657101e+03 1.034433577816716792e+02
8.566686964316757440e+03 1.035849329226338966e+02
8.566886877668863235e+03 1.035580864819462192e+02
8.567086791020965393e+03 1.013231822278819720e+02
8.567286704373067550e+03 1.008766332782095958e+02
8.567486617725171527e+03 9.548109915851051710e+01
8.567686531077273685e+03 9.355994128146016919e+01
8.567886444429377661e+03 1.055946562462752780e+02
8.568086357781478000e+03 1.000162166316314938e+02
8.568286271133581977e+03 9.882216868009061272e+01
8.568486184485687772e+03 1.046884215914770095e+02
8.568686097837788111e+03 1.064302085761216574e+02
8.568886011189892088e+03 1.015137796367023242e+02
8.569085924541994245e+03 1.008975493909244534e+02
8.569285837894098222e+03 1.044974848010443367e+02
8.569485751246200380e+03 1.023871546870518330e+02
8.569685664598302537e+03 9.586230711981642116e+01
8.569885577950406514e+03 1.049409120072558892e+02
8.570085491302508672e+03 9.927638678457989840e+01
8.570285404654612648e+03 1.063816091863652105e+02
8.570485318006716625e+03 9.962079852868130558e+01
8.570685231358818783e+03 1.053019195506198713e+02
8.570885144710920940e+03 1.023667190855027798e+02
8.571085058063023098e+03 1.038603723085509785e+02
8.571284971415127075e+03 9.868562323227705235e+01
8.571484884767232870e+03 1.009225677172114644e+02
8.571684798119333209e+03 9.952803085186909016e+01
8.571884711471437186e+03 9.856883632854565747e+01
8.572084624823539343e+03 1.014488479990697556e+02
8.572284538175641501e+03 9.570818359744164638e+01
8.572484451527745478e+03 9.748328645638011380e+01
8.572684364879847635e+03 1.028564448173038812e+02
8.572884278231951612e+03 1.013236348682692096e+02
8.573084191584053769e+03 9.489392845530193199e+01
8.573284104936157746e+03 8.869988331342618437e+01
8.573484018288261723e+03 9.511917778739214668e+01
8.573683931640362061e+03 1.031612376288574922e+02
8.573883844992466038e+03 1.011141958749370389e+02
8.574083758344568196e+03 1.001379589014226497e+02
8.574283671696672172e+03 1.023521333408846203e+02
8.574483585048774330e+03 9.917310398326769416e+01
8.574683498400878307e+03 1.054925289364846179e+02
8.574883411752982283e+03 9.958978047994958160e+01
8.575083325105082622e+03 9.615707878828851563e+01
8.575283238457186599e+03 1.018309844329395872e+02
8.575483151809290575e+03 9.864222208280240523e+01
8.575683065161392733e+03 1.048210978349948732e+02
8.575882978513494891e+03 1.015180939616553673e+02
8.576082891865598867e+03 8.732331466842512668e+01
8.576282805217702844e+03 9.499121590424196881e+01
8.576482718569806821e+03 8.975976085707235086e+01
8.576682631921907159e+03 1.023484398799980539e+02
8.576882545274011136e+03 9.704448650631090345e+01
8.577082458626113294e+03 8.974124488413498568e+01
8.577282371978215451e+03 1.031288497186753830e+02
8.577482285330319428e+03 9.726973324896317763e+01
8.577682198682423405e+03 9.953314214862646736e+01
8.577882112034527381e+03 1.015381148804645903e+02
8.578082025386627720e+03 9.267411907884314815e+01
8.578281938738731697e+03 1.022462525423132860e+02
8.578481852090835673e+03 9.831363645304381293e+01
8.578681765442936012e+03 1.021712126418502322e+02
8.578881678795039988e+03 9.956176204247277894e+01
8.579081592147142146e+03 1.004264396575248526e+02
8.579281505499247942e+03 9.857666350805796185e+01
8.579481418851350099e+03 9.910368653435710939e+01
8.579681332203452257e+03 9.800339821318115696e+01
8.579881245555556234e+03 1.035895571301292506e+02
8.580081158907658391e+03 1.054509376115073849e+02
8.580281072259760549e+03 9.679353782604377443e+01
8.580480985611864526e+03 1.090671930271572307e+02
8.580680898963966683e+03 1.020834613656825240e+02
8.580880812316070660e+03 1.037055518037480084e+02
8.581080725668172818e+03 9.091871476151705167e+01
8.581280639020276794e+03 9.379664113339418918e+01
8.581480552372380771e+03 9.981684822900798792e+01
8.581680465724481110e+03 9.505453397606540022e+01
8.581880379076585086e+03 9.707664032436788659e+01
8.582080292428687244e+03 9.958072366376269713e+01
8.582280205780791221e+03 9.566056062988548092e+01
8.582480119132895197e+03 9.814252029056311244e+01
8.582680032484997355e+03 9.450538860053927692e+01
8.582879945837101332e+03 9.877356967281741618e+01
8.583079859189201670e+03 1.021179878497194693e+02
8.583279772541305647e+03 9.402574081917721571e+01
8.583479685893409624e+03 1.038954733110854818e+02
8.583679599245509962e+03 1.060669159843469203e+02
8.583879512597615758e+03 9.849450606888991899e+01
8.584079425949717916e+03 9.886670905701986101e+01
8.584279339301821892e+03 1.005075420101241690e+02
8.584479252653924050e+03 1.072975544954288125e+02
8.584679166006026207e+03 1.020705239599050458e+02
8.584879079358130184e+03 1.034656115086541917e+02
8.585078992710232342e+03 9.914313238280431051e+01
8.585278906062334499e+03 9.892265250373350227e+01
8.585478819414440295e+03 1.069377794525686340e+02
8.585678732766542453e+03 9.593684520907740421e+01
8.585878646118644610e+03 1.060426916306184637e+02
8.586078559470746768e+03 9.949421046406391156e+01
8.586278472822850745e+03 9.576312438688013629e+01
8.586478386174954721e+03 1.062969778327023960e+02
8.586678299527055060e+03 1.012796938878330764e+02
8.586878212879160856e+03 9.896729057956881093e+01
8.587078126231263013e+03 1.015307464368853374e+02
8.587278039583365171e+03 9.912010522076485586e+01
8.587477952935469148e+03 9.341694881528761130e+01
8.587677866287571305e+03 9.603345144856797333e+01
8.587877779639675282e+03 1.032347304380082136e+02
8.588077692991775621e+03 1.066148076424421305e+02
8.588277606343879597e+03 9.723233790453045344e+01
8.588477519695985393e+03 1.033142653915810740e+02
8.588677433048085732e+03 1.036303317156265109e+02
8.588877346400189708e+03 9.826716476131376510e+01
8.589077259752291866e+03 9.595338869736367826e+01
8.589277173104395843e+03 9.233241599180712456e+01
8.589477086456498000e+03 1.012382210316117153e+02
8.589676999808600158e+03 8.864760427864375458e+01
8.589876913160704134e+03 1.015993411839146745e+02
8.590076826512808111e+03 1.013391777832639207e+02
8.590276739864910269e+03 1.046129102010324345e+02
8.590476653217014245e+03 1.069197465987093238e+02
8.590676566569116403e+03 1.009916089242360044e+02
8.590876479921218561e+03 1.019958761306107249e+02
8.591076393273320718e+03 9.875082954013701908e+01
8.591276306625424695e+03 1.037739003399654081e+02
8.591476219977528672e+03 1.106454371462164090e+02
8.591676133329630829e+03 1.023274445409941933e+02
8.591876046681734806e+03 1.016909155375608691e+02
8.592075960033836964e+03 1.018731565284127072e+02
8.592275873385939121e+03 1.014352730233017610e+02
8.592475786738043098e+03 9.779722126286482364e+01
8.592675700090145256e+03 1.054921847496919298e+02
8.592875613442249232e+03 1.002154322619802969e+02
8.593075526794351390e+03 1.066731038761655697e+02
8.593275440146455367e+03 1.012845104295214611e+02
8.593475353498559343e+03 9.825085886876154007e+01
8.593675266850661501e+03 9.915406177342497074e+01
8.593875180202763659e+03 1.011926835149478734e+02
8.594075093554865816e+03 1.064645430509695672e+02
8.594275006906969793e+03 9.212478173405490622e+01
8.594474920259071951e+03 9.798629969645165261e+01
8.594674833611175927e+03 9.284715410661421231e+01
8.594874746963279904e+03 9.482665642030796960e+01
8.595074660315382062e+03 9.529951607057360263e+01
8.595274573667484219e+03 9.285726115254193758e+01
8.595474487019588196e+03 9.477182671177533280e+01
8.595674400371690353e+03 1.020059679156754271e+02
8.595874313723792511e+03 1.006567355564473161e+02
8.596074227075894669e+03 9.734640370586932079e+01
8.596274140428000464e+03 1.006096146053381517e+02
8.596474053780104441e+03 1.014157286341049797e+02
8.596673967132204780e+03 1.012590406310010849e+02
8.596873880484308756e+03 1.003439106863809371e+02
8.597073793836410914e+03 1.136022512960426951e+02
8.597273707188513072e+03 9.247439607271778073e+01
8.597473620540617048e+03 9.859378907645898948e+01
8.597673533892721025e+03 9.756321491080792896e+01
8.597873447244825002e+03 1.055667251182761248e+02
8.598073360596925340e+03 9.570171331822852778e+01
8.598273273949029317e+03 1.027560532346551838e+02
8.598473187301133294e+03 1.048074174082671419e+02
8.598673100653235451e+03 1.021626439641707691e+02
8.598873014005337609e+03 1.034555271132171725e+02
8.599072927357439767e+03 9.411305579585454950e+01
8.599272840709545562e+03 9.953859643796762668e+01
8.599472754061647720e+03 1.001474977115309173e+02
8.599672667413749878e+03 1.031892997792404714e+02
8.599872580765853854e+03 1.001980084610863457e+02
8.600072494117956012e+03 1.011212358987423841e+02
8.600272407470058170e+03 9.666285768490588737e+01
8.600472320822162146e+03 8.505216736046759252e+01
8.600672234174264304e+03 9.743827407625987291e+01
8.600872147526368281e+03 9.628696967037586774e+01
8.601072060878470438e+03 9.589984009045629421e+01
8.601271974230574415e+03 9.634227097694105169e+01
8.601471887582678391e+03 1.014607239034444035e+02
8.601671800934778730e+03 1.034572516487490930e+02
8.601871714286882707e+03 9.422939284298749385e+01
8.602071627638984864e+03 1.004699190166329146e+02
8.602271540991088841e+03 9.848399636691421222e+01
8.602471454343192818e+03 9.263481593029192140e+01
8.602671367695294975e+03 1.060916179917543190e+02
8.602871281047398952e+03 1.072599930421496026e+02
8.603071194399499291e+03 9.564918609039641240e+01
8.603271107751603267e+03 9.352071974589279080e+01
8.603471021103707244e+03 9.611810569528205406e+01
8.603670934455809402e+03 9.565605089767575464e+01
8.603870847807913378e+03 9.732586519330365604e+01
8.604070761160015536e+03 1.047964143112400848e+02
8.604270674512119513e+03 9.460479905241882648e+01
8.604470587864221670e+03 9.953465662519593593e+01
8.604670501216323828e+03 1.002656569865376781e+02
8.604870414568427805e+03 9.811358486750107488e+01
8.605070327920529962e+03 9.861331977171778362e+01
8.605270241272632120e+03 1.063167869661781992e+02
8.605470154624737916e+03 1.003409813389833829e+02
8.605670067976840073e+03 1.044177936123262782e+02
8.605869981328942231e+03 9.946718039181794779e+01
8.606069894681044389e+03 1.041991929128471099e+02
8.606269808033148365e+03 1.059305548986226029e+02
8.606469721385252342e+03 9.358883687585208122e+01
8.606669634737352681e+03 1.039523452141736897e+02
8.606869548089456657e+03 1.009521642205127989e+02
8.607069461441560634e+03 9.691078223912995782e+01
8.607269374793664610e+03 9.994184551441966846e+01
8.607469288145766768e+03 1.003689901999128011e+02
8.607669201497868926e+03 1.082981950791172068e+02
8.607869114849972902e+03 1.067703709483569554e+02
8.608069028202073241e+03 9.459960507690642828e+01
8.608268941554177218e+03 9.629913212340014184e+01
8.608468854906283013e+03 9.736164179164617849e+01
8.608668768258385171e+03 9.161417513855215589e+01
8.608868681610487329e+03 1.014707550966808469e+02
8.609068594962589486e+03 1.044635027888460570e+02
8.609268508314693463e+03 1.041559593031684585e+02
8.609468421666795621e+03 1.078782682214283426e+02
8.609668335018897778e+03 9.702838386650246605e+01
8.609868248371001755e+03 1.041148320868700097e+02
8.610068161723105732e+03 9.535381009046689371e+01
8.610268075075207889e+03 1.007861944360562489e+02
8.610467988427311866e+03 9.620487761370371516e+01
8.610667901779414024e+03 9.954815321401351014e+01
8.610867815131516181e+03 9.825122027851895723e+01
8.611067728483618339e+03 1.001863588469285702e+02
8.611267641835722316e+03 9.583230824911056800e+01
8.611467555187826292e+03 9.870872164669187043e+01
8.611667468539928450e+03 1.022082409423617690e+02
8.611867381892032427e+03 1.059507429734047435e+02
8.612067295244134584e+03 1.043160694684008547e+02
8.612267208596238561e+03 1.000623389111184451e+02
8.612467121948340719e+03 9.611486553064412419e+01
8.612667035300442876e+03 9.504915442335752118e+01
8.612866948652546853e+03 1.037062284878236511e+02
8.613066862004649010e+03 9.733263993992947860e+01
8.613266775356752987e+03 9.020244735806535630e+01
8.613466688708856964e+03 1.039896739180963579e+02
8.613666602060959121e+03 9.937853350409292830e+01
8.613866515413061279e+03 1.023735015218667712e+02
8.614066428765163437e+03 1.006556556594778584e+02
8.614266342117267413e+03 9.740922546476019761e+01
8.614466255469369571e+03 9.677918354860769057e+01
8.614666168821473548e+03 9.344063932465336109e+01
8.614866082173577524e+03 9.996413103542120382e+01
8.615065995525679682e+03 1.068616784026438040e+02
8.615265908877781840e+03 1.023724489982703858e+02
8.615465822229885816e+03 1.068633472458980407e+02
8.615665735581987974e+03 9.676590229014257716e+01
8.615865648934090132e+03 9.942158776321419111e+01
8.616065562286192289e+03 1.013684173268562603e+02
8.616265475638298085e+03 9.919371974555349425e+01
8.616465388990402062e+03 9.995772033928496114e+01
8.616665302342502400e+03 9.398034378371085040e+01
8.616865215694606377e+03 9.894492152402807505e+01
8.617065129046708535e+03 1.002334552509480119e+02
8.617265042398812511e+03 1.027285889429317507e+02
8.617464955750914669e+03 1.036444678940875548e+02
8.617664869103016827e+03 9.799577991610753713e+01
8.617864782455122622e+03 9.911716692020586095e+01
8.618064695807222961e+03 9.526347731107252059e+01
8.618264609159326938e+03 1.033117545202006653e+02
8.618464522511430914e+03 9.603063248829815279e+01
8.618664435863533072e+03 9.447718039954285985e+01
8.618864349215635229e+03 1.079883734053513535e+02
8.619064262567737387e+03 1.014908065093774354e+02
8.619264175919843183e+03 1.016743281472545135e+02
8.619464089271945340e+03 1.025474510933822074e+02
8.619664002624047498e+03 1.040484052271477537e+02
8.619863915976151475e+03 9.977280034790368290e+01
8.620063829328253632e+03 1.044723406808929838e+02
8.620263742680355790e+03 9.764038820712227107e+01
8.620463656032459767e+03 1.003730607531725099e+02
8.620663569384561924e+03 1.015076825785983914e+02
8.620863482736667720e+03 1.002193809959193800e+02
8.621063396088768059e+03 1.002022833593542543e+02
8.621263309440872035e+03 1.049552890866647203e+02
8.621463222792976012e+03 9.769714948680966415e+01
8.621663136145076351e+03 1.017683373406235887e+02
8.621863049497180327e+03 1.044598320455373681e+02
8.622062962849282485e+03 9.928854808874662297e+01
8.622262876201386462e+03 1.040790083644434674e+02
8.622462789553490438e+03 1.019955565194684368e+02
8.622662702905592596e+03 1.000479025395880512e+02
8.622862616257696573e+03 1.030544907193724811e+02
8.623062529609796911e+03 9.275881031444730240e+01
8.623262442961900888e+03 1.018143775498199659e+02
8.623462356314004865e+03 1.013084039805868173e+02
8.623662269666107022e+03 9.671512032586431928e+01
8.623862183018210999e+03 9.416494653307933049e+01
8.624062096370313157e+03 1.029430089564461355e+02
8.624262009722417133e+03 1.097072680229594823e+02
8.624461923074519291e+03 1.001348926006900086e+02
8.624661836426621448e+03 9.748154275643634037e+01
8.624861749778725425e+03 9.839738767338432979e+01
8.625061663130827583e+03 9.441195339332678316e+01
8.625261576482929740e+03 9.351242060131889389e+01
8.625461489835035536e+03 9.554896006758954741e+01
8.625661403187137694e+03 1.118354819931107897e+02
8.625861316539241670e+03 1.038973609069182942e+02
8.626061229891342009e+03 1.028524641225370289e+02
8.626261143243445986e+03 1.014116751626508943e+02
8.626461056595549962e+03 9.907822616678183181e+01
8.626660969947650301e+03 9.428873003381390561e+01
8.626860883299754278e+03 1.022131742871079467e+02
8.627060796651858254e+03 1.002975848432756152e+02
8.627260710003962231e+03 1.083573397185629261e+02
8.627460623356064389e+03 1.015786378704364097e+02
8.627660536708166546e+03 9.863570754257123951e+01
8.627860450060270523e+03 9.210532851246155417e+01
8.628060363412370862e+03 9.684317955186050142e+01
8.628260276764474838e+03 9.968951102577280210e+01
8.628460190116578815e+03 1.012889270748611210e+02
8.628660103468682792e+03 9.708548273508968407e+01
8.628860016820784949e+03 1.073067928201380568e+02
8.629059930172887107e+03 1.059472340215759942e+02
8.629259843524991084e+03 1.024521207532958300e+02
8.629459756877093241e+03 9.805538362225382798e+01
8.629659670229195399e+03 9.789276405587273189e+01
8.629859583581299376e+03 1.060322433998744600e+02
8.630059496933403352e+03 9.702554441927870243e+01
8.630259410285505510e+03 9.926186232222038086e+01
8.630459323637609486e+03 9.834642804441398312e+01
8.630659236989711644e+03 9.783997417818289932e+01
8.630859150341815621e+03 9.848532454728960772e+01
8.631059063693915959e+03 1.000913444618789754e+02
8.631258977046019936e+03 9.690513334644316501e+01
8.631458890398123913e+03 1.029780275179243034e+02
8.631658803750226070e+03 1.006528958201396335e+02
8.631858717102330047e+03 1.012610843910756699e+02
8.632058630454432205e+03 1.007874371066483405e+02
8.632258543806536181e+03 1.009465425853478138e+02
8.632458457158638339e+03 1.013650566127843859e+02
8.632658370510740497e+03 9.927212586258853833e+01
8.632858283862844473e+03 1.000610544004562570e+02
8.633058197214944812e+03 9.757921945897849980e+01
8.633258110567050608e+03 1.091937163235509445e+02
8.633458023919154584e+03 9.574521734398210526e+01
8.633657937271256742e+03 9.598425984529548316e+01
8.633857850623358900e+03 9.563184975127694543e+01
8.634057763975461057e+03 9.826089554116491342e+01
8.634257677327565034e+03 8.609318689038629202e+01
8.634457590679667192e+03 1.014335126075434772e+02
8.634657504031771168e+03 9.857946766140463524e+01
8.634857417383875145e+03 9.920069909989176438e+01
8.635057330735977303e+03 9.683716495991656359e+01
8.635257244088079460e+03 9.262319701246451586e+01
8.635457157440183437e+03 9.846504644094474656e+01
8.635657070792285595e+03 9.870960626203314803e+01
8.635856984144389571e+03 9.349335050525544943e+01
8.636056897496489910e+03 1.007890688045607277e+02
8.636256810848595705e+03 1.015789645771903906e+02
8.636456724200699682e+03 1.044860595917327544e+02
8.636656637552800021e+03 9.784468977260894462e+01
8.636856550904903997e+03 9.521220906523521421e+01
8.637056464257006155e+03 9.493367407489903087e+01
8.637256377609110132e+03 9.888504041716235804e+01
8.637456290961212289e+03 1.041976245138967272e+02
8.637656204313314447e+03 1.000161875396834290e+02
8.637856117665420243e+03 9.846274157290008588e+01
8.638056031017520581e+03 9.602281553325400409e+01
8.638255944369624558e+03 9.949608192222397918e+01
8.638455857721728535e+03 9.852258341901395511e+01
8.638655771073830692e+03 1.052965769559765477e+02
8.638855684425932850e+03 1.037241250532684802e+02
8.639055597778035008e+03 1.005119721512398172e+02
8.639255511130140803e+03 9.912525987091075308e+01
8.639455424482244780e+03 9.859811453741487242e+01
8.639655337834345119e+03 9.430944022480630906e+01
8.639855251186449095e+03 9.719138378067091821e+01
8.640055164538551253e+03 9.130315663938179682e+01
8.640255077890653411e+03 9.816427751177650407e+01
8.640454991242757387e+03 9.315737335239883521e+01
8.640654904594859545e+03 1.001498759047403979e+02
8.640854817946965341e+03 1.033767200431505699e+02
8.641054731299065679e+03 9.944554384005074610e+01
8.641254644651169656e+03 1.062849155934161161e+02
8.641454558003273632e+03 9.522416667481506636e+01
8.641654471355373971e+03 1.082043371081146148e+02
8.641854384707477948e+03 1.021558154521001001e+02
8.642054298059580105e+03 9.837514743855707877e+01
8.642254211411684082e+03 9.526592931757265603e+01
8.642454124763788059e+03 9.863092445620705462e+01
8.642654038115890216e+03 1.037879571711105200e+02
8.642853951467994193e+03 1.045511722392849947e+02
8.643053864820094532e+03 9.700004695440371449e+01
8.643253778172198508e+03 1.026578969186272445e+02
8.643453691524302485e+03 8.946826930658781407e+01
8.643653604876404643e+03 9.656959888614963461e+01
8.643853518228506800e+03 1.003015209581651135e+02
8.644053431580610777e+03 9.921746722384166617e+01
8.644253344932714754e+03 9.553801684369503278e+01
8.644453258284818730e+03 9.935467064277676741e+01
8.644653171636919069e+03 9.550075382629867704e+01
8.644853084989023046e+03 1.073184315540359250e+02
8.645052998341125203e+03 9.317469899459743488e+01
8.645252911693227361e+03 1.002337071106148585e+02
8.645452825045333157e+03 9.436814268723396992e+01
8.645652738397435314e+03 9.701928692556029432e+01
8.645852651749539291e+03 1.004453700132531964e+02
8.646052565101639630e+03 9.942499666023822158e+01
8.646252478453743606e+03 9.635239021359770106e+01
8.646452391805847583e+03 9.860292317238676674e+01
8.646652305157947922e+03 9.675990104039387063e+01
8.646852218510051898e+03 9.345965224787292414e+01
8.647052131862155875e+03 9.565640255628392197e+01
8.647252045214259851e+03 1.012699891897236881e+02
8.647451958566362009e+03 9.448306614734202924e+01
8.647651871918464167e+03 8.992737672231190516e+01
8.647851785270568143e+03 8.891181493800326052e+01
8.648051698622668482e+03 9.727553714642138516e+01
8.648251611974772459e+03 9.649948110197094309e+01
8.648451525326876435e+03 1.014105271550012901e+02
8.648651438678980412e+03 1.018055552102860162e+02
8.648851352031082570e+03 9.989710422805630685e+01
8.649051265383184727e+03 9.558275935880996599e+01
8.649251178735288704e+03 1.043147044947107105e+02
8.649451092087392681e+03 1.005032324207905674e+02
8.649651005439493019e+03 9.625519194197991624e+01
8.649850918791596996e+03 1.012633912771385525e+02
8.650050832143700973e+03 1.062907844360389902e+02
8.650250745495803130e+03 1.028549223269635746e+02
8.650450658847907107e+03 1.018741505011962971e+02
8.650650572200009265e+03 1.038914117286613674e+02
8.650850485552113241e+03 9.195053001974680740e+01
8.651050398904213580e+03 9.972656841923823379e+01
8.651250312256317557e+03 9.765315746753618953e+01
8.651450225608421533e+03 9.348140993067042359e+01
8.651650138960523691e+03 1.043333711460881830e+02
8.651850052312627668e+03 1.015288763123000706e+02
8.652049965664729825e+03 9.266991512187270530e+01
8.652249879016833802e+03 9.808050147763391635e+01
8.652449792368935960e+03 1.059206042349527053e+02
8.652649705721038117e+03 1.024529820695021556e+02
8.652849619073142094e+03 9.256590755388666025e+01
8.653049532425244251e+03 9.928925692398738079e+01
8.653249445777348228e+03 9.972192848615651428e+01
8.653449359129452205e+03 1.013049463281219715e+02
8.653649272481554362e+03 1.011833498796941626e+02
8.653849185833656520e+03 1.070795244299899167e+02
8.654049099185758678e+03 9.758680860326904849e+01
8.654249012537862654e+03 9.485006192179130835e+01
8.654448925889966631e+03 9.181961466559488372e+01
8.654648839242066970e+03 1.057665006344223855e+02
8.654848752594172765e+03 9.748137814884623253e+01
8.655048665946274923e+03 1.023343314828614155e+02
8.655248579298377081e+03 1.030912960055234464e+02
8.655448492650481057e+03 9.221117595373488030e+01
8.655648406002583215e+03 9.444138807226062227e+01
8.655848319354687192e+03 9.403278615923558448e+01
8.656048232706787530e+03 1.024943141024524209e+02
8.656248146058893326e+03 9.727353253713266668e+01
8.656448059410997303e+03 9.746490711378122285e+01
8.656647972763097641e+03 8.620530963237986555e+01
8.656847886115201618e+03 9.207271281046919853e+01
8.657047799467303776e+03 8.583295824928991635e+01
8.657247712819407752e+03 8.533477872409649478e+01
8.657447626171509910e+03 7.186536970782785261e+01
8.657647539523612068e+03 6.602265690244664142e+01
8.657847452875717863e+03 6.267735976162143885e+01
8.658047366227820021e+03 5.585515116729624197e+01
8.658247279579922179e+03 5.026388784777365260e+01
8.658447192932026155e+03 3.849604276331137953e+01
8.658647106284128313e+03 4.569117753676459159e+01
8.658847019636230470e+03 6.304594567318281406e+01
8.659046932988332628e+03 7.016173125925213583e+01
8.659246846340436605e+03 6.606545748912698457e+01
8.659446759692542400e+03 7.450049606599148433e+01
8.659646673044642739e+03 8.516015624928907357e+01
8.659846586396746716e+03 8.584029342690101316e+01
8.660046499748848873e+03 9.130966504224680591e+01
8.660246413100951031e+03 9.095428824170940629e+01
8.660446326453055008e+03 9.593905898353341399e+01
8.660646239805157165e+03 9.171260617069799537e+01
8.660846153157262961e+03 8.201346630116185565e+01
8.661046066509363300e+03 8.858012171431698789e+01
8.661245979861467276e+03 8.413538806503927958e+01
8.661445893213571253e+03 9.128559672243616774e+01
8.661645806565671592e+03 8.713442473903018026e+01
8.661845719917775568e+03 8.729705175055103439e+01
8.662045633269877726e+03 1.027912426896470777e+02
8.662245546621981703e+03 1.002095266440669974e+02
8.662445459974085679e+03 9.288820547722234267e+01
8.662645373326187837e+03 9.057217279203865701e+01
8.662845286678291814e+03 9.735856870781638861e+01
8.663045200030393971e+03 9.519122356620674452e+01
8.663245113382496129e+03 9.758168405433532655e+01
8.663445026734600106e+03 9.938725333826393182e+01
8.663644940086702263e+03 9.759151554503942805e+01
8.663844853438804421e+03 1.024219798381520121e+02
8.664044766790908398e+03 9.627151045533960882e+01
8.664244680143012374e+03 1.006207974741031705e+02
8.664444593495116351e+03 9.668163924910368223e+01
8.664644506847216689e+03 1.054188639629919919e+02
8.664844420199320666e+03 9.748807479934443165e+01
8.665044333551422824e+03 9.873934349169537938e+01
8.665244246903524981e+03 9.279407426568045025e+01
8.665444160255628958e+03 1.004242001531350184e+02
8.665644073607732935e+03 9.711814829659117265e+01
8.665843986959836911e+03 1.004162941540694618e+02
8.666043900311937250e+03 9.807740387737207755e+01
8.666243813664041227e+03 9.836659562980081262e+01
8.666443727016145203e+03 9.709409183174311408e+01
8.666643640368247361e+03 9.740738567093312383e+01
8.666843553720349519e+03 1.006597307810714312e+02
8.667043467072453495e+03 9.898259550686269392e+01
8.667243380424557472e+03 1.022946208170401690e+02
8.667443293776659630e+03 9.514254301867835295e+01
8.667643207128761787e+03 1.038402030546044159e+02
8.667843120480865764e+03 1.032117685625160988e+02
8.668043033832967922e+03 1.037195553950828355e+02
8.668242947185070079e+03 9.672743499330424299e+01
8.668442860537174056e+03 9.986118068013341542e+01
8.668642773889278033e+03 9.888207733802978794e+01
8.668842687241380190e+03 9.587419837050583737e+01
8.669042600593482348e+03 1.038075531520451449e+02
8.669242513945586325e+03 9.936063328841559894e+01
8.669442427297690301e+03 1.081941097653705413e+02
8.669642340649790640e+03 9.668289596021614329e+01
8.669842254001894617e+03 1.004418182980441259e+02
8.670042167353996774e+03 8.767945960506963843e+01
8.670242080706100751e+03 9.224183095521551934e+01
8.670441994058204727e+03 1.111928544354705792e+02
8.670641907410306885e+03 1.049736731595603345e+02
8.670841820762410862e+03 9.049322371187665226e+01
8.671041734114511200e+03 9.040340204075113206e+01
8.671241647466615177e+03 8.868002830705350448e+01
8.671441560818719154e+03 9.467648064364293248e+01
8.671641474170823130e+03 1.046755241780475103e+02
8.671841387522925288e+03 9.633037002695101592e+01
8.672041300875027446e+03 1.013491339919441998e+02
8.672241214227131422e+03 1.029957866289459787e+02
8.672441127579233580e+03 9.784092100118992619e+01
8.672641040931335738e+03 9.393128862994898043e+01
8.672840954283439714e+03 1.008797910457489451e+02
8.673040867635541872e+03 1.031028401420115728e+02
8.673240780987645849e+03 9.842283989519478382e+01
8.673440694339749825e+03 9.666944219595825416e+01
8.673640607691851983e+03 9.875825447024919868e+01
8.673840521043954141e+03 1.071549588576389169e+02
8.674040434396056298e+03 9.514875030903321829e+01
8.674240347748160275e+03 8.970455533711677276e+01
8.674440261100264252e+03 9.807453579442103830e+01
8.674640174452364590e+03 9.479521688795799150e+01
8.674840087804470386e+03 1.061834879337236401e+02
8.675040001156572544e+03 9.413549875591871796e+01
8.675239914508674701e+03 1.099113366893693495e+02
8.675439827860778678e+03 1.044775242309342644e+02
8.675639741212880836e+03 9.799452223329802791e+01
8.675839654564984812e+03 1.043951904600969982e+02
8.676039567917085151e+03 1.045763849341069118e+02
8.676239481269189127e+03 9.743725808006655598e+01
8.676439394621294923e+03 9.708016174138018073e+01
8.676639307973397081e+03 1.017923938456361554e+02
8.676839221325499238e+03 1.090498544353413877e+02
8.677039134677601396e+03 9.727342244898242996e+01
8.677239048029705373e+03 1.027767969829940284e+02
8.677438961381807530e+03 9.477402770256760789e+01
8.677638874733909688e+03 1.057497030462769203e+02
8.677838788086015484e+03 1.027008440941943945e+02
8.678038701438117641e+03 9.783327076176175296e+01
8.678238614790219799e+03 1.039092912726993916e+02
8.678438528142323776e+03 9.233007622203517428e+01
8.678638441494425933e+03 1.041219338759985504e+02
8.678838354846528091e+03 1.027583520952927927e+02
8.679038268198630249e+03 9.847168941038705725e+01
8.679238181550734225e+03 1.088001605731451917e+02
8.679438094902840021e+03 9.916916398829710033e+01
8.679638008254940360e+03 1.060498829147838222e+02
8.679837921607044336e+03 9.513335215750858254e+01
8.680037834959146494e+03 1.032910745215436492e+02
8.680237748311250471e+03 1.056915675089099693e+02
8.680437661663352628e+03 9.727358995202797587e+01
8.680637575015454786e+03 9.157948057942896014e+01
8.680837488367558763e+03 1.005083470896622799e+02
8.681037401719660920e+03 9.581267971399529415e+01
8.681237315071764897e+03 9.792468344953897486e+01
8.681437228423868874e+03 9.694864368576467939e+01
8.681637141775971031e+03 1.087870023651417171e+02
8.681837055128073189e+03 1.022989384730855562e+02
8.682036968480175346e+03 1.029107047283643652e+02
8.682236881832279323e+03 1.063123605934813298e+02
8.682436795184383300e+03 9.932081370722778502e+01
8.682636708536485457e+03 1.037968167724414741e+02
8.682836621888589434e+03 9.155692122326551896e+01
8.683036535240691592e+03 9.864547835948370391e+01
8.683236448592793749e+03 8.482741587018915652e+01
8.683436361944897726e+03 1.061543458265146569e+02
8.683636275296999884e+03 9.859761862940050037e+01
8.683836188649102041e+03 1.061836238793747498e+02
8.684036102001206018e+03 1.052114707646619678e+02
8.684236015353309995e+03 1.029498189419637413e+02
8.684435928705413971e+03 1.004779936026594243e+02
8.684635842057514310e+03 9.682822089398918308e+01
8.684835755409618287e+03 7.443192801776953615e+01
8.685035668761720444e+03 9.620317991801707080e+01
8.685235582113824421e+03 9.189404207549129922e+01
8.685435495465926579e+03 9.407297666968121064e+01
8.685635408818030555e+03 9.836551949780964321e+01
8.685835322170134532e+03 9.367877518851689445e+01
8.686035235522234871e+03 1.001683201964535499e+02
8.686235148874338847e+03 9.898896008583868422e+01
8.686435062226442824e+03 9.582913071535172378e+01
8.686634975578544982e+03 9.887412655608228818e+01
8.686834888930647139e+03 9.999232820114060871e+01
8.687034802282751116e+03 1.000616015400642738e+02
8.687234715634855093e+03 9.922884433479296717e+01
8.687434628986957250e+03 9.596787039607961844e+01
8.687634542339059408e+03 9.763445221083230763e+01
8.687834455691163384e+03 1.006592509998623513e+02
8.688034369043265542e+03 9.760840128147033568e+01
8.688234282395367700e+03 1.076430431165416906e+02
8.688434195747471676e+03 1.029625358847472967e+02
8.688634109099575653e+03 9.425812674333803898e+01
8.688834022451677811e+03 1.051624729736669650e+02
8.689033935803779968e+03 1.072196887470583562e+02
8.689233849155883945e+03 9.913618183834149988e+01
8.689433762507987922e+03 9.971493636886047796e+01
8.689633675860088260e+03 1.092197494275566783e+02
8.689833589212192237e+03 9.851003917722833592e+01
8.690033502564294395e+03 9.980308573680552797e+01
8.690233415916400190e+03 1.022668452775513828e+02
8.690433329268502348e+03 1.036378012238776023e+02
8.690633242620604506e+03 9.885301037909319177e+01
8.690833155972708482e+03 9.375111971789837639e+01
8.691033069324808821e+03 1.030523098344998800e+02
8.691232982676912798e+03 1.049505059660931181e+02
8.691432896029016774e+03 1.002661467885453561e+02
8.691632809381118932e+03 1.005042315851796815e+02
8.691832722733222909e+03 1.013968858344511972e+02
8.692032636085325066e+03 1.072039266317434993e+02
8.692232549437429043e+03 9.830577897547618704e+01
8.692432462789531201e+03 1.023987224384250396e+02
8.692632376141633358e+03 9.297735951423241829e+01
8.692832289493737335e+03 8.982965014186297026e+01
8.693032202845839493e+03 9.696616294692331905e+01
8.693232116197943469e+03 9.404963229343381670e+01
8.693432029550047446e+03 1.037970325643515537e+02
8.693631942902149603e+03 9.679595784945360037e+01
8.693831856254253580e+03 9.811242729950551222e+01
8.694031769606353919e+03 9.590569958499750669e+01
8.694231682958457895e+03 1.006322776271295538e+02
8.694431596310561872e+03 1.076452614920517590e+02
8.694631509662662211e+03 9.765558538932484112e+01
8.694831423014768006e+03 1.087654000014354096e+02
8.695031336366870164e+03 1.041655185237323167e+02
8.695231249718974141e+03 9.545719625530503549e+01
8.695431163071076298e+03 1.082653315866727581e+02
8.695631076423178456e+03 1.007449852183003998e+02
8.695830989775282433e+03 1.009958642606042503e+02
8.696030903127382771e+03 9.335994148382327751e+01
8.696230816479486748e+03 1.017720860408714003e+02
8.696430729831592544e+03 9.991249444123658918e+01
8.696630643183694701e+03 1.024776015761474639e+02
8.696830556535796859e+03 9.796725704743170127e+01
8.697030469887899017e+03 1.020634746210062360e+02
8.697230383240002993e+03 1.029780710606020193e+02
8.697430296592105151e+03 1.025538505084753353e+02
8.697630209944207309e+03 9.985315204308368209e+01
8.697830123296313104e+03 9.316333709854579581e+01
8.698030036648415262e+03 9.250599365433976118e+01
8.698229950000517420e+03 9.845186054251492180e+01
8.698429863352621396e+03 1.124799128341337422e+02
8.698629776704723554e+03 9.866997610595615242e+01
8.698829690056827530e+03 9.382605662192653995e+01
8.699029603408927869e+03 1.044773203914428592e+02
8.699229516761031846e+03 1.081712974913801020e+02
8.699429430113137641e+03 9.280846578458645979e+01
8.699629343465237980e+03 1.020347100715032980e+02
8.699829256817341957e+03 1.049665990376462048e+02
8.700029170169444114e+03 1.017093535562279953e+02
8.700229083521548091e+03 9.382503860653653760e+01
8.700428996873650249e+03 9.917555782832327793e+01
8.700628910225752406e+03 1.044486371071479454e+02
8.700828823577856383e+03 9.703556033112899115e+01
8.701028736929958541e+03 9.749373507566664898e+01
8.701228650282062517e+03 9.662336660998374782e+01
8.701428563634166494e+03 9.263405768720744504e+01
8.701628476986268652e+03 1.033867279344515850e+02
8.701828390338370809e+03 9.880492740834596077e+01
8.702028303690472967e+03 9.978386600460275702e+01
8.702228217042576944e+03 1.070970539123687217e+02
8.702428130394679101e+03 9.126801081767561641e+01
8.702628043746783078e+03 9.647325154801517044e+01
8.702827957098887055e+03 1.047093753946599151e+02
8.703027870450989212e+03 9.526790766573881797e+01
8.703227783803091370e+03 9.532756938256355284e+01
8.703427697155195347e+03 1.084952370735335734e+02
8.703627610507297504e+03 9.338579668099885112e+01
8.703827523859401481e+03 1.063320305739071472e+02
8.704027437211503639e+03 1.056776471009741272e+02
8.704227350563607615e+03 1.023517422652666227e+02
8.704427263915711592e+03 1.006306186979311263e+02
8.704627177267811931e+03 9.476311504520238316e+01
8.704827090619915907e+03 1.016075242650577053e+02
8.705027003972018065e+03 1.009483619760413546e+02
8.705226917324122041e+03 1.097401262324325302e+02
8.705426830676224199e+03 9.702281198283293406e+01
8.705626744028328176e+03 9.869374116578771350e+01
8.705826657380432152e+03 1.013676712770569566e+02
8.706026570732532491e+03 1.044887801395909861e+02
8.706226484084636468e+03 1.012622664287358987e+02
8.706426397436740444e+03 9.702600157208267717e+01
8.706626310788842602e+03 9.879548574469170319e+01
8.706826224140944760e+03 9.818443258543480567e+01
8.707026137493046917e+03 9.705961222394874710e+01
8.707226050845152713e+03 1.013588880855681680e+02
8.707425964197256690e+03 1.088711607576904754e+02
8.707625877549357028e+03 9.467890096065561067e+01
8.707825790901461005e+03 9.975479488929182992e+01
8.708025704253563163e+03 9.547592742551860567e+01
8.708225617605665320e+03 9.403951810506730169e+01
8.708425530957769297e+03 1.008271057965220621e+02
8.708625444309873274e+03 1.038712927970031927e+02
8.708825357661977250e+03 1.034037572170169597e+02
8.709025271014077589e+03 9.557090896391670753e+01
8.709225184366181566e+03 9.311770883473265314e+01
8.709425097718285542e+03 1.030945941186184029e+02
8.709625011070385881e+03 9.927755022536310037e+01
8.709824924422489858e+03 1.006384906535060111e+02
8.710024837774592015e+03 9.836331942244341064e+01
8.710224751126697811e+03 1.007976032925675867e+02
8.710424664478799968e+03 1.007501786173457674e+02
8.710624577830902126e+03 1.041130503992516623e+02
8.710824491183006103e+03 1.074881032595234558e+02
8.711024404535106441e+03 1.044442615032900505e+02
8.711224317887210418e+03 9.384651258307546584e+01
8.711424231239314395e+03 8.961049189206039500e+01
8.711624144591416552e+03 1.001364426024322967e+02
8.711824057943520529e+03 9.818570215670342805e+01
8.712023971295622687e+03 9.674523988404908437e+01
8.712223884647726663e+03 9.531221084293986223e+01
8.712423797999830640e+03 9.857629741195391659e+01
8.712623711351930979e+03 1.036385118141659802e+02
8.712823624704034955e+03 9.775113812950571912e+01
8.713023538056137113e+03 1.044614395343408546e+02
8.713223451408239271e+03 1.008771073997056078e+02
8.713423364760345066e+03 1.045745512769994150e+02
8.713623278112447224e+03 1.058897878399200323e+02
8.713823191464551201e+03 9.455096570027276925e+01
8.714023104816651539e+03 9.919640541369248865e+01
8.714223018168755516e+03 9.381511163631138572e+01
8.714422931520859493e+03 1.012899107305008357e+02
8.714622844872959831e+03 1.018566348951533911e+02
8.714822758225065627e+03 1.012213725717819699e+02
8.715022671577167785e+03 9.889626625523588643e+01
8.715222584929271761e+03 1.029943264601777315e+02
8.715422498281373919e+03 9.811737114585884001e+01
8.715622411633476077e+03 1.061060368236258711e+02
8.715822324985580053e+03 1.041748450981350516e+02
8.716022238337680392e+03 9.869095426788052805e+01
8.716222151689784369e+03 9.943770324354018442e+01
8.716422065041890164e+03 1.079884302814561607e+02
8.716621978393992322e+03 1.059852940151144054e+02
8.716821891746094479e+03 1.021486744808433826e+02
8.717021805098196637e+03 9.686973467719782604e+01
8.717221718450300614e+03 1.043110978900370753e+02
8.717421631802404590e+03 1.053502297053330068e+02
8.717621545154504929e+03 9.631040491528509051e+01
8.717821458506608906e+03 1.056124229182989183e+02
8.718021371858712882e+03 8.645902530960178467e+01
8.718221285210815040e+03 9.530725504960589944e+01
8.718421198562919017e+03 9.478462320526018914e+01
8.718621111915021174e+03 1.022220899602119886e+02
8.718821025267125151e+03 1.036809830449868457e+02
8.719020938619225490e+03 1.040720854990213837e+02
8.719220851971329466e+03 1.029984903219990713e+02
8.719420765323435262e+03 9.422633491636626957e+01
8.719620678675535601e+03 1.018431614675418047e+02
8.719820592027639577e+03 1.022361869931129661e+02
8.720020505379741735e+03 9.575782998320603667e+01
8.720220418731845712e+03 1.052840477800079952e+02
8.720420332083947869e+03 1.067379093439992772e+02
8.720620245436050027e+03 9.201971734635179700e+01
8.720820158788154004e+03 1.037158378095341504e+02
8.721020072140257980e+03 1.063384253765398881e+02
8.721219985492360138e+03 9.111428672676058227e+01
8.721419898844464115e+03 9.699779676223214153e+01
8.721619812196566272e+03 1.049257413274342525e+02
8.721819725548668430e+03 1.086026725613326107e+02
8.722019638900770587e+03 9.527376958173199739e+01
8.722219552252874564e+03 1.022509053142889570e+02
8.722419465604978541e+03 1.033694319374809254e+02
8.722619378957080698e+03 9.907543681665117674e+01
8.722819292309184675e+03 1.037160093012746671e+02
8.723019205661286833e+03 9.718482836777842238e+01
8.723219119013388990e+03 1.003140256631292715e+02
8.723419032365492967e+03 9.921647492545459102e+01
8.723618945717595125e+03 9.794002617560092006e+01
8.723818859069699101e+03 1.030660664719982265e+02
8.724018772421799440e+03 1.045521969183299831e+02
8.724218685773905236e+03 9.687193767556722435e+01
8.724418599126009212e+03 9.720998006754342669e+01
8.724618512478109551e+03 1.079254658338523143e+02
8.724818425830213528e+03 1.053759629298094467e+02
8.725018339182315685e+03 1.054300724260550197e+02
8.725218252534419662e+03 9.779647928996273265e+01
8.725418165886521820e+03 9.766562964157445492e+01
8.725618079238625796e+03 1.039854680616373770e+02
8.725817992590729773e+03 1.059475557486686483e+02
8.726017905942831931e+03 9.147286562225087891e+01
8.726217819294934088e+03 1.037459975714949536e+02
