8.479632541294766270e+03 1.004167257165604212e+02
8.479832532628290210e+03 1.021043073158537027e+02
8.480032523961808693e+03 1.005514335370386760e+02
8.480232515295330813e+03 9.958480207645185089e+01
8.480432506628851115e+03 9.941782111562287128e+01
8.480632497962371417e+03 1.003204526248921695e+02
8.480832489295895357e+03 1.008976657797073813e+02
8.481032480629413840e+03 9.972099293290565925e+01
8.481232471962935961e+03 9.746275742214609750e+01
8.481432463296456262e+03 9.632714863147114670e+01
8.481632454629978383e+03 9.802064969124047877e+01
8.481832445963500504e+03 9.880652944996553799e+01
8.482032437297020806e+03 9.781442442218973099e+01
8.482232428630541108e+03 9.954769728791218597e+01
8.482432419964063229e+03 9.879109675142804292e+01
8.482632411297583531e+03 9.860723804417955307e+01
8.482832402631105651e+03 1.006478874645971189e+02
8.483032393964625953e+03 1.002951309281630614e+02
8.483232385298146255e+03 1.000625451808394502e+02
8.483432376631668376e+03 1.012677636136459398e+02
8.483632367965188678e+03 1.007628704909367343e+02
8.483832359298710799e+03 1.018971135554730125e+02
8.484032350632231100e+03 9.997189829174817532e+01
8.484232341965753221e+03 9.964791861457003108e+01
8.484432333299273523e+03 9.970965611638983717e+01
8.484632324632795644e+03 1.005963679336519618e+02
8.484832315966315946e+03 1.004407985088908788e+02
8.485032307299836248e+03 1.009885109913747812e+02
8.485232298633358369e+03 9.918756366095396970e+01
8.485432289966878670e+03 9.893316289815750508e+01
8.485632281300400791e+03 1.003223648045365053e+02
8.485832272633921093e+03 9.954292737549448589e+01
8.486032263967443214e+03 9.967226613993513240e+01
8.486232255300963516e+03 9.913332111024607229e+01
8.486432246634483818e+03 9.995291041289934242e+01
8.486632237968005938e+03 1.008068715973194998e+02
8.486832229301528059e+03 9.869748162721691642e+01
8.487032220635048361e+03 9.986318336367905601e+01
8.487232211968568663e+03 9.950486548488028404e+01
8.487432203302088965e+03 9.937491278056057808e+01
8.487632194635611086e+03 1.003550465601343262e+02
8.487832185969133207e+03 1.007057499969033074e+02
8.488032177302653508e+03 9.910628743853918365e+01
8.488232168636175629e+03 1.000024385217825511e+02
8.488432159969694112e+03 9.942240345116599087e+01
8.488632151303218052e+03 1.004009529025190091e+02
8.488832142636738354e+03 9.911314995383675353e+01
8.489032133970258656e+03 1.014523854387722253e+02
8.489232125303780776e+03 1.002338991418992293e+02
8.489432116637299259e+03 9.816062783587649676e+01
8.489632107970823199e+03 9.706878355385950385e+01
8.489832099304343501e+03 9.877263724329399963e+01
8.490032090637863803e+03 1.004712821486704684e+02
8.490232081971385924e+03 9.992164937840107086e+01
8.490432073304906226e+03 9.991874553175253482e+01
8.490632064638428346e+03 9.888783700337334892e+01
8.490832055971950467e+03 1.006716908455151156e+02
8.491032047305468950e+03 9.942440371234856400e+01
8.491232038638992890e+03 1.003880509525597091e+02
8.491432029972511373e+03 1.010515776640208543e+02
8.491632021306033494e+03 1.005286433017863317e+02
8.491832012639555614e+03 9.929036359264962641e+01
8.492032003973074097e+03 1.010696203934634383e+02
8.492231995306598037e+03 9.926263520985776267e+01
8.492431986640116520e+03 9.903976910733356931e+01
8.492631977973638641e+03 1.004978223723728661e+02
8.492831969307160762e+03 1.002708980811653987e+02
8.493031960640681064e+03 1.023135527780959961e+02
8.493231951974203184e+03 9.897053129157313833e+01
8.493431943307721667e+03 9.794243287312239943e+01
8.493631934641243788e+03 1.001647735127347829e+02
8.493831925974765909e+03 9.844261448965986006e+01
8.494031917308286211e+03 9.921891177671712114e+01
8.494231908641808332e+03 9.918723569637707271e+01
8.494431899975328633e+03 9.881815383416513043e+01
8.494631891308848935e+03 1.009402276765384272e+02
8.494831882642372875e+03 9.902399347701398824e+01
8.495031873975891358e+03 9.873447631474128627e+01
8.495231865309413479e+03 9.793640443709973908e+01
8.495431856642933781e+03 9.596620409680303965e+01
8.495631847976455902e+03 9.705677243142284283e+01
8.495831839309978022e+03 9.528921927810911541e+01
8.496031830643496505e+03 9.516284263256252984e+01
8.496231821977018626e+03 9.526036092266321020e+01
8.496431813310538928e+03 8.956562412115579264e+01
8.496631804644061049e+03 8.695660090992072355e+01
8.496831795977583170e+03 8.159987682910171714e+01
8.497031787311103471e+03 7.236071468675164908e+01
8.497231778644623773e+03 6.371974671950436431e+01
8.497431769978145894e+03 5.417812641028662313e+01
8.497631761311666196e+03 4.993877449927303047e+01
8.497831752645188317e+03 5.327770222844072379e+01
8.498031743978708619e+03 5.982042283488584644e+01
8.498231735312228921e+03 7.069141729797607354e+01
8.498431726645751041e+03 8.197941561651485642e+01
8.498631717979271343e+03 8.569161329233460833e+01
8.498831709312793464e+03 9.019315181422102512e+01
8.499031700646313766e+03 9.312173565431294264e+01
8.499231691979835887e+03 9.673378031958893075e+01
8.499431683313356189e+03 9.558466990865521495e+01
8.499631674646876490e+03 9.961521442278021254e+01
8.499831665980398611e+03 9.834266700921423876e+01
8.500031657313920732e+03 9.930367785885489695e+01
8.500231648647441034e+03 9.865982220676038139e+01
8.500431639980961336e+03 9.933898457033107832e+01
8.500631631314483457e+03 9.982939479430383756e+01
8.500831622648003759e+03 9.928429174716690397e+01
8.501031613981525879e+03 9.993829520619264883e+01
8.501231605315046181e+03 9.985057592648102798e+01
8.501431596648566483e+03 9.862408716946973186e+01
8.501631587982088604e+03 9.961114749186745598e+01
8.501831579315610725e+03 9.990148035531542803e+01
8.502031570649131027e+03 9.932410327071849565e+01
8.502231561982651328e+03 9.924608943802186900e+01
8.502431553316171630e+03 9.976240858213898832e+01
8.502631544649693751e+03 9.970584287114014899e+01
8.502831535983215872e+03 1.013707116760763824e+02
8.503031527316736174e+03 9.851581098567618255e+01
8.503231518650258295e+03 9.857574343567046071e+01
8.503431509983776778e+03 9.994242003016337605e+01
8.503631501317300717e+03 9.972797270499776801e+01
8.503831492650821019e+03 9.935438897729356711e+01
8.504031483984341321e+03 9.933597552116580687e+01
8.504231475317863442e+03 9.985523303108078608e+01
8.504431466651383744e+03 9.926229696895467214e+01
8.504631457984905865e+03 9.890336480521669671e+01
8.504831449318426166e+03 1.020203765542005669e+02
8.505031440651946468e+03 9.810987802532139312e+01
8.505231431985468589e+03 1.008358373296714348e+02
8.505431423318988891e+03 1.011636627215550419e+02
8.505631414652511012e+03 9.776902591424354227e+01
8.505831405986031314e+03 9.895677310015720707e+01
8.506031397319551616e+03 1.005583236691654605e+02
8.506231388653075555e+03 9.998811651308292880e+01
8.506431379986594038e+03 1.000352691146464821e+02
8.506631371320116159e+03 9.906132097357902921e+01
8.506831362653638280e+03 9.863139237823408223e+01
8.507031353987156763e+03 1.012034825553204911e+02
8.507231345320680703e+03 9.870496366741495819e+01
8.507431336654199185e+03 1.006909636067651661e+02
8.507631327987721306e+03 9.910859912753170420e+01
8.507831319321243427e+03 1.001389529675293630e+02
8.508031310654763729e+03 1.000109481745435005e+02
8.508231301988285850e+03 1.016326404185150665e+02
8.508431293321804333e+03 1.014199966330838265e+02
8.508631284655326454e+03 1.012684301004491232e+02
8.508831275988850393e+03 1.012508086819059088e+02
8.509031267322368876e+03 1.002478201322388429e+02
8.509231258655890997e+03 1.012656160948151438e+02
8.509431249989411299e+03 1.015775405118709358e+02
8.509631241322931601e+03 1.010296737095011821e+02
8.509831232656455541e+03 9.941828660772488035e+01
8.510031223989974023e+03 1.004013042577684587e+02
8.510231215323496144e+03 1.012286346562949433e+02
8.510431206657016446e+03 9.982567897272303981e+01
8.510631197990538567e+03 9.918895855522421812e+01
8.510831189324060688e+03 9.953202959493961544e+01
8.511031180657579171e+03 9.843067550992705605e+01
8.511231171991101291e+03 9.977768629947696866e+01
8.511431163324621593e+03 9.908785458363109910e+01
8.511631154658143714e+03 1.008057959182558534e+02
8.511831145991665835e+03 9.978619640371887556e+01
8.512031137325184318e+03 9.942529617603071301e+01
8.512231128658706439e+03 1.021010153778814242e+02
8.512431119992228560e+03 9.956886623423689286e+01
8.512631111325748861e+03 1.017386909003698889e+02
8.512831102659270982e+03 9.872760341126350170e+01
8.513031093992791284e+03 9.655105066347221054e+01
8.513231085326313405e+03 9.390421155777578122e+01
8.513431076659833707e+03 8.827863736810300566e+01
8.513631067993354009e+03 8.556408759332941827e+01
8.513831059326876129e+03 8.774575210998007435e+01
8.514031050660396431e+03 9.135043535170372309e+01
8.514231041993918552e+03 9.628235390377926706e+01
8.514431033327438854e+03 9.710016006415654033e+01
8.514631024660959156e+03 9.752536870433887373e+01
8.514831015994481277e+03 9.715075477324901954e+01
8.515031007328003398e+03 9.773460008476367022e+01
8.515230998661523699e+03 1.009817104925114108e+02
8.515430989995044001e+03 1.003396559157136920e+02
8.515630981328566122e+03 1.007982686988473375e+02
8.515830972662086424e+03 1.005844826594402406e+02
8.516030963995608545e+03 9.909546542327883856e+01
8.516230955329128847e+03 1.009394499977711632e+02
8.516430946662649148e+03 9.966613365330131558e+01
8.516630937996171269e+03 1.000271987845218433e+02
8.516830929329693390e+03 1.004564060790452089e+02
8.517030920663213692e+03 9.833652428699375037e+01
8.517230911996733994e+03 9.997898027416064792e+01
8.517430903330254296e+03 9.839629793155036452e+01
8.517630894663778236e+03 9.811321934731604699e+01
8.517830885997298537e+03 9.883325957007976115e+01
8.518030877330818839e+03 9.765968468262671820e+01
8.518230868664339141e+03 9.858123410016156640e+01
8.518430859997859443e+03 9.722937753041395581e+01
8.518630851331383383e+03 9.889604617581750290e+01
8.518830842664903685e+03 9.924935896674492142e+01
8.519030833998423986e+03 9.990264786612021908e+01
8.519230825331946107e+03 9.927533265328895595e+01
8.519430816665466409e+03 1.006824501277287425e+02
8.519630807998988530e+03 9.898613367686117215e+01
8.519830799332508832e+03 9.924295963454970604e+01
8.520030790666029134e+03 9.998984664148115087e+01
8.520230781999551255e+03 1.003211507970552674e+02
8.520430773333071556e+03 1.000498021882719968e+02
8.520630764666593677e+03 1.005460622028808189e+02
8.520830756000113979e+03 1.011689058612365528e+02
8.521030747333634281e+03 9.867871451098218927e+01
8.521230738667158221e+03 1.009177365021965755e+02
8.521430730000676704e+03 1.012451166949958434e+02
8.521630721334198824e+03 1.000975512815558517e+02
8.521830712667720945e+03 1.015184995110924859e+02
8.522030704001241247e+03 1.014064200069301194e+02
8.522230695334763368e+03 1.004112777244507981e+02
8.522430686668281851e+03 1.009875732768618093e+02
8.522630678001803972e+03 9.870336184230525589e+01
8.522830669335326093e+03 1.003583400677108699e+02
8.523030660668846394e+03 1.015933654008640730e+02
8.523230652002368515e+03 1.003971584108711426e+02
8.523430643335886998e+03 9.881479354207358767e+01
8.523630634669409119e+03 1.005421336301431268e+02
8.523830626002933059e+03 9.981744855680325657e+01
8.524030617336451542e+03 1.003391732486749959e+02
8.524230608669973662e+03 9.871263706030032381e+01
8.524430600003492145e+03 1.004522866345724736e+02
8.524630591337014266e+03 1.003583507887395712e+02
8.524830582670538206e+03 1.015895089141079808e+02
8.525030574004056689e+03 9.973834606415506698e+01
8.525230565337578810e+03 9.902612014099234727e+01
8.525430556671099112e+03 9.957175527135193249e+01
8.525630548004621232e+03 9.857104576293204445e+01
8.525830539338143353e+03 9.938850074365498699e+01
8.526030530671661836e+03 9.997809189160835786e+01
8.526230522005183957e+03 9.912205061004254958e+01
8.526430513338706078e+03 9.786375190214722863e+01
8.526630504672226380e+03 9.924699789970355823e+01
8.526830496005748500e+03 9.884259235074367211e+01
8.527030487339266983e+03 9.847808443535366507e+01
8.527230478672789104e+03 9.789958226991643642e+01
8.527430470006311225e+03 9.798920536491995392e+01
8.527630461339831527e+03 9.939841729341391385e+01
8.527830452673353648e+03 9.954039878292093135e+01
8.528030444006873950e+03 9.972286560685205359e+01
8.528230435340396070e+03 9.986220080331717952e+01
8.528430426673916372e+03 9.785092897772692311e+01
8.528630418007436674e+03 1.003634623388419413e+02
8.528830409340958795e+03 9.860986751950609630e+01
8.529030400674479097e+03 1.021585313103761052e+02
8.529230392008001218e+03 9.813061843262433115e+01
8.529430383341521519e+03 9.918388272115032578e+01
8.529630374675041821e+03 9.996594421318631873e+01
8.529830366008563942e+03 1.022270766249387464e+02
8.530030357342086063e+03 9.924382362997589269e+01
8.530230348675606365e+03 9.969232788142304003e+01
8.530430340009126667e+03 9.985826113520901970e+01
8.530630331342646969e+03 1.005099058740083109e+02
8.530830322676170908e+03 9.869023404431533208e+01
8.531030314009691210e+03 1.005910385028798686e+02
8.531230305343211512e+03 9.918178200727842864e+01
8.531430296676731814e+03 9.884935184600529112e+01
8.531630288010253935e+03 9.951015641916802679e+01
8.531830279343776056e+03 9.790824632635244029e+01
8.532030270677296357e+03 9.919361354737978331e+01
8.532230262010816659e+03 9.721701610977393671e+01
8.532430253344336961e+03 9.860915749492446025e+01
8.532630244677860901e+03 9.784794744314764614e+01
8.532830236011381203e+03 9.784735233605449878e+01
8.533030227344901505e+03 9.733855208960162031e+01
8.533230218678421807e+03 9.860581015464690324e+01
8.533430210011943927e+03 9.976033213752309337e+01
8.533630201345466048e+03 9.710956893412789270e+01
8.533830192678986350e+03 9.915230735697990383e+01
8.534030184012506652e+03 9.977847500348700294e+01
8.534230175346028773e+03 9.783123309885455399e+01
8.534430166679549075e+03 1.001748770048293551e+02
8.534630158013071195e+03 9.884552115181816134e+01
8.534830149346591497e+03 9.848262568195438860e+01
8.535030140680111799e+03 9.816785479478016896e+01
8.535230132013635739e+03 9.824200503599183776e+01
8.535430123347154222e+03 9.749020514496025669e+01
8.535630114680676343e+03 9.700291248269060418e+01
8.535830106014196645e+03 9.694877395714814838e+01
8.536030097347716946e+03 9.751438717799561573e+01
8.536230088681240886e+03 9.740115816975408336e+01
8.536430080014759369e+03 9.645219200494277345e+01
8.536630071348281490e+03 9.746186243530530646e+01
8.536830062681801792e+03 9.604791738542661506e+01
8.537030054015323913e+03 9.835456535414591883e+01
8.537230045348846033e+03 9.457349107661963217e+01
8.537430036682364516e+03 9.673170863645232487e+01
8.537630028015886637e+03 9.388237732802400615e+01
8.537830019349410577e+03 9.574634910324380144e+01
8.538030010682929060e+03 9.330178638014099590e+01
8.538230002016451181e+03 9.498594220952641365e+01
8.538429993349969664e+03 9.247384030678269085e+01
8.538629984683491784e+03 9.156834085996540296e+01
8.538829976017015724e+03 9.070278298264315708e+01
8.539029967350534207e+03 9.171047469920274864e+01
8.539229958684056328e+03 8.994326982334513332e+01
8.539429950017574811e+03 8.811700702888406056e+01
8.539629941351098751e+03 8.566930468758727102e+01
8.539829932684620871e+03 8.522913446079697053e+01
8.540029924018139354e+03 8.137150618279468972e+01
8.540229915351661475e+03 8.010150819120340770e+01
8.540429906685181777e+03 7.366304901903967561e+01
8.540629898018703898e+03 6.967272558470318700e+01
8.540829889352226019e+03 6.252122009950129922e+01
8.541029880685744502e+03 5.619369055522788869e+01
8.541229872019266622e+03 4.432513275164302513e+01
8.541429863352788743e+03 3.952121172172833496e+01
8.541629854686309045e+03 3.261457806270864523e+01
8.541829846019831166e+03 3.283824575859181039e+01
8.542029837353349649e+03 3.901661181746256091e+01
8.542229828686873589e+03 4.839177675687368918e+01
8.542429820020393890e+03 5.736111569027571022e+01
8.542629811353914192e+03 6.448011031100291746e+01
8.542829802687436313e+03 7.122705818908633546e+01
8.543029794020954796e+03 7.444141221163265243e+01
8.543229785354478736e+03 8.110169318945160910e+01
8.543429776687999038e+03 8.096289684666781739e+01
8.543629768021519340e+03 8.605638044635207962e+01
8.543829759355041460e+03 8.600838239299896770e+01
8.544029750688563581e+03 8.776490013784160737e+01
8.544229742022083883e+03 8.992190254337951671e+01
8.544429733355604185e+03 9.216918627165320288e+01
8.544629724689124487e+03 9.229642750816469743e+01
8.544829716022646608e+03 9.310694174670445022e+01
8.545029707356168728e+03 9.282933816307084385e+01
8.545229698689689030e+03 9.380095612249444059e+01
8.545429690023209332e+03 9.610062470719110195e+01
8.545629681356729634e+03 9.622398433869649637e+01
8.545829672690253574e+03 9.543846765055567971e+01
8.546029664023773876e+03 9.678828806694995990e+01
8.546229655357294178e+03 9.435921491956398199e+01
8.546429646690814479e+03 9.552803867000733362e+01
8.546629638024338419e+03 9.551587820061763523e+01
8.546829629357858721e+03 9.686017191348504696e+01
8.547029620691379023e+03 9.630240226143602911e+01
8.547229612024899325e+03 9.723680913983454843e+01
8.547429603358419627e+03 9.808354553481173355e+01
8.547629594691943566e+03 9.714233616893248779e+01
8.547829586025463868e+03 9.599681920953156578e+01
8.548029577358984170e+03 9.810305558083798871e+01
8.548229568692504472e+03 9.676283233401261441e+01
8.548429560026026593e+03 9.836010142441978132e+01
8.548629551359548714e+03 9.864305302885948379e+01
8.548829542693069016e+03 9.720419315085895562e+01
8.549029534026589317e+03 1.002291518237398691e+02
8.549229525360111438e+03 9.757121418117759504e+01
8.549429516693631740e+03 9.761823545917178535e+01
8.549629508027153861e+03 9.872025267446731789e+01
8.549829499360674163e+03 9.690704409643825556e+01
8.550029490694194465e+03 9.987904281098120407e+01
8.550229482027718404e+03 9.929500135748374134e+01
8.550429473361236887e+03 9.838339065270959338e+01
8.550629464694759008e+03 9.942910398888292889e+01
8.550829456028279310e+03 9.816522737772118035e+01
8.551029447361801431e+03 9.750242376857964643e+01
8.551229438695323552e+03 9.743764459572255987e+01
8.551429430028842035e+03 1.004816529264857223e+02
8.551629421362364155e+03 9.972224259320343265e+01
8.551829412695884457e+03 9.910431454843862298e+01
8.552029404029406578e+03 9.842350550746755289e+01
8.552229395362928699e+03 9.700464635635933064e+01
8.552429386696447182e+03 9.974342247883765822e+01
8.552629378029969303e+03 1.004891655580033785e+02
8.552829369363493242e+03 9.936979597309347412e+01
8.553029360697011725e+03 9.926988093185364903e+01
8.553229352030533846e+03 9.899680945200519488e+01
8.553429343364052329e+03 9.919372207546197728e+01
8.553629334697574450e+03 1.003936482413495099e+02
8.553829326031098390e+03 9.795641992024910394e+01
8.554029317364616873e+03 9.950826552372205924e+01
8.554229308698138993e+03 1.012742508734198879e+02
8.554429300031657476e+03 9.948113497034178465e+01
8.554629291365181416e+03 9.980342101348054484e+01
8.554829282698703537e+03 9.944353596657421690e+01
8.555029274032222020e+03 1.004671456043603115e+02
8.555229265365744141e+03 9.900391317287888171e+01
8.555429256699266261e+03 9.954534315913348053e+01
8.555629248032786563e+03 9.860926151134007966e+01
8.555829239366308684e+03 9.998845662049713212e+01
8.556029230699827167e+03 9.885346631328930300e+01
8.556229222033349288e+03 1.008183657415963665e+02
8.556429213366871409e+03 9.962315182765220811e+01
8.556629204700391711e+03 9.852965811644800453e+01
8.556829196033913831e+03 9.780888826740270758e+01
8.557029187367432314e+03 9.737784046892807055e+01
8.557229178700956254e+03 9.947240568760265944e+01
8.557429170034476556e+03 1.002236730548297032e+02
8.557629161367996858e+03 9.851446717622768290e+01
8.557829152701518979e+03 9.935890263507774023e+01
8.558029144035037461e+03 1.018497903685843937e+02
8.558229135368561401e+03 9.833916111259098614e+01
8.558429126702081703e+03 1.004580571862363740e+02
8.558629118035602005e+03 9.888329527530379437e+01
8.558829109369124126e+03 9.798936182765312708e+01
8.559029100702646247e+03 9.980667210873168926e+01
8.559229092036166548e+03 9.946325114550234048e+01
8.559429083369686850e+03 1.003885503266829744e+02
8.559629074703207152e+03 9.907368673669193981e+01
8.559829066036731092e+03 9.817321986296951764e+01
8.560029057370251394e+03 1.004513465960355489e+02
8.560229048703771696e+03 9.909718886902687984e+01
8.560429040037291998e+03 9.879623805890871324e+01
8.560629031370812299e+03 1.004684983289822071e+02
8.560829022704336239e+03 1.000322861874613949e+02
8.561029014037856541e+03 9.889439505910314665e+01
8.561229005371376843e+03 9.947849769065790326e+01
8.561428996704897145e+03 1.000049246441527515e+02
8.561628988038421085e+03 9.818052204684471462e+01
8.561828979371941386e+03 9.896762809209435829e+01
8.562028970705461688e+03 1.027546351165353542e+02
8.562228962038981990e+03 9.985518234014848815e+01
8.562428953372502292e+03 1.007123308081979332e+02
8.562628944706026232e+03 9.865121458482980188e+01
8.562828936039546534e+03 1.001957629712628943e+02
8.563028927373066836e+03 1.004407011865049384e+02
8.563228918706587137e+03 9.904466386003302603e+01
8.563428910040109258e+03 1.002926525731879508e+02
8.563628901373631379e+03 9.941471541676783374e+01
8.563828892707151681e+03 9.992169830699911870e+01
8.564028884040671983e+03 9.956441009754843208e+01
8.564228875374194104e+03 9.864134893963961304e+01
8.564428866707714405e+03 9.862403429853765147e+01
8.564628858041236526e+03 1.008834001436008947e+02
8.564828849374756828e+03 1.001944981935462948e+02
8.565028840708277130e+03 1.006476891681450070e+02
8.565228832041801070e+03 9.853067222734183872e+01
8.565428823375319553e+03 1.001503940047757908e+02
8.565628814708841674e+03 9.690113349860173741e+01
8.565828806042361975e+03 1.009341519938089533e+02
8.566028797375884096e+03 9.877240053344790738e+01
8.566228788709406217e+03 9.888095812371231830e+01
8.566428780042924700e+03 9.996147111150823150e+01
8.566628771376446821e+03 1.004270907246631168e+02
8.566828762709967123e+03 9.875583039231356963e+01
8.567028754043489243e+03 1.013869051976243156e+02
8.567228745377011364e+03 9.960394263567862083e+01
8.567428736710529847e+03 9.950695659906048718e+01
8.567628728044051968e+03 1.007588998300324192e+02
8.567828719377575908e+03 9.927342719724551046e+01
8.568028710711094391e+03 1.005951160687824597e+02
8.568228702044616512e+03 9.933889197776930757e+01
8.568428693378134994e+03 9.992758578602783359e+01
8.568628684711658934e+03 1.009504217388359990e+02
8.568828676045181055e+03 1.007999036998900806e+02
8.569028667378699538e+03 9.927967557958457689e+01
8.569228658712221659e+03 1.003291660373120493e+02
8.569428650045740142e+03 9.757934309711997400e+01
8.569628641379264081e+03 9.942206804371744511e+01
8.569828632712786202e+03 1.006009472955436763e+02
8.570028624046304685e+03 1.005649781479621083e+02
8.570228615379826806e+03 1.010024540562233994e+02
8.570428606713347108e+03 1.011438403989911450e+02
8.570628598046869229e+03 9.947075194701777434e+01
8.570828589380391350e+03 9.934833081708822533e+01
8.571028580713909832e+03 9.841454659822221629e+01
8.571228572047431953e+03 9.969734949911554622e+01
8.571428563380954074e+03 1.014238259009740943e+02
8.571628554714474376e+03 9.876932464543428125e+01
8.571828546047996497e+03 1.016645444421757105e+02
8.572028537381514980e+03 1.003359463576262272e+02
8.572228528715038919e+03 1.000580054554804974e+02
8.572428520048559221e+03 9.873644660956777841e+01
8.572628511382079523e+03 9.820624143062858025e+01
8.572828502715601644e+03 9.900523892355691657e+01
8.573028494049121946e+03 1.006359172455750723e+02
8.573228485382644067e+03 9.895382537520715971e+01
8.573428476716164369e+03 9.901133019883390318e+01
8.573628468049684670e+03 1.007859716885773622e+02
8.573828459383206791e+03 1.000550420443963588e+02
8.574028450716728912e+03 1.008266910942113412e+02
8.574228442050249214e+03 1.007991261439364621e+02
8.574428433383769516e+03 9.874579132360663891e+01
8.574628424717289818e+03 1.015744378744469003e+02
8.574828416050813757e+03 9.904834347694345809e+01
8.575028407384334059e+03 1.000233834305529541e+02
8.575228398717854361e+03 9.971524102492857367e+01
8.575428390051374663e+03 1.009178317905753772e+02
8.575628381384894965e+03 1.008081310920683222e+02
8.575828372718418905e+03 9.752043369076100987e+01
8.576028364051939207e+03 9.958659800539371076e+01
8.576228355385459508e+03 1.006149619784086013e+02
8.576428346718979810e+03 1.004860163330476439e+02
8.576628338052501931e+03 9.942332974014988167e+01
8.576828329386024052e+03 9.952447883935671769e+01
8.577028320719544354e+03 9.944092679333012086e+01
8.577228312053064656e+03 9.984598703056018110e+01
8.577428303386586776e+03 1.014425209549816458e+02
8.577628294720108897e+03 1.010619978321749244e+02
8.577828286053629199e+03 9.949685953714448772e+01
8.578028277387149501e+03 1.016879758210627642e+02
8.578228268720669803e+03 1.000966020115683222e+02
8.578428260054191924e+03 9.922724065458848486e+01
8.578628251387714045e+03 9.997177363419612561e+01
8.578828242721234346e+03 1.010324947565976714e+02
8.579028234054754648e+03 9.952488229632345451e+01
8.579228225388276769e+03 1.007900443512280049e+02
8.579428216721797071e+03 9.915191608132241186e+01
8.579628208055319192e+03 9.905095853306254128e+01
8.579828199388839494e+03 9.938495664726171697e+01
8.580028190722361614e+03 9.990706102412045198e+01
8.580228182055883735e+03 1.008989412022586549e+02
8.580428173389402218e+03 9.993949735642479482e+01
8.580628164722924339e+03 1.005410170604307325e+02
8.580828156056444641e+03 1.004236472708822987e+02
8.581028147389966762e+03 1.009237817263311143e+02
8.581228138723488883e+03 9.920558935801497569e+01
8.581428130057007365e+03 1.004049378522048670e+02
8.581628121390529486e+03 9.537564874808505522e+01
8.581828112724051607e+03 9.576455745220165738e+01
8.582028104057571909e+03 9.565910899226444997e+01
8.582228095391094030e+03 1.004897224568428413e+02
8.582428086724612513e+03 9.882009321802723889e+01
8.582628078058134633e+03 9.919238308945602967e+01
8.582828069391656754e+03 1.013551945047236558e+02
8.583028060725177056e+03 1.004906907053331651e+02
8.583228052058699177e+03 9.964196379685448335e+01
8.583428043392217660e+03 1.000939425700640584e+02
8.583628034725741600e+03 9.852574464358180251e+01
8.583828026059263721e+03 9.851116771249800763e+01
8.584028017392782203e+03 9.815359600162723552e+01
8.584228008726304324e+03 1.005087147014517370e+02
8.584428000059824626e+03 1.017123588812881820e+02
8.584627991393346747e+03 1.000138580294911321e+02
8.584827982726868868e+03 1.004892749264982399e+02
8.585027974060387351e+03 1.009540922743076834e+02
8.585227965393909471e+03 1.027694684690425220e+02
8.585427956727429773e+03 9.929582819350579825e+01
8.585627948060951894e+03 1.025940436054710148e+02
8.585827939394474015e+03 1.003940661091424573e+02
8.586027930727992498e+03 1.009637698753415833e+02
8.586227922061516438e+03 1.000912390077827325e+02
8.586427913395036740e+03 9.852980273383330712e+01
8.586627904728557041e+03 9.906707210159146371e+01
8.586827896062079162e+03 1.020677946531733795e+02
8.587027887395597645e+03 9.920554184662917407e+01
8.587227878729121585e+03 1.006412546436869633e+02
8.587427870062641887e+03 1.004612187008363122e+02
8.587627861396162189e+03 9.916737198645319040e+01
8.587827852729684309e+03 1.004555995621104643e+02
8.588027844063204611e+03 9.923035086558438422e+01
8.588227835396726732e+03 1.006001208974294627e+02
8.588427826730247034e+03 9.935610554615179524e+01
8.588627818063767336e+03 9.976269200241900137e+01
8.588827809397291276e+03 1.012544113280031297e+02
8.589027800730809759e+03 9.861297631362515403e+01
8.589227792064331879e+03 1.008583825817879926e+02
8.589427783397852181e+03 9.905283086631823153e+01
8.589627774731372483e+03 9.958386283056242405e+01
8.589827766064896423e+03 9.861690557138352631e+01
8.590027757398416725e+03 9.935521414390238704e+01
8.590227748731937027e+03 1.007134364163976272e+02
8.590427740065457328e+03 9.929089155833699465e+01
8.590627731398979449e+03 9.967311217930142675e+01
8.590827722732501570e+03 1.012214479791282713e+02
8.591027714066021872e+03 9.831787528101966700e+01
8.591227705399542174e+03 1.002322525230548109e+02
8.591427696733062476e+03 9.969538604830194117e+01
8.591627688066584597e+03 9.851085228203137945e+01
8.591827679400106717e+03 9.986045469493794258e+01
8.592027670733627019e+03 9.933927294492228555e+01
8.592227662067147321e+03 9.952146616778586008e+01
8.592427653400669442e+03 9.923461731151853371e+01
8.592627644734191563e+03 1.011953644323260164e+02
8.592827636067711865e+03 9.993362642613557512e+01
8.593027627401232166e+03 1.021839020443272545e+02
8.593227618734754287e+03 1.014029194912213399e+02
8.593427610068274589e+03 1.028593448271331283e+02
8.593627601401796710e+03 1.008921127247206613e+02
8.593827592735317012e+03 9.863467758745203184e+01
8.594027584068837314e+03 1.007043598449666462e+02
8.594227575402359435e+03 1.007310976665946356e+02
8.594427566735879736e+03 9.999441931367655911e+01
8.594627558069401857e+03 9.992289899509165707e+01
8.594827549402922159e+03 9.994385239567959900e+01
8.595027540736444280e+03 1.013270889293971777e+02
8.595227532069964582e+03 1.000858523617493177e+02
8.595427523403484884e+03 9.958618684434608781e+01
8.595627514737007004e+03 9.909646045253808211e+01
8.595827506070527306e+03 1.008457408063386396e+02
8.596027497404049427e+03 1.005158250441324412e+02
8.596227488737571548e+03 1.012855624252545397e+02
8.596427480071090031e+03 9.931338650305006865e+01
8.596627471404612152e+03 1.006592270850655240e+02
8.596827462738134273e+03 1.009549182209391915e+02
8.597027454071654574e+03 1.000026430780175843e+02
8.597227445405176695e+03 9.980742812302452194e+01
8.597427436738695178e+03 1.005213847374500489e+02
8.597627428072219118e+03 9.950217031416386249e+01
8.597827419405739420e+03 9.811768163143769073e+01
8.598027410739259722e+03 9.864737259553561444e+01
8.598227402072781842e+03 9.898819457596096072e+01
8.598427393406300325e+03 9.695529453099830164e+01
8.598627384739824265e+03 9.779922242879503358e+01
8.598827376073346386e+03 9.775661275258106286e+01
8.599027367406864869e+03 9.908104874058945200e+01
8.599227358740386990e+03 9.930428487156147810e+01
8.599427350073907292e+03 9.795103321207469094e+01
8.599627341407429412e+03 9.990226507607977169e+01
8.599827332740951533e+03 1.005919141466517317e+02
8.600027324074470016e+03 9.873513722004749127e+01
8.600227315407992137e+03 1.000361744493131368e+02
8.600427306741512439e+03 1.009353071602285041e+02
8.600627298075034560e+03 9.845140041653671403e+01
8.600827289408556680e+03 1.007234987876866654e+02
8.601027280742075163e+03 1.001895429625584342e+02
8.601227272075599103e+03 1.001541655617185000e+02
8.601427263409117586e+03 9.957738889970768525e+01
8.601627254742639707e+03 9.828499272132746967e+01
8.601827246076161828e+03 1.003102493593639792e+02
8.602027237409682130e+03 1.001489358091585444e+02
8.602227228743204250e+03 9.871823618980016590e+01
8.602427220076724552e+03 9.847200935039354874e+01
8.602627211410244854e+03 1.009385586464920834e+02
8.602827202743766975e+03 9.971574942993052559e+01
8.603027194077287277e+03 9.862970866370008594e+01
8.603227185410809398e+03 9.894998161752093324e+01
8.603427176744329699e+03 1.009325336375476496e+02
8.603627168077850001e+03 9.937502856937977924e+01
8.603827159411373941e+03 1.002877334040921085e+02
8.604027150744892424e+03 1.010532668439870747e+02
8.604227142078414545e+03 1.008099765070161311e+02
8.604427133411934847e+03 1.002226554696692631e+02
8.604627124745455149e+03 9.924136300454104287e+01
8.604827116078979088e+03 1.002067872949834566e+02
8.605027107412499390e+03 9.921445558113676100e+01
8.605227098746019692e+03 1.005239801328876297e+02
8.605427090079539994e+03 1.001118611858419314e+02
8.605627081413062115e+03 9.851705432373174176e+01
8.605827072746584236e+03 9.926681038719029004e+01
8.606027064080104537e+03 1.014714670615001353e+02
8.606227055413624839e+03 9.989926562417622335e+01
8.606427046747146960e+03 9.932879507744611658e+01
8.606627038080667262e+03 9.987978800525111467e+01
8.606827029414189383e+03 9.949345912023197513e+01
8.607027020747709685e+03 1.004773276770248600e+02
8.607227012081229987e+03 9.916045488824588006e+01
8.607427003414752107e+03 1.004308281256715247e+02
8.607626994748272409e+03 9.972494879884858676e+01
8.607826986081794530e+03 1.019755294820414946e+02
8.608026977415314832e+03 1.022886896495815847e+02
8.608226968748836953e+03 9.928355986094152286e+01
8.608426960082357255e+03 1.005954397586495759e+02
8.608626951415879375e+03 1.004455520601255216e+02
8.608826942749399677e+03 1.006040275638600860e+02
8.609026934082919979e+03 9.845420471910253468e+01
8.609226925416442100e+03 9.946760110293962498e+01
8.609426916749962402e+03 9.885073343999894746e+01
8.609626908083484523e+03 1.001947220812481305e+02
8.609826899417004824e+03 9.996324606972360982e+01
8.610026890750526945e+03 9.938773629791174358e+01
8.610226882084047247e+03 1.001922990814159249e+02
8.610426873417567549e+03 9.814376701329813102e+01
8.610626864751089670e+03 9.881846085216646713e+01
8.610826856084611791e+03 9.764887891077781035e+01
8.611026847418132093e+03 9.435096932221597399e+01
8.611226838751654213e+03 8.915040721469347318e+01
8.611426830085172696e+03 8.624489397354909670e+01
8.611626821418694817e+03 9.042554424388566758e+01
8.611826812752216938e+03 9.484565801011342501e+01
8.612026804085737240e+03 9.766581157626505671e+01
8.612226795419259361e+03 9.916770377474078657e+01
8.612426786752777844e+03 9.914852106809124166e+01
8.612626778086301783e+03 1.015929767764584142e+02
8.612826769419822085e+03 1.020482978156446450e+02
8.613026760753342387e+03 1.004178255754962095e+02
8.613226752086864508e+03 9.892353018257479391e+01
8.613426743420382991e+03 9.932989358840436012e+01
8.613626734753906931e+03 9.882457084073806186e+01
8.613826726087427232e+03 9.850590596144436972e+01
8.614026717420947534e+03 1.004038019734362166e+02
8.614226708754469655e+03 9.967540925695261933e+01
8.614426700087989957e+03 1.011992649554427999e+02
8.614626691421512078e+03 1.007082155733932325e+02
8.614826682755034199e+03 9.868129825224367835e+01
8.615026674088552681e+03 9.959724278788324625e+01
8.615226665422076621e+03 1.004591152369914226e+02
8.615426656755595104e+03 9.948542667620796465e+01
8.615626648089117225e+03 1.020086253640743195e+02
8.615826639422639346e+03 9.997855432844426105e+01
8.616026630756157829e+03 9.834952840609928160e+01
8.616226622089681769e+03 9.869427792320875881e+01
8.616426613423200251e+03 9.858888405167664359e+01
8.616626604756722372e+03 9.946506837912062338e+01
8.616826596090244493e+03 9.934647105673576561e+01
8.617026587423764795e+03 1.002923418714646573e+02
8.617226578757286916e+03 9.947717253421197370e+01
8.617426570090807218e+03 9.778544062224933953e+01
8.617626561424327519e+03 9.913022109564515461e+01
8.617826552757849640e+03 9.891143595293634405e+01
8.618026544091369942e+03 1.003010331944060169e+02
8.618226535424892063e+03 9.939042958195850019e+01
8.618426526758412365e+03 1.003296611182699678e+02
8.618626518091932667e+03 9.977427983151285673e+01
8.618826509425456607e+03 1.004667968888656446e+02
8.619026500758975089e+03 1.007215993118763322e+02
8.619226492092497210e+03 1.007877824440389247e+02
8.619426483426017512e+03 9.908341117995749414e+01
8.619626474759539633e+03 9.832834574777028536e+01
8.619826466093061754e+03 9.909173726910475466e+01
8.620026457426580237e+03 9.947370844482446728e+01
8.620226448760102357e+03 9.895057415718137861e+01
8.620426440093622659e+03 1.011783226964069513e+02
8.620626431427144780e+03 9.671288044098527337e+01
8.620826422760666901e+03 9.571176500286473754e+01
8.621026414094187203e+03 9.415174515309105630e+01
8.621226405427707505e+03 9.008805994437045683e+01
8.621426396761229626e+03 9.421052797204271201e+01
8.621626388094749927e+03 9.420952587334589623e+01
8.621826379428272048e+03 9.869046196985922847e+01
8.622026370761792350e+03 9.963162139159101116e+01
8.622226362095312652e+03 1.000254663799196635e+02
8.622426353428834773e+03 9.926724985428742798e+01
8.622626344762355075e+03 1.000879796510528479e+02
8.622826336095877195e+03 1.008732769792542143e+02
8.623026327429397497e+03 9.977390008677735977e+01
8.623226318762919618e+03 9.919792656507091522e+01
8.623426310096439920e+03 1.012845454063685082e+02
8.623626301429962041e+03 9.922958789679792346e+01
8.623826292763482343e+03 9.828454616263560695e+01
8.624026284097004464e+03 9.879020045075233725e+01
8.624226275430524765e+03 1.003793610270170689e+02
8.624426266764045067e+03 9.922647911317768887e+01
8.624626258097567188e+03 1.010842620078401382e+02
8.624826249431087490e+03 9.836182349014565318e+01
8.625026240764609611e+03 9.939277353507195301e+01
8.625226232098129913e+03 9.905094048334035506e+01
8.625426223431650214e+03 1.001212836535586490e+02
8.625626214765172335e+03 9.990279619020276414e+01
8.625826206098694456e+03 1.005423505114766130e+02
8.626026197432214758e+03 9.969261618873595410e+01
8.626226188765735060e+03 9.928846251825747515e+01
8.626426180099255362e+03 9.989571479326848191e+01
8.626626171432779302e+03 1.000559539348996765e+02
8.626826162766299603e+03 9.960405234761401516e+01
8.627026154099819905e+03 9.887879418232814999e+01
8.627226145433342026e+03 1.002777014190657781e+02
8.627426136766860509e+03 9.933247993813321841e+01
8.627626128100384449e+03 1.005061867945628933e+02
8.627826119433904751e+03 9.953670071657197127e+01
8.628026110767425052e+03 9.866911443940804816e+01
8.628226102100947173e+03 9.932313528999527819e+01
8.628426093434467475e+03 1.014958669713404475e+02
8.628626084767989596e+03 9.996176871978660472e+01
8.628826076101509898e+03 1.004910539342276508e+02
8.629026067435030200e+03 9.824733032327674209e+01
8.629226058768552321e+03 9.851832610556554926e+01
8.629426050102072622e+03 1.019888541136373874e+02
8.629626041435594743e+03 1.003462588307141914e+02
8.629826032769116864e+03 9.982828790889931270e+01
8.630026024102635347e+03 9.845542933968343391e+01
8.630226015436159287e+03 9.868020008769961748e+01
8.630426006769677770e+03 9.963845148727870082e+01
8.630625998103199890e+03 1.004498325264653715e+02
8.630825989436722011e+03 1.010560452343001998e+02
8.631025980770242313e+03 9.861768796518103386e+01
8.631225972103764434e+03 9.877170366811414226e+01
8.631425963437282917e+03 1.003594022462303883e+02
8.631625954770805038e+03 9.981084998955120113e+01
8.631825946104327159e+03 9.957467612929953305e+01
8.632025937437847460e+03 1.001618921840168071e+02
8.632225928771369581e+03 1.005661296864619487e+02
8.632425920104888064e+03 9.851040475006215047e+01
8.632625911438410185e+03 9.999177764143176717e+01
8.632825902771934125e+03 9.895957915317532638e+01
8.633025894105452608e+03 9.931578554096749656e+01
8.633225885438974728e+03 1.015390399481037349e+02
8.633425876772495030e+03 9.929067449977598869e+01
8.633625868106015332e+03 1.002321384714205124e+02
8.633825859439539272e+03 9.785460107446047573e+01
8.634025850773057755e+03 1.001954488734757689e+02
8.634225842106579876e+03 9.789502271979482373e+01
8.634425833440100178e+03 1.014457295804819381e+02
8.634625824773622298e+03 1.007158481664646956e+02
8.634825816107144419e+03 9.975447648938549605e+01
8.635025807440662902e+03 1.005703689628888071e+02
8.635225798774185023e+03 1.016678325203488669e+02
8.635425790107707144e+03 9.930085214137793059e+01
8.635625781441227446e+03 1.008567519867610969e+02
8.635825772774749566e+03 9.834167544683039353e+01
8.636025764108269868e+03 9.798771028719768594e+01
8.636225755441790170e+03 9.932779374133190231e+01
8.636425746775312291e+03 9.983062660284129208e+01
8.636625738108832593e+03 9.814675727698205776e+01
8.636825729442354714e+03 9.869493791111366932e+01
8.637025720775875016e+03 1.006090681954367767e+02
8.637225712109397136e+03 1.006549676247783651e+02
8.637425703442917438e+03 1.011698158301615393e+02
8.637625694776437740e+03 9.824961953465256670e+01
8.637825686109959861e+03 9.921535292691356744e+01
8.638025677443480163e+03 1.004145688212784933e+02
8.638225668777002284e+03 9.936082800220228251e+01
8.638425660110522585e+03 1.000593528149782259e+02
8.638625651444044706e+03 9.916481607024722678e+01
8.638825642777565008e+03 1.009640876237504017e+02
8.639025634111087129e+03 9.984198222345490592e+01
8.639225625444607431e+03 9.923155821787925390e+01
8.639425616778127733e+03 1.008309492785524668e+02
8.639625608111649854e+03 9.905311048344617575e+01
8.639825599445171974e+03 9.888138441146026025e+01
8.640025590778692276e+03 9.967505816031980714e+01
8.640225582112212578e+03 1.007104246953054485e+02
8.640425573445732880e+03 1.005837388546706705e+02
8.640625564779255001e+03 9.967477367101446362e+01
8.640825556112777122e+03 9.937884399178382466e+01
8.641025547446297423e+03 9.848096589236432408e+01
8.641225538779817725e+03 9.944129446036303932e+01
8.641425530113338027e+03 1.002916831930771053e+02
8.641625521446861967e+03 1.007247536169459465e+02
8.641825512780382269e+03 9.989688889697750085e+01
8.642025504113902571e+03 9.949410330347951970e+01
8.642225495447424692e+03 1.001968664411555494e+02
8.642425486780943174e+03 1.000538356005311442e+02
8.642625478114467114e+03 9.927316165319425068e+01
8.642825469447987416e+03 9.910084304206993977e+01
8.643025460781507718e+03 9.747912629910335625e+01
8.643225452115029839e+03 9.906597598990734355e+01
8.643425443448550141e+03 1.005703136599758807e+02
8.643625434782072261e+03 9.941508243833662561e+01
8.643825426115592563e+03 1.003281570142382009e+02
8.644025417449112865e+03 9.976800325036398931e+01
8.644225408782636805e+03 9.924906111664306252e+01
8.644425400116155288e+03 1.009824096448255659e+02
8.644625391449677409e+03 9.935510190000755415e+01
8.644825382783199530e+03 9.862973201704868131e+01
8.645025374116718012e+03 1.015939728713217676e+02
8.645225365450241952e+03 9.901592528169031482e+01
8.645425356783760435e+03 9.974576195490838870e+01
8.645625348117282556e+03 1.003647292168781320e+02
8.645825339450804677e+03 1.012153569856194935e+02
8.646025330784324979e+03 1.009791923911358822e+02
8.646225322117847099e+03 9.971297904137439616e+01
8.646425313451365582e+03 1.005181770907952341e+02
8.646625304784887703e+03 9.921957962499932648e+01
8.646825296118409824e+03 1.009590697875558476e+02
8.647025287451930126e+03 9.934676376717510493e+01
8.647225278785452247e+03 9.944658796376529608e+01
8.647425270118970730e+03 1.010561220481700104e+02
8.647625261452492850e+03 9.887526888205395892e+01
8.647825252786016790e+03 9.837876494789784942e+01
8.648025244119535273e+03 9.829467929944796367e+01
8.648225235453057394e+03 9.900269143519450665e+01
8.648425226786577696e+03 9.989612213645985150e+01
8.648625218120099817e+03 1.005197151338756782e+02
8.648825209453621937e+03 9.941719065810259792e+01
8.649025200787140420e+03 1.001107401930805310e+02
8.649225192120662541e+03 1.000891688001431419e+02
8.649425183454182843e+03 9.910065235947590168e+01
8.649625174787704964e+03 9.983317544553129608e+01
8.649825166121227085e+03 9.990190235602425162e+01
8.650025157454745568e+03 9.979773592168392327e+01
8.650225148788267688e+03 9.888784406752965594e+01
8.650425140121789809e+03 9.922758475867536276e+01
8.650625131455310111e+03 9.976285634400012725e+01
8.650825122788832232e+03 1.007399227459096664e+02
8.651025114122352534e+03 9.974328478318763302e+01
8.651225105455872836e+03 9.803291070211399472e+01
8.651425096789394956e+03 9.929549550574148498e+01
8.651625088122915258e+03 9.906808229967496970e+01
8.651825079456437379e+03 9.981385444757570724e+01
8.652025070789957681e+03 9.888938270830979604e+01
8.652225062123479802e+03 9.832053613765197042e+01
8.652425053457000104e+03 9.965774142396131197e+01
8.652625044790520406e+03 9.895755072388153906e+01
8.652825036124042526e+03 9.973983919218882477e+01
8.653025027457564647e+03 9.798075220074468916e+01
8.653225018791084949e+03 9.874882225270653180e+01
8.653425010124605251e+03 9.814799267510359471e+01
8.653625001458125553e+03 9.957176577255850702e+01
8.653824992791647674e+03 9.928914391713884413e+01
8.654024984125169794e+03 1.010325605330400975e+02
8.654224975458690096e+03 9.854572980640880075e+01
8.654424966792210398e+03 9.996512960634838407e+01
8.654624958125732519e+03 1.002231106469718611e+02
8.654824949459254640e+03 1.001660497565781185e+02
8.655024940792774942e+03 9.822105098209814855e+01
8.655224932126295244e+03 9.900051749208149943e+01
8.655424923459815545e+03 9.717933236182172152e+01
8.655624914793337666e+03 9.825353722543208335e+01
8.655824906126859787e+03 9.749849713351053992e+01
8.656024897460380089e+03 9.801674563186746525e+01
8.656224888793900391e+03 9.966785305397606010e+01
8.656424880127420693e+03 9.781601649116734620e+01
8.656624871460944632e+03 1.001190297418807944e+02
8.656824862794464934e+03 9.766154383723818455e+01
8.657024854127985236e+03 9.732306502145833349e+01
8.657224845461507357e+03 9.920103058347199010e+01
8.657424836795027659e+03 9.761555335277653001e+01
8.657624828128549780e+03 9.789798673157260112e+01
8.657824819462070081e+03 9.598769925782148960e+01
8.658024810795590383e+03 9.668943318135282539e+01
8.658224802129112504e+03 9.675802613920883744e+01
8.658424793462632806e+03 9.706547480482883827e+01
8.658624784796154927e+03 9.630407291194954666e+01
8.658824776129675229e+03 9.530399934651377691e+01
8.659024767463195531e+03 9.456896304984125834e+01
8.659224758796719470e+03 9.390776953066759347e+01
8.659424750130237953e+03 9.328744907385195972e+01
8.659624741463760074e+03 9.332798942883499649e+01
8.659824732797280376e+03 9.156580386363218338e+01
8.660024724130800678e+03 8.842516254402571008e+01
8.660224715464324618e+03 8.558149500555190059e+01
8.660424706797843101e+03 8.182843829962924076e+01
8.660624698131365221e+03 7.572266407045545122e+01
8.660824689464887342e+03 6.995489556970083811e+01
8.661024680798407644e+03 6.093115192085029719e+01
8.661224672131929765e+03 5.328124151776331274e+01
8.661424663465448248e+03 4.478724593413166843e+01
8.661624654798970369e+03 3.718060570624812300e+01
8.661824646132494308e+03 3.609124722350503589e+01
8.662024637466012791e+03 4.203233180269035074e+01
8.662224628799534912e+03 5.144256482787714191e+01
8.662424620133053395e+03 5.863531601758599976e+01
8.662624611466575516e+03 6.926029042472055153e+01
8.662824602800099456e+03 7.460270204491239099e+01
8.663024594133617938e+03 8.119410844776999170e+01
8.663224585467140059e+03 8.626895605717152193e+01
8.663424576800660361e+03 8.614291113502412145e+01
8.663624568134182482e+03 8.785828001506801854e+01
8.663824559467704603e+03 9.132474622910260109e+01
8.664024550801223086e+03 9.201066098315062902e+01
8.664224542134745207e+03 9.300663869397652661e+01
8.664424533468265508e+03 9.299558911606695233e+01
8.664624524801787629e+03 9.296416682491340566e+01
8.664824516135309750e+03 9.649155619067464329e+01
8.665024507468828233e+03 9.518723495238798193e+01
8.665224498802350354e+03 9.770956612391275087e+01
8.665424490135872475e+03 9.655051892875199826e+01
8.665624481469392776e+03 9.530454011600113517e+01
8.665824472802914897e+03 9.770401659083114509e+01
8.666024464136433380e+03 9.596971530696895059e+01
8.666224455469957320e+03 9.858641069937360157e+01
8.666424446803477622e+03 9.721178396484589257e+01
8.666624438136997924e+03 9.752210901932411957e+01
8.666824429470520045e+03 9.608980019511760418e+01
8.667024420804040346e+03 9.680254138524419716e+01
8.667224412137562467e+03 9.850419732886395252e+01
8.667424403471082769e+03 9.882695359069421670e+01
8.667624394804603071e+03 9.967199803592862395e+01
8.667824386138125192e+03 1.008255772710993057e+02
8.668024377471647313e+03 9.820996057874275209e+01
8.668224368805167614e+03 9.794328539063984351e+01
8.668424360138687916e+03 9.917670372512989729e+01
8.668624351472208218e+03 9.862788686648013936e+01
8.668824342805730339e+03 1.005403260277734745e+02
8.669024334139252460e+03 1.012772760911409193e+02
8.669224325472772762e+03 9.929543876320967399e+01
8.669424316806293064e+03 9.935330997261567632e+01
8.669624308139815184e+03 9.821588491194459891e+01
8.669824299473337305e+03 9.956644403091029005e+01
8.670024290806857607e+03 9.941273021659847586e+01
8.670224282140377909e+03 1.009342498292443651e+02
8.670424273473898211e+03 9.899465155022217289e+01
8.670624264807422151e+03 1.011322790012032158e+02
8.670824256140942452e+03 9.920169900628313542e+01
8.671024247474462754e+03 9.822079569083517470e+01
8.671224238807983056e+03 1.005363940657740613e+02
8.671424230141503358e+03 9.915000761488357739e+01
8.671624221475027298e+03 1.017785645265907561e+02
8.671824212808547600e+03 1.000601152010176094e+02
8.672024204142067902e+03 1.008784567425098260e+02
8.672224195475588203e+03 9.886287498424428577e+01
8.672424186809110324e+03 9.964729481657741417e+01
8.672624178142632445e+03 1.004646257245843941e+02
8.672824169476152747e+03 9.919884943848113323e+01
8.673024160809673049e+03 1.011135641555968618e+02
8.673224152143195170e+03 9.982800948934564644e+01
8.673424143476715471e+03 9.845750074004793362e+01
8.673624134810237592e+03 1.002110597585496095e+02
8.673824126143757894e+03 9.760665540916592420e+01
8.674024117477278196e+03 9.323779052157047431e+01
8.674224108810802136e+03 8.909330491608834279e+01
8.674424100144320619e+03 8.643406208472052299e+01
8.674624091477842740e+03 8.461332198422593365e+01
8.674824082811363041e+03 8.458275923887035219e+01
8.675024074144885162e+03 8.666282955958571677e+01
8.675224065478407283e+03 9.100489096574028736e+01
8.675424056811925766e+03 9.437207054630252401e+01
8.675624048145447887e+03 9.556960728626462753e+01
8.675824039478970008e+03 9.968531288651207944e+01
8.676024030812490309e+03 9.919310366759432895e+01
8.676224022146012430e+03 9.902978662821116984e+01
8.676424013479530913e+03 1.003963238243201204e+02
8.676624004813053034e+03 9.781364235940920082e+01
8.676823996146576974e+03 9.904440892663929219e+01
8.677023987480095457e+03 9.906831443414525040e+01
8.677223978813617578e+03 9.853386080232829158e+01
8.677423970147136060e+03 9.869129941433156716e+01
8.677623961480660000e+03 1.017640985905370883e+02
8.677823952814182121e+03 9.944988651195376406e+01
8.678023944147700604e+03 9.973228359659918851e+01
8.678223935481222725e+03 1.007188154594199858e+02
8.678423926814741208e+03 9.986916849472299873e+01
8.678623918148265147e+03 9.865654176769561445e+01
8.678823909481787268e+03 1.003493793037590933e+02
8.679023900815305751e+03 9.908077089056656916e+01
8.679223892148827872e+03 9.807452575767119640e+01
8.679423883482349993e+03 1.001759310632387354e+02
8.679623874815870295e+03 1.010197751786202929e+02
8.679823866149392416e+03 9.996623222680842957e+01
8.680023857482910898e+03 9.908750080385448200e+01
8.680223848816433019e+03 9.933565809851994288e+01
8.680423840149955140e+03 9.796405118876201357e+01
8.680623831483475442e+03 1.010483380596692058e+02
8.680823822816997563e+03 9.888048100385100270e+01
8.681023814150516046e+03 9.849620150006208519e+01
8.681223805484039985e+03 9.743497040897295847e+01
8.681423796817560287e+03 9.894957396482257650e+01
8.681623788151080589e+03 9.920118438649963366e+01
8.681823779484602710e+03 9.900503836752109521e+01
8.682023770818124831e+03 9.770128727731642471e+01
8.682223762151645133e+03 9.712993380488723005e+01
8.682423753485165435e+03 9.135616335003673782e+01
8.682623744818685736e+03 9.139330975370198473e+01
8.682823736152207857e+03 9.231018816371266666e+01
8.683023727485729978e+03 9.490323482327018212e+01
8.683223718819250280e+03 9.658107864814897425e+01
8.683423710152770582e+03 9.943620422991071450e+01
8.683623701486290884e+03 1.000884622730195872e+02
8.683823692819814823e+03 9.953951045434568812e+01
8.684023684153335125e+03 9.936427996373645044e+01
8.684223675486855427e+03 9.905615662266704646e+01
8.684423666820375729e+03 1.011092770049799014e+02
8.684623658153896031e+03 9.867364306751154857e+01
8.684823649487419971e+03 9.933396576351665885e+01
8.685023640820940273e+03 9.894914686444239749e+01
8.685223632154460574e+03 9.984237219627296156e+01
8.685423623487980876e+03 9.890409862452833067e+01
8.685623614821504816e+03 9.886785792149900942e+01
8.685823606155025118e+03 9.982741868733789659e+01
8.686023597488545420e+03 9.999072462310972753e+01
8.686223588822065722e+03 9.868646266516972787e+01
8.686423580155587842e+03 9.906083678439975415e+01
8.686623571489109963e+03 9.838979698858001655e+01
8.686823562822630265e+03 9.862844978440418231e+01
8.687023554156150567e+03 1.012714968148820418e+02
8.687223545489670869e+03 9.947441039022801590e+01
8.687423536823192990e+03 9.575115640544206030e+01
8.687623528156715111e+03 9.237149748935358673e+01
8.687823519490235412e+03 8.538519295852952951e+01
8.688023510823755714e+03 7.475128023703200597e+01
8.688223502157279654e+03 7.142432791057889574e+01
8.688423493490798137e+03 7.443011467097571199e+01
8.688623484824320258e+03 8.210515696198721969e+01
8.688823476157840560e+03 9.121832670858506731e+01
8.689023467491360861e+03 9.550525210339237958e+01
8.689223458824884801e+03 9.730250259655205980e+01
8.689423450158403284e+03 1.000341517185835869e+02
8.689623441491925405e+03 9.995993347284314723e+01
8.689823432825445707e+03 9.828496853358132057e+01
8.690023424158967828e+03 9.889420840620212516e+01
8.690223415492489949e+03 1.003075650100155372e+02
8.690423406826008431e+03 9.933603584991325874e+01
8.690623398159530552e+03 9.886024936968007637e+01
8.690823389493052673e+03 1.011030818873183108e+02
8.691023380826572975e+03 1.006698977324249569e+02
8.691223372160095096e+03 9.907022438096048234e+01
8.691423363493613579e+03 1.002742084676805803e+02
8.691623354827135699e+03 9.925653173449609312e+01
8.691823346160659639e+03 9.825423101864019770e+01
8.692023337494178122e+03 9.904047403016824092e+01
8.692223328827700243e+03 9.964239254780564181e+01
8.692423320161218726e+03 9.954423000591148707e+01
8.692623311494742666e+03 1.000497696900050784e+02
8.692823302828264787e+03 9.968235876271650397e+01
8.693023294161783269e+03 9.990236858197971515e+01
8.693223285495305390e+03 1.013422942819120465e+02
8.693423276828823873e+03 9.927000094214226067e+01
8.693623268162347813e+03 1.010710427476528679e+02
8.693823259495869934e+03 9.872167167571905111e+01
8.694023250829388417e+03 9.974444939337280402e+01
8.694223242162910537e+03 1.002881269715577019e+02
8.694423233496432658e+03 9.974866299172187212e+01
8.694623224829952960e+03 1.004894188659909133e+02
8.694823216163475081e+03 1.002767311159215353e+02
8.695023207496993564e+03 9.968606369379811838e+01
8.695223198830517504e+03 1.001260338890438675e+02
8.695423190164037806e+03 1.018632050035973151e+02
8.695623181497558107e+03 1.002660069224914423e+02
8.695823172831080228e+03 1.002173290774447310e+02
8.696023164164598711e+03 9.943104228362216190e+01
8.696223155498122651e+03 9.808013681873875100e+01
8.696423146831642953e+03 1.010179225945637285e+02
8.696623138165163255e+03 1.002583997958681721e+02
8.696823129498685375e+03 9.867248850379145608e+01
8.697023120832205677e+03 9.889869176357703395e+01
8.697223112165727798e+03 9.641233393999685575e+01
8.697423103499248100e+03 9.984432367617954185e+01
8.697623094832768402e+03 1.013940256628081045e+02
8.697823086166290523e+03 9.986881334749712380e+01
8.698023077499812644e+03 1.014129960722661394e+02
8.698223068833332945e+03 9.959839504638655683e+01
8.698423060166853247e+03 1.014376695973151783e+02
8.698623051500373549e+03 1.017098378656376951e+02
8.698823042833897489e+03 9.945592598164455467e+01
8.699023034167417791e+03 9.832364241906449820e+01
8.699223025500938093e+03 9.957652122562630836e+01
8.699423016834458394e+03 9.718551741939340616e+01
8.699623008167980515e+03 1.017266595201414674e+02
8.699822999501502636e+03 9.948027998082874035e+01
8.700022990835022938e+03 9.878384224995211582e+01
8.700222982168543240e+03 9.991897170835005682e+01
8.700422973502063542e+03 9.871155651303612899e+01
8.700622964835587482e+03 9.941124193601270065e+01
8.700822956169107783e+03 1.001860260633448263e+02
8.701022947502628085e+03 9.918914744992150645e+01
8.701222938836148387e+03 9.894602203544198460e+01
8.701422930169670508e+03 1.004929493741965842e+02
8.701622921503192629e+03 1.020989273906174191e+02
8.701822912836712931e+03 1.008193061633051713e+02
8.702022904170233232e+03 9.896227955650756769e+01
8.702222895503753534e+03 1.005523576150170442e+02
8.702422886837275655e+03 1.009227047877189420e+02
8.702622878170797776e+03 9.967126963735283596e+01
8.702822869504318078e+03 9.911829444066651718e+01
8.703022860837838380e+03 9.913588864573027593e+01
8.703222852171360501e+03 1.005693611132810901e+02
8.703422843504880802e+03 9.875055597121402684e+01
8.703622834838402923e+03 9.992533980859398923e+01
8.703822826171923225e+03 9.822166810865776654e+01
8.704022817505445346e+03 1.002631410507042347e+02
8.704222808838967467e+03 9.973976635513325562e+01
8.704422800172485950e+03 9.851128426960598006e+01
8.704622791506008070e+03 1.016184097403355935e+02
8.704822782839528372e+03 9.867713459444868818e+01
8.705022774173050493e+03 9.885069437993375630e+01
8.705222765506572614e+03 1.000469306528964069e+02
8.705422756840091097e+03 1.015073481835254938e+02
8.705622748173613218e+03 1.010958768313223430e+02
8.705822739507135338e+03 1.003995205950389220e+02
8.706022730840655640e+03 1.001446724620254116e+02
8.706222722174177761e+03 1.003137571898393645e+02
8.706422713507696244e+03 1.003412858327097723e+02
8.706622704841218365e+03 1.009707863325534731e+02
8.706822696174742305e+03 9.894407181005355767e+01
8.707022687508260788e+03 9.889129920516333527e+01
8.707222678841782908e+03 1.001936140422344010e+02
8.707422670175301391e+03 1.000030216841142163e+02
8.707622661508825331e+03 9.878329141422355519e+01
8.707822652842347452e+03 9.969537858646980055e+01
8.708022644175865935e+03 9.920342243024225581e+01
8.708222635509388056e+03 1.010118405809036091e+02
8.708422626842908358e+03 1.000139322768561101e+02
8.708622618176430478e+03 9.939658343110698979e+01
8.708822609509952599e+03 1.017257200229967253e+02
8.709022600843471082e+03 1.002645638858422075e+02
8.709222592176993203e+03 1.002280415838982606e+02
8.709422583510513505e+03 9.948921020763961565e+01
8.709622574844035626e+03 1.003244713691372283e+02
8.709822566177557746e+03 9.763821139486866230e+01
8.710022557511076229e+03 9.789971888550269341e+01
8.710222548844600169e+03 9.766492527740054186e+01
8.710422540178120471e+03 9.874088310972392435e+01
8.710622531511640773e+03 9.827200212902610588e+01
8.710822522845162894e+03 9.966914979010380193e+01
8.711022514178681377e+03 1.003553265902750411e+02
8.711222505512205316e+03 1.014549769962958123e+02
8.711422496845725618e+03 1.004305619332054391e+02
8.711622488179245920e+03 9.869551569671152436e+01
8.711822479512768041e+03 1.003950220404759932e+02
8.712022470846288343e+03 9.945121961027898294e+01
8.712222462179810464e+03 1.005942310108175946e+02
8.712422453513330765e+03 9.969321943442159295e+01
8.712622444846851067e+03 9.706986496184870816e+01
8.712822436180375007e+03 9.828661803633389127e+01
8.713022427513895309e+03 9.842755818353052177e+01
8.713222418847415611e+03 9.953628219000933086e+01
8.713422410180935913e+03 1.004438346256124532e+02
8.713622401514456214e+03 1.003999172213982263e+02
8.713822392847980154e+03 9.918492934774658920e+01
8.714022384181500456e+03 9.976542994851693891e+01
8.714222375515020758e+03 1.007625867193827247e+02
8.714422366848541060e+03 9.944648590261806476e+01
8.714622358182063181e+03 9.916734022031369022e+01
8.714822349515585302e+03 1.007193014883133486e+02
8.715022340849105603e+03 9.917740174228701733e+01
8.715222332182625905e+03 9.836838448570910032e+01
8.715422323516146207e+03 9.869778358033568111e+01
8.715622314849668328e+03 1.000200387822423522e+02
8.715822306183190449e+03 1.007431486962476441e+02
8.716022297516710751e+03 1.000714854682093460e+02
8.716222288850231052e+03 9.930901487648819170e+01
8.716422280183753173e+03 1.008513874509636565e+02
8.716622271517275294e+03 1.000367341614664980e+02
8.716822262850795596e+03 9.853496877109121499e+01
8.717022254184315898e+03 9.965690200259308540e+01
8.717222245517838019e+03 9.890420955091403243e+01
8.717422236851358321e+03 9.927177193045429249e+01
8.717622228184880441e+03 9.956317989894500897e+01
8.717822219518400743e+03 1.007919878132900351e+02
8.718022210851921045e+03 1.008191927048853955e+02
8.718222202185443166e+03 9.898242573731930349e+01
8.718422193518963468e+03 1.014048213576207615e+02
8.718622184852485589e+03 9.904062890867018609e+01
8.718822176186005890e+03 9.785414727209281693e+01
8.719022167519528011e+03 9.996593472761256294e+01
8.719222158853050132e+03 1.005204817802572990e+02
8.719422150186568615e+03 9.872847085128674394e+01
8.719622141520090736e+03 1.009540054766414130e+02
8.719822132853611038e+03 9.835551272823244062e+01
8.720022124187133159e+03 1.015311325295505469e+02
8.720222115520655279e+03 9.964044539116275701e+01
8.720422106854173762e+03 1.014909629812018750e+02
8.720622098187695883e+03 1.005735570969529249e+02
8.720822089521218004e+03 9.948179077811633420e+01
8.721022080854738306e+03 1.012075291810920987e+02
8.721222072188260427e+03 1.009322396428860174e+02
8.721422063521778909e+03 1.010308309691363888e+02
8.721622054855302849e+03 1.006400251423308703e+02
8.721822046188823151e+03 1.000383510183284272e+02
8.722022037522343453e+03 9.982251130211321311e+01
8.722222028855865574e+03 1.003744856523957054e+02
8.722422020189384057e+03 9.964722185234434448e+01
8.722622011522907997e+03 1.007876485308818104e+02
8.722822002856430117e+03 9.958320003820087152e+01
8.723021994189948600e+03 9.900366043349677625e+01
8.723221985523470721e+03 9.992590239675368480e+01
8.723421976856991023e+03 9.857791652186209319e+01
8.723621968190513144e+03 1.000371306590661220e+02
8.723821959524035265e+03 9.970413888698827520e+01
8.724021950857553747e+03 1.004409556940773882e+02
8.724221942191077687e+03 9.822279763596975499e+01
8.724421933524596170e+03 1.007659844654493497e+02
8.724621924858118291e+03 9.902814118438038804e+01
8.724821916191640412e+03 9.881895261002063080e+01
8.725021907525158895e+03 9.908149028299591521e+01
8.725221898858682835e+03 1.011838023823617618e+02
8.725421890192203136e+03 9.949440100777721341e+01
8.725621881525723438e+03 1.010361908818157701e+02
8.725821872859245559e+03 1.006343441707845585e+02
8.726021864192765861e+03 9.960798320316025922e+01
8.726221855526287982e+03 1.004379320067085928e+02
8.726421846859808284e+03 9.954704165918069236e+01
8.726621838193328585e+03 9.998252599372999327e+01
8.726821829526850706e+03 9.975290724076057813e+01
8.727021820860371008e+03 9.855341464749490399e+01
8.727221812193893129e+03 1.010870554422737371e+02
8.727421803527413431e+03 1.008145611871657792e+02
8.727621794860933733e+03 9.998579653677694523e+01
8.727821786194457673e+03 9.886194340864147989e+01
8.728021777527977974e+03 1.005823897407855441e+02
8.728221768861498276e+03 9.915190551357304116e+01
8.728421760195018578e+03 9.824385692403920700e+01
8.728621751528540699e+03 1.000411213086414932e+02
8.728821742862062820e+03 9.914365957678471375e+01
8.729021734195583122e+03 1.006052804156684886e+02
8.729221725529103423e+03 1.009948785625708609e+02
8.729421716862623725e+03 9.895423410623807570e+01
8.729621708196145846e+03 1.015159129669016096e+02
