8.479689072366902110e+03 9.864702532782227706e+01
8.479889065033705265e+03 1.000916128938040117e+02
8.480089057700504782e+03 1.000073320090720443e+02
8.480289050367306118e+03 9.881715048678769620e+01
8.480489043034105634e+03 9.889394548822345143e+01
8.480689035700906970e+03 1.001945108714181174e+02
8.480889028367710125e+03 1.008176181670001483e+02
8.481089021034509642e+03 9.937069798405758547e+01
8.481289013701310978e+03 9.892411414213837872e+01
8.481489006368112314e+03 9.829371826677197532e+01
8.481688999034913650e+03 9.940823656251775731e+01
8.481888991701714986e+03 9.836655521664962976e+01
8.482088984368516321e+03 1.002599588758930480e+02
8.482288977035317657e+03 9.900024469838318453e+01
8.482488969702117174e+03 1.012399778236920440e+02
8.482688962368918510e+03 9.992767804514710406e+01
8.482888955035719846e+03 1.021651901538830458e+02
8.483088947702521182e+03 9.940407933065965551e+01
8.483288940369322518e+03 1.004247380706093367e+02
8.483488933036122035e+03 1.006989391665021145e+02
8.483688925702925189e+03 1.010714076341839416e+02
8.483888918369726525e+03 1.015979516229695179e+02
8.484088911036526042e+03 9.998037955676136335e+01
8.484288903703329197e+03 1.003173136183837642e+02
8.484488896370128714e+03 9.919482321307499717e+01
8.484688889036930050e+03 1.006987681057805446e+02
8.484888881703731386e+03 1.003672274776514399e+02
8.485088874370530903e+03 9.885303813273954177e+01
8.485288867037334057e+03 1.004944056076554233e+02
8.485488859704133574e+03 9.831130924970604212e+01
8.485688852370934910e+03 1.014206951479533672e+02
8.485888845037738065e+03 1.000916906687865264e+02
8.486088837704537582e+03 1.005680222792312577e+02
8.486288830371338918e+03 9.908956411052473356e+01
8.486488823038140254e+03 1.019905772738579088e+02
8.486688815704941590e+03 9.984862584004511632e+01
8.486888808371742925e+03 9.961155772276923415e+01
8.487088801038542442e+03 9.832370369373958852e+01
8.487288793705343778e+03 9.946312365593955462e+01
8.487488786372145114e+03 9.943975970694852151e+01
8.487688779038946450e+03 9.974567984548357913e+01
8.487888771705747786e+03 9.889038630022108123e+01
8.488088764372549122e+03 9.999722835333375315e+01
8.488288757039350457e+03 9.859929723325821271e+01
8.488488749706149974e+03 9.846192662819055386e+01
8.488688742372953129e+03 1.003034429896126909e+02
8.488888735039754465e+03 9.938581461398584338e+01
8.489088727706553982e+03 9.998175524059217878e+01
8.489288720373355318e+03 9.946508432129044763e+01
8.489488713040154835e+03 1.007341411987562196e+02
8.489688705706957990e+03 1.001843044344907838e+02
8.489888698373759325e+03 1.002258102106896018e+02
8.490088691040558842e+03 9.957625857939025593e+01
8.490288683707361997e+03 9.857814769527095677e+01
8.490488676374161514e+03 9.830541389093868077e+01
8.490688669040962850e+03 1.006918219960724912e+02
8.490888661707766005e+03 9.909193137604064816e+01
8.491088654374565522e+03 9.969564120404092478e+01
8.491288647041366858e+03 1.003266293831558897e+02
8.491488639708166374e+03 1.004390966977390605e+02
8.491688632374967710e+03 9.824569391466430091e+01
8.491888625041770865e+03 9.955928135481374852e+01
8.492088617708570382e+03 1.009456884675728503e+02
8.492288610375371718e+03 9.920987936393183304e+01
8.492488603042173054e+03 9.915855440834690171e+01
8.492688595708974390e+03 9.894149828387288892e+01
8.492888588375775726e+03 9.893631094648313251e+01
8.493088581042577061e+03 9.844812250342948801e+01
8.493288573709378397e+03 9.882183292577842337e+01
8.493488566376179733e+03 1.007892451561426270e+02
8.493688559042979250e+03 1.005810859312387322e+02
8.493888551709780586e+03 9.980631736257880959e+01
8.494088544376581922e+03 9.991900583843315076e+01
8.494288537043383258e+03 9.819402056816761615e+01
8.494488529710182775e+03 9.988683081266673014e+01
8.494688522376985929e+03 1.006975786040388670e+02
8.494888515043787265e+03 9.753624628611179048e+01
8.495088507710586782e+03 9.951383088698852930e+01
8.495288500377389937e+03 9.837667623853128873e+01
8.495488493044189454e+03 9.704193709512887267e+01
8.495688485710992609e+03 9.730386191882038815e+01
8.495888478377792126e+03 9.595111419513489182e+01
8.496088471044591643e+03 9.369925681342782298e+01
8.496288463711394797e+03 9.362476760921168761e+01
8.496488456378194314e+03 8.959908203747657751e+01
8.496688449044995650e+03 8.685024504249950894e+01
8.496888441711798805e+03 8.063118627535232008e+01
8.497088434378598322e+03 7.328024795243555900e+01
8.497288427045399658e+03 6.344297012128520663e+01
8.497488419712200994e+03 5.366143648626045604e+01
8.497688412379002330e+03 4.925139694909981358e+01
8.497888405045805484e+03 5.208926854597764589e+01
8.498088397712603182e+03 6.243380034380544430e+01
8.498288390379404518e+03 7.341774824087599427e+01
8.498488383046205854e+03 7.934227028020850980e+01
8.498688375713007190e+03 8.596959288325003001e+01
8.498888368379808526e+03 9.037085593039698495e+01
8.499088361046609862e+03 9.336639979956707691e+01
8.499288353713411198e+03 9.605592296859589396e+01
8.499488346380210714e+03 9.828661157539708881e+01
8.499688339047013869e+03 9.729276659752389378e+01
8.499888331713815205e+03 9.815639037475678208e+01
8.500088324380616541e+03 9.751250213591546867e+01
8.500288317047416058e+03 9.891421773300088205e+01
8.500488309714215575e+03 1.005079626956274694e+02
8.500688302381018730e+03 9.940886917091651753e+01
8.500888295047820066e+03 9.867885191184265636e+01
8.501088287714619582e+03 9.850650097335491751e+01
8.501288280381422737e+03 9.774868679415089900e+01
8.501488273048222254e+03 9.806755484391284483e+01
8.501688265715023590e+03 9.998971920827356996e+01
8.501888258381826745e+03 9.765295273765077866e+01
8.502088251048626262e+03 1.011242338111173069e+02
8.502288243715429417e+03 9.917836055308720233e+01
8.502488236382227115e+03 9.886778417687573040e+01
8.502688229049028450e+03 1.013022218847296756e+02
8.502888221715831605e+03 1.001346110697661516e+02
8.503088214382631122e+03 9.895588217482792004e+01
8.503288207049432458e+03 9.818150702117227979e+01
8.503488199716233794e+03 9.940199769927922091e+01
8.503688192383035130e+03 9.818622652659787775e+01
8.503888185049836466e+03 9.880077602879494236e+01
8.504088177716637801e+03 1.000887120516636202e+02
8.504288170383439137e+03 9.983030643809303228e+01
8.504488163050240473e+03 9.968154135904514135e+01
8.504688155717039990e+03 1.001704025691873596e+02
8.504888148383841326e+03 9.978253750164797964e+01
8.505088141050642662e+03 9.801475980058032178e+01
8.505288133717443998e+03 1.006588641689908172e+02
8.505488126384243515e+03 1.005100096132154448e+02
8.505688119051046669e+03 9.964675798147140995e+01
8.505888111717848005e+03 1.005844796367132830e+02
8.506088104384647522e+03 9.940869683028985548e+01
8.506288097051450677e+03 1.011729718218086731e+02
8.506488089718250194e+03 9.762611655112718267e+01
8.506688082385053349e+03 9.950282435237515699e+01
8.506888075051852866e+03 1.012154848476607043e+02
8.507088067718652383e+03 1.004953002055553952e+02
8.507288060385455537e+03 9.902197971202230065e+01
8.507488053052255054e+03 1.010052397001891364e+02
8.507688045719056390e+03 9.995516401895488912e+01
8.507888038385859545e+03 1.003669416201218638e+02
8.508088031052659062e+03 1.006508210638535985e+02
8.508288023719462217e+03 1.000264734000592171e+02
8.508488016386261734e+03 9.873969461947513082e+01
8.508688009053063070e+03 1.003573760446327157e+02
8.508888001719866224e+03 9.912064847992502337e+01
8.509087994386663922e+03 1.001868511525222374e+02
8.509287987053465258e+03 9.862415859521887285e+01
8.509487979720266594e+03 9.844549712553472887e+01
8.509687972387067930e+03 1.014922944092858899e+02
8.509887965053869266e+03 1.000188949726046275e+02
8.510087957720670602e+03 1.001639536477736385e+02
8.510287950387471938e+03 9.754741121175707974e+01
8.510487943054273273e+03 9.922138739171951727e+01
8.510687935721074609e+03 9.900844996947817833e+01
8.510887928387875945e+03 1.002730516523291726e+02
8.511087921054677281e+03 9.862160791916770108e+01
8.511287913721476798e+03 9.847633828202019401e+01
8.511487906388276315e+03 9.955158097307312914e+01
8.511687899055079470e+03 1.017365260853354556e+02
8.511887891721880806e+03 1.012265956960501825e+02
8.512087884388680322e+03 9.843991411073720599e+01
8.512287877055483477e+03 9.838206431066723212e+01
8.512487869722282994e+03 1.002826691620615804e+02
8.512687862389086149e+03 9.939263416271356277e+01
8.512887855055887485e+03 9.900364520961537096e+01
8.513087847722687002e+03 9.763172181058723709e+01
8.513287840389490157e+03 9.351855186482211479e+01
8.513487833056287855e+03 8.812111468552164695e+01
8.513687825723089190e+03 8.653668537950299822e+01
8.513887818389892345e+03 8.901456535472992471e+01
8.514087811056691862e+03 9.193251324013283465e+01
8.514287803723493198e+03 9.455502748653111666e+01
8.514487796390294534e+03 9.840838723311765079e+01
8.514687789057095870e+03 9.664292872469759743e+01
8.514887781723899025e+03 9.566903774913616587e+01
8.515087774390698542e+03 9.818744617255605078e+01
8.515287767057499877e+03 9.874232485486622579e+01
8.515487759724301213e+03 1.000146308088098976e+02
8.515687752391100730e+03 1.005491883991378046e+02
8.515887745057902066e+03 9.889195565392256526e+01
8.516087737724703402e+03 9.818698271916827025e+01
8.516287730391504738e+03 9.825731279719786926e+01
8.516487723058304255e+03 1.016378345124037850e+02
8.516687715725107410e+03 9.904809925758496547e+01
8.516887708391908745e+03 1.011857731887307494e+02
8.517087701058710081e+03 1.004530324253541380e+02
8.517287693725511417e+03 9.928485117687895922e+01
8.517487686392310934e+03 9.804419006604551612e+01
8.517687679059114089e+03 9.799752494052478369e+01
8.517887671725913606e+03 9.825546306301156108e+01
8.518087664392713123e+03 9.683252439595248973e+01
8.518287657059516278e+03 9.763139300665795872e+01
8.518487649726315794e+03 9.786454696635493633e+01
8.518687642393117130e+03 9.917747954050820169e+01
8.518887635059920285e+03 1.012658275188890542e+02
8.519087627726719802e+03 1.015299954614832245e+02
8.519287620393522957e+03 9.945924074986979235e+01
8.519487613060322474e+03 9.937181341525422340e+01
8.519687605727123810e+03 9.977931969441274873e+01
8.519887598393926964e+03 1.003436690421007427e+02
8.520087591060724662e+03 9.932066697185274506e+01
8.520287583727525998e+03 1.005540347068539404e+02
8.520487576394327334e+03 9.736851750403756967e+01
8.520687569061128670e+03 9.893647021165446631e+01
8.520887561727930006e+03 9.907095340081122004e+01
8.521087554394731342e+03 9.839929435042117234e+01
8.521287547061532678e+03 9.979183776649782089e+01
8.521487539728334013e+03 9.875673628486852351e+01
8.521687532395135349e+03 9.954773942685140753e+01
8.521887525061936685e+03 1.010604425333811633e+02
8.522087517728738021e+03 9.936305803461489461e+01
8.522287510395537538e+03 9.986806318943142458e+01
8.522487503062337055e+03 9.890654552985704129e+01
8.522687495729140210e+03 1.006040640052878956e+02
8.522887488395941546e+03 9.973862487794328047e+01
8.523087481062742881e+03 1.007296784111119763e+02
8.523287473729544217e+03 9.995608560280842880e+01
8.523487466396343734e+03 1.000306339701205047e+02
8.523687459063146889e+03 9.819883307770699332e+01
8.523887451729948225e+03 9.914250617536050925e+01
8.524087444396747742e+03 1.012961733343439761e+02
8.524287437063550897e+03 1.009681496921592014e+02
8.524487429730348595e+03 9.860081654268410034e+01
8.524687422397149930e+03 9.976848747390208416e+01
8.524887415063953085e+03 9.923917898496114276e+01
8.525087407730752602e+03 9.916983832023595369e+01
8.525287400397555757e+03 9.966790654122465298e+01
8.525487393064355274e+03 9.972592696022020675e+01
8.525687385731156610e+03 9.836651207431381749e+01
8.525887378397959765e+03 9.815345727922209562e+01
8.526087371064759282e+03 9.929760121361637459e+01
8.526287363731560617e+03 1.006977603240778336e+02
8.526487356398361953e+03 1.000421036332980975e+02
8.526687349065161470e+03 9.940396611897617163e+01
8.526887341731962806e+03 9.956790721043435610e+01
8.527087334398764142e+03 9.942603890091332630e+01
8.527287327065565478e+03 9.953336527583161342e+01
8.527487319732366814e+03 9.895921295831739428e+01
8.527687312399168150e+03 1.003136433452419709e+02
8.527887305065969485e+03 9.898553650810187321e+01
8.528087297732770821e+03 1.002494223700125389e+02
8.528287290399572157e+03 9.862357472432417183e+01
8.528487283066371674e+03 9.895868201679900267e+01
8.528687275733174829e+03 1.011046652731884024e+02
8.528887268399974346e+03 9.927106237275729939e+01
8.529087261066773863e+03 9.871590780002911458e+01
8.529287253733577018e+03 9.768659769011962624e+01
8.529487246400376534e+03 9.888491331111869442e+01
8.529687239067179689e+03 1.004394969290122077e+02
8.529887231733981025e+03 9.941123032474536103e+01
8.530087224400780542e+03 9.996364637181771684e+01
8.530287217067583697e+03 9.907514629749158530e+01
8.530487209734383214e+03 9.672699468038864268e+01
8.530687202401184550e+03 1.008727639221031893e+02
8.530887195067987705e+03 9.905840204242882407e+01
8.531087187734785402e+03 9.786169238666555259e+01
8.531287180401586738e+03 9.870652760255936187e+01
8.531487173068388074e+03 9.697994242017448130e+01
8.531687165735189410e+03 9.926100172827932511e+01
8.531887158401992565e+03 9.865446681239500037e+01
8.532087151068792082e+03 9.706746574705051955e+01
8.532287143735593418e+03 1.001446174974770713e+02
8.532487136402394754e+03 9.962094396947529162e+01
8.532687129069196089e+03 9.981092341652023947e+01
8.532887121735997425e+03 9.725243099113839662e+01
8.533087114402798761e+03 9.996583666936116686e+01
8.533287107069598278e+03 9.894705105555509306e+01
8.533487099736397795e+03 9.840591959387242582e+01
8.533687092403200950e+03 9.935440632178091391e+01
8.533887085070002286e+03 9.830289676727602455e+01
8.534087077736803622e+03 9.899327525039866771e+01
8.534287070403604957e+03 9.869011825131504168e+01
8.534487063070404474e+03 9.814029030870275960e+01
8.534687055737207629e+03 9.842268221756285129e+01
8.534887048404008965e+03 9.671496340489278509e+01
8.535087041070808482e+03 9.942110225593886241e+01
8.535287033737611637e+03 9.788293851165016690e+01
8.535487026404409335e+03 9.684777874073616033e+01
8.535687019071210671e+03 9.763248135956740725e+01
8.535887011738013825e+03 9.929928007968116788e+01
8.536087004404813342e+03 9.976460581527911131e+01
8.536286997071616497e+03 9.685066996699693220e+01
8.536486989738416014e+03 9.707196561955926484e+01
8.536686982405217350e+03 9.618709232596036429e+01
8.536886975072020505e+03 9.724426266938678509e+01
8.537086967738820022e+03 9.632692932475772807e+01
8.537286960405621357e+03 9.610592791227225007e+01
8.537486953072422693e+03 9.498850212357012879e+01
8.537686945739222210e+03 9.458876690500888174e+01
8.537886938406025365e+03 9.573946457432005275e+01
8.538086931072824882e+03 9.284777128932051937e+01
8.538286923739626218e+03 9.484138988790563474e+01
8.538486916406427554e+03 9.273536520409835759e+01
8.538686909073228890e+03 9.352683925698462986e+01
8.538886901740030225e+03 8.967478931789770513e+01
8.539086894406831561e+03 9.061381344559804063e+01
8.539286887073632897e+03 9.033282011853995641e+01
8.539486879740432414e+03 8.749631650767332758e+01
8.539686872407235569e+03 8.700818101274096250e+01
8.539886865074035086e+03 8.508694191680773145e+01
8.540086857740836422e+03 8.183244964950013411e+01
8.540286850407637758e+03 7.965863289917247414e+01
8.540486843074437274e+03 7.441617208188556276e+01
8.540686835741240429e+03 7.073597942566759400e+01
8.540886828408041765e+03 6.250634383608088740e+01
8.541086821074841282e+03 5.516648412960014269e+01
8.541286813741644437e+03 4.699216389356113410e+01
8.541486806408443954e+03 3.785815071205877302e+01
8.541686799075245290e+03 3.193603754262927197e+01
8.541886791742046626e+03 3.240504154785823943e+01
8.542086784408846142e+03 3.950753121865145800e+01
8.542286777075649297e+03 4.564312728952469200e+01
8.542486769742448814e+03 5.670669035408662495e+01
8.542686762409250150e+03 6.293179531651626490e+01
8.542886755076053305e+03 7.031355071270114365e+01
8.543086747742852822e+03 7.460710633051203899e+01
8.543286740409654158e+03 8.012194006845413696e+01
8.543486733076455494e+03 8.228065912235364010e+01
8.543686725743256829e+03 8.427128209797038494e+01
8.543886718410058165e+03 8.662764592013651566e+01
8.544086711076857682e+03 8.946104678655842690e+01
8.544286703743659018e+03 9.053362862607184525e+01
8.544486696410460354e+03 9.058280151598923169e+01
8.544686689077261690e+03 9.331601453549207292e+01
8.544886681744063026e+03 9.438130862420567269e+01
8.545086674410864362e+03 9.330634109517485797e+01
8.545286667077665697e+03 9.366561079031436066e+01
8.545486659744465214e+03 9.671618089921798855e+01
8.545686652411268369e+03 9.452384717282993165e+01
8.545886645078069705e+03 9.629123182646709722e+01
8.546086637744869222e+03 9.724479006127685921e+01
8.546286630411670558e+03 9.747599900013051410e+01
8.546486623078470075e+03 9.660365786669974852e+01
8.546686615745273230e+03 9.895710564231785611e+01
8.546886608412074565e+03 9.804195697738241222e+01
8.547086601078874082e+03 9.703891287214084116e+01
8.547286593745677237e+03 9.853120117004820600e+01
8.547486586412476754e+03 9.809231345081697384e+01
8.547686579079278090e+03 9.935606377440250014e+01
8.547886571746081245e+03 9.867906258914159423e+01
8.548086564412880762e+03 9.688513378796986331e+01
8.548286557079682098e+03 9.914603043916599745e+01
8.548486549746481614e+03 9.768386323689846051e+01
8.548686542413282950e+03 9.783678351481756863e+01
8.548886535080086105e+03 9.788903486772258589e+01
8.549086527746885622e+03 1.002041124781317194e+02
8.549286520413686958e+03 9.563035371968149434e+01
8.549486513080488294e+03 9.752732124797043411e+01
8.549686505747289630e+03 9.744416040629759834e+01
8.549886498414090966e+03 9.861008438291537459e+01
8.550086491080892301e+03 9.895394423569270259e+01
8.550286483747693637e+03 9.910063940787222236e+01
8.550486476414493154e+03 9.757863246301734250e+01
8.550686469081294490e+03 9.941067277297946703e+01
8.550886461748095826e+03 9.985534214748945203e+01
8.551086454414897162e+03 1.010449243863354383e+02
8.551286447081698498e+03 9.906133967330261214e+01
8.551486439748498015e+03 9.926423515110350593e+01
8.551686432415301169e+03 9.986699157737980670e+01
8.551886425082102505e+03 9.959751488275776410e+01
8.552086417748902022e+03 9.894184331040008828e+01
8.552286410415705177e+03 9.998065930244780475e+01
8.552486403082504694e+03 1.011791472525894022e+02
8.552686395749306030e+03 1.006920243843312051e+02
8.552886388416107366e+03 1.004796720084812307e+02
8.553086381082906883e+03 9.958026158548599938e+01
8.553286373749710037e+03 9.889157954633417091e+01
8.553486366416509554e+03 1.008961148430915671e+02
8.553686359083310890e+03 1.004436399734189820e+02
8.553886351750114045e+03 9.959499778936546477e+01
8.554086344416913562e+03 9.723811399769422792e+01
8.554286337083714898e+03 1.006715224632596630e+02
8.554486329750516234e+03 9.849103395609523659e+01
8.554686322417317569e+03 9.827060595850146285e+01
8.554886315084120724e+03 9.964896756963995017e+01
8.555086307750918422e+03 9.741618658483719173e+01
8.555286300417719758e+03 9.894209412850064211e+01
8.555486293084521094e+03 1.000891828429057284e+02
8.555686285751322430e+03 9.992389383181915719e+01
8.555886278418123766e+03 1.004190920379756591e+02
8.556086271084925102e+03 9.915410093366382682e+01
8.556286263751726437e+03 1.005075826614575334e+02
8.556486256418525954e+03 9.829172814932263691e+01
8.556686249085329109e+03 1.001435733630596587e+02
8.556886241752130445e+03 9.972492750976338982e+01
8.557086234418931781e+03 9.904899212420293964e+01
8.557286227085731298e+03 9.973873585714083845e+01
8.557486219752530815e+03 9.931527167731194083e+01
8.557686212419333970e+03 1.000853209988950709e+02
8.557886205086135305e+03 9.990621626809290490e+01
8.558086197752934822e+03 9.921307688081054721e+01
8.558286190419737977e+03 9.922115798112801599e+01
8.558486183086537494e+03 9.838932230855550642e+01
8.558686175753338830e+03 9.892594438099943943e+01
8.558886168420141985e+03 9.951957307757867000e+01
8.559086161086941502e+03 9.898749910473556213e+01
8.559286153753744657e+03 9.873132851270641197e+01
8.559486146420542354e+03 1.003384668425195088e+02
8.559686139087343690e+03 1.002781235200107659e+02
8.559886131754146845e+03 1.011773233788651254e+02
8.560086124420946362e+03 1.012206996453466985e+02
8.560286117087747698e+03 9.926693705871304019e+01
8.560486109754549034e+03 9.982629649156960738e+01
8.560686102421350370e+03 9.970761512872689991e+01
8.560886095088151706e+03 1.001535219723974279e+02
8.561086087754953041e+03 1.004095939810993769e+02
8.561286080421754377e+03 9.759307686498223688e+01
8.561486073088555713e+03 1.000347758740998074e+02
8.561686065755355230e+03 9.826902479815724689e+01
8.561886058422156566e+03 1.016179048424769320e+02
8.562086051088957902e+03 9.944691202044835165e+01
8.562286043755759238e+03 1.006041903415042071e+02
8.562486036422558755e+03 1.005007765300242681e+02
8.562686029089361909e+03 1.003343827826162169e+02
8.562886021756163245e+03 9.952371276109835208e+01
8.563086014422962762e+03 1.005928216618153641e+02
8.563286007089765917e+03 9.881055906918402343e+01
8.563485999756565434e+03 9.941847792430384345e+01
8.563685992423368589e+03 9.961940569242240429e+01
8.563885985090168106e+03 9.809751232551977296e+01
8.564085977756967623e+03 9.970614007253611533e+01
8.564285970423770777e+03 1.000645380134784119e+02
8.564485963090570294e+03 9.942674898854079402e+01
8.564685955757371630e+03 1.001832755264995569e+02
8.564885948424174785e+03 1.009938392626770565e+02
8.565085941090974302e+03 1.003339837197879945e+02
8.565285933757775638e+03 9.854899115787185337e+01
8.565485926424576974e+03 9.928956278780874811e+01
8.565685919091378310e+03 9.907814418322146821e+01
8.565885911758181464e+03 9.848427917427476075e+01
8.566085904424979162e+03 9.996632380366439463e+01
8.566285897091780498e+03 1.009034863865718989e+02
8.566485889758581834e+03 1.003814968352236150e+02
8.566685882425383170e+03 9.970583301973975665e+01
8.566885875092184506e+03 9.896912605150959052e+01
8.567085867758985842e+03 1.003213838188573703e+02
8.567285860425787178e+03 9.973304376154642625e+01
8.567485853092586694e+03 9.877199979345050451e+01
8.567685845759389849e+03 9.999472882006334373e+01
8.567885838426191185e+03 1.001283655410581446e+02
8.568085831092992521e+03 9.966074850835387622e+01
8.568285823759792038e+03 9.896072033469073403e+01
8.568485816426591555e+03 1.003037863176257218e+02
8.568685809093394710e+03 1.001890791564065495e+02
8.568885801760196046e+03 9.937078546455569494e+01
8.569085794426995562e+03 9.900598936431130426e+01
8.569285787093798717e+03 1.000685239238186597e+02
8.569485779760598234e+03 9.887012109762392242e+01
8.569685772427401389e+03 9.955869325773883816e+01
8.569885765094202725e+03 1.002373403549120923e+02
8.570085757761002242e+03 9.807110664323133165e+01
8.570285750427805397e+03 9.863445830021515803e+01
8.570485743094603095e+03 9.920098930111889501e+01
8.570685735761404430e+03 1.004586621464897718e+02
8.570885728428207585e+03 1.004543785425728686e+02
8.571085721095007102e+03 9.711832072988899256e+01
8.571285713761808438e+03 9.999661915643621057e+01
8.571485706428609774e+03 9.891770245554943131e+01
8.571685699095411110e+03 1.017590202403913224e+02
8.571885691762214265e+03 9.953396540259056735e+01
8.572085684429013781e+03 9.843676002826971683e+01
8.572285677095815117e+03 1.001913931237860282e+02
8.572485669762616453e+03 1.007569742812230515e+02
8.572685662429415970e+03 1.011444909687219109e+02
8.572885655096217306e+03 9.943322546646284366e+01
8.573085647763018642e+03 1.003081626997836935e+02
8.573285640429819978e+03 9.924104007169111696e+01
8.573485633096619495e+03 1.000396687314214290e+02
8.573685625763422649e+03 9.933309823078381839e+01
8.573885618430223985e+03 9.916682618137760130e+01
8.574085611097025321e+03 9.959270069530990099e+01
8.574285603763826657e+03 9.966397109832482215e+01
8.574485596430626174e+03 1.005666571527306843e+02
8.574685589097429329e+03 9.965616138922808886e+01
8.574885581764228846e+03 9.964856307132222923e+01
8.575085574431028363e+03 9.968674410523492213e+01
8.575285567097831517e+03 9.859128322150314716e+01
8.575485559764631034e+03 9.897863177254809841e+01
8.575685552431432370e+03 1.002991311073414948e+02
8.575885545098235525e+03 9.939674407248020316e+01
8.576085537765035042e+03 1.006083181270253561e+02
8.576285530431838197e+03 9.965553244158844848e+01
8.576485523098637714e+03 9.996239272667406794e+01
8.576685515765439050e+03 9.922849608249414644e+01
8.576885508432242204e+03 1.005136233309081177e+02
8.577085501099039902e+03 9.872491235463107273e+01
8.577285493765841238e+03 1.007015878279504477e+02
8.577485486432642574e+03 9.824082887340395587e+01
8.577685479099443910e+03 9.834993347653734475e+01
8.577885471766245246e+03 9.998727975914626143e+01
8.578085464433046582e+03 1.003595812060697199e+02
8.578285457099847918e+03 1.012668736174740900e+02
8.578485449766649253e+03 9.766146215654420359e+01
8.578685442433450589e+03 9.814127608198353414e+01
8.578885435100251925e+03 1.011976682810105075e+02
8.579085427767053261e+03 1.011236119104038949e+02
8.579285420433852778e+03 1.007704515820167757e+02
8.579485413100652295e+03 1.008465917710233555e+02
8.579685405767455450e+03 1.002688677820198535e+02
8.579885398434256786e+03 1.002771408822662096e+02
8.580085391101056302e+03 9.901995430789874320e+01
8.580285383767859457e+03 1.002728931738977991e+02
8.580485376434658974e+03 1.008168678495880357e+02
8.580685369101462129e+03 1.023994614891469155e+02
8.580885361768263465e+03 1.000864168235889622e+02
8.581085354435062982e+03 9.909955567637672402e+01
8.581285347101866137e+03 9.948489185553478364e+01
8.581485339768663835e+03 9.851910446412927058e+01
8.581685332435465170e+03 9.701637477938398035e+01
8.581885325102268325e+03 9.280085680865761333e+01
8.582085317769067842e+03 9.640022697868491264e+01
8.582285310435869178e+03 9.581481602995074809e+01
8.582485303102670514e+03 9.804348783991679284e+01
8.582685295769471850e+03 9.950943989281229562e+01
8.582885288436275005e+03 9.908952641864077293e+01
8.583085281103074522e+03 9.925602146394061265e+01
8.583285273769875857e+03 9.998045648563379473e+01
8.583485266436677193e+03 1.007856698186977980e+02
8.583685259103476710e+03 1.002990787881262236e+02
8.583885251770278046e+03 1.002701250735807150e+02
8.584085244437079382e+03 9.909350775648769627e+01
8.584285237103880718e+03 1.025287103415112000e+02
8.584485229770682054e+03 9.851778455680437219e+01
8.584685222437483390e+03 9.728419022296415619e+01
8.584885215104284725e+03 1.012637397766030034e+02
8.585085207771086061e+03 1.023038827700144537e+02
8.585285200437887397e+03 9.832834547261933267e+01
8.585485193104686914e+03 9.821952179016027173e+01
8.585685185771490069e+03 9.973801052591333871e+01
8.585885178438289586e+03 9.987750325758103997e+01
8.586085171105089103e+03 9.884385399009096318e+01
8.586285163771892258e+03 9.992749599322957010e+01
8.586485156438691774e+03 1.000783976517150364e+02
8.586685149105494929e+03 9.863439060932988411e+01
8.586885141772296265e+03 9.826446286891501813e+01
8.587085134439095782e+03 9.953841391558407281e+01
8.587285127105898937e+03 1.017434742982204483e+02
8.587485119772698454e+03 9.954973615944619780e+01
8.587685112439499790e+03 9.996130214404851699e+01
8.587885105106302944e+03 1.013393958030567887e+02
8.588085097773100642e+03 9.909374893217233193e+01
8.588285090439901978e+03 9.946162931603922175e+01
8.588485083106703314e+03 9.898275872047800306e+01
8.588685075773504650e+03 9.779304237014007128e+01
8.588885068440307805e+03 9.945709161739662818e+01
8.589085061107107322e+03 9.966568225395690206e+01
8.589285053773908658e+03 1.004517538869581585e+02
8.589485046440709993e+03 1.014032870450950554e+02
8.589685039107511329e+03 1.006982802786126143e+02
8.589885031774312665e+03 9.892582469067922091e+01
8.590085024441114001e+03 9.997051904941484679e+01
8.590285017107913518e+03 9.951163532625339769e+01
8.590485009774713035e+03 1.002590922911782485e+02
8.590685002441516190e+03 1.013644051710187455e+02
8.590884995108317526e+03 1.008570821567590912e+02
8.591084987775118861e+03 1.011930166764029622e+02
8.591284980441920197e+03 1.007734037095293900e+02
8.591484973108719714e+03 1.000500822693438323e+02
8.591684965775522869e+03 1.010894506582415318e+02
8.591884958442324205e+03 9.998122145196046517e+01
8.592084951109123722e+03 1.010679257100201056e+02
8.592284943775926877e+03 1.000191476957145511e+02
8.592484936442724575e+03 1.006645929306454974e+02
8.592684929109525910e+03 9.983593128734077027e+01
8.592884921776329065e+03 1.000360085307937368e+02
8.593084914443128582e+03 9.919729813674074137e+01
8.593284907109931737e+03 1.011720437693172840e+02
8.593484899776731254e+03 9.940460883807881487e+01
8.593684892443532590e+03 1.003739301377107154e+02
8.593884885110335745e+03 1.005595619477907690e+02
8.594084877777135262e+03 1.006784183874613916e+02
8.594284870443936597e+03 9.861669305939634000e+01
8.594484863110737933e+03 9.981577861165366983e+01
8.594684855777537450e+03 9.892826911182315541e+01
8.594884848444338786e+03 1.001772458257117933e+02
8.595084841111140122e+03 9.985065861809093235e+01
8.595284833777941458e+03 1.004501973410169171e+02
8.595484826444742794e+03 1.004434044965633888e+02
8.595684819111544130e+03 1.012988129481451125e+02
8.595884811778345465e+03 9.940500180210582926e+01
8.596084804445146801e+03 1.010647509186111961e+02
8.596284797111948137e+03 1.000887093291870684e+02
8.596484789778747654e+03 1.007309905499116098e+02
8.596684782445550809e+03 1.021476851750351500e+02
8.596884775112350326e+03 1.006383892988194617e+02
8.597084767779149843e+03 9.919941800257717546e+01
8.597284760445952998e+03 9.842698469544694717e+01
8.597484753112752514e+03 1.004438181720547050e+02
8.597684745779555669e+03 9.921433753309239023e+01
8.597884738446357005e+03 9.987697774348475832e+01
8.598084731113156522e+03 9.797064622514825771e+01
8.598284723779959677e+03 9.798083955503631159e+01
8.598484716446759194e+03 9.707436501049011213e+01
8.598684709113560530e+03 9.809792310673896054e+01
8.598884701780363685e+03 9.866308683541117830e+01
8.599084694447161382e+03 9.960514485047139033e+01
8.599284687113964537e+03 9.958062731264224965e+01
8.599484679780764054e+03 9.969556140287782853e+01
8.599684672447565390e+03 9.980128069470664798e+01
8.599884665114368545e+03 1.009085434828417362e+02
8.600084657781168062e+03 9.817946865794064593e+01
8.600284650447969398e+03 9.945865953138535076e+01
8.600484643114770734e+03 1.001144862033235370e+02
8.600684635781572069e+03 1.019386320601994669e+02
8.600884628448373405e+03 9.819324480139664502e+01
8.601084621115174741e+03 9.920637003097054674e+01
8.601284613781974258e+03 1.004184460748149377e+02
8.601484606448775594e+03 9.902524719211919546e+01
8.601684599115576930e+03 9.958849926520851170e+01
8.601884591782378266e+03 1.003638477207835535e+02
8.602084584449179602e+03 9.881828606495923850e+01
8.602284577115980937e+03 9.945598768418527413e+01
8.602484569782780454e+03 1.001161528528828200e+02
8.602684562449583609e+03 1.019585388744372096e+02
8.602884555116384945e+03 1.003694082200381104e+02
8.603084547783184462e+03 9.872518831727610689e+01
8.603284540449987617e+03 1.001545882156792118e+02
8.603484533116785315e+03 1.004624309765654004e+02
8.603684525783588469e+03 1.000741861026522770e+02
8.603884518450389805e+03 9.954663402751906176e+01
8.604084511117189322e+03 9.995888392682643087e+01
8.604284503783992477e+03 1.006085556622577997e+02
8.604484496450791994e+03 9.731284487207354061e+01
8.604684489117593330e+03 9.934691255102397633e+01
8.604884481784396485e+03 1.010569376843957770e+02
8.605084474451196002e+03 1.004148400299635142e+02
8.605284467117997337e+03 9.994786239315183707e+01
8.605484459784798673e+03 9.961573279563998540e+01
8.605684452451598190e+03 9.982510245751166167e+01
8.605884445118401345e+03 9.913795511020444451e+01
8.606084437785200862e+03 1.001926481567532363e+02
8.606284430452002198e+03 9.853210372748922907e+01
8.606484423118803534e+03 1.019833314255252361e+02
8.606684415785604870e+03 1.003518473390843013e+02
8.606884408452406205e+03 9.961220988930800502e+01
8.607084401119207541e+03 9.828777990337029280e+01
8.607284393786008877e+03 9.748253442148291015e+01
8.607484386452808394e+03 9.967448791533360009e+01
8.607684379119611549e+03 1.020007105462270403e+02
8.607884371786411066e+03 1.010064929889482244e+02
8.608084364453212402e+03 9.955842057769721976e+01
8.608284357120013738e+03 9.857886664470555615e+01
8.608484349786813254e+03 9.816076173039442665e+01
8.608684342453616409e+03 1.000874023020587487e+02
8.608884335120417745e+03 1.009771297134899299e+02
8.609084327787217262e+03 9.851513759629931144e+01
8.609284320454020417e+03 9.924158536547589904e+01
8.609484313120819934e+03 1.005775667546965195e+02
8.609684305787621270e+03 1.009789260483325819e+02
8.609884298454424425e+03 9.950985914267143073e+01
8.610084291121222122e+03 9.959754894723137397e+01
8.610284283788025277e+03 9.842883451256459182e+01
8.610484276454824794e+03 9.823942276718906896e+01
8.610684269121626130e+03 9.902316556476208120e+01
8.610884261788429285e+03 9.721582844238949406e+01
8.611084254455228802e+03 9.273384638368949595e+01
8.611284247122030138e+03 8.935021127190476875e+01
8.611484239788831474e+03 8.445807559115914387e+01
8.611684232455632809e+03 8.717096501108314044e+01
8.611884225122434145e+03 9.140415889777727898e+01
8.612084217789235481e+03 9.894201599737336039e+01
8.612284210456034998e+03 9.798334266959621175e+01
8.612484203122836334e+03 1.007563164400895772e+02
8.612684195789637670e+03 1.003655314275417823e+02
8.612884188456439006e+03 9.969888912574741369e+01
8.613084181123240342e+03 1.002242181558532224e+02
8.613284173790041677e+03 1.012022059096933333e+02
8.613484166456841194e+03 1.014535180079230230e+02
8.613684159123644349e+03 9.913054024692584676e+01
8.613884151790445685e+03 9.995316880420290317e+01
8.614084144457245202e+03 9.875602919122150070e+01
8.614284137124048357e+03 1.014834604716390487e+02
8.614484129790846055e+03 1.000185631849251990e+02
8.614684122457649210e+03 9.887660925884895846e+01
8.614884115124450545e+03 9.955095840408415597e+01
8.615084107791250062e+03 1.013472549498870450e+02
8.615284100458053217e+03 9.910858790898370785e+01
8.615484093124852734e+03 1.005389730003650470e+02
8.615684085791654070e+03 1.003421978755306725e+02
8.615884078458457225e+03 9.891923908732970006e+01
8.616084071125256742e+03 9.821971442455377144e+01
8.616284063792059897e+03 9.981265300924042094e+01
8.616484056458859413e+03 9.954224267872049836e+01
8.616684049125658930e+03 9.899679077393142279e+01
8.616884041792462085e+03 9.904424190037462949e+01
8.617084034459261602e+03 9.921397478641335965e+01
8.617284027126062938e+03 9.854061745275195960e+01
8.617484019792864274e+03 1.000631057843982319e+02
8.617684012459665610e+03 1.008236643933692562e+02
8.617884005126466946e+03 9.963676155445405414e+01
8.618083997793268281e+03 1.001046303202990515e+02
8.618283990460069617e+03 9.991089767395722276e+01
8.618483983126870953e+03 9.903320943062958293e+01
8.618683975793672289e+03 1.016019734615285444e+02
8.618883968460471806e+03 1.004388734491756026e+02
8.619083961127273142e+03 1.000972873677164188e+02
8.619283953794074478e+03 1.014053514306375376e+02
8.619483946460873995e+03 1.005779784182007859e+02
8.619683939127677149e+03 1.009817488458885748e+02
8.619883931794478485e+03 1.020692777900898847e+02
8.620083924461278002e+03 1.004623464510469546e+02
8.620283917128081157e+03 1.024144878481278766e+02
8.620483909794880674e+03 9.838659936988103993e+01
8.620683902461683829e+03 9.792156595636726024e+01
8.620883895128485165e+03 9.671261493036234924e+01
8.621083887795282862e+03 9.435185813597962579e+01
8.621283880462086017e+03 9.045439617758862028e+01
8.621483873128885534e+03 9.244099541042662338e+01
8.621683865795686870e+03 9.613907553866471289e+01
8.621883858462490025e+03 9.814538085078089580e+01
8.622083851129289542e+03 9.881783760357217261e+01
8.622283843796090878e+03 9.911955061311597603e+01
8.622483836462892214e+03 1.001717206371744311e+02
8.622683829129693549e+03 9.973333507428088751e+01
8.622883821796496704e+03 1.004069199294648342e+02
8.623083814463296221e+03 9.850415798220345209e+01
8.623283807130095738e+03 9.978340042769660556e+01
8.623483799796897074e+03 9.928349525977809265e+01
8.623683792463698410e+03 1.005713724599028893e+02
8.623883785130499746e+03 9.913888569951834029e+01
8.624083777797301082e+03 1.003289067239191610e+02
8.624283770464102417e+03 1.001605845277970701e+02
8.624483763130901934e+03 9.985196394316886881e+01
8.624683755797705089e+03 9.982722795768577839e+01
8.624883748464506425e+03 1.006212380830799447e+02
8.625083741131307761e+03 1.010585775033812297e+02
8.625283733798109097e+03 9.987157644455396621e+01
8.625483726464906795e+03 9.938528095309898447e+01
8.625683719131709950e+03 9.979404955400623578e+01
8.625883711798511285e+03 9.909608827315418011e+01
8.626083704465310802e+03 9.990004176773294375e+01
8.626283697132113957e+03 1.003152050150756480e+02
8.626483689798913474e+03 9.724444989215436408e+01
8.626683682465714810e+03 1.002089323359976731e+02
8.626883675132517965e+03 1.010603604799883186e+02
8.627083667799317482e+03 9.943559953144541907e+01
8.627283660466120637e+03 1.002981857832828751e+02
8.627483653132920153e+03 9.993785397394125880e+01
8.627683645799719670e+03 9.966371388235613438e+01
8.627883638466522825e+03 9.974491209963288441e+01
8.628083631133322342e+03 1.009046892705188583e+02
8.628283623800123678e+03 9.921119458730848351e+01
8.628483616466925014e+03 9.947931720871055461e+01
8.628683609133726350e+03 1.003859695369719134e+02
8.628883601800527686e+03 1.002364634399920931e+02
8.629083594467329021e+03 1.009413689689051807e+02
8.629283587134130357e+03 1.000495031869707958e+02
8.629483579800931693e+03 1.008964592697122811e+02
8.629683572467733029e+03 1.008554569980204576e+02
8.629883565134532546e+03 9.999673062273667767e+01
8.630083557801333882e+03 1.000775263899025731e+02
8.630283550468135218e+03 1.009157880099711377e+02
8.630483543134934735e+03 1.016222804666053463e+02
8.630683535801737889e+03 1.007485501992622261e+02
8.630883528468539225e+03 9.903026835963794383e+01
8.631083521135340561e+03 9.999695926543654423e+01
8.631283513802141897e+03 9.955050101684406627e+01
8.631483506468941414e+03 1.002462542564071413e+02
8.631683499135744569e+03 9.980431509826881609e+01
8.631883491802545905e+03 1.000280285450740081e+02
8.632083484469343603e+03 1.019564540144371847e+02
8.632283477136146757e+03 1.009502466528914226e+02
8.632483469802946274e+03 9.946011974420956392e+01
8.632683462469747610e+03 1.008317466461977432e+02
8.632883455136550765e+03 9.771060446527680199e+01
8.633083447803350282e+03 9.974179525011255976e+01
8.633283440470153437e+03 9.759577755286515810e+01
8.633483433136952954e+03 1.019528063076180757e+02
8.633683425803754290e+03 1.005913790867700754e+02
8.633883418470557444e+03 9.922862718126064863e+01
8.634083411137356961e+03 1.011192719931301554e+02
8.634283403804156478e+03 9.903258216549497206e+01
8.634483396470957814e+03 1.004918909725608671e+02
8.634683389137759150e+03 9.987032790441432439e+01
8.634883381804560486e+03 9.779958693073538711e+01
8.635083374471361822e+03 1.019894113807534239e+02
8.635283367138163158e+03 9.996857390017807177e+01
8.635483359804964493e+03 9.876351104370026235e+01
8.635683352471765829e+03 9.873751391178218739e+01
8.635883345138567165e+03 9.987235099881291944e+01
8.636083337805368501e+03 1.006807950129463620e+02
8.636283330472169837e+03 9.922901469146499664e+01
8.636483323138967535e+03 9.923257676573527419e+01
8.636683315805770690e+03 9.989503758009455225e+01
8.636883308472572025e+03 9.885863595850192098e+01
8.637083301139371542e+03 9.974026063307528034e+01
8.637283293806174697e+03 9.914591332387449540e+01
8.637483286472974214e+03 9.888030667770256343e+01
8.637683279139777369e+03 9.885515344429522600e+01
8.637883271806578705e+03 1.010701192156541453e+02
8.638083264473378222e+03 9.977973523787197507e+01
8.638283257140181377e+03 9.947795064815660737e+01
8.638483249806980893e+03 9.918977015874581582e+01
8.638683242473780410e+03 9.869322844986830034e+01
8.638883235140583565e+03 1.008857542759228068e+02
8.639083227807383082e+03 9.885517001692511485e+01
8.639283220474184418e+03 1.023465877950735319e+02
8.639483213140985754e+03 1.016105657856602278e+02
8.639683205807787090e+03 1.006156568640425490e+02
8.639883198474590245e+03 9.932424538416132975e+01
8.640083191141389761e+03 9.869958904809952571e+01
8.640283183808191097e+03 9.878856078847466904e+01
8.640483176474992433e+03 1.003302908317114230e+02
8.640683169141793769e+03 9.936392438767840929e+01
8.640883161808593286e+03 1.010983179772509430e+02
8.641083154475394622e+03 9.962972723952256615e+01
8.641283147142195958e+03 9.919944879183762509e+01
8.641483139808995475e+03 1.008663884490963341e+02
8.641683132475798629e+03 9.799531265709728700e+01
8.641883125142599965e+03 9.942151972985645614e+01
8.642083117809401301e+03 1.015468348662766402e+02
8.642283110476202637e+03 1.015089899076178739e+02
8.642483103143002154e+03 9.941940667891805106e+01
8.642683095809805309e+03 9.925291637921795029e+01
8.642883088476604826e+03 9.861216887943119502e+01
8.643083081143404343e+03 9.927742719956587791e+01
8.643283073810207497e+03 1.006033576291849414e+02
8.643483066477007014e+03 9.922378059475249756e+01
8.643683059143808350e+03 9.961081521003045225e+01
8.643883051810611505e+03 9.967042011574032756e+01
8.644083044477411022e+03 9.905792079445350851e+01
8.644283037144214177e+03 9.983255807337286569e+01
8.644483029811013694e+03 1.003764134779461017e+02
8.644683022477815030e+03 9.971477860436880292e+01
8.644883015144618184e+03 1.010334845418308163e+02
8.645083007811415882e+03 1.004472557504323618e+02
8.645283000478217218e+03 9.931539252194542655e+01
8.645482993145018554e+03 1.007102525754763036e+02
8.645682985811819890e+03 9.990902673646507992e+01
8.645882978478623045e+03 9.842360204934992396e+01
8.646082971145422562e+03 1.021444569632597137e+02
8.646282963812223898e+03 9.903470980053641881e+01
8.646482956479025233e+03 9.908323993637677063e+01
8.646682949145826569e+03 9.978577582504169641e+01
8.646882941812627905e+03 9.823187636053694405e+01
8.647082934479429241e+03 1.005975897853740264e+02
8.647282927146228758e+03 1.007477098103370849e+02
8.647482919813028275e+03 9.997371012532400414e+01
8.647682912479831430e+03 9.989042790797741134e+01
8.647882905146632766e+03 9.940372849432326063e+01
8.648082897813434101e+03 1.009789973275297541e+02
8.648282890480235437e+03 9.832190937258906160e+01
8.648482883147034954e+03 1.004529366462120521e+02
8.648682875813838109e+03 1.000853147004791168e+02
8.648882868480639445e+03 9.851370951175049129e+01
8.649082861147438962e+03 9.982879862621879852e+01
8.649282853814242117e+03 1.009996021920792373e+02
8.649482846481039815e+03 9.918900634735625488e+01
8.649682839147841150e+03 9.900408717886568866e+01
8.649882831814644305e+03 1.004617585668415529e+02
8.650082824481443822e+03 9.897459684600167407e+01
8.650282817148246977e+03 9.891221316218968695e+01
8.650482809815046494e+03 1.002293165364623064e+02
8.650682802481847830e+03 9.977360456539094002e+01
8.650882795148650985e+03 1.007296307160282964e+02
8.651082787815450502e+03 1.001573468085153849e+02
8.651282780482251837e+03 9.849208082972684508e+01
8.651482773149053173e+03 1.002972754898183041e+02
8.651682765815852690e+03 9.848311052320596559e+01
8.651882758482654026e+03 1.000545335466629524e+02
8.652082751149455362e+03 9.965436606075914483e+01
8.652282743816256698e+03 9.991388231542619280e+01
8.652482736483058034e+03 9.901275535968282782e+01
8.652682729149859369e+03 9.831885211199845287e+01
8.652882721816660705e+03 9.826103387726020344e+01
8.653082714483462041e+03 9.872313636806769921e+01
8.653282707150263377e+03 9.950855329902518065e+01
8.653482699817062894e+03 9.800461251389302220e+01
8.653682692483866049e+03 1.001365153605726732e+02
8.653882685150665566e+03 9.894317817052977659e+01
8.654082677817465083e+03 9.951968822674156456e+01
8.654282670484268237e+03 1.000038183035835715e+02
8.654482663151067754e+03 9.962352623127631546e+01
8.654682655817870909e+03 9.793331305295664890e+01
8.654882648484672245e+03 9.907666648150723177e+01
8.655082641151471762e+03 9.862286642648200541e+01
8.655282633818274917e+03 9.836893236954379915e+01
8.655482626485074434e+03 9.898661977308651672e+01
8.655682619151875770e+03 9.835181667912925718e+01
8.655882611818678924e+03 9.950162863438201555e+01
8.656082604485476622e+03 9.988590828355698648e+01
8.656282597152277958e+03 9.870353465855048114e+01
8.656482589819079294e+03 9.714492059246754252e+01
8.656682582485880630e+03 9.835401025026072830e+01
8.656882575152683785e+03 9.951445822891473370e+01
8.657082567819483302e+03 9.815527236189026894e+01
8.657282560486284638e+03 9.574795180356034052e+01
8.657482553153085973e+03 9.641175059150134530e+01
8.657682545819887309e+03 9.662924248771007285e+01
8.657882538486688645e+03 9.631456085708026649e+01
8.658082531153489981e+03 9.833291933043159361e+01
8.658282523820289498e+03 9.558714184105140532e+01
8.658482516487089015e+03 9.759929750777949664e+01
8.658682509153892170e+03 9.672347129290635337e+01
8.658882501820693506e+03 9.603001732551277314e+01
8.659082494487494841e+03 9.534165604574178587e+01
8.659282487154296177e+03 9.326233200708078641e+01
8.659482479821095694e+03 9.336626168321321018e+01
8.659682472487898849e+03 9.089493903546214426e+01
8.659882465154700185e+03 8.951090306499813209e+01
8.660082457821499702e+03 8.753173373917832123e+01
8.660282450488302857e+03 8.585320077216083234e+01
8.660482443155100555e+03 8.062476152165660892e+01
8.660682435821903709e+03 7.688130195420376367e+01
8.660882428488705045e+03 6.913508348947178206e+01
8.661082421155504562e+03 6.129179126712914183e+01
8.661282413822307717e+03 5.381368496485541186e+01
8.661482406489107234e+03 4.457075244935259661e+01
8.661682399155908570e+03 3.652604243650578297e+01
8.661882391822711725e+03 3.599688628463611906e+01
8.662082384489511242e+03 4.343862226340730359e+01
8.662282377156312577e+03 4.856319164382394149e+01
8.662482369823113913e+03 6.067618401244013882e+01
8.662682362489913430e+03 6.814752329399897235e+01
8.662882355156716585e+03 7.308085911534726620e+01
8.663082347823516102e+03 7.997343735030094081e+01
8.663282340490317438e+03 8.583532675669529510e+01
8.663482333157118774e+03 8.490412091463743138e+01
8.663682325823920110e+03 8.940700074986284562e+01
8.663882318490721445e+03 9.101610566601524965e+01
8.664082311157522781e+03 9.210505274813895937e+01
8.664282303824324117e+03 9.395957780347873722e+01
8.664482296491123634e+03 9.296410746957675997e+01
8.664682289157926789e+03 9.301291608978199577e+01
8.664882281824726306e+03 9.525470193162227872e+01
8.665082274491527642e+03 9.640478160141009312e+01
8.665282267158328978e+03 9.681280134777591684e+01
8.665482259825128494e+03 9.629039063907819695e+01
8.665682252491931649e+03 9.678209834149879498e+01
8.665882245158732985e+03 9.684889546415725192e+01
8.666082237825532502e+03 9.928982633597132690e+01
8.666282230492335657e+03 9.524925140836687376e+01
8.666482223159135174e+03 9.766809255790528255e+01
8.666682215825936510e+03 9.760891692439967926e+01
8.666882208492739665e+03 9.756614943018162478e+01
8.667082201159537362e+03 9.860327603590354784e+01
8.667282193826340517e+03 9.965080141975779782e+01
8.667482186493140034e+03 9.741248446069643308e+01
8.667682179159941370e+03 9.847540710610465453e+01
8.667882171826744525e+03 9.889244254806069989e+01
8.668082164493544042e+03 9.888865307295336038e+01
8.668282157160345378e+03 9.845157051139349846e+01
8.668482149827146714e+03 1.005341052420130978e+02
8.668682142493948049e+03 9.984461336672794118e+01
8.668882135160749385e+03 9.987082519264021130e+01
8.669082127827550721e+03 9.967037729433701543e+01
8.669282120494350238e+03 9.899136516098960215e+01
8.669482113161151574e+03 9.842241042592199562e+01
8.669682105827952910e+03 1.000151059990375870e+02
8.669882098494754246e+03 1.014859444400250084e+02
8.670082091161555581e+03 9.736534237183688845e+01
8.670282083828356917e+03 1.010377929760960285e+02
8.670482076495156434e+03 9.756339759736856365e+01
8.670682069161959589e+03 9.914131291269924873e+01
8.670882061828760925e+03 9.979343544580380865e+01
8.671082054495560442e+03 9.889040719604204810e+01
8.671282047162363597e+03 9.992035600610877566e+01
8.671482039829161295e+03 1.001370259558085252e+02
8.671682032495964449e+03 9.900070860487190316e+01
8.671882025162765785e+03 1.000877172578571930e+02
8.672082017829565302e+03 9.894666207057173324e+01
8.672282010496368457e+03 1.007717213422793208e+02
8.672482003163167974e+03 9.999706776399497699e+01
8.672681995829969310e+03 9.709811053873615094e+01
8.672881988496772465e+03 1.004083232484041446e+02
8.673081981163571982e+03 9.891820403039521636e+01
8.673281973830373317e+03 1.007143428445358495e+02
8.673481966497174653e+03 9.928767441733461396e+01
8.673681959163974170e+03 9.791505902719963217e+01
8.673881951830777325e+03 9.796067150654971556e+01
8.674081944497576842e+03 9.544145436797325033e+01
8.674281937164378178e+03 9.089531226416670506e+01
8.674481929831179514e+03 8.536916761284361144e+01
8.674681922497980850e+03 8.508427943849618202e+01
8.674881915164782185e+03 8.554007749516061665e+01
8.675081907831583521e+03 8.685178882774263798e+01
8.675281900498384857e+03 9.070217035379882020e+01
8.675481893165184374e+03 9.257585155333232763e+01
8.675681885831987529e+03 9.891186675687134766e+01
8.675881878498787046e+03 9.945018658514946708e+01
8.676081871165588382e+03 9.904000851902817715e+01
8.676281863832389718e+03 9.903112066111432910e+01
8.676481856499189234e+03 1.000418795986005449e+02
8.676681849165992389e+03 9.846791679940756126e+01
8.676881841832793725e+03 9.969710142636223793e+01
8.677081834499593242e+03 9.957713483271338362e+01
8.677281827166396397e+03 1.010103056781117914e+02
8.677481819833195914e+03 9.999968640076764359e+01
8.677681812499999069e+03 1.000602714426496931e+02
8.677881805166800405e+03 1.000138690336202245e+02
8.678081797833598102e+03 9.972303523540949755e+01
8.678281790500401257e+03 1.005217478200101766e+02
8.678481783167200774e+03 9.890143897804898643e+01
8.678681775834002110e+03 1.001678248247515342e+02
8.678881768500805265e+03 1.007430673495187960e+02
8.679081761167604782e+03 9.906209871832227520e+01
8.679281753834406118e+03 1.007593795756629333e+02
8.679481746501207454e+03 9.904718938641086368e+01
8.679681739168008789e+03 9.867572896664340476e+01
8.679881731834811944e+03 1.005454218267709479e+02
8.680081724501611461e+03 9.893497989018439398e+01
8.680281717168410978e+03 1.002650454639239541e+02
8.680481709835212314e+03 9.953236784707314655e+01
8.680681702502013650e+03 9.964264183134264385e+01
8.680881695168814986e+03 9.998634611616769519e+01
8.681081687835616322e+03 1.010528400216167171e+02
8.681281680502417657e+03 9.996138239815010706e+01
8.681481673169217174e+03 1.004601130201929919e+02
8.681681665836020329e+03 9.979794561240557016e+01
8.681881658502821665e+03 9.804898840121924763e+01
8.682081651169623001e+03 9.898224965196855862e+01
8.682281643836424337e+03 9.409516737737590120e+01
8.682481636503222035e+03 9.297965355882392657e+01
8.682681629170025190e+03 9.185140574864250596e+01
8.682881621836826525e+03 9.326029174345413253e+01
8.683081614503626042e+03 9.607127520632275264e+01
8.683281607170429197e+03 9.979128387167207848e+01
8.683481599837228714e+03 9.898980606666252413e+01
8.683681592504030050e+03 1.006496192843452206e+02
8.683881585170833205e+03 1.008696926576241140e+02
8.684081577837632722e+03 9.995787169002558414e+01
8.684281570504435877e+03 1.002073399672733132e+02
8.684481563171235393e+03 9.971998554382163604e+01
8.684681555838034910e+03 9.796310083010419589e+01
8.684881548504838065e+03 9.977661153547363426e+01
8.685081541171637582e+03 9.727517026967500158e+01
8.685281533838438918e+03 1.029966386201688806e+02
8.685481526505240254e+03 9.855265329860816337e+01
8.685681519172041590e+03 9.867265832078433618e+01
8.685881511838842925e+03 9.999793899942200426e+01
8.686081504505644261e+03 9.989213661598554950e+01
8.686281497172445597e+03 9.789295205576543424e+01
8.686481489839246933e+03 9.806933374520977509e+01
8.686681482506048269e+03 1.005273413326031289e+02
8.686881475172847786e+03 1.001619616321344211e+02
8.687081467839649122e+03 9.924222741534829595e+01
8.687281460506450458e+03 9.734047787035405008e+01
8.687481453173249974e+03 9.632492430289057950e+01
8.687681445840053129e+03 9.382812835268552476e+01
8.687881438506854465e+03 8.413406759016379510e+01
8.688081431173653982e+03 7.555909655685334769e+01
8.688281423840457137e+03 7.260624123841282085e+01
8.688481416507256654e+03 7.552851530098148203e+01
8.688681409174059809e+03 8.330621765502186804e+01
8.688881401840861145e+03 8.965817264021650601e+01
8.689081394507658842e+03 9.449924742188817106e+01
8.689281387174461997e+03 9.856955779631792325e+01
8.689481379841261514e+03 9.886835729843929244e+01
8.689681372508062850e+03 9.923194659893107428e+01
8.689881365174866005e+03 9.995784252554365423e+01
8.690081357841665522e+03 9.935088761410770530e+01
8.690281350508466858e+03 9.840784087323811491e+01
8.690481343175268194e+03 9.937411564246419005e+01
8.690681335842069529e+03 9.981233601699696578e+01
8.690881328508872684e+03 9.973087655088149006e+01
8.691081321175672201e+03 9.868313690141357597e+01
8.691281313842471718e+03 9.907210623689098838e+01
8.691481306509273054e+03 9.835200890353507930e+01
8.691681299176074390e+03 1.002793448180210305e+02
8.691881291842875726e+03 9.968658498218383102e+01
8.692081284509677062e+03 9.768203709402814638e+01
8.692281277176478397e+03 9.940881546410690817e+01
8.692481269843279733e+03 9.864928972593340006e+01
8.692681262510081069e+03 9.868297926595973024e+01
8.692881255176882405e+03 1.008959109686400808e+02
8.693081247843683741e+03 1.018000617502657548e+02
8.693281240510485077e+03 9.920699499659777132e+01
8.693481233177282775e+03 9.847580334511607703e+01
8.693681225844085930e+03 9.922458554377135442e+01
8.693881218510887265e+03 1.016759366841923509e+02
8.694081211177686782e+03 9.963850221812697328e+01
8.694281203844489937e+03 9.994209771654139729e+01
8.694481196511289454e+03 1.010671409479526943e+02
8.694681189178092609e+03 9.800016333123964785e+01
8.694881181844893945e+03 1.005429552770975477e+02
8.695081174511693462e+03 9.967950660173451638e+01
8.695281167178496617e+03 9.988971787890061194e+01
8.695481159845296133e+03 9.996573027874103445e+01
8.695681152512095650e+03 1.006993327275273913e+02
8.695881145178898805e+03 1.019340391552873797e+02
8.696081137845698322e+03 1.008695569433456285e+02
8.696281130512499658e+03 9.782918847119852046e+01
8.696481123179300994e+03 9.965452201224388773e+01
8.696681115846102330e+03 9.997816245599382512e+01
8.696881108512905485e+03 1.007273696141263883e+02
8.697081101179705001e+03 9.960975803904437953e+01
8.697281093846506337e+03 9.968536146379624086e+01
8.697481086513307673e+03 9.956375720475713820e+01
8.697681079180109009e+03 9.932673369652982842e+01
8.697881071846908526e+03 9.968629483425277726e+01
8.698081064513709862e+03 1.007646773264318085e+02
8.698281057180511198e+03 1.019465493733004422e+02
8.698481049847310715e+03 9.953691463772976533e+01
8.698681042514113869e+03 1.015464687510661861e+02
8.698881035180915205e+03 9.837062838506469120e+01
8.699081027847716541e+03 9.781248038417075463e+01
8.699281020514517877e+03 9.942454592365828603e+01
8.699481013181317394e+03 9.820247780257430747e+01
8.699681005848120549e+03 1.008865323466636568e+02
8.699880998514921885e+03 1.003790608313126995e+02
8.700080991181719583e+03 9.931973320808224059e+01
8.700280983848522737e+03 9.979580517296624009e+01
8.700480976515322254e+03 9.975540147565357074e+01
8.700680969182123590e+03 1.000929080956286583e+02
8.700880961848926745e+03 9.860508085177140458e+01
8.701080954515726262e+03 9.965775638836659311e+01
8.701280947182529417e+03 9.938525010064549292e+01
8.701480939849328934e+03 9.882714480191241080e+01
8.701680932516130270e+03 9.921972210298405059e+01
8.701880925182933424e+03 9.885468795808510833e+01
8.702080917849732941e+03 1.016949601236350560e+02
8.702280910516532458e+03 1.009229006042770891e+02
8.702480903183333794e+03 9.791870832178523187e+01
8.702680895850135130e+03 1.002277025899108196e+02
8.702880888516936466e+03 9.890943005461350879e+01
8.703080881183737802e+03 1.007738010124377297e+02
8.703280873850539137e+03 9.931867272748731068e+01
8.703480866517340473e+03 9.947151959022701817e+01
8.703680859184141809e+03 1.010830808537215404e+02
8.703880851850943145e+03 9.787768116371496774e+01
8.704080844517744481e+03 1.000802007143017107e+02
8.704280837184545817e+03 1.002503656543968020e+02
8.704480829851343515e+03 1.002775422571722856e+02
8.704680822518146670e+03 9.960025339493255103e+01
8.704880815184948005e+03 9.882990495911127482e+01
8.705080807851747522e+03 9.995283364376642510e+01
8.705280800518550677e+03 9.838102526839233519e+01
8.705480793185350194e+03 9.796102244572847439e+01
8.705680785852153349e+03 9.939600283497640021e+01
8.705880778518954685e+03 9.929169147965767195e+01
8.706080771185754202e+03 1.001055957228906550e+02
8.706280763852557357e+03 9.913360376541781704e+01
8.706480756519356873e+03 9.985580362750594929e+01
8.706680749186156390e+03 1.001624210166748981e+02
8.706880741852959545e+03 9.930474831129852475e+01
8.707080734519759062e+03 1.009071621350961721e+02
8.707280727186562217e+03 9.919007289664934035e+01
8.707480719853361734e+03 9.975681917684416078e+01
8.707680712520163070e+03 9.933740844437392070e+01
8.707880705186966225e+03 9.866156772850219170e+01
8.708080697853765741e+03 1.000767498842200212e+02
8.708280690520567077e+03 1.000192932979266658e+02
8.708480683187368413e+03 1.002780963052877041e+02
8.708680675854169749e+03 1.001793464766689823e+02
8.708880668520969266e+03 9.778977582304719363e+01
8.709080661187770602e+03 1.014650806408682797e+02
8.709280653854571938e+03 9.985720144335779480e+01
8.709480646521373274e+03 9.929076497607742624e+01
8.709680639188174609e+03 9.802144371448591187e+01
8.709880631854975945e+03 9.988440565289756989e+01
8.710080624521777281e+03 9.782374363857826438e+01
8.710280617188578617e+03 9.771618452457083492e+01
8.710480609855378134e+03 9.894269457620630703e+01
8.710680602522181289e+03 9.749040944166085865e+01
8.710880595188982625e+03 1.005830391981551060e+02
8.711080587855780323e+03 9.972712590489217632e+01
8.711280580522583477e+03 1.013515705686966299e+02
8.711480573189382994e+03 9.967559880431032582e+01
8.711680565856186149e+03 1.002854408669969501e+02
8.711880558522987485e+03 9.948828793226991252e+01
8.712080551189787002e+03 9.970358113005282519e+01
8.712280543856590157e+03 9.963525942786688461e+01
8.712480536523389674e+03 9.780153211436464744e+01
8.712680529190191010e+03 9.540362269648829852e+01
8.712880521856994164e+03 9.840174020078704586e+01
8.713080514523793681e+03 9.907278594347964429e+01
8.713280507190593198e+03 9.896250338478066055e+01
8.713480499857394534e+03 9.871330254902285617e+01
8.713680492524195870e+03 9.932466398194085855e+01
8.713880485190999025e+03 1.005219926488598929e+02
8.714080477857798542e+03 1.002525189359865152e+02
8.714280470524599878e+03 9.921210145977001105e+01
8.714480463191401213e+03 9.984884235362521565e+01
8.714680455858202549e+03 1.024231691538957421e+02
8.714880448525003885e+03 9.948081339878454799e+01
8.715080441191805221e+03 1.004932435399137916e+02
8.715280433858606557e+03 1.015145168165518186e+02
8.715480426525404255e+03 1.000812895666405353e+02
8.715680419192207410e+03 9.917497298365415759e+01
8.715880411859008746e+03 1.008419867424118763e+02
8.716080404525810081e+03 1.003331094637461121e+02
8.716280397192611417e+03 9.972286298357114731e+01
8.716480389859410934e+03 1.003175532792312623e+02
8.716680382526214089e+03 9.935605462371871965e+01
8.716880375193015425e+03 9.852071074507577464e+01
8.717080367859814942e+03 9.912858436505747761e+01
8.717280360526618097e+03 1.001100749454323307e+02
8.717480353193417614e+03 9.975774654416176190e+01
8.717680345860217130e+03 1.011327714993035727e+02
8.717880338527020285e+03 1.018245888344393677e+02
8.718080331193819802e+03 1.003335066038435031e+02
8.718280323860622957e+03 9.890462190556591793e+01
8.718480316527422474e+03 1.010422736575443423e+02
8.718680309194223810e+03 1.001741112264983542e+02
8.718880301861026965e+03 9.879095295445436875e+01
8.719080294527826481e+03 9.894334643808835494e+01
8.719280287194627817e+03 9.907807783954100955e+01
8.719480279861429153e+03 1.010909329661224092e+02
8.719680272528230489e+03 1.003435157759981848e+02
8.719880265195030006e+03 9.998820292703523194e+01
8.720080257861831342e+03 1.000321485473471625e+02
8.720280250528632678e+03 9.964680985972921690e+01
8.720480243195434014e+03 1.005496941666557831e+02
8.720680235862235349e+03 9.838361156807363272e+01
8.720880228529036685e+03 9.946304183685728617e+01
8.721080221195838021e+03 9.898075152084182093e+01
8.721280213862639357e+03 1.016020602322818718e+02
8.721480206529438874e+03 1.001039182415800326e+02
8.721680199196242029e+03 1.000255554506773024e+02
8.721880191863043365e+03 9.923306624863933223e+01
8.722080184529842882e+03 9.833075800997389138e+01
8.722280177196644217e+03 1.011614395827047446e+02
8.722480169863443734e+03 1.004044558672807455e+02
8.722680162530246889e+03 1.004419321663147144e+02
8.722880155197048225e+03 9.949879301853007973e+01
8.723080147863847742e+03 9.946061435371886716e+01
8.723280140530650897e+03 1.015427293191438736e+02
8.723480133197450414e+03 1.002732511074717650e+02
8.723680125864251750e+03 9.940069374677533176e+01
8.723880118531054904e+03 9.940982594608399836e+01
8.724080111197854421e+03 1.015378620304776405e+02
8.724280103864655757e+03 1.032888945648355588e+02
8.724480096531455274e+03 9.975870550983715646e+01
8.724680089198256610e+03 9.857228132605914084e+01
8.724880081865059765e+03 1.004116742599098018e+02
8.725080074531859282e+03 1.006944717784027858e+02
8.725280067198660618e+03 1.032161557734459336e+02
8.725480059865461953e+03 9.937353822195228759e+01
8.725680052532263289e+03 1.005996391043670002e+02
8.725880045199064625e+03 1.007191621306170788e+02
8.726080037865865961e+03 1.002614732631121797e+02
8.726280030532667297e+03 9.901052718829141952e+01
8.726480023199466814e+03 9.839469581830005041e+01
8.726680015866268150e+03 1.002854716173364551e+02
8.726880008533069486e+03 9.908255241175113781e+01
8.727080001199870821e+03 9.939429557080423194e+01
8.727279993866672157e+03 9.951030368240429880e+01
8.727479986533471674e+03 9.910222649376355264e+01
8.727679979200274829e+03 9.822909067800057414e+01
8.727879971867076165e+03 1.006863365327484132e+02
8.728079964533875682e+03 9.918396478865612664e+01
8.728279957200678837e+03 9.995098989068736728e+01
8.728479949867478354e+03 1.003743885238944387e+02
8.728679942534279689e+03 9.815520745487191334e+01
8.728879935201081025e+03 9.876520207594397505e+01
8.729079927867880542e+03 1.016331233719091500e+02
8.729279920534683697e+03 9.945939820487974714e+01
8.729479913201483214e+03 1.008470521510540863e+02
8.729679905868284550e+03 1.012260967585477545e+02
