8.483958257142172442e+03 1.001007484431469834e+02
8.484158350497293213e+03 9.906749847325356484e+01
8.484358443852413984e+03 9.959906194121538192e+01
8.484558537207534755e+03 1.019212893529172419e+02
8.484758630562655526e+03 9.989420837432648170e+01
8.484958723917778116e+03 1.005675626014654540e+02
8.485158817272898887e+03 9.856064063697156996e+01
8.485358910628019657e+03 9.851126823970622581e+01
8.485559003983142247e+03 9.645836396190966866e+01
8.485759097338261199e+03 9.668983367740293033e+01
8.485959190693383789e+03 9.727342584813614224e+01
8.486159284048504560e+03 9.627105022999801065e+01
8.486359377403625331e+03 1.004412618683642364e+02
8.486559470758747921e+03 9.904016241797590681e+01
8.486759564113866873e+03 1.011458722795022425e+02
8.486959657468989462e+03 9.873124709197409743e+01
8.487159750824112052e+03 1.003378718525852094e+02
8.487359844179231004e+03 1.003281432558110424e+02
8.487559937534355413e+03 1.002909894991321664e+02
8.487760030889476184e+03 9.888688907333450118e+01
8.487960124244596955e+03 1.002656920973021073e+02
8.488160217599719545e+03 1.003298834562333042e+02
8.488360310954838496e+03 9.964936910907213985e+01
8.488560404309961086e+03 9.912454449129464251e+01
8.488760497665081857e+03 9.947721454592560519e+01
8.488960591020202628e+03 1.000139877677616482e+02
8.489160684375325218e+03 9.941186919571359226e+01
8.489360777730445989e+03 1.017361391285365642e+02
8.489560871085566760e+03 1.008209429584041033e+02
8.489760964440687530e+03 1.000494339019968635e+02
8.489961057795808301e+03 1.006964937348137141e+02
8.490161151150930891e+03 1.013046103991810440e+02
8.490361244506051662e+03 9.814148969776994136e+01
8.490561337861172433e+03 1.013947489845042895e+02
8.490761431216293204e+03 1.000322904059027564e+02
8.490961524571415794e+03 9.874205735308083831e+01
8.491161617926536564e+03 1.009805279897188939e+02
8.491361711281657335e+03 9.818880805952538537e+01
8.491561804636779925e+03 1.005034684192180947e+02
8.491761897991900696e+03 9.895630708823696864e+01
8.491961991347023286e+03 9.880302348796867307e+01
8.492162084702144057e+03 1.002184830569577514e+02
8.492362178057264828e+03 1.010217105308526584e+02
8.492562271412387418e+03 1.020616380835027570e+02
8.492762364767506369e+03 1.008725480724966133e+02
8.492962458122628959e+03 1.011691133838684351e+02
8.493162551477749730e+03 1.007752216620627905e+02
8.493362644832870501e+03 1.029339841110795817e+02
8.493562738187993091e+03 1.009315038086076868e+02
8.493762831543112043e+03 9.938976945657253736e+01
8.493962924898234633e+03 9.869733193731784127e+01
8.494163018253357222e+03 9.940831963001528493e+01
8.494363111608476174e+03 1.006673336645149135e+02
8.494563204963598764e+03 9.898973181180591041e+01
8.494763298318719535e+03 9.953840595069063113e+01
8.494963391673840306e+03 9.857999931925479586e+01
8.495163485028962896e+03 9.839915538824409680e+01
8.495363578384081848e+03 9.950294037732476227e+01
8.495563671739204437e+03 9.856952997293188901e+01
8.495763765094327027e+03 9.786665001801473807e+01
8.495963858449447798e+03 9.884260298752192853e+01
8.496163951804570388e+03 9.823855910055071661e+01
8.496364045159691159e+03 9.826023162630731633e+01
8.496564138514811930e+03 1.006943397524667745e+02
8.496764231869932701e+03 9.706857350982197374e+01
8.496964325225053472e+03 9.722462788139560530e+01
8.497164418580176061e+03 9.828813193518114133e+01
8.497364511935296832e+03 9.620010159666946947e+01
8.497564605290417603e+03 9.909924760913992259e+01
8.497764698645538374e+03 9.879539530622474786e+01
8.497964792000660964e+03 9.856263099038049802e+01
8.498164885355781735e+03 9.787082263661169179e+01
8.498364978710902506e+03 9.852116578485690468e+01
8.498565072066023276e+03 9.737183814310841967e+01
8.498765165421144047e+03 9.757839560084924813e+01
8.498965258776266637e+03 9.655462268583437435e+01
8.499165352131387408e+03 9.595331595169193406e+01
8.499365445486508179e+03 9.681613926692810423e+01
8.499565538841630769e+03 9.656025505324686264e+01
8.499765632196751540e+03 9.518929908432954790e+01
8.499965725551874129e+03 9.521695239266219346e+01
8.500165818906996719e+03 9.230656312941194130e+01
8.500365912262115671e+03 9.114849846032905134e+01
8.500566005617238261e+03 8.656415300470520435e+01
8.500766098972357213e+03 8.269237215954616715e+01
8.500966192327479803e+03 7.810729684706679166e+01
8.501166285682602393e+03 7.146464780189573673e+01
8.501366379037721345e+03 6.716146239343305524e+01
8.501566472392843934e+03 5.945156842480177062e+01
8.501766565747964705e+03 5.210909696158715576e+01
8.501966659103085476e+03 4.955976910591400753e+01
8.502166752458208066e+03 4.977393564045270580e+01
8.502366845813327018e+03 5.602342651907600413e+01
8.502566939168449608e+03 6.472116620788192165e+01
8.502767032523570379e+03 7.152777604581908122e+01
8.502967125878691149e+03 7.833349638124981595e+01
8.503167219233813739e+03 8.337165155948949291e+01
8.503367312588934510e+03 8.730141565621497080e+01
8.503567405944055281e+03 9.147355355899266272e+01
8.503767499299177871e+03 9.405597371787365546e+01
8.503967592654298642e+03 9.239073670591362486e+01
8.504167686009421232e+03 9.663069955039225079e+01
8.504367779364542002e+03 9.501795571736104762e+01
8.504567872719662773e+03 9.678274912000925667e+01
8.504767966074783544e+03 9.621619002874049897e+01
8.504968059429906134e+03 9.820002899146862774e+01
8.505168152785026905e+03 9.815629743410291042e+01
8.505368246140147676e+03 9.641695094085756068e+01
8.505568339495270266e+03 9.748862544040449052e+01
8.505768432850389217e+03 9.808284716928396563e+01
8.505968526205511807e+03 9.727963535775020887e+01
8.506168619560632578e+03 9.759137926792992346e+01
8.506368712915753349e+03 9.804699150384522000e+01
8.506568806270875939e+03 9.665463237953542830e+01
8.506768899625994891e+03 9.865076488621649276e+01
8.506968992981117481e+03 9.804466049982930542e+01
8.507169086336240071e+03 1.000164850429089825e+02
8.507369179691359022e+03 9.832155682716637557e+01
8.507569273046481612e+03 9.891719290051298685e+01
8.507769366401600564e+03 9.744913375390346744e+01
8.507969459756724973e+03 9.885240175801821749e+01
8.508169553111847563e+03 9.909644057347418311e+01
8.508369646466966515e+03 9.901004015312972228e+01
8.508569739822089105e+03 9.950525052937702242e+01
8.508769833177209875e+03 9.917726615742057561e+01
8.508969926532330646e+03 9.951089071022919086e+01
8.509170019887453236e+03 9.822164065182370507e+01
8.509370113242572188e+03 1.006924314085914318e+02
8.509570206597694778e+03 9.856641266771084986e+01
8.509770299952815549e+03 1.014665240160583011e+02
8.509970393307936320e+03 9.879697804808751016e+01
8.510170486663058909e+03 9.927870744750819654e+01
8.510370580018179680e+03 9.952271141504581919e+01
8.510570673373300451e+03 1.010973808524397697e+02
8.510770766728421222e+03 9.875221219619315605e+01
8.510970860083543812e+03 9.814934820225268197e+01
8.511170953438664583e+03 1.005013002934481250e+02
8.511371046793785354e+03 1.006845736713660386e+02
8.511571140148906125e+03 9.681375142213497043e+01
8.511771233504026895e+03 9.973789643038543318e+01
8.511971326859151304e+03 1.000215399683130642e+02
8.512171420214272075e+03 9.813200795273868948e+01
8.512371513569392846e+03 9.737423805699231139e+01
8.512571606924515436e+03 9.951913524361802388e+01
8.512771700279634388e+03 9.922745531174669509e+01
8.512971793634756978e+03 9.968467149244013115e+01
8.513171886989877748e+03 1.011986325931914763e+02
8.513371980344998519e+03 9.958001231783991614e+01
8.513572073700121109e+03 9.834420474909889265e+01
8.513772167055240061e+03 9.986185851198636954e+01
8.513972260410362651e+03 9.877537254528692756e+01
8.514172353765485241e+03 9.789934594648892130e+01
8.514372447120604193e+03 9.956301513362757305e+01
8.514572540475726782e+03 9.994499146670091250e+01
8.514772633830845734e+03 9.828494865121665214e+01
8.514972727185968324e+03 9.936211290970624077e+01
8.515172820541090914e+03 9.799422382328043568e+01
8.515372913896209866e+03 9.938499077219891831e+01
8.515573007251332456e+03 9.948180298495067575e+01
8.515773100606453227e+03 9.896449932703100671e+01
8.515973193961573998e+03 9.957062052319308521e+01
8.516173287316698406e+03 1.010394453588179715e+02
8.516373380671819177e+03 9.924278914793356421e+01
8.516573474026939948e+03 9.988638157972719966e+01
8.516773567382060719e+03 9.899219399543549969e+01
8.516973660737181490e+03 1.006251743743308396e+02
8.517173754092304080e+03 9.793698813918804547e+01
8.517373847447424851e+03 9.662098035169871935e+01
8.517573940802545621e+03 9.481403939627719524e+01
8.517774034157666392e+03 8.897124036302513161e+01
8.517974127512788982e+03 8.883047313646896725e+01
8.518174220867909753e+03 9.082226466168360446e+01
8.518374314223030524e+03 9.314687745639993466e+01
8.518574407578151295e+03 9.304329025284214083e+01
8.518774500933272066e+03 9.760333286446827117e+01
8.518974594288394655e+03 9.573189718731592279e+01
8.519174687643515426e+03 9.910453885062975132e+01
8.519374780998636197e+03 9.611717542896319344e+01
8.519574874353758787e+03 9.766609287960207553e+01
8.519774967708877739e+03 9.968643600766958457e+01
8.519975061064000329e+03 1.012253099669695047e+02
8.520175154419122919e+03 1.007292150110413758e+02
8.520375247774243689e+03 9.964623367057500047e+01
8.520575341129366279e+03 1.001089781778304655e+02
8.520775434484485231e+03 1.003934521586634645e+02
8.520975527839607821e+03 9.936134050080373470e+01
8.521175621194730411e+03 9.718860531393072222e+01
8.521375714549849363e+03 1.001847002526408943e+02
8.521575807904971953e+03 9.959107161369732353e+01
8.521775901260092724e+03 9.921871504764176564e+01
8.521975994615213494e+03 9.719036243686025500e+01
8.522176087970336084e+03 9.827490087112279582e+01
8.522376181325455036e+03 9.917458749710243637e+01
8.522576274680577626e+03 9.794062946077359300e+01
8.522776368035698397e+03 9.988014152769163445e+01
8.522976461390819168e+03 9.810655309847398087e+01
8.523176554745941758e+03 9.816860467565777526e+01
8.523376648101062528e+03 9.903798113877795117e+01
8.523576741456183299e+03 1.002000018214459232e+02
8.523776834811304070e+03 9.929322915774658043e+01
8.523976928166424841e+03 9.934229097543600062e+01
8.524177021521549250e+03 9.745175333601585521e+01
8.524377114876670021e+03 9.787362464344921875e+01
8.524577208231790792e+03 9.823068629913161942e+01
8.524777301586911562e+03 9.815145203906747895e+01
8.524977394942034152e+03 9.703492572351017031e+01
8.525177488297154923e+03 9.994116430146932828e+01
8.525377581652275694e+03 1.001974101947007512e+02
8.525577675007396465e+03 9.975127087114466917e+01
8.525777768362517236e+03 9.901279063672154734e+01
8.525977861717639826e+03 9.793913410794641550e+01
8.526177955072760597e+03 9.843231595707639769e+01
8.526378048427881367e+03 9.800848865984890779e+01
8.526578141783003957e+03 9.868658024197330292e+01
8.526778235138122909e+03 9.875167675237736375e+01
8.526978328493245499e+03 9.745167083671972819e+01
8.527178421848368089e+03 9.931750045575918762e+01
8.527378515203487041e+03 9.947898095062488721e+01
8.527578608558609631e+03 9.797046005302533445e+01
8.527778701913728582e+03 1.002330526688171801e+02
8.527978795268851172e+03 9.731651334075503712e+01
8.528178888623973762e+03 9.960604122000147242e+01
8.528378981979094533e+03 9.950107933553931616e+01
8.528579075334217123e+03 9.904048006620165268e+01
8.528779168689337894e+03 9.907623750689160147e+01
8.528979262044458665e+03 9.806745195414720229e+01
8.529179355399581254e+03 9.920181943730595719e+01
8.529379448754700206e+03 9.920962253189163960e+01
8.529579542109822796e+03 9.859710390956149695e+01
8.529779635464943567e+03 9.905094847230547828e+01
8.529979728820064338e+03 9.870468323677869193e+01
8.530179822175186928e+03 9.926157292657015319e+01
8.530379915530307699e+03 9.899920900549841463e+01
8.530580008885428470e+03 9.721187023865427079e+01
8.530780102240549240e+03 9.768852839556581102e+01
8.530980195595670011e+03 9.811979007854843360e+01
8.531180288950792601e+03 9.951048134581306215e+01
8.531380382305913372e+03 9.871121946914576029e+01
8.531580475661034143e+03 9.862012426503764573e+01
8.531780569016154914e+03 9.849398850937062377e+01
8.531980662371277504e+03 9.899746479203123783e+01
8.532180755726398274e+03 1.001177930211003826e+02
8.532380849081520864e+03 9.903793659385422643e+01
8.532580942436643454e+03 9.970677735874775749e+01
8.532781035791762406e+03 9.856767318160858338e+01
8.532981129146884996e+03 9.696794544898291690e+01
8.533181222502005767e+03 9.812210409476125506e+01
8.533381315857126538e+03 9.718106289357669425e+01
8.533581409212249127e+03 9.592012436038915268e+01
8.533781502567368079e+03 9.708331593584507857e+01
8.533981595922490669e+03 9.731135645279300661e+01
8.534181689277613259e+03 9.941511252855349312e+01
8.534381782632732211e+03 9.811897695696762867e+01
8.534581875987854801e+03 9.971970907576285015e+01
8.534781969342973753e+03 9.975604013948652948e+01
8.534982062698096343e+03 9.741712260761948983e+01
8.535182156053218932e+03 9.673808342671196669e+01
8.535382249408337884e+03 9.805458767918683805e+01
8.535582342763460474e+03 9.951487858499383776e+01
8.535782436118581245e+03 9.953567772241859757e+01
8.535982529473702016e+03 9.792941702502088219e+01
8.536182622828824606e+03 9.653825493311983053e+01
8.536382716183943558e+03 9.677560298939528138e+01
8.536582809539067966e+03 9.681276932458929707e+01
8.536782902894188737e+03 9.751565972363879098e+01
8.536982996249309508e+03 9.627251040391890058e+01
8.537183089604432098e+03 9.627578573682666274e+01
8.537383182959552869e+03 9.976480649260167866e+01
8.537583276314673640e+03 9.665803320294433831e+01
8.537783369669794411e+03 9.843443524840071746e+01
8.537983463024917000e+03 9.882539097349766166e+01
8.538183556380037771e+03 9.705414473368480799e+01
8.538383649735158542e+03 9.628357222918781133e+01
8.538583743090279313e+03 9.634698746437553041e+01
8.538783836445400084e+03 9.690667337796962499e+01
8.538983929800522674e+03 9.696426677544360473e+01
8.539184023155643445e+03 9.583558288806173664e+01
8.539384116510764215e+03 9.430502033238666115e+01
8.539584209865886805e+03 9.628753255854910265e+01
8.539784303221005757e+03 9.702861313785862762e+01
8.539984396576128347e+03 9.655582494946780514e+01
8.540184489931249118e+03 9.465884719301570271e+01
8.540384583286369889e+03 9.515565182935078781e+01
8.540584676641494298e+03 9.419781838221898340e+01
8.540784769996613250e+03 9.222552049863594448e+01
8.540984863351735839e+03 9.300504532880268016e+01
8.541184956706858429e+03 9.261589179885015710e+01
8.541385050061977381e+03 9.172412861636342996e+01
8.541585143417099971e+03 9.288828733983046959e+01
8.541785236772218923e+03 9.263987444403352356e+01
8.541985330127341513e+03 8.826325948247313136e+01
8.542185423482464103e+03 8.738539441534344121e+01
8.542385516837583054e+03 8.690119188234888270e+01
8.542585610192705644e+03 8.848316918320341529e+01
8.542785703547826415e+03 8.741763798399590257e+01
8.542985796902947186e+03 8.509215116985743066e+01
8.543185890258069776e+03 8.421819568704839298e+01
8.543385983613190547e+03 8.295839745597584169e+01
8.543586076968311318e+03 8.099063424292198476e+01
8.543786170323432088e+03 8.038198146529556709e+01
8.543986263678552859e+03 7.613752979265960619e+01
8.544186357033675449e+03 7.389823060570267899e+01
8.544386450388796220e+03 7.047375926360625442e+01
8.544586543743918810e+03 6.860184740431384398e+01
8.544786637099039581e+03 6.555963105126572543e+01
8.544986730454162171e+03 6.227097388594440730e+01
8.545186823809282942e+03 5.912401229839085914e+01
8.545386917164403712e+03 5.200401414111786380e+01
8.545587010519524483e+03 5.018496740242524368e+01
8.545787103874645254e+03 4.474557535253471485e+01
8.545987197229767844e+03 4.194071268787751450e+01
8.546187290584888615e+03 4.124342595152238999e+01
8.546387383940009386e+03 4.524376251174092545e+01
8.546587477295131976e+03 5.133883564804732202e+01
8.546787570650250927e+03 5.541593362075953877e+01
8.546987664005373517e+03 5.956146894592036745e+01
8.547187757360494288e+03 6.175143509068976044e+01
8.547387850715615059e+03 6.703229124444665388e+01
8.547587944070737649e+03 6.916960315527727232e+01
8.547788037425856601e+03 7.334386178665755551e+01
8.547988130780979191e+03 7.413063100477587852e+01
8.548188224136101780e+03 7.562064111044760750e+01
8.548388317491220732e+03 7.815786509280687255e+01
8.548588410846343322e+03 8.171147965240878364e+01
8.548788504201465912e+03 8.243393649941140211e+01
8.548988597556586683e+03 8.416872948555845824e+01
8.549188690911709273e+03 8.477044566621127331e+01
8.549388784266828225e+03 8.526543464348863210e+01
8.549588877621950815e+03 8.822489700825239822e+01
8.549788970977071585e+03 8.777137196395025853e+01
8.549989064332192356e+03 8.978649434422787579e+01
8.550189157687314946e+03 9.003132444726433903e+01
8.550389251042435717e+03 9.014964148106682273e+01
8.550589344397556488e+03 9.280305628780567417e+01
8.550789437752677259e+03 9.222611535037215447e+01
8.550989531107798030e+03 9.283361608488704064e+01
8.551189624462920619e+03 9.382162361814189921e+01
8.551389717818041390e+03 9.299792301638079550e+01
8.551589811173162161e+03 9.395698519069964050e+01
8.551789904528282932e+03 9.313137124480658713e+01
8.551989997883405522e+03 9.549758173477449930e+01
8.552190091238526293e+03 9.644129174324328346e+01
8.552390184593647064e+03 9.442255685172658275e+01
8.552590277948767834e+03 9.623484540826940759e+01
8.552790371303890424e+03 9.752397637939448316e+01
8.552990464659013014e+03 9.552189379742212338e+01
8.553190558014133785e+03 9.451405550244412268e+01
8.553390651369254556e+03 9.805168643062209810e+01
8.553590744724377146e+03 9.714325126447552350e+01
8.553790838079496098e+03 9.551291446754389369e+01
8.553990931434618687e+03 9.885510931587762684e+01
8.554191024789741277e+03 9.522585042649163256e+01
8.554391118144860229e+03 9.737712043507046644e+01
8.554591211499982819e+03 9.722736695666550588e+01
8.554791304855101771e+03 9.467670519369141857e+01
8.554991398210224361e+03 9.685624196808282704e+01
8.555191491565346951e+03 9.584452572015109695e+01
8.555391584920465903e+03 9.771897252876702566e+01
8.555591678275588492e+03 9.662616278271481463e+01
8.555791771630709263e+03 9.989602793490649901e+01
8.555991864985830034e+03 9.835897506382737276e+01
8.556191958340952624e+03 9.846636935121705392e+01
8.556392051696071576e+03 9.553466207490239981e+01
8.556592145051194166e+03 9.869292705361530693e+01
8.556792238406314937e+03 9.723207246744864563e+01
8.556992331761437526e+03 9.692891053867435858e+01
8.557192425116560116e+03 9.713529973384873983e+01
8.557392518471680887e+03 9.858866926030660238e+01
8.557592611826801658e+03 9.738147445032336691e+01
8.557792705181922429e+03 9.793396792155729713e+01
8.557992798537043200e+03 9.741181000820242275e+01
8.558192891892165790e+03 9.914538655207911688e+01
8.558392985247286560e+03 9.954369655357204749e+01
8.558593078602407331e+03 9.843464487701118060e+01
8.558793171957528102e+03 9.905804423509195544e+01
8.558993265312650692e+03 9.999663752881251355e+01
8.559193358667771463e+03 1.015424572876073768e+02
8.559393452022892234e+03 9.794606140988788923e+01
8.559593545378014824e+03 9.849585787567822592e+01
8.559793638733133776e+03 9.756891110590989058e+01
8.559993732088256365e+03 9.735186290435382261e+01
8.560193825443377136e+03 1.001853788639318452e+02
8.560393918798497907e+03 9.755272628135631408e+01
8.560594012153620497e+03 9.543722405458474611e+01
8.560794105508739449e+03 9.658695670612426909e+01
8.560994198863863858e+03 9.766973946356914382e+01
8.561194292218986448e+03 9.771544303168234080e+01
8.561394385574105399e+03 9.886617603960911538e+01
8.561594478929227989e+03 9.772221943677082834e+01
8.561794572284346941e+03 9.614583427877421684e+01
8.561994665639469531e+03 9.948959648412160561e+01
8.562194758994592121e+03 1.007537502160043914e+02
8.562394852349711073e+03 9.885659334459994341e+01
8.562594945704833663e+03 9.963491448541370232e+01
8.562795039059954433e+03 9.861019093160780358e+01
8.562995132415075204e+03 9.964504192155041551e+01
8.563195225770197794e+03 9.820429618535754912e+01
8.563395319125316746e+03 9.945313282560324808e+01
8.563595412480439336e+03 9.989556788436304657e+01
8.563795505835560107e+03 9.924761851985810779e+01
8.563995599190680878e+03 9.752202074646220353e+01
8.564195692545803468e+03 9.850631944870470136e+01
8.564395785900924238e+03 1.024804243472525229e+02
8.564595879256045009e+03 1.001232982070672080e+02
8.564795972611165780e+03 9.997020048425092398e+01
8.564996065966290189e+03 9.988901346971722717e+01
8.565196159321410960e+03 1.015114617677905215e+02
8.565396252676531731e+03 9.801752296358378658e+01
8.565596346031652502e+03 1.001188557723025809e+02
8.565796439386773272e+03 1.003541429724857323e+02
8.565996532741895862e+03 9.812026763181619060e+01
8.566196626097016633e+03 9.880836426264457373e+01
8.566396719452137404e+03 1.016122304415188324e+02
8.566596812807259994e+03 9.908986534160150939e+01
8.566796906162378946e+03 9.993837452998596405e+01
8.566996999517501536e+03 9.796521384141200883e+01
8.567197092872622306e+03 1.016068172490182491e+02
8.567397186227743077e+03 1.000102939781427978e+02
8.567597279582865667e+03 9.899088836308685302e+01
8.567797372937984619e+03 1.016230061605889858e+02
8.567997466293107209e+03 1.000781818358506570e+02
8.568197559648229799e+03 9.935599144289884066e+01
8.568397653003348751e+03 1.002977295349779467e+02
8.568597746358471340e+03 9.954062170595695136e+01
8.568797839713590292e+03 9.920303555943561946e+01
8.568997933068712882e+03 1.007515937346511237e+02
8.569198026423837291e+03 9.898099211426826116e+01
8.569398119778956243e+03 1.005398586007851378e+02
8.569598213134078833e+03 9.851856923076948647e+01
8.569798306489199604e+03 9.945358065797074687e+01
8.569998399844320375e+03 1.005643213521448871e+02
8.570198493199442964e+03 9.986587488386857103e+01
8.570398586554563735e+03 1.006268421532301574e+02
8.570598679909684506e+03 1.016051836446449954e+02
8.570798773264805277e+03 1.013492127467870603e+02
8.570998866619926048e+03 9.952152973992775742e+01
8.571198959975048638e+03 9.881599293578108245e+01
8.571399053330169409e+03 9.847122318371329186e+01
8.571599146685290179e+03 9.932014151243416222e+01
8.571799240040410950e+03 9.922396338040121577e+01
8.571999333395533540e+03 1.021642178056442134e+02
8.572199426750654311e+03 9.945238960741939138e+01
8.572399520105775082e+03 1.017887207298344521e+02
8.572599613460895853e+03 1.007369976414723283e+02
8.572799706816016624e+03 9.908360611052654576e+01
8.572999800171139213e+03 9.815873481233808207e+01
8.573199893526261803e+03 1.007091357976138539e+02
8.573399986881382574e+03 9.982007154507849123e+01
8.573600080236505164e+03 9.938536923438869053e+01
8.573800173591624116e+03 9.798560592979910666e+01
8.574000266946746706e+03 9.967368297129516463e+01
8.574200360301867477e+03 9.956889916768405158e+01
8.574400453656988248e+03 1.003789529980523128e+02
8.574600547012110837e+03 1.015898076149157134e+02
8.574800640367229789e+03 1.009359392990619568e+02
8.575000733722352379e+03 9.928693050378960550e+01
8.575200827077474969e+03 9.815278526311904272e+01
8.575400920432593921e+03 9.875703998258346417e+01
8.575601013787716511e+03 9.656026920550220893e+01
8.575801107142835463e+03 9.954471195284122587e+01
8.576001200497958052e+03 1.008097946845446700e+02
8.576201293853080642e+03 9.999930656325653899e+01
8.576401387208199594e+03 1.008331320622128260e+02
8.576601480563322184e+03 9.948143690063588451e+01
8.576801573918442955e+03 9.840059332443472329e+01
8.577001667273563726e+03 1.020454188153937594e+02
8.577201760628688135e+03 9.972400334661092813e+01
8.577401853983808905e+03 9.666025203239786379e+01
8.577601947338929676e+03 9.829980021433121351e+01
8.577802040694050447e+03 1.004039080164614006e+02
8.578002134049171218e+03 1.009667782577567436e+02
8.578202227404293808e+03 9.895337172608984133e+01
8.578402320759414579e+03 9.943333172310138934e+01
8.578602414114535350e+03 9.935071364634326585e+01
8.578802507469656121e+03 9.878759845342564461e+01
8.579002600824778710e+03 9.843567666568770846e+01
8.579202694179899481e+03 9.802180216400617496e+01
8.579402787535020252e+03 9.944514767286725032e+01
8.579602880890141023e+03 9.974060796727167144e+01
8.579802974245261794e+03 9.943087654127926101e+01
8.580003067600384384e+03 9.919750626704737329e+01
8.580203160955505155e+03 1.005638544916259463e+02
8.580403254310625925e+03 1.008944804879955797e+02
8.580603347665748515e+03 1.000505592392564580e+02
8.580803441020867467e+03 9.897622069934634226e+01
8.581003534375990057e+03 9.628801211678963057e+01
8.581203627731110828e+03 1.004664512012059134e+02
8.581403721086233418e+03 9.878671890670830180e+01
8.581603814441356008e+03 1.002079176545333183e+02
8.581803907796474959e+03 1.020885015566537959e+02
8.582004001151597549e+03 1.016059378562930959e+02
8.582204094506720139e+03 1.000463217370793672e+02
8.582404187861839091e+03 1.014352684318400435e+02
8.582604281216961681e+03 1.001920939522743907e+02
8.582804374572082452e+03 1.005726410468498671e+02
8.583004467927203223e+03 1.000459354020984790e+02
8.583204561282325812e+03 9.904738819696451912e+01
8.583404654637444764e+03 9.917228813102248353e+01
8.583604747992567354e+03 1.021459392946809146e+02
8.583804841347688125e+03 1.007681084123775719e+02
8.584004934702808896e+03 1.009154562944463152e+02
8.584205028057931486e+03 1.010795762788128087e+02
8.584405121413052257e+03 1.015732032379615930e+02
8.584605214768173028e+03 9.827514339171177937e+01
8.584805308123293798e+03 1.004045346288815921e+02
8.585005401478414569e+03 9.962331821220428196e+01
8.585205494833537159e+03 9.900558522036629938e+01
8.585405588188659749e+03 9.925705852118744588e+01
8.585605681543780520e+03 9.820013693576318303e+01
8.585805774898901291e+03 9.679061658155549708e+01
8.586005868254023881e+03 9.276098562956553906e+01
8.586205961609144651e+03 9.512673685064827112e+01
8.586406054964265422e+03 9.585633870373624177e+01
8.586606148319386193e+03 9.541572519364383709e+01
8.586806241674506964e+03 1.004689205544860471e+02
8.587006335029629554e+03 9.965380540681680088e+01
8.587206428384750325e+03 1.000630073311603354e+02
8.587406521739871096e+03 9.847454232389560502e+01
8.587606615094993685e+03 9.892967452699758724e+01
8.587806708450112637e+03 1.001433705006695050e+02
8.588006801805235227e+03 1.005196086269938149e+02
8.588206895160357817e+03 9.828963384957364724e+01
8.588406988515476769e+03 9.886282274576093698e+01
8.588607081870599359e+03 9.947838412058004565e+01
8.588807175225718311e+03 9.659830944689710464e+01
8.589007268580840901e+03 9.883682205508769414e+01
8.589207361935963490e+03 9.919495914119811175e+01
8.589407455291082442e+03 9.992025334895490118e+01
8.589607548646206851e+03 9.816564357160932275e+01
8.589807642001327622e+03 9.849803226826088576e+01
8.590007735356448393e+03 1.004247601586025382e+02
8.590207828711570983e+03 1.006848074693912451e+02
8.590407922066689935e+03 9.914064981524474263e+01
8.590608015421812524e+03 9.989365324313529015e+01
8.590808108776933295e+03 9.793890573844873870e+01
8.591008202132054066e+03 9.805526150008896025e+01
8.591208295487176656e+03 1.005191986793850134e+02
8.591408388842297427e+03 9.935587527745113334e+01
8.591608482197418198e+03 9.974843020896190637e+01
8.591808575552538969e+03 1.003901649063227666e+02
8.592008668907659739e+03 9.962789573625438777e+01
8.592208762262782329e+03 9.974158124286441307e+01
8.592408855617903100e+03 1.002409851139113499e+02
8.592608948973023871e+03 9.921838483443686130e+01
8.592809042328144642e+03 9.976143145808693191e+01
8.593009135683267232e+03 9.997030899889956856e+01
8.593209229038388003e+03 9.893993640737511441e+01
8.593409322393508774e+03 9.980550231693989360e+01
8.593609415748633182e+03 1.017702979363758544e+02
8.593809509103752134e+03 9.821902545206805257e+01
8.594009602458874724e+03 9.980190128516966297e+01
8.594209695813995495e+03 1.000068311310493243e+02
8.594409789169116266e+03 1.003935018905668812e+02
8.594609882524238856e+03 1.014574163173006980e+02
8.594809975879357808e+03 9.903259721789180503e+01
8.595010069234480397e+03 1.020986575782720678e+02
8.595210162589602987e+03 9.648094840347106071e+01
8.595410255944721939e+03 9.934479851837552644e+01
8.595610349299844529e+03 1.005677331322047650e+02
8.595810442654963481e+03 1.023824641509622211e+02
8.596010536010086071e+03 1.001900112215218570e+02
8.596210629365208661e+03 9.865621735228454270e+01
8.596410722720327612e+03 1.005079546610624703e+02
8.596610816075450202e+03 9.870695225112370963e+01
8.596810909430570973e+03 9.777552115607004168e+01
8.597011002785691744e+03 9.915141617513093308e+01
8.597211096140814334e+03 9.787419024765137010e+01
8.597411189495933286e+03 9.836479795127002035e+01
8.597611282851057695e+03 1.000050634195072661e+02
8.597811376206178466e+03 1.014278756401567279e+02
8.598011469561299236e+03 9.990510028175521029e+01
8.598211562916421826e+03 1.003388008861458616e+02
8.598411656271542597e+03 9.984992293617629855e+01
8.598611749626663368e+03 9.889803293884810387e+01
8.598811842981784139e+03 1.006022678383324518e+02
8.599011936336906729e+03 9.934477216260245314e+01
8.599212029692027500e+03 1.010034241612521129e+02
8.599412123047148270e+03 9.915989551737443719e+01
8.599612216402269041e+03 9.919334480290220313e+01
8.599812309757389812e+03 1.005700714497364316e+02
8.600012403112512402e+03 9.894003710681518271e+01
8.600212496467633173e+03 9.998967963800927805e+01
8.600412589822753944e+03 9.957742244446755819e+01
8.600612683177876534e+03 1.020102192872966640e+02
8.600812776532995485e+03 9.988236984793179829e+01
8.601012869888118075e+03 1.010010168027902466e+02
8.601212963243238846e+03 9.984409404107597652e+01
8.601413056598359617e+03 9.866585139720092457e+01
8.601613149953482207e+03 9.681138820573455916e+01
8.601813243308602978e+03 9.815970717872302487e+01
8.602013336663725568e+03 9.913310706196405420e+01
8.602213430018848157e+03 9.743003384291743885e+01
8.602413523373967109e+03 9.509486433675186845e+01
8.602613616729089699e+03 9.309977622944910536e+01
8.602813710084208651e+03 9.727272723220673356e+01
8.603013803439331241e+03 9.728083831111695190e+01
8.603213896794453831e+03 9.787887037173700833e+01
8.603413990149572783e+03 9.913008230151555722e+01
8.603614083504695373e+03 9.979255106986127544e+01
8.603814176859816143e+03 9.985618266409207422e+01
8.604014270214936914e+03 9.894288076134291998e+01
8.604214363570059504e+03 9.976589012144791013e+01
8.604414456925180275e+03 9.942155568693328860e+01
8.604614550280301046e+03 9.987432633165475693e+01
8.604814643635421817e+03 9.908350105842818323e+01
8.605014736990542588e+03 9.918426233838039252e+01
8.605214830345665177e+03 9.951496160613082509e+01
8.605414923700785948e+03 1.003208323990651536e+02
8.605615017055906719e+03 9.959849740427283393e+01
8.605815110411029309e+03 9.976185040612681121e+01
8.606015203766151899e+03 9.745781779945615142e+01
8.606215297121272670e+03 1.004587297753026718e+02
8.606415390476393441e+03 9.651108754444155124e+01
8.606615483831514211e+03 1.004928159172735604e+02
8.606815577186634982e+03 9.817063324981531025e+01
8.607015670541757572e+03 9.963755567921917589e+01
8.607215763896878343e+03 1.011604952087360658e+02
8.607415857251999114e+03 9.771696275859845571e+01
8.607615950607121704e+03 9.800392130482056530e+01
8.607816043962240656e+03 1.000785360356189244e+02
8.608016137317363246e+03 9.921653380140656964e+01
8.608216230672484016e+03 1.012107680213762251e+02
8.608416324027604787e+03 1.012890872964860023e+02
8.608616417382727377e+03 1.008386942137073561e+02
8.608816510737846329e+03 9.958348347679572043e+01
8.609016604092968919e+03 1.012488230172848489e+02
8.609216697448091509e+03 1.004795658775855429e+02
8.609416790803210461e+03 1.014036907953445024e+02
8.609616884158333050e+03 9.974813379415587633e+01
8.609816977513453821e+03 9.841088359119331130e+01
8.610017070868576411e+03 9.800485581290861603e+01
8.610217164223699001e+03 9.983727049451982793e+01
8.610417257578817953e+03 9.906013106889754738e+01
8.610617350933940543e+03 1.008678466707778654e+02
8.610817444289061314e+03 9.953168057606060870e+01
8.611017537644182084e+03 1.005309922337036284e+02
8.611217630999304674e+03 9.917768096350404505e+01
8.611417724354425445e+03 9.813714669556530623e+01
8.611617817709546216e+03 9.910700298350656112e+01
8.611817911064666987e+03 9.907837868344824983e+01
8.612018004419787758e+03 9.861299905786601983e+01
8.612218097774910348e+03 9.941546459309650174e+01
8.612418191130031119e+03 9.949036100689828288e+01
8.612618284485151889e+03 9.894346379289868310e+01
8.612818377840272660e+03 1.003273117927259790e+02
8.613018471195395250e+03 1.000207933414133095e+02
8.613218564550516021e+03 9.818843220344621159e+01
8.613418657905636792e+03 1.000888299988127699e+02
8.613618751260757563e+03 9.978001931711111183e+01
8.613818844615878334e+03 1.010611599709168047e+02
8.614018937971002742e+03 9.741774142735206965e+01
8.614219031326123513e+03 1.008646768801595073e+02
8.614419124681244284e+03 1.003790187081647218e+02
8.614619218036366874e+03 9.900484756689722587e+01
8.614819311391485826e+03 9.944343121904502425e+01
8.615019404746608416e+03 9.958728911786433002e+01
8.615219498101731006e+03 9.619777384474311077e+01
8.615419591456849957e+03 9.384898874436358085e+01
8.615619684811972547e+03 8.904140454685911266e+01
8.615819778167091499e+03 8.599542563072438384e+01
8.616019871522214089e+03 8.780461614189208319e+01
8.616219964877336679e+03 9.375521686850852632e+01
8.616420058232455631e+03 9.584352953103703499e+01
8.616620151587578221e+03 9.880003142322934195e+01
8.616820244942698992e+03 9.927291803853370311e+01
8.617020338297819762e+03 1.013397089751453848e+02
8.617220431652942352e+03 1.009506486775052707e+02
8.617420525008061304e+03 9.881440255369984982e+01
8.617620618363183894e+03 1.016828844380547139e+02
8.617820711718304665e+03 9.847596738505930603e+01
8.618020805073427255e+03 1.003343184479941499e+02
8.618220898428549845e+03 9.828314784870680398e+01
8.618420991783670615e+03 9.978570598823826288e+01
8.618621085138791386e+03 9.908896418546058271e+01
8.618821178493912157e+03 1.024371152985976039e+02
8.619021271849032928e+03 1.010756406088153767e+02
8.619221365204155518e+03 9.904650606146631731e+01
8.619421458559276289e+03 9.975950663663964235e+01
8.619621551914397060e+03 1.016538440268542018e+02
8.619821645269517830e+03 1.007016195158277725e+02
8.620021738624640420e+03 9.701712859813576983e+01
8.620221831979761191e+03 9.702100429123875358e+01
8.620421925334881962e+03 9.914602477119024115e+01
8.620622018690004552e+03 9.959565501562255463e+01
8.620822112045123504e+03 1.011159312392419167e+02
8.621022205400246094e+03 1.015020625901021845e+02
8.621222298755366864e+03 1.013341882958782776e+02
8.621422392110487635e+03 9.952565153241324936e+01
8.621622485465610225e+03 1.014406675569732528e+02
8.621822578820729177e+03 9.762867307137909734e+01
8.622022672175851767e+03 9.918582631770522084e+01
8.622222765530976176e+03 9.900973764188285031e+01
8.622422858886095128e+03 9.994095406706526319e+01
8.622622952241217718e+03 9.902762211132217374e+01
8.622823045596336669e+03 9.915594664819823834e+01
8.623023138951459259e+03 1.006693229226352457e+02
8.623223232306581849e+03 1.024186920951665059e+02
8.623423325661700801e+03 1.007487149275650324e+02
8.623623419016823391e+03 1.009405924739559310e+02
8.623823512371944162e+03 9.904256870418980441e+01
8.624023605727064933e+03 9.962606767410659359e+01
8.624223699082187522e+03 9.864674087724515061e+01
8.624423792437306474e+03 1.008129835110736110e+02
8.624623885792429064e+03 9.933232744817286175e+01
8.624823979147549835e+03 1.006167556389231663e+02
8.625024072502670606e+03 9.711816102197556688e+01
8.625224165857793196e+03 9.555840399661673246e+01
8.625424259212913967e+03 8.950335117387521677e+01
8.625624352568034737e+03 9.037820463753875799e+01
8.625824445923155508e+03 9.147101673496116803e+01
8.626024539278278098e+03 9.456796938937570474e+01
8.626224632633400688e+03 9.831105995028916311e+01
8.626424725988521459e+03 9.881779839995739678e+01
8.626624819343642230e+03 1.019561089902925062e+02
8.626824912698763001e+03 9.838412662842773670e+01
8.627025006053885591e+03 9.845043188356531516e+01
8.627225099409006361e+03 1.023037158754212186e+02
8.627425192764127132e+03 1.014610366131175994e+02
8.627625286119249722e+03 9.904617763263027541e+01
8.627825379474368674e+03 9.909690499217377635e+01
8.628025472829491264e+03 9.990035063151088934e+01
8.628225566184612035e+03 1.004614336878905192e+02
8.628425659539732806e+03 9.870148743196982366e+01
8.628625752894855395e+03 9.801185172759343800e+01
8.628825846249974347e+03 1.010437386782472089e+02
8.629025939605096937e+03 9.881383094107918907e+01
8.629226032960219527e+03 9.867823976992737300e+01
8.629426126315338479e+03 1.015653934168537518e+02
8.629626219670461069e+03 1.028777958794094758e+02
8.629826313025580021e+03 9.998374105853098115e+01
8.630026406380702610e+03 1.013029346701255804e+02
8.630226499735827019e+03 9.995492897234181839e+01
8.630426593090945971e+03 9.761088152250273708e+01
8.630626686446068561e+03 9.989882464069486900e+01
8.630826779801189332e+03 9.815077046988355391e+01
8.631026873156310103e+03 9.954540816243887491e+01
8.631226966511432693e+03 1.002910841201498471e+02
8.631427059866553464e+03 9.891640807031097893e+01
8.631627153221674234e+03 9.906298553218793757e+01
8.631827246576795005e+03 9.940353698365298385e+01
8.632027339931915776e+03 9.886455655460014214e+01
8.632227433287038366e+03 1.008062529323974559e+02
8.632427526642159137e+03 9.976829187266467613e+01
8.632627619997279908e+03 1.005832254848963316e+02
8.632827713352400679e+03 1.000120488680640563e+02
8.633027806707523268e+03 9.756099005739194752e+01
8.633227900062644039e+03 1.009686054299036471e+02
8.633427993417764810e+03 9.896323378069706678e+01
8.633628086772885581e+03 9.741567074128930415e+01
8.633828180128006352e+03 9.938600575460093012e+01
8.634028273483128942e+03 9.987931247475991370e+01
8.634228366838249713e+03 1.005213258694568594e+02
8.634428460193372302e+03 9.901598328381530223e+01
8.634628553548494892e+03 9.855929820103690986e+01
8.634828646903613844e+03 9.929420027059212828e+01
8.635028740258736434e+03 1.008072885782247425e+02
8.635228833613857205e+03 1.003897324026299174e+02
8.635428926968977976e+03 9.894675959285594047e+01
8.635629020324100566e+03 9.762900862744157848e+01
8.635829113679219518e+03 9.986986384300048769e+01
8.636029207034342107e+03 9.935597156794572982e+01
8.636229300389464697e+03 9.880681576916401809e+01
8.636429393744583649e+03 9.833827269571973773e+01
8.636629487099706239e+03 9.914599875728569600e+01
8.636829580454827010e+03 9.912254130670412167e+01
8.637029673809947781e+03 9.903381428572735956e+01
8.637229767165070371e+03 9.989866453896711107e+01
8.637429860520189322e+03 1.004215890137785721e+02
8.637629953875311912e+03 9.995880628861003458e+01
8.637830047230432683e+03 1.018704958449690281e+02
8.638030140585553454e+03 9.816809816390365029e+01
8.638230233940676044e+03 9.969671652205559553e+01
8.638430327295798634e+03 9.881746605336702771e+01
8.638630420650919405e+03 1.010594649314125348e+02
8.638830514006040175e+03 9.823971672997527094e+01
8.639030607361160946e+03 1.004255362370310820e+02
8.639230700716283536e+03 9.891399893970702806e+01
8.639430794071404307e+03 9.893250653120723825e+01
8.639630887426525078e+03 1.000277884523583083e+02
8.639830980781645849e+03 9.906139913234508754e+01
8.640031074136768439e+03 9.881384131279305905e+01
8.640231167491889209e+03 9.926642228531451906e+01
8.640431260847009980e+03 9.890967103470731558e+01
8.640631354202130751e+03 9.978670686396561962e+01
8.640831447557251522e+03 1.015229345891699353e+02
8.641031540912374112e+03 9.839560050344211106e+01
8.641231634267494883e+03 9.963174300573872699e+01
8.641431727622615654e+03 1.000357967623132822e+02
8.641631820977738244e+03 9.954788063320857816e+01
8.641831914332857195e+03 9.901341926894046708e+01
8.642032007687979785e+03 9.964648370271520150e+01
8.642232101043102375e+03 1.002455579866476825e+02
8.642432194398221327e+03 9.860408260496765820e+01
8.642632287753345736e+03 1.027596431210185557e+02
8.642832381108464688e+03 9.831766547084004060e+01
8.643032474463587278e+03 9.910772680215217179e+01
8.643232567818709867e+03 9.907369170175446982e+01
8.643432661173828819e+03 1.003301215532267747e+02
8.643632754528951409e+03 9.942345559587052151e+01
8.643832847884072180e+03 1.006023344777922262e+02
8.644032941239192951e+03 1.000679028161761011e+02
8.644233034594315541e+03 9.904578637205020186e+01
8.644433127949434493e+03 9.925561474233241199e+01
8.644633221304557082e+03 1.006402149619769091e+02
8.644833314659677853e+03 9.884213272524523575e+01
8.645033408014798624e+03 1.016436135105369232e+02
8.645233501369921214e+03 1.006254002019349514e+02
8.645433594725041985e+03 9.939421043448020043e+01
8.645633688080162756e+03 1.005552616779019814e+02
8.645833781435283527e+03 1.010105929192488361e+02
8.646033874790404298e+03 9.962209536219367578e+01
8.646233968145526887e+03 1.015654409617158933e+02
8.646434061500647658e+03 9.908394923585068170e+01
8.646634154855770248e+03 9.924690760955536462e+01
8.646834248210891019e+03 9.938428011221921565e+01
8.647034341566013609e+03 1.004564415921830403e+02
8.647234434921134380e+03 9.748194896841484081e+01
8.647434528276255151e+03 1.003174498371863734e+02
8.647634621631377740e+03 9.901089604427386348e+01
8.647834714986496692e+03 1.005603173157531955e+02
8.648034808341619282e+03 1.003509917597705225e+02
8.648234901696740053e+03 9.897655242993666036e+01
8.648434995051860824e+03 9.925953086723740171e+01
8.648635088406983414e+03 9.951419927006236321e+01
8.648835181762102366e+03 9.926960776621064042e+01
8.649035275117224955e+03 9.948595342961665722e+01
8.649235368472347545e+03 1.004143760959731821e+02
8.649435461827466497e+03 9.950702191449221345e+01
8.649635555182589087e+03 9.974394351939841386e+01
8.649835648537708039e+03 9.860013168824416141e+01
8.650035741892830629e+03 1.005302146645168477e+02
8.650235835247953219e+03 9.941586867069169386e+01
8.650435928603072171e+03 9.932530036690201314e+01
8.650636021958196579e+03 1.007896834052437498e+02
8.650836115313317350e+03 9.720639358946272068e+01
8.651036208668438121e+03 9.692298058083508749e+01
8.651236302023560711e+03 9.864863794962798238e+01
8.651436395378679663e+03 1.010858382560801658e+02
8.651636488733802253e+03 9.897470705512144207e+01
8.651836582088923024e+03 9.892704677903789445e+01
8.652036675444043794e+03 9.759744355047722308e+01
8.652236768799166384e+03 9.843927018478109403e+01
8.652436862154287155e+03 9.679951660905862809e+01
8.652636955509407926e+03 9.627888816521567605e+01
8.652837048864528697e+03 9.830506520860198805e+01
8.653037142219651287e+03 9.861896142369914742e+01
8.653237235574772058e+03 9.927852888802598841e+01
8.653437328929892828e+03 9.966719418427878452e+01
8.653637422285013599e+03 1.000517943396670120e+02
8.653837515640134370e+03 9.870225032104976037e+01
8.654037608995256960e+03 9.736818912781359359e+01
8.654237702350377731e+03 9.912511793670142879e+01
8.654437795705498502e+03 9.910474595794030961e+01
8.654637889060621092e+03 9.862332486246612007e+01
8.654837982415741862e+03 9.905445154050323708e+01
8.655038075770864452e+03 9.609031353575913670e+01
8.655238169125985223e+03 9.811165985492850439e+01
8.655438262481105994e+03 9.824382753710790439e+01
8.655638355836228584e+03 9.833228567836737000e+01
8.655838449191347536e+03 1.007126457040222931e+02
8.656038542546470126e+03 9.868190531400085774e+01
8.656238635901592716e+03 9.832605229055741347e+01
8.656438729256711667e+03 9.817301293951338437e+01
8.656638822611834257e+03 9.766443063669265712e+01
8.656838915966953209e+03 9.900784559446996980e+01
8.657039009322075799e+03 9.917058968154489662e+01
8.657239102677198389e+03 1.000759956075371093e+02
8.657439196032317341e+03 9.931855350139710481e+01
8.657639289387439931e+03 9.909649824683771158e+01
8.657839382742560701e+03 9.948640894689688707e+01
8.658039476097681472e+03 9.728849983733917384e+01
8.658239569452804062e+03 9.829458725016503706e+01
8.658439662807923014e+03 9.721409431486500807e+01
8.658639756163045604e+03 9.649230397530463677e+01
8.658839849518168194e+03 9.799014919193652418e+01
8.659039942873288965e+03 9.603976538724462841e+01
8.659240036228411554e+03 9.832286496670128884e+01
8.659440129583532325e+03 9.924213179360954484e+01
8.659640222938653096e+03 9.842450418285335445e+01
8.659840316293773867e+03 9.520789952242999732e+01
8.660040409648896457e+03 9.626365654890985013e+01
8.660240503004017228e+03 9.418793057761178034e+01
8.660440596359137999e+03 9.755387082621268746e+01
8.660640689714258770e+03 9.443840741451238330e+01
8.660840783069379540e+03 9.781645464360811104e+01
8.661040876424502130e+03 9.554909581955253373e+01
8.661240969779622901e+03 9.568687939787218966e+01
8.661441063134743672e+03 9.295098657092560757e+01
8.661641156489866262e+03 9.595888684459471563e+01
8.661841249844985214e+03 9.334949297668416079e+01
8.662041343200107804e+03 9.576210410324239319e+01
8.662241436555228574e+03 9.219956931517948817e+01
8.662441529910349345e+03 9.367282484694757727e+01
8.662641623265471935e+03 9.453654051047831786e+01
8.662841716620590887e+03 9.092875756602980175e+01
8.663041809975715296e+03 8.979438479674172413e+01
8.663241903330837886e+03 8.706538206899033128e+01
8.663441996685956838e+03 8.987522027410223302e+01
8.663642090041079427e+03 8.668055299616408149e+01
8.663842183396198379e+03 8.392958683301039002e+01
8.664042276751320969e+03 8.380640531077669664e+01
8.664242370106443559e+03 8.059893599968570754e+01
8.664442463461562511e+03 8.075565838972167398e+01
8.664642556816685101e+03 7.595885192461270208e+01
8.664842650171805872e+03 7.262040036453790037e+01
8.665042743526926643e+03 6.780492133139794930e+01
8.665242836882049232e+03 6.492830865930065443e+01
8.665442930237170003e+03 5.822623243519671377e+01
8.665643023592290774e+03 5.270311358573923144e+01
8.665843116947411545e+03 5.026415663981469351e+01
8.666043210302532316e+03 4.327628916357983258e+01
8.666243303657654906e+03 4.272983677382725176e+01
8.666443397012775677e+03 4.681035258946952382e+01
8.666643490367896447e+03 5.086759080314372028e+01
8.666843583723017218e+03 5.598301018918638050e+01
8.667043677078141627e+03 6.340081914663197438e+01
8.667243770433262398e+03 6.934882544615102518e+01
8.667443863788383169e+03 7.293288956604457951e+01
8.667643957143503940e+03 7.341784421303552222e+01
8.667844050498624711e+03 7.565348191237444553e+01
8.668044143853747300e+03 7.923037664339128128e+01
8.668244237208868071e+03 8.283191017999887151e+01
8.668444330563988842e+03 8.317826532276330909e+01
8.668644423919111432e+03 8.414727893637281397e+01
8.668844517274230384e+03 8.874863431709543704e+01
8.669044610629352974e+03 8.841853328807692947e+01
8.669244703984473745e+03 8.916863756214372927e+01
8.669444797339594516e+03 9.104747011053048311e+01
8.669644890694717105e+03 9.037395436973119445e+01
8.669844984049836057e+03 9.017769783025588026e+01
8.670045077404958647e+03 9.271726762595498883e+01
8.670245170760081237e+03 9.454368456436199608e+01
8.670445264115200189e+03 9.451758335953307721e+01
8.670645357470322779e+03 9.280340519539832655e+01
8.670845450825443550e+03 9.544176135426201313e+01
8.671045544180566139e+03 9.332154291812167912e+01
8.671245637535688729e+03 9.655442001807064401e+01
8.671445730890807681e+03 9.657457518580611122e+01
8.671645824245930271e+03 9.543155214454922941e+01
8.671845917601051042e+03 9.608826800227639353e+01
8.672046010956171813e+03 9.556303927922401442e+01
8.672246104311294403e+03 9.675298549309638929e+01
8.672446197666415173e+03 9.690209144960776655e+01
8.672646291021535944e+03 9.874534521013769961e+01
8.672846384376656715e+03 9.671268313100699743e+01
8.673046477731777486e+03 9.712404574731090179e+01
8.673246571086900076e+03 9.704158345668244579e+01
8.673446664442020847e+03 9.704387529690291103e+01
8.673646757797141618e+03 9.748452311238762036e+01
8.673846851152262388e+03 9.744747735477113793e+01
8.674046944507384978e+03 9.805515940056250201e+01
8.674247037862505749e+03 9.878350914313099906e+01
8.674447131217626520e+03 9.834986089712091939e+01
8.674647224572747291e+03 9.798317782686352473e+01
8.674847317927868062e+03 9.667240224891192213e+01
8.675047411282990652e+03 9.835924513679250936e+01
8.675247504638113242e+03 9.827820017724354784e+01
8.675447597993234012e+03 9.666058987820585457e+01
8.675647691348356602e+03 9.719245046176641267e+01
8.675847784703475554e+03 9.679149352445597287e+01
8.676047878058598144e+03 9.672254298047234045e+01
8.676247971413720734e+03 9.887500199753011998e+01
8.676448064768839686e+03 9.927221246607599880e+01
8.676648158123962276e+03 9.697436231651767002e+01
8.676848251479081227e+03 9.956443108009290199e+01
8.677048344834203817e+03 9.991472982952188886e+01
8.677248438189326407e+03 9.928235876541910443e+01
8.677448531544445359e+03 9.845530587470072703e+01
8.677648624899567949e+03 1.015912493606982139e+02
8.677848718254688720e+03 9.911208931462702765e+01
8.678048811609809491e+03 1.005557861126762305e+02
8.678248904964932080e+03 9.638383940009832429e+01
8.678448998320051032e+03 9.389821187591567764e+01
8.678649091675173622e+03 8.901781047213317777e+01
8.678849185030294393e+03 8.742152131513363145e+01
8.679049278385415164e+03 8.633893533255255193e+01
8.679249371740539573e+03 8.993331318704652233e+01
8.679449465095660344e+03 9.459952983401255722e+01
8.679649558450781115e+03 9.492364913198883869e+01
8.679849651805901885e+03 9.681077203238132256e+01
8.680049745161022656e+03 9.630519936894553723e+01
8.680249838516145246e+03 9.797236556280181219e+01
8.680449931871266017e+03 9.812069805183242011e+01
8.680650025226386788e+03 9.814211827891826090e+01
8.680850118581507559e+03 9.912735770470806074e+01
8.681050211936630149e+03 9.981450371451713011e+01
8.681250305291750919e+03 9.892307131998899195e+01
8.681450398646871690e+03 9.855888635290764910e+01
8.681650492001994280e+03 9.958254801125640654e+01
8.681850585357113232e+03 1.001840275736979038e+02
8.682050678712235822e+03 9.980268321829203160e+01
8.682250772067356593e+03 1.001965501400996459e+02
8.682450865422477364e+03 9.939072020069927760e+01
8.682650958777599953e+03 9.906705507160339153e+01
8.682851052132718905e+03 9.719346558926558544e+01
8.683051145487841495e+03 9.850732634955065237e+01
8.683251238842964085e+03 9.796316929459491973e+01
8.683451332198084856e+03 9.952386218546260466e+01
8.683651425553207446e+03 9.717719519565378050e+01
8.683851518908326398e+03 9.898273337189617394e+01
8.684051612263448988e+03 9.835139142375267340e+01
8.684251705618571577e+03 9.816795091664998552e+01
8.684451798973690529e+03 9.841293285367005694e+01
8.684651892328813119e+03 9.667562535319113692e+01
8.684851985683933890e+03 9.863079994508609616e+01
8.685052079039054661e+03 9.924164043869649277e+01
8.685252172394177251e+03 1.013303359982698879e+02
8.685452265749296203e+03 9.809509534856140078e+01
8.685652359104418792e+03 9.801675849174343114e+01
8.685852452459539563e+03 1.004436805457127662e+02
8.686052545814660334e+03 1.001230774971502768e+02
8.686252639169782924e+03 1.005678563003924779e+02
8.686452732524903695e+03 9.897025256354412193e+01
8.686652825880024466e+03 9.747060127346574632e+01
8.686852919235145237e+03 9.905010446496791587e+01
8.687053012590267826e+03 9.562353328851331469e+01
8.687253105945388597e+03 9.783885146860087900e+01
8.687453199300511187e+03 9.890722902971313601e+01
8.687653292655631958e+03 9.828676329355323560e+01
8.687853386010752729e+03 9.956652667935080103e+01
8.688053479365875319e+03 1.007089189425995102e+02
8.688253572720996090e+03 1.024952739972267750e+02
8.688453666076116860e+03 1.023217263074806169e+02
8.688653759431239450e+03 1.008228889523203549e+02
8.688853852786358402e+03 9.883778308293889836e+01
8.689053946141480992e+03 1.014248773140070199e+02
8.689254039496601763e+03 9.982816882125111135e+01
8.689454132851722534e+03 1.009996782986448096e+02
8.689654226206845124e+03 1.011685950530661557e+02
8.689854319561964076e+03 9.863543584345886472e+01
8.690054412917086665e+03 9.775323961051519461e+01
8.690254506272209255e+03 1.014530740576272194e+02
8.690454599627328207e+03 9.979478803619868188e+01
8.690654692982450797e+03 9.987368190923719169e+01
8.690854786337569749e+03 9.818567707803235578e+01
8.691054879692692339e+03 9.879576729674542435e+01
8.691254973047814929e+03 1.002535913025566998e+02
8.691455066402935699e+03 9.754059010098693250e+01
8.691655159758058289e+03 9.516025207224159033e+01
8.691855253113179060e+03 9.622753070703508627e+01
8.692055346468299831e+03 9.004532308784374095e+01
8.692255439823422421e+03 8.098307205602689862e+01
8.692455533178543192e+03 7.762247230581994017e+01
8.692655626533663963e+03 6.938429138090045001e+01
8.692855719888784733e+03 7.456398248733796663e+01
8.693055813243905504e+03 8.324413197194260761e+01
8.693255906599028094e+03 8.995438582066863376e+01
8.693455999954148865e+03 9.461551366070222002e+01
8.693656093309269636e+03 9.827041565294680936e+01
8.693856186664390407e+03 9.710586778140134356e+01
8.694056280019512997e+03 9.724025776288782197e+01
8.694256373374633768e+03 1.011296375552938258e+02
8.694456466729754538e+03 1.001442394031756606e+02
8.694656560084875309e+03 9.910249810707838947e+01
8.694856653439996080e+03 9.901805245829460489e+01
8.695056746795118670e+03 9.973094684294120782e+01
8.695256840150239441e+03 9.923468265360369855e+01
8.695456933505360212e+03 9.900638939620736778e+01
8.695657026860484621e+03 9.952963025990584356e+01
8.695857120215603572e+03 9.826241856061703572e+01
8.696057213570726162e+03 9.946686376828156995e+01
8.696257306925846933e+03 9.887057430786052237e+01
8.696457400280967704e+03 1.009507514423400494e+02
8.696657493636090294e+03 9.942854284612589311e+01
8.696857586991209246e+03 9.924475795911885712e+01
8.697057680346331836e+03 9.851738857846065400e+01
8.697257773701454425e+03 1.003690757970006757e+02
8.697457867056573377e+03 9.765759951071565581e+01
8.697657960411695967e+03 1.013439825951917896e+02
8.697858053766816738e+03 1.009600564821592883e+02
8.698058147121937509e+03 9.865203022182366510e+01
8.698258240477060099e+03 9.816784457268740027e+01
8.698458333832179051e+03 9.953569840830014925e+01
8.698658427187301641e+03 1.013319990011884784e+02
8.698858520542422411e+03 9.988320175644065557e+01
8.699058613897543182e+03 1.012354182855457765e+02
8.699258707252665772e+03 9.607993075605105560e+01
8.699458800607786543e+03 9.888344052831601516e+01
8.699658893962909133e+03 9.871363831478734596e+01
8.699858987318029904e+03 1.011211080995990557e+02
8.700059080673150675e+03 9.790768908564467665e+01
8.700259174028273264e+03 9.934052360351670075e+01
8.700459267383394035e+03 1.005458180806797799e+02
8.700659360738514806e+03 9.896904435862425942e+01
8.700859454093635577e+03 1.004038560688033783e+02
8.701059547448758167e+03 9.781337708134296349e+01
8.701259640803878938e+03 9.683824627391688011e+01
8.701459734158999709e+03 1.007426969150121465e+02
8.701659827514120479e+03 1.005698488573102196e+02
8.701859920869241250e+03 1.010847827419529636e+02
8.702060014224363840e+03 1.002176391859815539e+02
8.702260107579484611e+03 9.899566471003853962e+01
8.702460200934605382e+03 1.016984559654739826e+02
8.702660294289727972e+03 9.805417185696441607e+01
8.702860387644846924e+03 9.950941054719382350e+01
8.703060480999969514e+03 9.857730398592278220e+01
8.703260574355092103e+03 9.740214858992021618e+01
8.703460667710211055e+03 9.420789390218587300e+01
8.703660761065335464e+03 9.519955464048007343e+01
8.703860854420454416e+03 1.004290009699266619e+02
8.704060947775577006e+03 9.915532950689976133e+01
8.704261041130699596e+03 9.965915990648134937e+01
8.704461134485818548e+03 1.000046233177103829e+02
8.704661227840941137e+03 1.022498126537943506e+02
8.704861321196061908e+03 9.919149662978833248e+01
8.705061414551182679e+03 9.946611247853479654e+01
8.705261507906305269e+03 1.011539424352169476e+02
8.705461601261424221e+03 1.001936749148914316e+02
8.705661694616546811e+03 1.013154703060808686e+02
8.705861787971667582e+03 1.008204516804452879e+02
8.706061881326788352e+03 9.993571558540487842e+01
8.706261974681910942e+03 9.946111783136200302e+01
8.706462068037031713e+03 1.000079129937255971e+02
8.706662161392152484e+03 1.006904269883286105e+02
8.706862254747273255e+03 9.772330075165699270e+01
8.707062348102394026e+03 9.965009470063330355e+01
8.707262441457516616e+03 9.944706058267834692e+01
8.707462534812637386e+03 9.901300600033708577e+01
8.707662628167758157e+03 9.706178011755683599e+01
8.707862721522880747e+03 9.948219997736102016e+01
8.708062814878003337e+03 1.010164990779665715e+02
8.708262908233124108e+03 9.946568142332819207e+01
8.708463001588244879e+03 9.855581941357094422e+01
8.708663094943367469e+03 1.007013646196158447e+02
8.708863188298486421e+03 1.018861001902966876e+02
8.709063281653609010e+03 9.832112611064333407e+01
8.709263375008729781e+03 9.879391979560023174e+01
8.709463468363850552e+03 9.913857821304077333e+01
8.709663561718973142e+03 1.012490501403678138e+02
8.709863655074092094e+03 9.949119597909100321e+01
8.710063748429214684e+03 9.952308021366773971e+01
8.710263841784337274e+03 9.792709102704969837e+01
8.710463935139456225e+03 1.001926146880095843e+02
8.710664028494578815e+03 1.004162715172115696e+02
8.710864121849697767e+03 9.948615835393027851e+01
8.711064215204820357e+03 1.007954694944944833e+02
8.711264308559942947e+03 9.956369775362031760e+01
8.711464401915061899e+03 9.849866699483582977e+01
8.711664495270184489e+03 9.908189788042832902e+01
8.711864588625307078e+03 9.961307667404884114e+01
8.712064681980427849e+03 9.797599293091097650e+01
8.712264775335550439e+03 9.816388963753863095e+01
8.712464868690669391e+03 1.016255510190415805e+02
8.712664962045791981e+03 1.002374998031236260e+02
8.712865055400912752e+03 9.935399650847485020e+01
8.713065148756033523e+03 9.839110347471836349e+01
8.713265242111156113e+03 9.970999102167581896e+01
8.713465335466276883e+03 9.946981592438810083e+01
8.713665428821397654e+03 9.812900944056819696e+01
8.713865522176518425e+03 9.801227100223609057e+01
8.714065615531641015e+03 9.678758519672213367e+01
8.714265708886761786e+03 9.314733100347616812e+01
8.714465802241882557e+03 9.413931669844025407e+01
8.714665895597003328e+03 9.313663482066262134e+01
8.714865988952124098e+03 9.808454322930589342e+01
8.715066082307246688e+03 9.932080552345894375e+01
8.715266175662367459e+03 1.003150509029618007e+02
8.715466269017488230e+03 9.909708493086070291e+01
8.715666362372610820e+03 1.009149407520915531e+02
8.715866455727729772e+03 1.017192737370280469e+02
8.716066549082854181e+03 1.005619612281312953e+02
8.716266642437974951e+03 1.009446714292345746e+02
8.716466735793095722e+03 9.703636029085151904e+01
8.716666829148218312e+03 9.816749713216613316e+01
8.716866922503337264e+03 9.762939076161748631e+01
8.717067015858459854e+03 9.410649621516613195e+01
8.717267109213582444e+03 9.424875138342932246e+01
8.717467202568701396e+03 9.573595122096223520e+01
8.717667295923823986e+03 9.602315445339289113e+01
8.717867389278942937e+03 9.905991389173881601e+01
8.718067482634065527e+03 9.947942601621140568e+01
8.718267575989188117e+03 1.007670107703729343e+02
8.718467669344307069e+03 1.006225328504927035e+02
8.718667762699429659e+03 1.011498517770459671e+02
8.718867856054550430e+03 1.029392416405150783e+02
8.719067949409671201e+03 9.953195702788157462e+01
8.719268042764793790e+03 9.780038159204633530e+01
8.719468136119914561e+03 9.788484252854016177e+01
8.719668229475035332e+03 1.007551860495396738e+02
8.719868322830156103e+03 1.004017391549416089e+02
8.720068416185278693e+03 9.769679737495215477e+01
8.720268509540401283e+03 1.003597368785800086e+02
8.720468602895522054e+03 9.967884115626186770e+01
8.720668696250642824e+03 1.006470290870739177e+02
8.720868789605763595e+03 1.007036586961852009e+02
8.721068882960886185e+03 9.774802924655094216e+01
8.721268976316006956e+03 9.715878490400747580e+01
8.721469069671127727e+03 9.903294452319282470e+01
8.721669163026248498e+03 9.822398412241672361e+01
8.721869256381369269e+03 9.599640217687635868e+01
8.722069349736491858e+03 9.803016949755793519e+01
8.722269443091612629e+03 9.739167322452846065e+01
8.722469536446733400e+03 9.826647556979084186e+01
8.722669629801855990e+03 9.940581860505308498e+01
8.722869723156974942e+03 1.003752622040196627e+02
8.723069816512097532e+03 9.971760842690618176e+01
8.723269909867218303e+03 1.000640755466756104e+02
8.723470003222339074e+03 1.009812365289840557e+02
8.723670096577461663e+03 1.001815251728123854e+02
8.723870189932580615e+03 9.929265415068934431e+01
8.724070283287705024e+03 9.958080847681382863e+01
8.724270376642827614e+03 9.886047912421344108e+01
8.724470469997946566e+03 1.009405907834614027e+02
8.724670563353069156e+03 1.016532682719859508e+02
8.724870656708189927e+03 9.799190493485187403e+01
8.725070750063310697e+03 9.744067740415562184e+01
8.725270843418433287e+03 1.009727182508551238e+02
8.725470936773552239e+03 1.002679978842372037e+02
8.725671030128674829e+03 9.977767910592496037e+01
8.725871123483795600e+03 1.008923433047752241e+02
8.726071216838916371e+03 9.966357277993427033e+01
8.726271310194038961e+03 1.013460283211920796e+02
8.726471403549159731e+03 1.011744495432402289e+02
8.726671496904280502e+03 9.915776411072184260e+01
8.726871590259401273e+03 9.955483554889107722e+01
8.727071683614522044e+03 1.002242186022313035e+02
8.727271776969644634e+03 1.007347965655413446e+02
8.727471870324765405e+03 9.888527634167755309e+01
8.727671963679886176e+03 1.001864724775664541e+02
8.727872057035006947e+03 9.945955015755119177e+01
8.728072150390129536e+03 1.006587153467504123e+02
8.728272243745252126e+03 9.965508530937968601e+01
8.728472337100372897e+03 9.812471046572137823e+01
8.728672430455493668e+03 1.000354652752729834e+02
8.728872523810614439e+03 9.848651754350251508e+01
8.729072617165737029e+03 9.839120785801580382e+01
8.729272710520857800e+03 9.926287544826142550e+01
8.729472803875978570e+03 9.860328296304230378e+01
8.729672897231101160e+03 9.652110942414158501e+01
8.729872990586220112e+03 9.961749851074267781e+01
8.730073083941342702e+03 9.543385482832235311e+01
8.730273177296465292e+03 9.843984351455978299e+01
8.730473270651584244e+03 1.017903511321144805e+02
8.730673364006706834e+03 9.737533119661617320e+01
8.730873457361825785e+03 9.900277155862883660e+01
8.731073550716948375e+03 9.903496223694213541e+01
8.731273644072070965e+03 1.002297054690453564e+02
8.731473737427189917e+03 9.949570795456030226e+01
8.731673830782312507e+03 9.979746706445361326e+01
8.731873924137433278e+03 9.880284323537165392e+01
8.732074017492554049e+03 9.820371129672903976e+01
8.732274110847678458e+03 9.883792818228106114e+01
8.732474204202797409e+03 9.877396290538797530e+01
8.732674297557919999e+03 9.971102503071129775e+01
8.732874390913040770e+03 1.015001104698297496e+02
8.733074484268161541e+03 1.010721909429759933e+02
8.733274577623284131e+03 1.005761851421743245e+02
8.733474670978404902e+03 9.931361005369107886e+01
8.733674764333525673e+03 9.938449679472567766e+01
8.733874857688646443e+03 1.009297160230436106e+02
8.734074951043767214e+03 1.001536907814122372e+02
