8.476382638205885087e+03 9.691240319371304679e+01
8.476582552890749866e+03 1.052125049335928964e+02
8.476782467575612827e+03 9.815932457003846423e+01
8.476982382260475788e+03 1.019567395834615979e+02
8.477182296945336930e+03 1.012343141221708009e+02
8.477382211630201709e+03 1.005797446161188589e+02
8.477582126315066489e+03 1.007308402169944515e+02
8.477782040999927631e+03 9.914047441798562943e+01
8.477981955684792410e+03 9.355556787320779222e+01
8.478181870369655371e+03 1.046572503537436916e+02
8.478381785054518332e+03 9.788747231440905239e+01
8.478581699739383112e+03 1.040402194658857269e+02
8.478781614424246072e+03 9.742084499434214706e+01
8.478981529109109033e+03 1.000358491825454053e+02
8.479181443793970175e+03 1.017486041104265269e+02
8.479381358478834954e+03 1.012725218702522909e+02
8.479581273163699734e+03 9.394924918447873097e+01
8.479781187848562695e+03 9.534401970444734786e+01
8.479981102533425656e+03 1.001417893703613231e+02
8.480181017218288616e+03 9.974497349142988867e+01
8.480380931903153396e+03 9.694509000801508591e+01
8.480580846588016357e+03 1.003768881997083184e+02
8.480780761272877498e+03 1.009955947194106045e+02
8.480980675957742278e+03 9.577316250341438320e+01
8.481180590642605239e+03 9.942341804698349961e+01
8.481380505327468200e+03 1.063120618828288571e+02
8.481580420012332979e+03 9.207445028776389506e+01
8.481780334697195940e+03 1.072309211092764514e+02
8.481980249382060720e+03 9.881940495010805137e+01
8.482180164066921861e+03 9.973899069400005146e+01
8.482380078751784822e+03 1.015103637000609496e+02
8.482579993436649602e+03 1.012890198723047916e+02
8.482779908121512563e+03 1.009602095397788446e+02
8.482979822806375523e+03 1.065155327725014303e+02
8.483179737491238484e+03 1.048560333096198036e+02
8.483379652176103264e+03 9.715526481937648384e+01
8.483579566860966224e+03 1.035100160310742154e+02
8.483779481545829185e+03 9.999496031402541973e+01
8.483979396230692146e+03 1.018772182250010161e+02
8.484179310915555106e+03 1.058995568787196504e+02
8.484379225600418067e+03 9.896143276031324376e+01
8.484579140285282847e+03 1.049850172419657639e+02
8.484779054970145808e+03 1.031693302583397838e+02
8.484978969655010587e+03 1.056812928222355481e+02
8.485178884339871729e+03 9.454673373302992445e+01
8.485378799024736509e+03 1.017826438022156594e+02
8.485578713709599469e+03 9.832928414547164664e+01
8.485778628394462430e+03 9.584778978529094218e+01
8.485978543079325391e+03 1.001214050457318621e+02
8.486178457764188352e+03 9.972370267716840431e+01
8.486378372449053131e+03 1.038321689210581553e+02
8.486578287133916092e+03 1.064857287520829772e+02
8.486778201818779053e+03 9.406240568423797299e+01
8.486978116503643832e+03 1.081452757768675639e+02
8.487178031188506793e+03 1.012014999631338270e+02
8.487377945873367935e+03 9.990966066428910608e+01
8.487577860558232715e+03 9.716978140241158712e+01
8.487777775243095675e+03 9.939419729043160601e+01
8.487977689927960455e+03 1.011014301959291686e+02
8.488177604612821597e+03 1.033164517562178872e+02
8.488377519297686376e+03 1.039974332647923205e+02
8.488577433982551156e+03 9.473838243840559414e+01
8.488777348667412298e+03 9.843787106426248101e+01
8.488977263352275259e+03 9.934125185347959075e+01
8.489177178037138219e+03 9.853598754166580420e+01
8.489377092722002999e+03 8.829974150485040241e+01
8.489577007406865960e+03 9.647218627096914645e+01
8.489776922091728920e+03 1.010414580816512853e+02
8.489976836776593700e+03 1.100413771697585048e+02
8.490176751461456661e+03 1.016283542405371918e+02
8.490376666146319621e+03 1.058647125354993932e+02
8.490576580831184401e+03 9.651237831127582467e+01
8.490776495516045543e+03 8.881552407049339593e+01
8.490976410200910323e+03 9.114530964503060773e+01
8.491176324885771464e+03 9.880374727176437943e+01
8.491376239570636244e+03 1.024863467608021210e+02
8.491576154255501024e+03 1.051905707148961966e+02
8.491776068940362165e+03 9.305282355606711064e+01
8.491975983625226945e+03 9.851154973937647696e+01
8.492175898310089906e+03 9.219206989551673814e+01
8.492375812994952867e+03 1.019379509694407773e+02
8.492575727679815827e+03 9.207447430529734334e+01
8.492775642364678788e+03 9.213853694994924126e+01
8.492975557049543568e+03 9.261208139150504337e+01
8.493175471734406528e+03 1.016607995473267181e+02
8.493375386419269489e+03 8.882292738695095125e+01
8.493575301104134269e+03 8.486166815555590404e+01
8.493775215788997230e+03 7.730436952907342629e+01
8.493975130473860190e+03 6.811768009272323354e+01
8.494175045158721332e+03 6.282616769813667190e+01
8.494374959843586112e+03 5.726574764880935220e+01
8.494574874528450891e+03 5.730196460732491914e+01
8.494774789213312033e+03 7.405099058673096124e+01
8.494974703898176813e+03 7.368939799690080861e+01
8.495174618583039774e+03 9.017826166250662823e+01
8.495374533267904553e+03 8.629175010110185440e+01
8.495574447952767514e+03 8.773842381078483754e+01
8.495774362637628656e+03 9.056241430866940334e+01
8.495974277322493435e+03 1.058656803848943611e+02
8.496174192007354577e+03 9.893678144953329934e+01
8.496374106692219357e+03 9.694854385105708161e+01
8.496574021377084136e+03 9.752133407593316861e+01
8.496773936061947097e+03 9.422838201251653345e+01
8.496973850746810058e+03 9.351529916696298983e+01
8.497173765431673019e+03 9.930755003227585576e+01
8.497373680116537798e+03 1.151119251855339201e+02
8.497573594801400759e+03 9.446626260483778026e+01
8.497773509486261901e+03 9.482681410100596509e+01
8.497973424171126680e+03 9.523547162562478263e+01
8.498173338855989641e+03 9.480448345777212182e+01
8.498373253540854421e+03 9.200889534514020340e+01
8.498573168225717382e+03 9.095053094699908058e+01
8.498773082910580342e+03 9.420481068120396628e+01
8.498972997595445122e+03 9.935359996759839873e+01
8.499172912280304445e+03 9.471125841208066731e+01
8.499372826965169224e+03 9.763638196736333441e+01
8.499572741650034004e+03 9.754811064543552845e+01
8.499772656334896965e+03 9.796240423348803006e+01
8.499972571019759926e+03 1.088926574529565841e+02
8.500172485704622886e+03 9.897083083672598036e+01
8.500372400389487666e+03 1.005492040350014804e+02
8.500572315074352446e+03 1.002405044270595624e+02
8.500772229759211768e+03 1.038172275919143033e+02
8.500972144444076548e+03 9.792126675376823641e+01
8.501172059128939509e+03 1.010866858132766453e+02
8.501371973813802470e+03 1.012317859169591259e+02
8.501571888498667249e+03 1.061760824321908245e+02
8.501771803183530210e+03 9.942283450787282106e+01
8.501971717868394990e+03 1.019038385366977479e+02
8.502171632553256131e+03 9.919324316673019837e+01
8.502371547238120911e+03 9.121544406443305775e+01
8.502571461922983872e+03 9.645683147010215919e+01
8.502771376607846832e+03 1.046015460098415417e+02
8.502971291292709793e+03 9.959332856503898768e+01
8.503171205977572754e+03 9.896409227007535492e+01
8.503371120662437534e+03 9.660759385109882658e+01
8.503571035347302313e+03 1.062406550670568208e+02
8.503770950032163455e+03 1.035322355441353892e+02
8.503970864717028235e+03 9.568050853657226185e+01
8.504170779401889376e+03 9.978168733139496283e+01
8.504370694086752337e+03 1.072361657716611631e+02
8.504570608771617117e+03 9.760055085092545823e+01
8.504770523456480078e+03 1.042504719058374292e+02
8.504970438141344857e+03 9.225608265178404110e+01
8.505170352826205999e+03 9.563490478817197982e+01
8.505370267511070779e+03 9.882476366100692644e+01
8.505570182195935558e+03 1.067507982493722665e+02
8.505770096880798519e+03 1.029240226428785832e+02
8.505970011565659661e+03 9.681416125159272212e+01
8.506169926250522622e+03 9.786987574045468818e+01
8.506369840935387401e+03 9.910413835836035901e+01
8.506569755620250362e+03 9.288850244772065423e+01
8.506769670305113323e+03 9.702751680459222428e+01
8.506969584989978102e+03 9.884601864335736821e+01
8.507169499674841063e+03 9.544120283625386492e+01
8.507369414359704024e+03 9.163179253331114182e+01
8.507569329044566985e+03 1.033402834950248064e+02
8.507769243729429945e+03 1.054368356525448149e+02
8.507969158414294725e+03 1.004906597181928305e+02
8.508169073099155867e+03 9.755499339494549815e+01
8.508368987784020646e+03 1.070441174202131265e+02
8.508568902468885426e+03 9.320342085968886181e+01
8.508768817153748387e+03 1.036424010883035862e+02
8.508968731838611347e+03 9.772015427527561826e+01
8.509168646523474308e+03 9.523477659607405599e+01
8.509368561208337269e+03 1.021105424691738222e+02
8.509568475893200230e+03 9.315213735001940165e+01
8.509768390578063190e+03 9.555370966589147486e+01
8.509968305262927970e+03 9.700289106065429223e+01
8.510168219947790931e+03 1.018104337578136693e+02
8.510368134632653891e+03 9.299806017470744735e+01
8.510568049317518671e+03 1.018371886025026924e+02
8.510767964002381632e+03 9.661350055922817148e+01
8.510967878687244593e+03 9.727378091534072269e+01
8.511167793372105734e+03 9.801512358019732574e+01
8.511367708056970514e+03 9.767304003478032826e+01
8.511567622741835294e+03 9.610800050930284044e+01
8.511767537426696435e+03 1.006926481487957261e+02
8.511967452111561215e+03 1.031879913413451817e+02
8.512167366796424176e+03 9.785263830400317886e+01
8.512367281481288956e+03 9.874444949235684987e+01
8.512567196166151916e+03 9.382031053742200299e+01
8.512767110851013058e+03 1.002278330611896564e+02
8.512967025535877838e+03 9.858635873314932496e+01
8.513166940220740798e+03 1.027718571295470866e+02
8.513366854905603759e+03 1.019471025791775247e+02
8.513566769590468539e+03 9.198041907686109653e+01
8.513766684275331500e+03 9.969476934081710340e+01
8.513966598960196279e+03 9.919705535806275520e+01
8.514166513645057421e+03 9.794427519674340488e+01
8.514366428329920382e+03 9.928977094419644800e+01
8.514566343014785161e+03 1.080396454568635107e+02
8.514766257699646303e+03 1.019826112823051858e+02
8.514966172384511083e+03 1.036735792295171166e+02
8.515166087069374043e+03 1.046792864409275978e+02
8.515366001754238823e+03 1.009409075167052094e+02
8.515565916439101784e+03 1.058456575485594300e+02
8.515765831123964745e+03 1.012226141098689709e+02
8.515965745808827705e+03 9.485378045308932826e+01
8.516165660493690666e+03 1.076943693317477511e+02
8.516365575178553627e+03 9.392118763009669635e+01
8.516565489863418406e+03 1.011260363345917739e+02
8.516765404548281367e+03 9.798472719566645139e+01
8.516965319233144328e+03 1.006856035533782290e+02
8.517165233918007289e+03 1.063063803915165124e+02
8.517365148602872068e+03 9.915005839765163387e+01
8.517565063287736848e+03 1.019120010387994739e+02
8.517764977972596171e+03 1.014908951693293488e+02
8.517964892657460950e+03 1.040243730036274883e+02
8.518164807342323911e+03 9.585550682477672524e+01
8.518364722027188691e+03 9.988826496341185646e+01
8.518564636712051652e+03 9.181493701916157590e+01
8.518764551396914612e+03 9.928686122970182737e+01
8.518964466081779392e+03 1.029907509430710348e+02
8.519164380766640534e+03 1.040301932825458380e+02
8.519364295451503494e+03 9.499883400919576104e+01
8.519564210136368274e+03 9.528043127280817259e+01
8.519764124821231235e+03 1.024811585812248325e+02
8.519964039506094196e+03 1.064738483663827964e+02
8.520163954190957156e+03 9.947138584046118126e+01
8.520363868875821936e+03 9.454233104637793872e+01
8.520563783560686716e+03 9.808702070346105018e+01
8.520763698245547857e+03 1.046462807890267044e+02
8.520963612930412637e+03 1.002108033146565589e+02
8.521163527615273779e+03 9.375433843978873938e+01
8.521363442300138558e+03 1.048965365249627979e+02
8.521563356985001519e+03 1.018619185769906181e+02
8.521763271669864480e+03 1.062553535004341541e+02
8.521963186354729260e+03 9.443989710850803476e+01
8.522163101039590401e+03 9.617891490093204254e+01
8.522363015724455181e+03 9.404002750594602844e+01
8.522562930409319961e+03 9.110111435019567239e+01
8.522762845094181102e+03 9.776805256255822485e+01
8.522962759779044063e+03 9.406823523343810223e+01
8.523162674463907024e+03 1.055773051063191872e+02
8.523362589148771804e+03 9.443500769838993847e+01
8.523562503833636583e+03 9.366790102746291780e+01
8.523762418518497725e+03 9.605253066989894251e+01
8.523962333203362505e+03 1.022204940961911319e+02
8.524162247888225465e+03 9.600283449979568218e+01
8.524362162573088426e+03 1.034163897016575788e+02
8.524562077257951387e+03 9.755492228226282236e+01
8.524761991942814348e+03 1.010114919802643669e+02
8.524961906627679127e+03 1.019335522059228225e+02
8.525161821312540269e+03 9.320709480872837105e+01
8.525361735997405049e+03 1.068041047134924497e+02
8.525561650682269828e+03 1.018540110046480578e+02
8.525761565367132789e+03 9.787528541055476694e+01
8.525961480051995750e+03 9.961700183495482008e+01
8.526161394736856892e+03 1.012999005460920756e+02
8.526361309421721671e+03 1.085751851492846498e+02
8.526561224106586451e+03 8.915860985924507531e+01
8.526761138791447593e+03 9.547734335432839714e+01
8.526961053476312372e+03 9.994942031343822464e+01
8.527160968161175333e+03 9.369959992924663084e+01
8.527360882846038294e+03 1.037529519983450399e+02
8.527560797530903073e+03 1.079191223072458001e+02
8.527760712215764215e+03 9.220724444647085249e+01
8.527960626900628995e+03 1.032607705284148949e+02
8.528160541585490137e+03 9.954496264396723859e+01
8.528360456270354916e+03 1.007124544311230636e+02
8.528560370955219696e+03 1.028938649428136216e+02
8.528760285640082657e+03 1.000579702491458960e+02
8.528960200324945617e+03 1.000974267364804717e+02
8.529160115009808578e+03 1.028604166714418255e+02
8.529360029694673358e+03 9.393383021492090279e+01
8.529559944379534500e+03 1.010289345028172505e+02
8.529759859064397460e+03 9.415993021769635618e+01
8.529959773749262240e+03 9.090417544742794576e+01
8.530159688434125201e+03 1.027227675775729807e+02
8.530359603118988161e+03 1.015434493412035266e+02
8.530559517803852941e+03 9.828220353148093125e+01
8.530759432488715902e+03 9.646956482698428204e+01
8.530959347173580682e+03 1.054426903393336659e+02
8.531159261858440004e+03 1.046149381468520687e+02
8.531359176543304784e+03 1.007326535447411402e+02
8.531559091228169564e+03 9.525848372511346440e+01
8.531759005913032524e+03 9.361309465695677545e+01
8.531958920597895485e+03 9.863894775790191716e+01
8.532158835282758446e+03 1.033710572964805152e+02
8.532358749967623226e+03 9.374923179521795191e+01
8.532558664652486186e+03 1.023407266379375784e+02
8.532758579337349147e+03 9.200567082559906851e+01
8.532958494022212108e+03 9.752337508825246459e+01
8.533158408707075068e+03 9.094421016475388342e+01
8.533358323391938029e+03 9.605506747859925554e+01
8.533558238076802809e+03 9.512545125672249924e+01
8.533758152761665770e+03 9.679782043080743392e+01
8.533958067446530549e+03 1.047643510033447853e+02
8.534157982131391691e+03 1.043592063970377666e+02
8.534357896816256471e+03 9.767793061084910278e+01
8.534557811501119431e+03 9.920001892638413210e+01
8.534757726185980573e+03 9.827109145213502472e+01
8.534957640870845353e+03 8.189043975397876807e+01
8.535157555555708313e+03 9.160077504971758344e+01
8.535357470240573093e+03 9.772829684133580486e+01
8.535557384925436054e+03 9.731701916073670589e+01
8.535757299610299015e+03 9.396076416589011160e+01
8.535957214295163794e+03 8.541582648763899499e+01
8.536157128980026755e+03 8.712296294678348829e+01
8.536357043664887897e+03 9.848876568779252239e+01
8.536556958349752676e+03 9.046330225917813550e+01
8.536756873034615637e+03 8.414475535478590018e+01
8.536956787719480417e+03 7.350250504918604122e+01
8.537156702404341559e+03 8.125597958368229001e+01
8.537356617089206338e+03 7.561285891995605368e+01
8.537556531774071118e+03 6.571527265289508080e+01
8.537756446458932260e+03 6.537993994616269333e+01
8.537956361143795220e+03 5.103148139676883943e+01
8.538156275828658181e+03 4.615905689701349957e+01
8.538356190513522961e+03 4.800537725857466143e+01
8.538556105198385922e+03 5.058865666141252149e+01
8.538756019883248882e+03 5.199441188396601632e+01
8.538955934568113662e+03 6.563647856254749513e+01
8.539155849252976623e+03 6.238733049994785773e+01
8.539355763937839583e+03 7.254390845371476360e+01
8.539555678622704363e+03 7.877508082632957098e+01
8.539755593307565505e+03 7.522804944807025151e+01
8.539955507992428466e+03 8.049947219856187530e+01
8.540155422677291426e+03 7.307535925434855528e+01
8.540355337362156206e+03 8.112782408486141605e+01
8.540555252047020986e+03 8.718357751635501529e+01
8.540755166731882127e+03 9.382105173013344768e+01
8.540955081416746907e+03 7.538093000225467222e+01
8.541154996101609868e+03 9.288885066010129776e+01
8.541354910786472828e+03 8.675077581258420878e+01
8.541554825471335789e+03 9.729232891744342737e+01
8.541754740156198750e+03 9.857239366043920370e+01
8.541954654841063530e+03 8.754927794740233082e+01
8.542154569525924671e+03 8.657185983308222887e+01
8.542354484210789451e+03 9.490650183996969247e+01
8.542554398895654231e+03 9.371998584405766053e+01
8.542754313580517191e+03 8.920813471759055346e+01
8.542954228265378333e+03 9.692672105459965337e+01
8.543154142950241294e+03 9.795486856296368217e+01
8.543354057635106074e+03 9.001838314847317690e+01
8.543553972319970853e+03 1.017698822919708448e+02
8.543753887004831995e+03 9.022384795390640022e+01
8.543953801689696775e+03 1.024921904347771857e+02
8.544153716374559735e+03 9.273861482190042693e+01
8.544353631059424515e+03 9.698651764208386794e+01
8.544553545744287476e+03 1.012584020422843878e+02
8.544753460429148618e+03 9.741967019728069488e+01
8.544953375114013397e+03 1.069220150144647334e+02
8.545153289798874539e+03 1.003513439426075280e+02
8.545353204483739319e+03 1.047174618304627245e+02
8.545553119168604098e+03 1.012993118447937491e+02
8.545753033853467059e+03 8.920654783292195589e+01
8.545952948538330020e+03 9.768164713341138850e+01
8.546152863223192981e+03 1.030566849535876628e+02
8.546352777908055941e+03 9.673966042735270321e+01
8.546552692592920721e+03 1.010645697894111095e+02
8.546752607277781863e+03 9.854747825108448467e+01
8.546952521962646642e+03 9.541474084238447517e+01
8.547152436647509603e+03 9.790982713165904272e+01
8.547352351332372564e+03 9.664090395694461222e+01
8.547552266017237343e+03 1.000237078777885245e+02
8.547752180702100304e+03 1.009732376276787278e+02
8.547952095386965084e+03 1.013418414494232564e+02
8.548152010071824407e+03 9.714712305966128270e+01
8.548351924756689186e+03 9.860653691603461368e+01
8.548551839441553966e+03 1.064026910166397215e+02
8.548751754126416927e+03 9.981934857887441126e+01
8.548951668811279887e+03 1.016884871513091326e+02
8.549151583496142848e+03 9.684055143816625844e+01
8.549351498181007628e+03 1.003041647823146434e+02
8.549551412865872408e+03 1.016373360678761202e+02
8.549751327550731730e+03 9.809483961852239986e+01
8.549951242235596510e+03 1.001365021552415016e+02
8.550151156920459471e+03 1.020303403931730486e+02
8.550351071605322431e+03 9.480889057393282826e+01
8.550550986290187211e+03 9.214247995036339489e+01
8.550750900975050172e+03 9.919481841124941468e+01
8.550950815659914952e+03 9.728226205761519907e+01
8.551150730344776093e+03 9.936772371030508566e+01
8.551350645029640873e+03 1.056805418245186843e+02
8.551550559714503834e+03 8.992627762578530337e+01
8.551750474399366794e+03 1.086665843763624650e+02
8.551950389084229755e+03 9.135128696354236411e+01
8.552150303769092716e+03 9.871288997735281612e+01
8.552350218453957496e+03 1.033022453953648210e+02
8.552550133138820456e+03 9.587264560913190792e+01
8.552750047823683417e+03 9.630100480425542742e+01
8.552949962508548197e+03 9.845962603570308147e+01
8.553149877193409338e+03 1.039598429602588254e+02
8.553349791878272299e+03 1.097643699533688277e+02
8.553549706563137079e+03 1.006335505391363512e+02
8.553749621248000039e+03 1.066932450678706346e+02
8.553949535932864819e+03 1.095806682357610669e+02
8.554149450617725961e+03 9.990072708286507464e+01
8.554349365302590741e+03 9.981015492832024449e+01
8.554549279987455520e+03 1.003533797981302484e+02
8.554749194672318481e+03 9.590297670917350104e+01
8.554949109357179623e+03 9.842289210384694798e+01
8.555149024042042583e+03 1.035678749224856716e+02
8.555348938726907363e+03 1.029798045929864401e+02
8.555548853411770324e+03 9.518975084507206930e+01
8.555748768096633285e+03 1.056631414736911552e+02
8.555948682781498064e+03 1.090628472529875097e+02
8.556148597466361025e+03 1.002162972458488923e+02
8.556348512151223986e+03 1.068093974715813914e+02
8.556548426836086946e+03 1.009009453270718524e+02
8.556748341520949907e+03 9.379588718943828951e+01
8.556948256205814687e+03 1.051254024808025491e+02
8.557148170890675829e+03 9.698878728190069864e+01
8.557348085575540608e+03 1.045752195113040983e+02
8.557548000260405388e+03 1.032953503937385733e+02
8.557747914945266530e+03 1.056762739752658575e+02
8.557947829630131309e+03 1.036179467548691520e+02
8.558147744314992451e+03 1.009993537978654246e+02
8.558347658999857231e+03 1.035822325529593115e+02
8.558547573684720192e+03 1.028889960809665780e+02
8.558747488369583152e+03 9.547067150894514498e+01
8.558947403054447932e+03 9.572514060552423132e+01
8.559147317739310893e+03 1.022210597638132583e+02
8.559347232424173853e+03 1.010738740080213205e+02
8.559547147109038633e+03 1.026246997148967637e+02
8.559747061793901594e+03 9.416695206187488054e+01
8.559946976478764554e+03 1.034973061576644824e+02
8.560146891163625696e+03 9.815508523883381997e+01
8.560346805848490476e+03 9.248524516467844592e+01
8.560546720533355256e+03 1.027870637669339118e+02
8.560746635218216397e+03 9.661481111134077082e+01
8.560946549903081177e+03 9.594990818563047696e+01
8.561146464587944138e+03 9.738329923636229069e+01
8.561346379272808917e+03 1.064661032001751408e+02
8.561546293957670059e+03 1.017557829392562923e+02
8.561746208642533020e+03 9.525023669641672086e+01
8.561946123327397800e+03 1.047524454655113431e+02
8.562146038012260760e+03 8.972078571030094452e+01
8.562345952697123721e+03 9.126644302937107511e+01
8.562545867381988501e+03 9.910567810038318726e+01
8.562745782066851461e+03 1.035557523646925802e+02
8.562945696751714422e+03 1.024243620692529504e+02
8.563145611436577383e+03 9.916699758281163213e+01
8.563345526121440344e+03 9.929015681767464230e+01
8.563545440806305123e+03 9.950995137945922409e+01
8.563745355491166265e+03 1.092167878157434160e+02
8.563945270176031045e+03 1.051562850925499220e+02
8.564145184860894005e+03 9.239123646595939476e+01
8.564345099545758785e+03 9.822253771062624139e+01
8.564545014230621746e+03 9.646172522219518441e+01
8.564744928915484707e+03 9.420114069966666648e+01
8.564944843600347667e+03 9.705565124978096492e+01
8.565144758285208809e+03 9.978321777182206631e+01
8.565344672970073589e+03 1.060630972814241630e+02
8.565544587654938368e+03 9.970287279466948860e+01
8.565744502339801329e+03 9.875414516289693267e+01
8.565944417024664290e+03 1.011190734743933177e+02
8.566144331709527250e+03 1.033579546216756739e+02
8.566344246394392030e+03 1.069534474149014756e+02
8.566544161079256810e+03 1.051077558848537450e+02
8.566744075764116133e+03 1.036141791967607872e+02
8.566943990448980912e+03 9.073788666873426223e+01
8.567143905133843873e+03 1.007130241014670418e+02
8.567343819818708653e+03 1.004484764072306433e+02
8.567543734503571613e+03 9.959444661050076775e+01
8.567743649188434574e+03 9.410207269078023273e+01
8.567943563873299354e+03 9.202848274241245008e+01
8.568143478558160496e+03 9.046304418313681595e+01
8.568343393243023456e+03 9.802725825348011313e+01
8.568543307927888236e+03 9.660230823174870807e+01
8.568743222612751197e+03 1.026180575873993632e+02
8.568943137297614157e+03 9.035945406226983323e+01
8.569143051982477118e+03 1.022127535528493638e+02
8.569342966667341898e+03 9.837221184193653301e+01
8.569542881352206678e+03 1.009739136655375233e+02
8.569742796037067819e+03 1.035969535097558634e+02
8.569942710721932599e+03 1.025618527760265835e+02
8.570142625406793741e+03 9.993569265460760676e+01
8.570342540091656701e+03 1.039656239577080328e+02
8.570542454776521481e+03 9.585110181854319933e+01
8.570742369461384442e+03 1.001053556897894907e+02
8.570942284146249222e+03 8.811514985501359831e+01
8.571142198831110363e+03 9.730809757949656102e+01
8.571342113515975143e+03 9.868596071544337178e+01
8.571542028200839923e+03 9.757607878451148054e+01
8.571741942885701064e+03 1.009929115225452705e+02
8.571941857570564025e+03 9.436625012867663997e+01
8.572141772255426986e+03 1.052180576193531465e+02
8.572341686940291765e+03 1.045378832486727134e+02
8.572541601625156545e+03 1.017291231142640271e+02
8.572741516310017687e+03 9.269342536767345564e+01
8.572941430994882467e+03 1.008043695515550411e+02
8.573141345679745427e+03 9.750363726883922766e+01
8.573341260364606569e+03 1.027501138630664315e+02
8.573541175049471349e+03 8.910920583559264685e+01
8.573741089734334309e+03 9.763728156363848143e+01
8.573941004419199089e+03 1.079099897118591400e+02
8.574140919104060231e+03 9.704747545437835754e+01
8.574340833788925011e+03 9.784096269557021230e+01
8.574540748473789790e+03 9.553216730248681188e+01
8.574740663158652751e+03 9.441471611504121597e+01
8.574940577843515712e+03 1.095834150230075750e+02
8.575140492528376853e+03 9.667311308624246635e+01
8.575340407213241633e+03 9.912415838347254748e+01
8.575540321898104594e+03 9.611912615907000657e+01
8.575740236582967555e+03 9.873566903319029109e+01
8.575940151267832334e+03 9.851369795685563702e+01
8.576140065952695295e+03 9.828306033819784204e+01
8.576339980637558256e+03 1.066033504036483208e+02
8.576539895322423035e+03 1.052039169854368623e+02
8.576739810007284177e+03 1.091854477645636052e+02
8.576939724692148957e+03 1.109773811503142298e+02
8.577139639377010099e+03 9.915626301444518731e+01
8.577339554061874878e+03 1.036953164537584371e+02
8.577539468746739658e+03 1.000271383664941993e+02
8.577739383431602619e+03 1.023747603874151508e+02
8.577939298116465579e+03 9.747868650369369448e+01
8.578139212801328540e+03 1.026370905982623327e+02
8.578339127486193320e+03 1.042548505063097366e+02
8.578539042171054462e+03 9.622813483146050828e+01
8.578738956855917422e+03 9.986149891876183915e+01
8.578938871540782202e+03 9.727790128883616205e+01
8.579138786225645163e+03 9.442641929302327242e+01
8.579338700910508123e+03 9.247648238388150332e+01
8.579538615595372903e+03 1.034147833395544467e+02
8.579738530280235864e+03 9.445538493961856830e+01
8.579938444965100643e+03 1.003532882973952809e+02
8.580138359649959966e+03 9.744028924812791104e+01
8.580338274334824746e+03 1.021215389308065795e+02
8.580538189019689526e+03 1.002299427886113961e+02
8.580738103704550667e+03 9.786604809888804368e+01
8.580938018389415447e+03 1.001852474500505394e+02
8.581137933074278408e+03 1.049962840846192194e+02
8.581337847759143187e+03 1.061459473450823623e+02
8.581537762444006148e+03 9.770447840532402495e+01
8.581737677128869109e+03 8.566752453063486428e+01
8.581937591813732070e+03 1.018051193832747430e+02
8.582137506498595030e+03 9.847691587686124137e+01
8.582337421183457991e+03 9.530407603901882396e+01
8.582537335868322771e+03 1.030200379838470894e+02
8.582737250553185731e+03 9.699895293459240975e+01
8.582937165238050511e+03 1.099751631200157362e+02
8.583137079922911653e+03 9.758866384993895338e+01
8.583336994607776433e+03 9.452743312929007402e+01
8.583536909292639393e+03 1.004711976603704215e+02
8.583736823977500535e+03 1.043466848562159868e+02
8.583936738662365315e+03 1.047841223802117980e+02
8.584136653347228275e+03 8.892489587394003081e+01
8.584336568032093055e+03 1.045243987588769556e+02
8.584536482716956016e+03 1.024810305239009978e+02
8.584736397401818977e+03 1.008266932578758173e+02
8.584936312086683756e+03 1.095635867269677419e+02
8.585136226771546717e+03 1.038620591217204350e+02
8.585336141456407859e+03 1.094831468071633083e+02
8.585536056141272638e+03 1.034596674212231164e+02
8.585735970826135599e+03 1.022801153915956149e+02
8.585935885510998560e+03 1.038689337495205223e+02
8.586135800195861520e+03 9.730732116765115336e+01
8.586335714880726300e+03 9.583572595823774520e+01
8.586535629565591080e+03 9.249461010162718821e+01
8.586735544250452222e+03 9.618725381457534240e+01
8.586935458935315182e+03 9.656650766897659821e+01
8.587135373620178143e+03 1.067839016164001436e+02
8.587335288305042923e+03 9.291671050867641668e+01
8.587535202989905883e+03 9.649361852225480618e+01
8.587735117674768844e+03 9.779986759350546777e+01
8.587935032359633624e+03 1.049272748513350422e+02
8.588134947044496585e+03 1.088247494119410703e+02
8.588334861729359545e+03 1.013155132209874978e+02
8.588534776414222506e+03 9.791401762958162180e+01
8.588734691099085467e+03 1.013420304868431430e+02
8.588934605783948427e+03 9.696492616168112022e+01
8.589134520468811388e+03 1.009857777635777296e+02
8.589334435153676168e+03 9.794916588904767707e+01
8.589534349838540948e+03 1.034528657350778360e+02
8.589734264523402089e+03 9.951614576660531952e+01
8.589934179208266869e+03 9.814550408089560563e+01
8.590134093893129830e+03 1.029735199900970741e+02
8.590334008577992790e+03 9.733669143490051567e+01
8.590533923262855751e+03 9.475129502392826453e+01
8.590733837947718712e+03 9.970867452270069009e+01
8.590933752632583492e+03 1.033271221605890418e+02
8.591133667317444633e+03 1.022600006115734885e+02
8.591333582002309413e+03 9.192961857389771296e+01
8.591533496687174193e+03 1.026629327649176417e+02
8.591733411372037153e+03 1.026734540770008834e+02
8.591933326056898295e+03 9.967336368965655424e+01
8.592133240741761256e+03 1.036739703717302916e+02
8.592333155426626035e+03 9.519364014501640270e+01
8.592533070111490815e+03 1.006712787313376367e+02
8.592732984796351957e+03 9.695943672736059682e+01
8.592932899481216737e+03 9.404244843595620296e+01
8.593132814166079697e+03 9.257769977439815534e+01
8.593332728850942658e+03 9.748809668503163550e+01
8.593532643535807438e+03 9.932862030556353261e+01
8.593732558220668579e+03 8.875200967333317692e+01
8.593932472905533359e+03 9.416495067348995462e+01
8.594132387590394501e+03 9.537287242548302402e+01
8.594332302275259281e+03 9.785458996344961236e+01
8.594532216960124060e+03 1.022760315007133300e+02
8.594732131644987021e+03 9.507638333332126024e+01
8.594932046329849982e+03 8.964672918914952504e+01
8.595131961014712942e+03 9.016580720275365479e+01
8.595331875699575903e+03 1.021552502993471734e+02
8.595531790384440683e+03 9.909233451445977892e+01
8.595731705069301825e+03 9.835062465888186978e+01
8.595931619754166604e+03 1.058451706045378842e+02
8.596131534439029565e+03 1.015682178884623283e+02
8.596331449123892526e+03 1.065832590264938631e+02
8.596531363808757305e+03 9.398721175089292501e+01
8.596731278493620266e+03 9.504351034267989462e+01
8.596931193178485046e+03 1.066462034325568453e+02
8.597131107863344369e+03 9.788642573918986045e+01
8.597331022548209148e+03 8.821134488781265759e+01
8.597530937233073928e+03 1.041792909112372456e+02
8.597730851917936889e+03 9.682993351081266553e+01
8.597930766602799849e+03 9.463904158433402358e+01
8.598130681287662810e+03 1.011404401328398421e+02
8.598330595972527590e+03 9.630854260305520143e+01
8.598530510657390550e+03 1.032106211683658472e+02
8.598730425342251692e+03 1.033327084293589735e+02
8.598930340027116472e+03 1.082660932046800184e+02
8.599130254711979433e+03 1.007302890463224259e+02
8.599330169396842393e+03 1.043838028707066599e+02
8.599530084081707173e+03 1.034660892392200253e+02
8.599729998766570134e+03 9.499847356579063273e+01
8.599929913451434913e+03 1.024686892359742956e+02
8.600129828136296055e+03 9.872824782154468437e+01
8.600329742821160835e+03 1.033466565904797676e+02
8.600529657506023796e+03 9.494142315453491676e+01
8.600729572190886756e+03 1.024937425215702831e+02
8.600929486875749717e+03 1.044857968186565245e+02
8.601129401560612678e+03 9.654929489351252414e+01
8.601329316245477457e+03 9.004212770570850921e+01
8.601529230930340418e+03 9.487914121336999074e+01
8.601729145615203379e+03 1.029921444767813057e+02
8.601929060300068159e+03 9.788576950908769447e+01
8.602128974984929300e+03 1.012409030006282933e+02
8.602328889669792261e+03 1.016566472486784249e+02
8.602528804354657041e+03 1.077437780286743134e+02
8.602728719039520001e+03 9.671312109008380276e+01
8.602928633724384781e+03 1.020046426055056514e+02
8.603128548409245923e+03 9.509490576178578181e+01
8.603328463094110703e+03 9.757420390046790715e+01
8.603528377778975482e+03 9.608303544385053385e+01
8.603728292463834805e+03 1.022428909072613123e+02
8.603928207148699585e+03 1.097822274347201414e+02
8.604128121833562545e+03 1.029017501792308309e+02
8.604328036518427325e+03 1.021489160430026715e+02
8.604527951203290286e+03 9.352834539175209727e+01
8.604727865888153246e+03 1.008410782476115202e+02
8.604927780573018026e+03 9.790004060168087108e+01
8.605127695257880987e+03 9.459249757961478622e+01
8.605327609942743948e+03 1.090937558876073865e+02
8.605527524627606908e+03 1.015433198630313854e+02
8.605727439312469869e+03 9.773122439269090478e+01
8.605927353997334649e+03 9.974394119991477226e+01
8.606127268682195790e+03 1.026560959172464464e+02
8.606327183367060570e+03 9.686588933658234168e+01
8.606527098051925350e+03 1.001311612139854930e+02
8.606727012736786492e+03 1.017236508780782174e+02
8.606926927421651271e+03 9.812581659799857903e+01
8.607126842106512413e+03 9.701237060879894614e+01
8.607326756791377193e+03 1.069087598821466827e+02
8.607526671476240153e+03 9.701334791869318508e+01
8.607726586161103114e+03 9.365249882102575896e+01
8.607926500845967894e+03 9.404726153948840306e+01
8.608126415530830855e+03 9.429504801500930000e+01
8.608326330215693815e+03 9.093920177698672092e+01
8.608526244900558595e+03 9.612619509330447443e+01
8.608726159585421556e+03 1.054592983900746361e+02
8.608926074270282697e+03 1.011279289803141239e+02
8.609125988955145658e+03 1.050978022689698435e+02
8.609325903640010438e+03 1.059780001163186114e+02
8.609525818324875218e+03 9.946865693191762148e+01
8.609725733009736359e+03 9.973644264100700241e+01
8.609925647694601139e+03 9.666816137630696915e+01
8.610125562379464100e+03 9.890935580363779422e+01
8.610325477064328879e+03 9.901221637501568296e+01
8.610525391749190021e+03 9.042434105073188277e+01
8.610725306434052982e+03 9.731192644155574101e+01
8.610925221118917761e+03 1.133208254123800884e+02
8.611125135803780722e+03 1.038179116985341892e+02
8.611325050488643683e+03 1.006497348488507697e+02
8.611524965173508463e+03 1.009514357809470368e+02
8.611724879858371423e+03 9.616820277024083907e+01
8.611924794543234384e+03 1.024812246693685296e+02
8.612124709228097345e+03 1.030551170201154747e+02
8.612324623912960305e+03 9.956525954554192026e+01
8.612524538597825085e+03 9.920560709504820807e+01
8.612724453282686227e+03 1.006692815083139720e+02
8.612924367967551007e+03 8.906013474517138206e+01
8.613124282652413967e+03 8.894146048694867090e+01
8.613324197337278747e+03 9.427414147186418347e+01
8.613524112022141708e+03 9.684932625587947541e+01
8.613724026707004668e+03 1.053204456779295981e+02
8.613923941391867629e+03 1.021684647443126863e+02
8.614123856076728771e+03 1.004814633967352790e+02
8.614323770761593551e+03 9.227536744301953320e+01
8.614523685446458330e+03 9.391300737349942551e+01
8.614723600131321291e+03 9.641934139714398100e+01
8.614923514816184252e+03 9.188058124424011908e+01
8.615123429501047212e+03 1.040655260699384144e+02
8.615323344185911992e+03 1.048096291983337949e+02
8.615523258870776772e+03 9.979936286876957752e+01
8.615723173555636095e+03 1.028790856614941305e+02
8.615923088240500874e+03 9.989616981800155315e+01
8.616123002925363835e+03 9.872065476640064219e+01
8.616322917610226796e+03 1.027632472505992922e+02
8.616522832295091575e+03 1.055829463271061144e+02
8.616722746979954536e+03 9.475233631921204847e+01
8.616922661664819316e+03 9.881843845191936282e+01
8.617122576349680457e+03 9.974638392096269968e+01
8.617322491034543418e+03 1.026408556113467938e+02
8.617522405719408198e+03 1.041634830970672283e+02
8.617722320404271159e+03 9.660692234806506917e+01
8.617922235089134119e+03 9.561481739665475743e+01
8.618122149773997080e+03 1.046899355554217408e+02
8.618322064458861860e+03 9.688233414811853095e+01
8.618521979143726639e+03 1.080277287602228284e+02
8.618721893828587781e+03 9.848994827420557385e+01
8.618921808513450742e+03 9.332899516615192681e+01
8.619121723198313703e+03 9.198861895839257841e+01
8.619321637883176663e+03 1.003164673327239456e+02
8.619521552568041443e+03 9.835904039298077350e+01
8.619721467252904404e+03 1.049396805254299068e+02
8.619921381937769183e+03 9.867448688742565821e+01
8.620121296622630325e+03 1.067912985320170520e+02
8.620321211307495105e+03 9.558327113108779827e+01
8.620521125992359885e+03 1.036116015267640478e+02
8.620721040677221026e+03 9.414914465227545293e+01
8.620920955362083987e+03 1.056637395435931239e+02
8.621120870046946948e+03 1.043421226664121093e+02
8.621320784731811727e+03 1.014540121709492411e+02
8.621520699416674688e+03 9.691859101703751378e+01
8.621720614101537649e+03 1.052664149710876984e+02
8.621920528786402429e+03 1.026791943578702728e+02
8.622120443471265389e+03 1.058573996838655660e+02
8.622320358156126531e+03 9.914472275303276660e+01
8.622520272840991311e+03 9.919807271981304098e+01
8.622720187525854271e+03 9.778921566549519184e+01
8.622920102210719051e+03 1.020751124088915134e+02
8.623120016895580193e+03 8.771705296744629266e+01
8.623319931580444972e+03 9.492898184151292185e+01
8.623519846265309752e+03 9.652853071929203566e+01
8.623719760950172713e+03 1.093065070177638205e+02
8.623919675635035674e+03 1.036443913831655550e+02
8.624119590319896815e+03 1.053879820743379696e+02
8.624319505004761595e+03 9.783722212838726762e+01
8.624519419689624556e+03 1.031111867499564738e+02
8.624719334374487516e+03 1.010927172299184917e+02
8.624919249059352296e+03 1.043776438196118619e+02
8.625119163744215257e+03 9.751886429771637665e+01
8.625319078429078218e+03 9.816427743727003019e+01
8.625518993113942997e+03 1.049570947753367420e+02
8.625718907798804139e+03 1.061071977192379308e+02
8.625918822483668919e+03 1.031455812888834629e+02
8.626118737168530060e+03 9.957472219257317647e+01
8.626318651853394840e+03 9.921557823109165497e+01
8.626518566538259620e+03 1.016404662134357864e+02
8.626718481223120762e+03 9.473311318958518257e+01
8.626918395907985541e+03 1.023555847923511664e+02
8.627118310592848502e+03 9.141332875903478339e+01
8.627318225277713282e+03 9.996632697494935371e+01
8.627518139962574423e+03 9.920583508553896479e+01
8.627718054647437384e+03 1.036037506335342471e+02
8.627917969332302164e+03 9.487284638553414595e+01
8.628117884017165125e+03 1.063181245171434597e+02
8.628317798702028085e+03 9.914522733474612437e+01
8.628517713386892865e+03 9.373363986689409444e+01
8.628717628071755826e+03 9.426364507242472257e+01
8.628917542756620605e+03 1.056761384384323748e+02
8.629117457441479928e+03 9.662722869006934445e+01
8.629317372126344708e+03 9.759057092004259459e+01
8.629517286811209487e+03 9.299097309328082872e+01
8.629717201496070629e+03 1.004951943650825115e+02
8.629917116180935409e+03 1.012354132741614023e+02
8.630117030865798370e+03 1.047033023151413573e+02
8.630316945550663149e+03 1.072881844354879490e+02
8.630516860235526110e+03 9.023382896385251684e+01
8.630716774920389071e+03 1.021925132575782555e+02
8.630916689605252031e+03 9.293680078095857766e+01
8.631116604290114992e+03 1.003044039104435683e+02
8.631316518974977953e+03 9.175066013321250580e+01
8.631516433659842733e+03 1.044119614055696985e+02
8.631716348344705693e+03 9.805431051894746020e+01
8.631916263029568654e+03 9.918271979152024187e+01
8.632116177714431615e+03 8.910710307966444077e+01
8.632316092399296394e+03 9.712426592244217716e+01
8.632516007084159355e+03 9.563967937949010434e+01
8.632715921769020497e+03 9.750585322185283133e+01
8.632915836453885277e+03 1.039987348555685145e+02
8.633115751138748237e+03 1.006998236173209733e+02
8.633315665823613017e+03 1.018436616234833991e+02
8.633515580508475978e+03 9.913543700668130043e+01
8.633715495193338938e+03 9.757905817824686778e+01
8.633915409878203718e+03 9.682074202987267597e+01
8.634115324563064860e+03 1.014493437153010973e+02
8.634315239247927821e+03 1.008314805738711897e+02
8.634515153932792600e+03 9.867818643635929732e+01
8.634715068617655561e+03 1.028873660968732793e+02
8.634914983302518522e+03 1.040243856822416006e+02
8.635114897987381482e+03 1.018676528999756243e+02
8.635314812672246262e+03 1.055698627694948613e+02
8.635514727357111042e+03 1.052114722870083057e+02
8.635714642041972184e+03 9.826152806395316475e+01
8.635914556726835144e+03 1.016216700701251625e+02
8.636114471411698105e+03 9.616230315000406392e+01
8.636314386096562885e+03 1.023496000604946516e+02
8.636514300781425845e+03 1.043991276040250966e+02
8.636714215466288806e+03 9.598547845643236087e+01
8.636914130151153586e+03 1.045762910773838144e+02
8.637114044836014727e+03 9.560978914987457244e+01
8.637313959520879507e+03 9.904785174761961741e+01
8.637513874205742468e+03 1.030687870847661998e+02
8.637713788890605429e+03 1.002111231145683519e+02
8.637913703575468389e+03 9.618674212818120850e+01
8.638113618260331350e+03 1.015491269952695603e+02
8.638313532945196130e+03 9.357261070922091051e+01
8.638513447630060909e+03 9.228776206298960005e+01
8.638713362314922051e+03 1.070553875107348745e+02
8.638913276999786831e+03 1.008174498229592473e+02
8.639113191684649792e+03 9.677615197498185751e+01
8.639313106369510933e+03 1.043456471573070701e+02
8.639513021054375713e+03 1.052305401947818950e+02
8.639712935739238674e+03 9.721026081810524033e+01
8.639912850424103453e+03 9.679654329780315436e+01
8.640112765108964595e+03 9.907073300051379761e+01
8.640312679793829375e+03 1.040859001623123703e+02
8.640512594478694155e+03 9.797176725668472841e+01
8.640712509163557115e+03 9.981064162449112587e+01
8.640912423848418257e+03 1.023836283932108842e+02
8.641112338533281218e+03 1.010847497706406557e+02
8.641312253218145997e+03 9.484444522862116855e+01
8.641512167903010777e+03 1.009937908815521581e+02
8.641712082587871919e+03 1.005535002794173352e+02
8.641911997272736699e+03 9.203533619872447957e+01
8.642111911957599659e+03 1.032556578575477886e+02
8.642311826642462620e+03 9.714121379594008943e+01
8.642511741327327400e+03 1.016859011120059932e+02
8.642711656012188541e+03 1.051228027077271321e+02
8.642911570697053321e+03 9.184052011503689528e+01
8.643111485381914463e+03 9.735330128828923080e+01
8.643311400066779242e+03 1.005289792201544259e+02
8.643511314751644022e+03 9.954555671577003295e+01
8.643711229436506983e+03 9.885914150752351759e+01
8.643911144121369944e+03 9.560606136179136172e+01
8.644111058806232904e+03 9.922711001618455384e+01
8.644310973491095865e+03 1.023418401970532585e+02
8.644510888175958826e+03 9.513296127814730596e+01
8.644710802860821786e+03 1.015384736013126457e+02
8.644910717545686566e+03 1.040950795554047659e+02
8.645110632230549527e+03 8.920693241841239285e+01
8.645310546915412488e+03 9.372949387220752726e+01
8.645510461600277267e+03 1.032735354616498569e+02
8.645710376285140228e+03 1.062523033407638877e+02
8.645910290970003189e+03 1.011415805010323652e+02
8.646110205654864330e+03 9.646101212913646350e+01
8.646310120339729110e+03 1.001023564853146297e+02
8.646510035024593890e+03 1.022570306810592768e+02
8.646709949709456851e+03 9.608843121674273391e+01
8.646909864394319811e+03 1.020309499083644909e+02
8.647109779079182772e+03 9.967604942437733939e+01
8.647309693764047552e+03 9.978988294807840020e+01
8.647509608448910512e+03 9.408690036520955857e+01
8.647709523133771654e+03 1.072600326287479362e+02
8.647909437818636434e+03 1.051848681994149501e+02
8.648109352503499395e+03 9.819334180658935907e+01
8.648309267188362355e+03 1.017798053133537763e+02
8.648509181873227135e+03 9.693348867301727978e+01
8.648709096558090096e+03 9.782643783820775241e+01
8.648909011242954875e+03 9.754906252105114106e+01
8.649108925927816017e+03 8.943681320734646079e+01
8.649308840612678978e+03 1.011729965697586096e+02
8.649508755297543757e+03 8.812896143343769495e+01
8.649708669982404899e+03 9.143077054763281808e+01
8.649908584667269679e+03 1.001079938427767786e+02
8.650108499352132640e+03 1.014305192468583243e+02
8.650308414036997419e+03 9.976448611695167301e+01
8.650508328721860380e+03 9.669515576506364596e+01
8.650708243406723341e+03 9.572346711882789805e+01
8.650908158091588120e+03 9.917640293960856468e+01
8.651108072776449262e+03 9.948230354149445986e+01
8.651307987461312223e+03 1.068140116269783704e+02
8.651507902146177003e+03 9.973525683081467719e+01
8.651707816831039963e+03 1.029840175237289230e+02
8.651907731515904743e+03 1.003893375355673072e+02
8.652107646200765885e+03 9.746036168144502199e+01
8.652307560885630664e+03 1.052923025741266940e+02
8.652507475570495444e+03 1.018743038125860068e+02
8.652707390255354767e+03 9.939895198119306485e+01
8.652907304940219547e+03 1.023815162616568415e+02
8.653107219625082507e+03 1.022256517444730832e+02
8.653307134309947287e+03 9.461577791266427084e+01
8.653507048994810248e+03 1.042151937112303841e+02
8.653706963679673208e+03 9.389362385919811516e+01
8.653906878364537988e+03 1.030745394665914603e+02
8.654106793049400949e+03 1.017731794492252249e+02
8.654306707734263910e+03 9.048529812362377811e+01
8.654506622419126870e+03 1.021125124664667254e+02
8.654706537103989831e+03 9.295610328117065535e+01
8.654906451788852792e+03 1.001776893538091713e+02
8.655106366473715752e+03 1.015704358900751743e+02
8.655306281158580532e+03 9.148764621621991466e+01
8.655506195843445312e+03 1.024234719417217150e+02
8.655706110528306453e+03 9.826273800259990310e+01
8.655906025213171233e+03 1.032527702017326163e+02
8.656105939898032375e+03 8.717864806503391151e+01
8.656305854582897155e+03 8.695868733141273310e+01
8.656505769267760115e+03 9.103618072379187254e+01
8.656705683952623076e+03 9.095220745078954394e+01
8.656905598637487856e+03 8.058583409412828757e+01
8.657105513322350816e+03 7.934692740035295344e+01
8.657305428007213777e+03 7.625452731708783460e+01
8.657505342692078557e+03 7.726733045254293586e+01
8.657705257376941518e+03 6.550613715035862583e+01
8.657905172061802659e+03 6.000489140800953436e+01
8.658105086746665620e+03 4.934461306089011856e+01
8.658305001431530400e+03 4.983888526877148450e+01
8.658504916116395179e+03 4.711198679485623586e+01
8.658704830801256321e+03 5.130872572371573170e+01
8.658904745486121101e+03 4.697053113457864981e+01
8.659104660170984062e+03 6.423618152502281475e+01
8.659304574855848841e+03 6.787541945167208723e+01
8.659504489540709983e+03 6.618726088825820852e+01
8.659704404225572944e+03 7.949333229068140838e+01
8.659904318910437723e+03 8.240730536701639153e+01
8.660104233595298865e+03 8.871667503593114645e+01
8.660304148280163645e+03 9.241027928757502252e+01
8.660504062965028425e+03 8.504289705363527219e+01
8.660703977649891385e+03 9.269587852243978432e+01
8.660903892334754346e+03 8.811292065847510457e+01
8.661103807019615488e+03 8.802942694736147189e+01
8.661303721704480267e+03 9.108981995675722487e+01
8.661503636389345047e+03 8.751062166671853504e+01
8.661703551074206189e+03 9.707254459819858994e+01
8.661903465759070968e+03 1.015523718141047596e+02
8.662103380443933929e+03 9.921586249095688004e+01
8.662303295128796890e+03 9.485184691725460482e+01
8.662503209813661670e+03 1.020911421458656037e+02
8.662703124498524630e+03 9.166919477468866262e+01
8.662903039183387591e+03 8.899000909865354458e+01
8.663102953868248733e+03 1.010463164083743379e+02
8.663302868553113512e+03 9.259540330355815740e+01
8.663502783237978292e+03 1.022789123546319274e+02
8.663702697922841253e+03 9.819429699219320185e+01
8.663902612607704214e+03 9.948514077980087222e+01
8.664102527292567174e+03 9.947559669808501326e+01
8.664302441977431954e+03 9.533245142877096612e+01
8.664502356662294915e+03 1.018566479942302152e+02
8.664702271347156056e+03 9.743473868148576855e+01
8.664902186032020836e+03 9.677394625057675626e+01
8.665102100716883797e+03 9.370385086360212767e+01
8.665302015401746758e+03 9.876414312617515634e+01
8.665501930086611537e+03 1.039257323615417334e+02
8.665701844771474498e+03 1.018023361656098018e+02
8.665901759456339278e+03 1.012404047958591491e+02
8.666101674141200419e+03 9.672516079047917970e+01
8.666301588826063380e+03 9.940933657563064685e+01
8.666501503510928160e+03 9.969713230913258428e+01
8.666701418195791121e+03 9.782089865628849168e+01
8.666901332880654081e+03 9.722047223457832388e+01
8.667101247565517042e+03 1.051243194476294747e+02
8.667301162250381822e+03 1.037396530421803647e+02
8.667501076935244782e+03 9.249042039878270316e+01
8.667700991620107743e+03 1.004598145147974293e+02
8.667900906304970704e+03 9.624206400120533544e+01
8.668100820989833664e+03 9.975210495265122290e+01
8.668300735674696625e+03 1.047831994458916114e+02
8.668500650359561405e+03 9.568743200565718610e+01
8.668700565044424366e+03 9.958324330832000726e+01
8.668900479729289145e+03 9.847801974790969837e+01
8.669100394414150287e+03 1.032829465460565928e+02
8.669300309099015067e+03 1.108236437887541257e+02
8.669500223783879846e+03 9.555409200263682123e+01
8.669700138468740988e+03 9.570188484726519107e+01
8.669900053153603949e+03 1.029782451770636840e+02
8.670099967838466910e+03 9.730115188804028037e+01
8.670299882523331689e+03 9.947272666436712996e+01
8.670499797208194650e+03 9.333715938276668567e+01
8.670699711893057611e+03 1.052479298327203026e+02
8.670899626577922390e+03 9.690470286372297437e+01
8.671099541262785351e+03 8.672524980871330058e+01
8.671299455947646493e+03 1.005523741208196640e+02
8.671499370632511273e+03 9.582633336902976851e+01
8.671699285317374233e+03 1.010149658796378418e+02
8.671899200002239013e+03 1.016303766236961366e+02
8.672099114687100155e+03 1.060434007654078812e+02
8.672299029371964934e+03 1.077713199991482611e+02
8.672498944056829714e+03 1.010727655675227510e+02
8.672698858741690856e+03 9.300463519990022121e+01
8.672898773426555636e+03 1.077517491311485571e+02
8.673098688111416777e+03 9.857680349147433674e+01
8.673298602796281557e+03 9.524167445018650824e+01
8.673498517481144518e+03 1.051103661154779729e+02
8.673698432166007478e+03 1.039530368576297121e+02
8.673898346850872258e+03 9.373663386274564857e+01
8.674098261535735219e+03 9.689973503600829474e+01
8.674298176220598179e+03 1.031773640600828941e+02
8.674498090905462959e+03 9.266872115671667132e+01
8.674698005590324101e+03 9.510213825896789785e+01
8.674897920275188881e+03 9.846044648239178798e+01
8.675097834960050022e+03 9.773223760083239142e+01
8.675297749644914802e+03 9.799863846707097537e+01
8.675497664329779582e+03 9.188299384014499083e+01
8.675697579014640723e+03 9.431385980947845837e+01
8.675897493699505503e+03 9.258941219034134917e+01
8.676097408384368464e+03 9.317812775157571537e+01
8.676297323069231425e+03 1.018494621408922001e+02
8.676497237754094385e+03 9.191054337248903039e+01
8.676697152438957346e+03 9.976577046555037498e+01
8.676897067123822126e+03 1.028357303468493740e+02
8.677096981808685086e+03 9.508684150948189995e+01
8.677296896493548047e+03 1.026805326028012928e+02
8.677496811178412827e+03 9.574230082543496678e+01
8.677696725863275788e+03 9.325359221740576743e+01
8.677896640548138748e+03 1.035571471283430895e+02
8.678096555232999890e+03 9.772556745318230753e+01
8.678296469917864670e+03 1.020350483330127958e+02
8.678496384602729449e+03 9.302291621244557973e+01
8.678696299287590591e+03 1.075825932030226255e+02
8.678896213972455371e+03 1.005414612835949413e+02
8.679096128657318332e+03 9.407881017756407971e+01
8.679296043342183111e+03 9.141489763364667454e+01
8.679495958027046072e+03 9.971702700464697955e+01
8.679695872711907214e+03 9.936246154165588962e+01
8.679895787396771993e+03 9.864963214501271693e+01
8.680095702081634954e+03 1.007806300010677205e+02
8.680295616766497915e+03 1.006773377991451923e+02
8.680495531451362694e+03 9.105305482180975218e+01
8.680695446136225655e+03 9.593731452105687652e+01
8.680895360821088616e+03 9.993137071826359374e+01
8.681095275505951577e+03 9.436249182010915604e+01
8.681295190190816356e+03 1.022301494708031697e+02
8.681495104875679317e+03 1.020887991757798119e+02
8.681695019560540459e+03 1.028558841519489846e+02
8.681894934245405238e+03 1.011723658508243489e+02
8.682094848930268199e+03 9.567457110465340975e+01
8.682294763615132979e+03 1.069914926476896539e+02
8.682494678299995940e+03 1.027847682957147271e+02
8.682694592984858900e+03 1.015058680312930193e+02
8.682894507669723680e+03 9.733868364300451503e+01
8.683094422354583003e+03 9.320945994780335297e+01
8.683294337039447782e+03 1.016545867691650642e+02
8.683494251724312562e+03 9.527858495830686536e+01
8.683694166409175523e+03 1.020876666617141098e+02
8.683894081094038484e+03 9.482393515607928691e+01
8.684093995778901444e+03 9.429083436572574328e+01
8.684293910463766224e+03 9.003139710299370790e+01
8.684493825148631004e+03 9.276713617475525098e+01
8.684693739833492145e+03 1.021239703341283445e+02
8.684893654518355106e+03 8.980258282328260577e+01
8.685093569203218067e+03 9.225064184127786859e+01
8.685293483888082847e+03 9.924325727069793857e+01
8.685493398572945807e+03 8.480053459357631596e+01
8.685693313257808768e+03 9.895958235766630651e+01
8.685893227942673548e+03 1.009729675607819530e+02
8.686093142627534689e+03 1.045969380594045646e+02
8.686293057312399469e+03 9.817071363655126959e+01
8.686492971997262430e+03 1.008812361704301139e+02
8.686692886682125391e+03 9.360022773203127144e+01
8.686892801366988351e+03 9.162856060786107548e+01
8.687092716051851312e+03 1.039381080139816902e+02
8.687292630736716092e+03 1.005579031337024958e+02
8.687492545421580871e+03 1.038708542693260739e+02
8.687692460106442013e+03 9.537716553420892751e+01
8.687892374791306793e+03 9.329340816923877355e+01
8.688092289476169753e+03 9.558494881025195866e+01
8.688292204161030895e+03 9.457105844961766650e+01
8.688492118845895675e+03 1.038110373512478759e+02
8.688692033530758636e+03 1.114988260766496353e+02
8.688891948215623415e+03 1.032902433151037229e+02
8.689091862900484557e+03 9.974599125440271052e+01
8.689291777585349337e+03 9.837355551330458070e+01
8.689491692270214116e+03 1.006909486868556343e+02
8.689691606955077077e+03 1.019399400255763481e+02
8.689891521639938219e+03 9.507859373604098607e+01
8.690091436324801180e+03 1.065503039124936180e+02
8.690291351009665959e+03 9.712666793072104099e+01
8.690491265694528920e+03 1.080661439152144254e+02
8.690691180379391881e+03 1.009395673199279173e+02
8.690891095064256660e+03 1.044253037991702371e+02
8.691091009749119621e+03 1.003321517859142347e+02
8.691290924433982582e+03 1.033609074448278022e+02
8.691490839118845543e+03 1.013660767935601399e+02
8.691690753803708503e+03 9.415009265185534559e+01
8.691890668488573283e+03 1.033166804078395984e+02
8.692090583173434425e+03 9.376136703960349905e+01
8.692290497858299204e+03 9.457819693075263956e+01
8.692490412543163984e+03 1.005469094205067506e+02
8.692690327228026945e+03 9.518981127755833427e+01
8.692890241912889906e+03 1.087021796533614264e+02
8.693090156597752866e+03 9.613427504252044287e+01
8.693290071282615827e+03 1.059511425559666833e+02
8.693489985967478788e+03 9.507168454573312033e+01
8.693689900652341748e+03 1.041535728598498025e+02
8.693889815337206528e+03 1.087504526650675842e+02
8.694089730022069489e+03 1.015510618326044039e+02
8.694289644706932449e+03 9.943830628176036157e+01
8.694489559391797229e+03 1.024884997692471416e+02
8.694689474076660190e+03 9.723424054480948087e+01
8.694889388761523151e+03 1.042599350804457004e+02
8.695089303446384292e+03 9.889880362048636187e+01
8.695289218131249072e+03 1.066446884803841186e+02
8.695489132816113852e+03 1.007621661383887925e+02
8.695689047500974993e+03 1.049782468698377755e+02
8.695888962185839773e+03 1.011124459918155196e+02
8.696088876870702734e+03 9.838046377802020004e+01
8.696288791555567514e+03 1.012444632112246694e+02
8.696488706240430474e+03 1.042905147895609872e+02
8.696688620925291616e+03 9.936502452712443301e+01
8.696888535610156396e+03 9.591597361432928892e+01
8.697088450295019356e+03 9.578063121861853801e+01
8.697288364979882317e+03 9.412306643756667768e+01
8.697488279664747097e+03 1.059656237389900610e+02
8.697688194349610058e+03 1.061213503524079442e+02
8.697888109034474837e+03 1.069352299431568269e+02
8.698088023719335979e+03 9.499138741781455053e+01
8.698287938404198940e+03 1.002251391017483968e+02
8.698487853089063719e+03 1.111163443892299512e+02
8.698687767773924861e+03 9.955454959175169449e+01
8.698887682458789641e+03 9.979906809424956293e+01
8.699087597143652602e+03 1.002509251678064714e+02
8.699287511828517381e+03 1.020796970301247342e+02
8.699487426513380342e+03 9.908163898811338299e+01
8.699687341198243303e+03 1.021996394029491597e+02
8.699887255883108082e+03 9.686216242134061361e+01
8.700087170567969224e+03 9.486138846980811934e+01
8.700287085252832185e+03 9.666671623717327577e+01
8.700486999937696964e+03 9.895103592534030668e+01
8.700686914622559925e+03 1.030221193325694458e+02
8.700886829307422886e+03 1.067882964407721147e+02
8.701086743992285847e+03 9.903569191113173531e+01
8.701286658677150626e+03 1.003707662050350677e+02
8.701486573362015406e+03 9.813164210789805963e+01
8.701686488046874729e+03 9.092429157258747807e+01
8.701886402731739508e+03 9.003175864860730826e+01
8.702086317416602469e+03 1.056880703631510272e+02
8.702286232101467249e+03 1.094319710943983637e+02
8.702486146786330210e+03 1.043221464231105671e+02
8.702686061471193170e+03 1.018888103134942895e+02
8.702885976156057950e+03 1.000924167921601935e+02
8.703085890840920911e+03 9.908154504556857489e+01
8.703285805525783871e+03 8.731890569539771718e+01
8.703485720210646832e+03 9.963194357785997113e+01
8.703685634895509793e+03 9.763554133281445502e+01
8.703885549580372754e+03 9.468760373448036205e+01
8.704085464265235714e+03 1.043811780610298001e+02
8.704285378950100494e+03 9.816122864397867431e+01
8.704485293634965274e+03 9.068998100770052417e+01
8.704685208319826415e+03 1.055261497952852210e+02
8.704885123004691195e+03 9.629529946454819367e+01
8.705085037689552337e+03 1.075963698875280983e+02
8.705284952374417117e+03 9.330578374661776309e+01
8.705484867059280077e+03 9.192099449357030494e+01
8.705684781744143038e+03 9.904404083262447500e+01
8.705884696429007818e+03 1.061333484778664911e+02
8.706084611113868959e+03 1.037184996780462285e+02
8.706284525798733739e+03 1.021051977000072668e+02
8.706484440483598519e+03 9.899123656543171990e+01
8.706684355168459660e+03 1.009292410493255545e+02
8.706884269853322621e+03 1.004564020769181951e+02
8.707084184538185582e+03 9.909151641183007087e+01
8.707284099223050362e+03 9.868450100024661253e+01
8.707484013907915141e+03 1.010968391422441215e+02
8.707683928592776283e+03 9.974300239102944943e+01
8.707883843277641063e+03 9.740020424284102774e+01
8.708083757962504023e+03 9.539845294370886108e+01
8.708283672647368803e+03 9.844586717223056382e+01
8.708483587332229945e+03 9.225459369213029959e+01
8.708683502017092906e+03 1.010426367401932595e+02
8.708883416701957685e+03 9.697603782426010355e+01
8.709083331386818827e+03 9.284408858535627473e+01
8.709283246071683607e+03 9.813182906783960391e+01
8.709483160756548386e+03 1.099540104152813740e+02
8.709683075441411347e+03 9.829259762559347280e+01
8.709882990126274308e+03 9.442946044811719730e+01
8.710082904811135450e+03 1.060286761783143419e+02
8.710282819496000229e+03 9.966238706125280089e+01
8.710482734180865009e+03 9.640291375897821524e+01
8.710682648865726151e+03 9.362774611182724982e+01
8.710882563550590930e+03 9.711976044518522144e+01
8.711082478235453891e+03 9.981914190255918129e+01
8.711282392920316852e+03 9.220370761991762265e+01
8.711482307605181632e+03 9.759359975084674943e+01
8.711682222290044592e+03 9.653970755566905382e+01
8.711882136974907553e+03 1.003473115146960026e+02
8.712082051659768695e+03 9.852653182570593060e+01
8.712281966344633474e+03 1.059095220813011480e+02
8.712481881029498254e+03 1.030551063426393483e+02
8.712681795714361215e+03 1.013215037429642962e+02
8.712881710399224175e+03 1.033430753525886132e+02
8.713081625084087136e+03 1.016356046280187257e+02
8.713281539768951916e+03 9.540875968589053002e+01
8.713481454453813058e+03 9.877160477263488758e+01
8.713681369138676018e+03 9.788823302183504893e+01
8.713881283823540798e+03 1.003315181934153060e+02
8.714081198508403759e+03 9.755030755345461557e+01
8.714281113193266719e+03 9.822349480292449186e+01
8.714481027878131499e+03 9.437042425437907411e+01
8.714680942562994460e+03 9.923502030625280668e+01
8.714880857247859240e+03 1.085838139996864555e+02
8.715080771932720381e+03 9.548357018989908340e+01
8.715280686617583342e+03 1.000171031474626346e+02
8.715480601302448122e+03 1.073558019884216748e+02
8.715680515987311082e+03 1.054166466155953401e+02
8.715880430672174043e+03 9.406111208824015080e+01
8.716080345357037004e+03 9.801424859017323854e+01
8.716280260041901784e+03 1.010143620054390823e+02
8.716480174726764744e+03 1.034526268618217273e+02
8.716680089411627705e+03 1.022895044131977755e+02
8.716880004096490666e+03 9.893536648213905949e+01
8.717079918781353626e+03 1.007785618658496247e+02
8.717279833466216587e+03 1.110244005334597119e+02
8.717479748151081367e+03 1.042021032036408883e+02
8.717679662835944328e+03 1.044784393352243939e+02
8.717879577520809107e+03 1.043342156348117555e+02
8.718079492205670249e+03 1.022875701395324484e+02
8.718279406890535029e+03 9.875081252453435354e+01
8.718479321575399808e+03 1.100171283089647858e+02
8.718679236260259131e+03 1.077080376971481144e+02
8.718879150945123911e+03 9.070236261575939807e+01
8.719079065629986871e+03 9.873669255727263305e+01
8.719278980314851651e+03 1.002273357776131348e+02
8.719478894999714612e+03 1.045128609145333058e+02
8.719678809684577573e+03 1.016492493394555510e+02
8.719878724369442352e+03 1.006845128164445100e+02
8.720078639054305313e+03 9.358132759870686357e+01
8.720278553739166455e+03 1.021525851577582529e+02
8.720478468424031234e+03 1.074559057203853456e+02
8.720678383108894195e+03 1.053817065770424932e+02
8.720878297793758975e+03 1.012694015883229497e+02
8.721078212478620117e+03 9.720410297366750285e+01
8.721278127163484896e+03 9.527985363015942255e+01
8.721478041848349676e+03 9.389278963174598402e+01
8.721677956533210818e+03 9.652167255057956652e+01
8.721877871218073778e+03 1.075255957153387243e+02
8.722077785902936739e+03 1.060023742217227465e+02
8.722277700587801519e+03 9.667012040258046568e+01
8.722477615272664480e+03 1.047089575049447348e+02
8.722677529957527440e+03 1.004322003236903811e+02
8.722877444642392220e+03 1.023090505446350562e+02
8.723077359327255181e+03 1.002016734502757203e+02
8.723277274012118141e+03 1.112364847951582334e+02
8.723477188696982921e+03 9.749635417744418930e+01
8.723677103381844063e+03 1.046802235322264920e+02
8.723877018066707024e+03 1.071775347374086209e+02
8.724076932751569984e+03 1.018647180077934706e+02
8.724276847436434764e+03 9.029754390597689451e+01
8.724476762121299544e+03 9.837869170493719650e+01
8.724676676806160685e+03 9.722174113405696971e+01
8.724876591491025465e+03 9.558850866831690496e+01
8.725076506175888426e+03 9.676563242611011617e+01
8.725276420860751386e+03 1.038624507601722371e+02
8.725476335545614347e+03 1.006128299707267644e+02
8.725676250230477308e+03 1.010248798670864119e+02
8.725876164915342088e+03 9.790475787876985692e+01
8.726076079600205048e+03 1.070647540195144245e+02
8.726275994285068009e+03 1.060675936426097081e+02
