8.482261634924863756e+03 9.931948217656875499e+01
8.482461688265309931e+03 1.007865094398108994e+02
8.482661741605756106e+03 1.009681033916930346e+02
8.482861794946202281e+03 9.804064868741295413e+01
8.483061848286648456e+03 1.006291013023073191e+02
8.483261901627094630e+03 9.684512767924678656e+01
8.483461954967542624e+03 9.984610665321834233e+01
8.483662008307986980e+03 9.675869490469017364e+01
8.483862061648433155e+03 9.567411719887282118e+01
8.484062114988879330e+03 9.417194507105514845e+01
8.484262168329325505e+03 9.027268235257899676e+01
8.484462221669773498e+03 9.059813825599346160e+01
8.484662275010217854e+03 9.300754417460261436e+01
8.484862328350665848e+03 9.648120563847926690e+01
8.485062381691112023e+03 9.651075506235052615e+01
8.485262435031558198e+03 9.885855992360134792e+01
8.485462488372006192e+03 1.015820355794661367e+02
8.485662541712450547e+03 9.797904816181959120e+01
8.485862595052898541e+03 9.922080992928344756e+01
8.486062648393342897e+03 1.005417369524002140e+02
8.486262701733789072e+03 9.862793189670709637e+01
8.486462755074237066e+03 1.001020116942317202e+02
8.486662808414681422e+03 1.000408969535016723e+02
8.486862861755129416e+03 1.023586178793202777e+02
8.487062915095573771e+03 9.963470383658335550e+01
8.487262968436019946e+03 9.817624094238195198e+01
8.487463021776469759e+03 1.020177766307515981e+02
8.487663075116914115e+03 9.940200440195162912e+01
8.487863128457362109e+03 1.006308094585400141e+02
8.488063181797806465e+03 9.956713606791842608e+01
8.488263235138254458e+03 9.840936491422272070e+01
8.488463288478700633e+03 9.958350839353984441e+01
8.488663341819144989e+03 9.947199345468109755e+01
8.488863395159592983e+03 1.005022363686490934e+02
8.489063448500037339e+03 9.812205069705804306e+01
8.489263501840485333e+03 1.004470657417175232e+02
8.489463555180931507e+03 9.808748739970870645e+01
8.489663608521375863e+03 9.924378611910519510e+01
8.489863661861823857e+03 9.962026718845156381e+01
8.490063715202268213e+03 9.881225455265675350e+01
8.490263768542718026e+03 1.001817418384650153e+02
8.490463821883164201e+03 9.737047817857670395e+01
8.490663875223610376e+03 1.005555877784903345e+02
8.490863928564056550e+03 9.954074233827196849e+01
8.491063981904500906e+03 9.951789757953827120e+01
8.491264035244948900e+03 9.937116948843886632e+01
8.491464088585395075e+03 9.971758616206381021e+01
8.491664141925841250e+03 1.003104916664164108e+02
8.491864195266287425e+03 9.978019232980390996e+01
8.492064248606731780e+03 9.783944165947896465e+01
8.492264301947179774e+03 9.882241742450251820e+01
8.492464355287625949e+03 1.011881419659884642e+02
8.492664408628072124e+03 1.000126038929551697e+02
8.492864461968520118e+03 9.877340468899619452e+01
8.493064515308966293e+03 9.789781970614394879e+01
8.493264568649412467e+03 9.873902289392162857e+01
8.493464621989858642e+03 9.979342394400212868e+01
8.493664675330304817e+03 9.768440538474357027e+01
8.493864728670750992e+03 9.875362497034697640e+01
8.494064782011197167e+03 1.000753530857101765e+02
8.494264835351643342e+03 9.854055564618853680e+01
8.494464888692089517e+03 9.932319242156525263e+01
8.494664942032535691e+03 9.876293799158342779e+01
8.494864995372981866e+03 1.008070299146430102e+02
8.495065048713428041e+03 9.708998902746540693e+01
8.495265102053874216e+03 9.735891545315578810e+01
8.495465155394322210e+03 9.817373393968458117e+01
8.495665208734768385e+03 9.778438260459898856e+01
8.495865262075214559e+03 9.812189861317591522e+01
8.496065315415660734e+03 9.858138559890178954e+01
8.496265368756106909e+03 9.892494238531229200e+01
8.496465422096554903e+03 9.785565349920577205e+01
8.496665475436999259e+03 9.474171007473314887e+01
8.496865528777445434e+03 9.664066114587048162e+01
8.497065582117891609e+03 9.773475533538720583e+01
8.497265635458337783e+03 9.718441235495819797e+01
8.497465688798785777e+03 9.598068528180256465e+01
8.497665742139230133e+03 9.642209040372004836e+01
8.497865795479678127e+03 9.418915083691079815e+01
8.498065848820122483e+03 9.188666455305468617e+01
8.498265902160570477e+03 9.282676977014450870e+01
8.498465955501018470e+03 8.918211564152120729e+01
8.498666008841462826e+03 8.723760779440220858e+01
8.498866062181910820e+03 8.093979434647947357e+01
8.499066115522355176e+03 7.878377887993562467e+01
8.499266168862803170e+03 7.244945814459195788e+01
8.499466222203249345e+03 6.672233283790977509e+01
8.499666275543693700e+03 6.184364577459852796e+01
8.499866328884141694e+03 5.401294064532061867e+01
8.500066382224586050e+03 4.808079381401888952e+01
8.500266435565034044e+03 4.777217406258577626e+01
8.500466488905480219e+03 4.953968509363718908e+01
8.500666542245924575e+03 5.759638347588220597e+01
8.500866595586372569e+03 6.453688967814260025e+01
8.501066648926818743e+03 6.911819751038585480e+01
8.501266702267266737e+03 7.390286252114516685e+01
8.501466755607712912e+03 8.022808818808985620e+01
8.501666808948159087e+03 8.540459848240790564e+01
8.501866862288605262e+03 8.824967461092485621e+01
8.502066915629049618e+03 9.042923094260976313e+01
8.502266968969497611e+03 9.201526022179778863e+01
8.502467022309943786e+03 9.633340177243992741e+01
8.502667075650389961e+03 9.475880225263273360e+01
8.502867128990836136e+03 9.646854378088542603e+01
8.503067182331280492e+03 9.604726824494544246e+01
8.503267235671728486e+03 9.699570302346452877e+01
8.503467289012174660e+03 9.586269916610808650e+01
8.503667342352622654e+03 9.360557299145725096e+01
8.503867395693068829e+03 9.426052144647530895e+01
8.504067449033515004e+03 9.576047021749162980e+01
8.504267502373961179e+03 9.356063627271136340e+01
8.504467555714407354e+03 9.487848995121126450e+01
8.504667609054853529e+03 9.246979231252498721e+01
8.504867662395299703e+03 9.823785780793639333e+01
8.505067715735745878e+03 9.769450066646449216e+01
8.505267769076192053e+03 9.665949233459899403e+01
8.505467822416638228e+03 9.948102402557533708e+01
8.505667875757084403e+03 9.841944892932119160e+01
8.505867929097530578e+03 9.842745024337881432e+01
8.506067982437976752e+03 9.913169581801018637e+01
8.506268035778422927e+03 9.998310519399933582e+01
8.506468089118872740e+03 9.990659825903405533e+01
8.506668142459317096e+03 9.999466094302475483e+01
8.506868195799763271e+03 9.967740110140634613e+01
8.507068249140209446e+03 9.824630188686047916e+01
8.507268302480655620e+03 9.746811892191985294e+01
8.507468355821103614e+03 9.858254923509555567e+01
8.507668409161547970e+03 9.934708999324823253e+01
8.507868462501994145e+03 9.802983722577560854e+01
8.508068515842440320e+03 9.878968385092119320e+01
8.508268569182886495e+03 1.004391434260117961e+02
8.508468622523334489e+03 9.959878132162738495e+01
8.508668675863778844e+03 9.958839232605151892e+01
8.508868729204226838e+03 9.861534907573393127e+01
8.509068782544673013e+03 9.675594803429723356e+01
8.509268835885119188e+03 9.997747597217090743e+01
8.509468889225567182e+03 9.901688388352255288e+01
8.509668942566011538e+03 9.838539430083201864e+01
8.509868995906459531e+03 9.934482218809043275e+01
8.510069049246903887e+03 1.004432699248650636e+02
8.510269102587350062e+03 9.984716379018337307e+01
8.510469155927798056e+03 9.756328400937745471e+01
8.510669209268242412e+03 1.010916553156209687e+02
8.510869262608690406e+03 9.951895903624780715e+01
8.511069315949134761e+03 9.865851178557510082e+01
8.511269369289582755e+03 1.011244036132962663e+02
8.511469422630028930e+03 9.667619349978150467e+01
8.511669475970473286e+03 9.917957580355893299e+01
8.511869529310923099e+03 9.831923232698910908e+01
8.512069582651367455e+03 9.842567392460607323e+01
8.512269635991815449e+03 9.953171759531578289e+01
8.512469689332261623e+03 1.008241174317602997e+02
8.512669742672705979e+03 9.811297460312937346e+01
8.512869796013153973e+03 9.842837061343496430e+01
8.513069849353598329e+03 9.839695361389820505e+01
8.513269902694046323e+03 1.000586303252442093e+02
8.513469956034492498e+03 9.921784521427841241e+01
8.513670009374938672e+03 9.913479321336561156e+01
8.513870062715384847e+03 9.694931786344001523e+01
8.514070116055829203e+03 9.724133321871721591e+01
8.514270169396277197e+03 9.971189062158273941e+01
8.514470222736725191e+03 9.935397697717563403e+01
8.514670276077171366e+03 1.005500181580185881e+02
8.514870329417617540e+03 9.971426286366767044e+01
8.515070382758061896e+03 9.937720085662699887e+01
8.515270436098509890e+03 9.832122604117296305e+01
8.515470489438956065e+03 9.919970153452477746e+01
8.515670542779402240e+03 9.607272380977858006e+01
8.515870596119848415e+03 9.375850055487198631e+01
8.516070649460294590e+03 8.894941833232600459e+01
8.516270702800740764e+03 8.541832902477862888e+01
8.516470756141186939e+03 8.672359533791573938e+01
8.516670809481633114e+03 8.767319690851172709e+01
8.516870862822079289e+03 9.189105578392107532e+01
8.517070916162525464e+03 9.556794387158093684e+01
8.517270969502973458e+03 9.737636414174735933e+01
8.517471022843419632e+03 9.637351016092887335e+01
8.517671076183865807e+03 9.617864571093741688e+01
8.517871129524311982e+03 9.862918380938099006e+01
8.518071182864758157e+03 9.995851182024951243e+01
8.518271236205204332e+03 1.011904889062950303e+02
8.518471289545652326e+03 1.000377751466004810e+02
8.518671342886096681e+03 9.772461410922529979e+01
8.518871396226542856e+03 9.900923089556816592e+01
8.519071449566989031e+03 1.008989653813534630e+02
8.519271502907435206e+03 9.948582429459411003e+01
8.519471556247883200e+03 9.841480618362554367e+01
8.519671609588327556e+03 9.917370364645209690e+01
8.519871662928775550e+03 9.751738787006820530e+01
8.520071716269221724e+03 9.794644298603938637e+01
8.520271769609667899e+03 9.563459142120622403e+01
8.520471822950115893e+03 9.652670461106923483e+01
8.520671876290560249e+03 9.654185562214895810e+01
8.520871929631008243e+03 9.531867963311641745e+01
8.521071982971452599e+03 9.867795220785735921e+01
8.521272036311898773e+03 9.804017151274867103e+01
8.521472089652346767e+03 9.928562990005370636e+01
8.521672142992791123e+03 9.958114359147981531e+01
8.521872196333239117e+03 9.897059899751801026e+01
8.522072249673683473e+03 9.762204808401484968e+01
8.522272303014129648e+03 1.003038785083016222e+02
8.522472356354577641e+03 9.925740992522571560e+01
8.522672409695023816e+03 9.925681055464883684e+01
8.522872463035471810e+03 9.905190561668106852e+01
8.523072516375916166e+03 1.006419223539957812e+02
8.523272569716364160e+03 9.842573985640471790e+01
8.523472623056810335e+03 1.014536205575965084e+02
8.523672676397254691e+03 9.864410023303662456e+01
8.523872729737702684e+03 9.943442131879358215e+01
8.524072783078147040e+03 9.934117571685730752e+01
8.524272836418595034e+03 9.911128855828276585e+01
8.524472889759041209e+03 9.925747718029012390e+01
8.524672943099487384e+03 9.988146728436444732e+01
8.524872996439933559e+03 9.937703210679408983e+01
8.525073049780377914e+03 9.877014497477279065e+01
8.525273103120827727e+03 1.006584671546040681e+02
8.525473156461273902e+03 1.002879835147520424e+02
8.525673209801720077e+03 1.001396172959426565e+02
8.525873263142166252e+03 9.821309834562858043e+01
8.526073316482610608e+03 9.927460402665531092e+01
8.526273369823058601e+03 9.963395703715350749e+01
8.526473423163504776e+03 1.005262580931189547e+02
8.526673476503950951e+03 9.878468320367026934e+01
8.526873529844397126e+03 9.780241956143308357e+01
8.527073583184843301e+03 9.726601498106687416e+01
8.527273636525289476e+03 9.823690912985162527e+01
8.527473689865735651e+03 9.829368605695951544e+01
8.527673743206181825e+03 9.822781212376649762e+01
8.527873796546628000e+03 9.883388492182160689e+01
8.528073849887075994e+03 9.895795369854214130e+01
8.528273903227522169e+03 9.870159205506379863e+01
8.528473956567968344e+03 9.815624219631273206e+01
8.528674009908414519e+03 9.745193010944471723e+01
8.528874063248860693e+03 9.605736952185390010e+01
8.529074116589306868e+03 9.535909625453282956e+01
8.529274169929753043e+03 9.451936708352198480e+01
8.529474223270201037e+03 9.609098640956096915e+01
8.529674276610645393e+03 9.367452094509759775e+01
8.529874329951091568e+03 9.602133439759344924e+01
8.530074383291537742e+03 9.823137636385969529e+01
8.530274436631983917e+03 9.905228398180349814e+01
8.530474489972431911e+03 9.813134114531978014e+01
8.530674543312878086e+03 9.765219655864464698e+01
8.530874596653324261e+03 9.856166616590655849e+01
8.531074649993770436e+03 9.811169337065371110e+01
8.531274703334216611e+03 9.911479575316430157e+01
8.531474756674664604e+03 9.955635956487924432e+01
8.531674810015108960e+03 9.831198468685275316e+01
8.531874863355556954e+03 9.720666495373234284e+01
8.532074916696001310e+03 9.965512140146938691e+01
8.532274970036447485e+03 9.705738513865256323e+01
8.532475023376895479e+03 9.850752573100997722e+01
8.532675076717339834e+03 9.699335205084254596e+01
8.532875130057787828e+03 9.799406706525277855e+01
8.533075183398232184e+03 9.799610025931283985e+01
8.533275236738678359e+03 9.859331749965853930e+01
8.533475290079128172e+03 9.748897629827733624e+01
8.533675343419572528e+03 9.673933552654089851e+01
8.533875396760020521e+03 9.567266994400561941e+01
8.534075450100464877e+03 9.915396277477030651e+01
8.534275503440912871e+03 9.669834945555550121e+01
8.534475556781359046e+03 9.798037380469905600e+01
8.534675610121803402e+03 9.723841069098394030e+01
8.534875663462251396e+03 9.814201342693453967e+01
8.535075716802695752e+03 9.570498092805895851e+01
8.535275770143143745e+03 9.940260866410407914e+01
8.535475823483589920e+03 9.755538071796082988e+01
8.535675876824034276e+03 9.711206471752075231e+01
8.535875930164482270e+03 9.717565872486521528e+01
8.536075983504928445e+03 9.607086491449575760e+01
8.536276036845376439e+03 9.579247071195710816e+01
8.536476090185822613e+03 9.554958298165195174e+01
8.536676143526268788e+03 9.730259986682743545e+01
8.536876196866714963e+03 9.448673798909808852e+01
8.537076250207159319e+03 9.442430903664222797e+01
8.537276303547607313e+03 9.570530147314312330e+01
8.537476356888053488e+03 9.678055523029870244e+01
8.537676410228499662e+03 9.315841010202490224e+01
8.537876463568945837e+03 9.442381549595478418e+01
8.538076516909390193e+03 9.302949032804801277e+01
8.538276570249838187e+03 9.140216456602493622e+01
8.538476623590284362e+03 9.143194711348685644e+01
8.538676676930730537e+03 9.236538978005616229e+01
8.538876730271178531e+03 9.104696172184864622e+01
8.539076783611624705e+03 9.302496298083494253e+01
8.539276836952070880e+03 9.023898186362903573e+01
8.539476890292517055e+03 9.250292035533360036e+01
8.539676943632963230e+03 8.925765761188388581e+01
8.539876996973409405e+03 8.886354632521359065e+01
8.540077050313855580e+03 8.883890061813967520e+01
8.540277103654301754e+03 8.787722249404494335e+01
8.540477156994747929e+03 8.703533636286717012e+01
8.540677210335194104e+03 8.618297119002104978e+01
8.540877263675640279e+03 8.597722294336546156e+01
8.541077317016086454e+03 8.519824485957362015e+01
8.541277370356532629e+03 8.355292357737152997e+01
8.541477423696982441e+03 8.082417491486809524e+01
8.541677477037426797e+03 8.036731954927230959e+01
8.541877530377872972e+03 7.827259553009939452e+01
8.542077583718319147e+03 7.752460139523751081e+01
8.542277637058765322e+03 7.327452329352904314e+01
8.542477690399213316e+03 7.275326784845039185e+01
8.542677743739657672e+03 6.966287681095074902e+01
8.542877797080103846e+03 7.032523636634604713e+01
8.543077850420550021e+03 6.703132537102497679e+01
8.543277903760996196e+03 6.220561754390403308e+01
8.543477957101444190e+03 5.899426609268389399e+01
8.543678010441888546e+03 5.268637264112375362e+01
8.543878063782336540e+03 4.739358745893930802e+01
8.544078117122780895e+03 4.288071483564957731e+01
8.544278170463228889e+03 4.097578852853315823e+01
8.544478223803676883e+03 3.885709478488685420e+01
8.544678277144121239e+03 4.226115187360647241e+01
8.544878330484569233e+03 4.741897707741228629e+01
8.545078383825013589e+03 5.158473811091360517e+01
8.545278437165459763e+03 5.662069565100846091e+01
8.545478490505907757e+03 6.176783306397324225e+01
8.545678543846352113e+03 6.434552827448580103e+01
8.545878597186800107e+03 6.747757079869293761e+01
8.546078650527244463e+03 7.068797021656759227e+01
8.546278703867692457e+03 7.195619751722837520e+01
8.546478757208138632e+03 7.561762384778762680e+01
8.546678810548582987e+03 7.684348454450676513e+01
8.546878863889032800e+03 7.876755000753098557e+01
8.547078917229477156e+03 8.142696670084643529e+01
8.547278970569925150e+03 8.273370927930493224e+01
8.547479023910371325e+03 8.263270349565949857e+01
8.547679077250817500e+03 8.446944475092873006e+01
8.547879130591263674e+03 8.582425942511434869e+01
8.548079183931708030e+03 8.532550063130216245e+01
8.548279237272156024e+03 8.716526333641508018e+01
8.548479290612602199e+03 8.913625544870714634e+01
8.548679343953048374e+03 8.954520329498136277e+01
8.548879397293494549e+03 8.926366065770066882e+01
8.549079450633938905e+03 9.059617263748826588e+01
8.549279503974386898e+03 8.944420818558016606e+01
8.549479557314833073e+03 9.325265705591350240e+01
8.549679610655281067e+03 9.149795202385318760e+01
8.549879663995727242e+03 9.260381255468276152e+01
8.550079717336173417e+03 9.269841256894794412e+01
8.550279770676619592e+03 9.294071737672524591e+01
8.550479824017065766e+03 9.243554776189721167e+01
8.550679877357511941e+03 9.449375143006581368e+01
8.550879930697958116e+03 9.608606197973296048e+01
8.551079984038404291e+03 9.596275291772029448e+01
8.551280037378850466e+03 9.576273770983196698e+01
8.551480090719296641e+03 9.431317191716726711e+01
8.551680144059742815e+03 9.416960597741746142e+01
8.551880197400188990e+03 9.551251655416683661e+01
8.552080250740635165e+03 9.585025963373148272e+01
8.552280304081083159e+03 9.485680346326181223e+01
8.552480357421531153e+03 9.639817756153394157e+01
8.552680410761975509e+03 9.607179614560890002e+01
8.552880464102421683e+03 9.687507217709467966e+01
8.553080517442867858e+03 9.644177850274506625e+01
8.553280570783314033e+03 9.501993853437892312e+01
8.553480624123762027e+03 9.854010002178713989e+01
8.553680677464206383e+03 9.909128508354658038e+01
8.553880730804652558e+03 9.828132721922159476e+01
8.554080784145098733e+03 9.780128256991947922e+01
8.554280837485544907e+03 9.748311591569242296e+01
8.554480890825992901e+03 9.817732872054101279e+01
8.554680944166437257e+03 9.724111505039250858e+01
8.554880997506885251e+03 9.795052472058273452e+01
8.555081050847331426e+03 9.818812860700371914e+01
8.555281104187777601e+03 9.674949659260336432e+01
8.555481157528225594e+03 9.643796962647590476e+01
8.555681210868669950e+03 1.003325337064798646e+02
8.555881264209117944e+03 9.789567768998333008e+01
8.556081317549562300e+03 9.885943661421863737e+01
8.556281370890008475e+03 9.676433813764346326e+01
8.556481424230456469e+03 9.574577301876094282e+01
8.556681477570900825e+03 9.854494241945265287e+01
8.556881530911348818e+03 9.846618152029897431e+01
8.557081584251793174e+03 9.793718562936804517e+01
8.557281637592241168e+03 9.772173603765099870e+01
8.557481690932687343e+03 9.987660085164316115e+01
8.557681744273133518e+03 1.000502577852703183e+02
8.557881797613581512e+03 9.723506362151731253e+01
8.558081850954025867e+03 9.944712365122703090e+01
8.558281904294473861e+03 9.591864548340357999e+01
8.558481957634920036e+03 9.631680405773316522e+01
8.558682010975364392e+03 9.489032407478126174e+01
8.558882064315812386e+03 9.317273385483352399e+01
8.559082117656256742e+03 9.240077995203365901e+01
8.559282170996704735e+03 9.394618130026449876e+01
8.559482224337150910e+03 9.624829069250428404e+01
8.559682277677597085e+03 9.628074673724778165e+01
8.559882331018043260e+03 9.711743662350274064e+01
8.560082384358487616e+03 9.863180651540251631e+01
8.560282437698935610e+03 9.787387740860503982e+01
8.560482491039383603e+03 9.924780795779463460e+01
8.560682544379829778e+03 9.999701737500605248e+01
8.560882597720275953e+03 9.857775145542420603e+01
8.561082651060720309e+03 1.012004776657589389e+02
8.561282704401168303e+03 1.003068799928668966e+02
8.561482757741614478e+03 9.657957549589433199e+01
8.561682811082060653e+03 9.988529342843929726e+01
8.561882864422506827e+03 9.989690075325995622e+01
8.562082917762953002e+03 9.838905219890453679e+01
8.562282971103399177e+03 9.956577006552390685e+01
8.562483024443845352e+03 9.754900846370003364e+01
8.562683077784291527e+03 9.785530487901760921e+01
8.562883131124737702e+03 9.852729672407055261e+01
8.563083184465183876e+03 9.884986266994948778e+01
8.563283237805631870e+03 9.843895938514923216e+01
8.563483291146078045e+03 1.000623089494572469e+02
8.563683344486524220e+03 1.006147787703229284e+02
8.563883397826970395e+03 9.724233225087586163e+01
8.564083451167416570e+03 9.940982716074601910e+01
8.564283504507862745e+03 1.000154404216143860e+02
8.564483557848310738e+03 9.856822615435379475e+01
8.564683611188755094e+03 9.787205206612114239e+01
8.564883664529201269e+03 9.682681352385576190e+01
8.565083717869647444e+03 9.842428465524142212e+01
8.565283771210093619e+03 9.889702082473168332e+01
8.565483824550541613e+03 9.882876411101420899e+01
8.565683877890985968e+03 1.001573752351340971e+02
8.565883931231433962e+03 1.006205475243888969e+02
8.566083984571880137e+03 1.006311955640635603e+02
8.566284037912326312e+03 9.788388289993024216e+01
8.566484091252774306e+03 1.014190853201427558e+02
8.566684144593218662e+03 9.970905201347090951e+01
8.566884197933666655e+03 9.966385961910130220e+01
8.567084251274111011e+03 1.005414021927851991e+02
8.567284304614557186e+03 9.877348139715070374e+01
8.567484357955005180e+03 9.844819495351674732e+01
8.567684411295449536e+03 1.008085906222020895e+02
8.567884464635897530e+03 9.901028285133530460e+01
8.568084517976341886e+03 1.006294930645179591e+02
8.568284571316788060e+03 1.008410071150774172e+02
8.568484624657236054e+03 9.718824765607575955e+01
8.568684677997682229e+03 1.011154400955621213e+02
8.568884731338130223e+03 1.004928421630089446e+02
8.569084784678574579e+03 9.779515395555530688e+01
8.569284838019022573e+03 1.011672076605922541e+02
8.569484891359468747e+03 9.928576941367855113e+01
8.569684944699913103e+03 9.929608626361063273e+01
8.569884998040361097e+03 9.843886628013520124e+01
8.570085051380805453e+03 9.838676536392623007e+01
8.570285104721253447e+03 9.891872534379467652e+01
8.570485158061699622e+03 9.929117532512680100e+01
8.570685211402145796e+03 1.001373563013487455e+02
8.570885264742591971e+03 9.944995551037020221e+01
8.571085318083036327e+03 1.004421143683406257e+02
8.571285371423486140e+03 9.871997113585049988e+01
8.571485424763932315e+03 9.991653674170160571e+01
8.571685478104378490e+03 9.741484655915294866e+01
8.571885531444824665e+03 9.961895133845625594e+01
8.572085584785269020e+03 9.870293229270269819e+01
8.572285638125717014e+03 9.930258200225124199e+01
8.572485691466163189e+03 9.965328576487246437e+01
8.572685744806609364e+03 9.889323096091406740e+01
8.572885798147055539e+03 9.893445622275606866e+01
8.573085851487501714e+03 1.022119679575685041e+02
8.573285904827947888e+03 9.783318049049545095e+01
8.573485958168394063e+03 9.944196606625065726e+01
8.573686011508840238e+03 9.778884221634845630e+01
8.573886064849286413e+03 9.805353746970509121e+01
8.574086118189734407e+03 9.534348173521699721e+01
8.574286171530180582e+03 9.548839512199717205e+01
8.574486224870626756e+03 9.830232939793616254e+01
8.574686278211072931e+03 9.791536392223545704e+01
8.574886331551519106e+03 1.007238850145700866e+02
8.575086384891965281e+03 1.005657203120526475e+02
8.575286438232411456e+03 1.007157961908119290e+02
8.575486491572859450e+03 9.983372232160958504e+01
8.575686544913303806e+03 9.966664882228499778e+01
8.575886598253749980e+03 1.003607138599257524e+02
8.576086651594196155e+03 9.946288332897681528e+01
8.576286704934642330e+03 1.002579995480554231e+02
8.576486758275090324e+03 9.938947478822926485e+01
8.576686811615536499e+03 1.004460012044379056e+02
8.576886864955982674e+03 9.977508000598389515e+01
8.577086918296428848e+03 9.780545924397665658e+01
8.577286971636875023e+03 9.989308263607979654e+01
8.577487024977323017e+03 1.004350578136957637e+02
8.577687078317767373e+03 9.868788011155872653e+01
8.577887131658215367e+03 9.888499190732646582e+01
8.578087184998659723e+03 1.009695939635894746e+02
8.578287238339105897e+03 9.976305726265664475e+01
8.578487291679553891e+03 9.968524669851537112e+01
8.578687345019998247e+03 9.743361044822786710e+01
8.578887398360446241e+03 9.791482658371913317e+01
8.579087451700890597e+03 9.878914815967475249e+01
8.579287505041336772e+03 9.800433358639197934e+01
8.579487558381786585e+03 9.919372701767343870e+01
8.579687611722230940e+03 9.968255028536904661e+01
8.579887665062678934e+03 1.003289783510707309e+02
8.580087718403123290e+03 9.754589534737928602e+01
8.580287771743571284e+03 9.905573263722894239e+01
8.580487825084017459e+03 9.816059805129052052e+01
8.580687878424461815e+03 9.977248378056576428e+01
8.580887931764909808e+03 1.009597314545715392e+02
8.581087985105354164e+03 9.939337660456800450e+01
8.581288038445802158e+03 9.817304948478553683e+01
8.581488091786248333e+03 9.976380259733379319e+01
8.581688145126692689e+03 9.909854441450633544e+01
8.581888198467140683e+03 9.791055775660645111e+01
8.582088251807586857e+03 1.000230945703015664e+02
8.582288305148034851e+03 9.796567934017423340e+01
8.582488358488481026e+03 9.898531180273356256e+01
8.582688411828927201e+03 9.862228773411223415e+01
8.582888465169373376e+03 1.018983681117584013e+02
8.583088518509817732e+03 9.740693250955672511e+01
8.583288571850265726e+03 9.999263725023921268e+01
8.583488625190711900e+03 9.950698199555360191e+01
8.583688678531158075e+03 9.934337212718041599e+01
8.583888731871604250e+03 9.638969982525850355e+01
8.584088785212048606e+03 9.495574161017387382e+01
8.584288838552496600e+03 9.350537272846538883e+01
8.584488891892942775e+03 9.376739434300476717e+01
8.584688945233388949e+03 9.278875073817472696e+01
8.584888998573836943e+03 9.632868509827969206e+01
8.585089051914283118e+03 9.593034296781377179e+01
8.585289105254729293e+03 9.943318293557824461e+01
8.585489158595175468e+03 1.016440143851779823e+02
8.585689211935621643e+03 9.940504607551702065e+01
8.585889265276067817e+03 1.014222841064837439e+02
8.586089318616513992e+03 9.937746189566045985e+01
8.586289371956960167e+03 1.000442762125291694e+02
8.586489425297406342e+03 9.860340273948771994e+01
8.586689478637852517e+03 9.745797972666981934e+01
8.586889531978298692e+03 9.479569940463386502e+01
8.587089585318744867e+03 9.601734453691456395e+01
8.587289638659191041e+03 9.408940433373170720e+01
8.587489691999640854e+03 9.811368594863215264e+01
8.587689745340085210e+03 9.911449004079280201e+01
8.587889798680531385e+03 1.002501011594833216e+02
8.588089852020977560e+03 9.889001397141541361e+01
8.588289905361423735e+03 9.973857509452109582e+01
8.588489958701871728e+03 9.828440728141642069e+01
8.588690012042316084e+03 9.939703420261496092e+01
8.588890065382762259e+03 1.014741342523210932e+02
8.589090118723208434e+03 9.968821005800901958e+01
8.589290172063654609e+03 9.882403475707130269e+01
8.589490225404102603e+03 9.951625591622821787e+01
8.589690278744546958e+03 1.003117101374854059e+02
8.589890332084994952e+03 9.971094889544079365e+01
8.590090385425439308e+03 9.929086470838718981e+01
8.590290438765887302e+03 9.886862418295604016e+01
8.590490492106335296e+03 9.958117508932826922e+01
8.590690545446779652e+03 9.909374968894908875e+01
8.590890598787227646e+03 9.677741706594439108e+01
8.591090652127672001e+03 9.802508288268340664e+01
8.591290705468118176e+03 1.010094307591874951e+02
8.591490758808566170e+03 9.974898853151164246e+01
8.591690812149010526e+03 1.011974108399662668e+02
8.591890865489458520e+03 9.915203721813274740e+01
8.592090918829902876e+03 1.002347437553863472e+02
8.592290972170350869e+03 9.833591782502330148e+01
8.592491025510797044e+03 1.015868091631122070e+02
8.592691078851241400e+03 1.002439878043132353e+02
8.592891132191691213e+03 1.028916807004687968e+02
8.593091185532135569e+03 9.799726539374927370e+01
8.593291238872583563e+03 1.000921973109798415e+02
8.593491292213029737e+03 1.012152673297045737e+02
8.593691345553475912e+03 1.010238039077935355e+02
8.593891398893922087e+03 9.925442627952131147e+01
8.594091452234366443e+03 9.983741961501951323e+01
8.594291505574814437e+03 1.020400526030930450e+02
8.594491558915260612e+03 1.005596364999118890e+02
8.594691612255706787e+03 1.003978592879593350e+02
8.594891665596152961e+03 9.930539231956777257e+01
8.595091718936597317e+03 9.938341581525304491e+01
8.595291772277045311e+03 9.871717566902214003e+01
8.595491825617491486e+03 9.912685412175160593e+01
8.595691878957939480e+03 9.930105642932717558e+01
8.595891932298385655e+03 9.794053823535574566e+01
8.596091985638831829e+03 1.005185472265997504e+02
8.596292038979278004e+03 1.002226775206821259e+02
8.596492092319724179e+03 9.859259982491958851e+01
8.596692145660170354e+03 9.831414036403383250e+01
8.596892199000616529e+03 1.003965495554669616e+02
8.597092252341062704e+03 9.940092620669526013e+01
8.597292305681508878e+03 1.002736843788905503e+02
8.597492359021955053e+03 9.909849348930303847e+01
8.597692412362401228e+03 1.000580599325682556e+02
8.597892465702847403e+03 9.874580214682781332e+01
8.598092519043293578e+03 9.708866331669548799e+01
8.598292572383741572e+03 9.916388356864132447e+01
8.598492625724189566e+03 9.750183766476891378e+01
8.598692679064633921e+03 1.000434381220155586e+02
8.598892732405080096e+03 9.741096635709025975e+01
8.599092785745526271e+03 9.881068432080365938e+01
8.599292839085972446e+03 9.811170949758728455e+01
8.599492892426420440e+03 9.881374403666613659e+01
8.599692945766864796e+03 9.936890675937813455e+01
8.599892999107310970e+03 9.890442260000278907e+01
8.600093052447757145e+03 9.838128742466984988e+01
8.600293105788203320e+03 9.798069810348711428e+01
8.600493159128651314e+03 9.559218282759090357e+01
8.600693212469095670e+03 9.338178160220192581e+01
8.600893265809543664e+03 8.959028213158778442e+01
8.601093319149989838e+03 8.750215348186701192e+01
8.601293372490436013e+03 9.063044700466208781e+01
8.601493425830884007e+03 9.396732575470306870e+01
8.601693479171328363e+03 9.761419986563109319e+01
8.601893532511776357e+03 9.815059946472781860e+01
8.602093585852220713e+03 9.965463467892749350e+01
8.602293639192666888e+03 1.012418219794098775e+02
8.602493692533114881e+03 1.006932717103008059e+02
8.602693745873559237e+03 1.005687648622222241e+02
8.602893799214007231e+03 1.001252405624145609e+02
8.603093852554451587e+03 1.017063894645403934e+02
8.603293905894899581e+03 9.876745876157859527e+01
8.603493959235345756e+03 9.968993969620852624e+01
8.603694012575791930e+03 9.966722578184000270e+01
8.603894065916239924e+03 1.004471930057275557e+02
8.604094119256684280e+03 9.967192158521227441e+01
8.604294172597132274e+03 1.000172165005357527e+02
8.604494225937578449e+03 1.012809740957589213e+02
8.604694279278022805e+03 1.009620963425409741e+02
8.604894332618470798e+03 9.858599389550772685e+01
8.605094385958915154e+03 9.960235343319375545e+01
8.605294439299363148e+03 9.961554682826103146e+01
8.605494492639809323e+03 9.921755002602901641e+01
8.605694545980255498e+03 9.983067550344134133e+01
8.605894599320701673e+03 9.989621162888947481e+01
8.606094652661146029e+03 1.007530751808926652e+02
8.606294706001594022e+03 9.969258255562661475e+01
8.606494759342042016e+03 1.009097489208915022e+02
8.606694812682488191e+03 1.014653397218169886e+02
8.606894866022934366e+03 9.949897998491699980e+01
8.607094919363378722e+03 9.745941991284200867e+01
8.607294972703826716e+03 1.003579417236821882e+02
8.607495026044272890e+03 9.992811961694505385e+01
8.607695079384719065e+03 1.002626510097072412e+02
8.607895132725165240e+03 9.860118395676531122e+01
8.608095186065611415e+03 1.005511401791510764e+02
8.608295239406057590e+03 9.821957686156761724e+01
8.608495292746503765e+03 9.574652342424408857e+01
8.608695346086949939e+03 9.800656289873184335e+01
8.608895399427396114e+03 9.692084734387650258e+01
8.609095452767844108e+03 9.978472637269624101e+01
8.609295506108290283e+03 1.005202185694818837e+02
8.609495559448736458e+03 9.873532094504244583e+01
8.609695612789182633e+03 1.008462973088081043e+02
8.609895666129628808e+03 9.731070639388224208e+01
8.610095719470074982e+03 1.011308886416796895e+02
8.610295772810521157e+03 9.973210347094843087e+01
8.610495826150969151e+03 9.948855479799802026e+01
8.610695879491413507e+03 1.003579170691469784e+02
8.610895932831859682e+03 9.951296819432032237e+01
8.611095986172305857e+03 9.895492992466139981e+01
8.611296039512752031e+03 1.013094379135431637e+02
8.611496092853200025e+03 9.867376527060140745e+01
8.611696146193644381e+03 9.823528233762961293e+01
8.611896199534092375e+03 1.013881619811515264e+02
8.612096252874538550e+03 9.955946193991439941e+01
8.612296306214984725e+03 9.950725810127329396e+01
8.612496359555432718e+03 9.994928053313918781e+01
8.612696412895877074e+03 9.691183949377163742e+01
8.612896466236325068e+03 1.009816387893647516e+02
8.613096519576769424e+03 9.864185666914634965e+01
8.613296572917215599e+03 9.826951857032337045e+01
8.613496626257663593e+03 9.678388044682921532e+01
8.613696679598107949e+03 9.273587925938115006e+01
8.613896732938555942e+03 8.697227373380069082e+01
8.614096786279000298e+03 8.347728055164422756e+01
8.614296839619446473e+03 8.614703294563462066e+01
8.614496892959896286e+03 9.201483560249545235e+01
8.614696946300340642e+03 9.736557610516582884e+01
8.614896999640788636e+03 9.620369080798805328e+01
8.615097052981232991e+03 9.889142049519736588e+01
8.615297106321680985e+03 9.866117171522367357e+01
8.615497159662127160e+03 9.823224529340943434e+01
8.615697213002571516e+03 1.011939070137640329e+02
8.615897266343019510e+03 1.005920476015828200e+02
8.616097319683463866e+03 9.643606017099433814e+01
8.616297373023911859e+03 9.927896360697313582e+01
8.616497426364358034e+03 9.841324865132193622e+01
8.616697479704804209e+03 9.849714335153480249e+01
8.616897533045250384e+03 1.028652974945707541e+02
8.617097586385694740e+03 9.993689350498090107e+01
8.617297639726144553e+03 9.922027554996616061e+01
8.617497693066590728e+03 9.955901844213134666e+01
8.617697746407036902e+03 1.000629449990629354e+02
8.617897799747483077e+03 9.920210258359902866e+01
8.618097853087927433e+03 9.955205429907985604e+01
8.618297906428375427e+03 9.878960721069999806e+01
8.618497959768821602e+03 9.918310413777194867e+01
8.618698013109267777e+03 9.962371055727457758e+01
8.618898066449713951e+03 9.773165299079099100e+01
8.619098119790160126e+03 9.940274528066488813e+01
8.619298173130606301e+03 9.947654912495006840e+01
8.619498226471052476e+03 9.937672256665341308e+01
8.619698279811498651e+03 9.996720864345962809e+01
8.619898333151946645e+03 9.992376412790630980e+01
8.620098386492392819e+03 9.886067212598402421e+01
8.620298439832838994e+03 9.823704102807543848e+01
8.620498493173285169e+03 9.704294019908257951e+01
8.620698546513731344e+03 9.932147614458570217e+01
8.620898599854177519e+03 1.006687207051459154e+02
8.621098653194623694e+03 1.013672514897301511e+02
8.621298706535069869e+03 9.822048957498392951e+01
8.621498759875517862e+03 9.945747756909848647e+01
8.621698813215962218e+03 1.005361452172158465e+02
8.621898866556408393e+03 1.010641011646693386e+02
8.622098919896854568e+03 9.885403417196300779e+01
8.622298973237300743e+03 9.913560431906061865e+01
8.622499026577748737e+03 1.000795600636094349e+02
8.622699079918194911e+03 9.787883437064003544e+01
8.622899133258641086e+03 9.977289070363707424e+01
8.623099186599087261e+03 1.000855415740635124e+02
8.623299239939533436e+03 9.504582819386902770e+01
8.623499293279981430e+03 9.141476047414585082e+01
8.623699346620425786e+03 8.926797846084197374e+01
8.623899399960873779e+03 8.619600392487211593e+01
8.624099453301318135e+03 8.933935160109386686e+01
8.624299506641764310e+03 9.115098156679776764e+01
8.624499559982212304e+03 9.510685360725226190e+01
8.624699613322656660e+03 9.855306439355588566e+01
8.624899666663104654e+03 9.967665892267739025e+01
8.625099720003549010e+03 9.838699744710831396e+01
8.625299773343997003e+03 9.921287114669158314e+01
8.625499826684444997e+03 9.913439831907450639e+01
8.625699880024889353e+03 9.977214507357417972e+01
8.625899933365337347e+03 9.953669655904940328e+01
8.626099986705781703e+03 1.008007807637409172e+02
8.626300040046229697e+03 1.001483189624403991e+02
8.626500093386675871e+03 1.002429456014266691e+02
8.626700146727120227e+03 1.004865261686094016e+02
8.626900200067568221e+03 9.953709502232570117e+01
8.627100253408012577e+03 9.862676948286092227e+01
8.627300306748460571e+03 9.698366014649673161e+01
8.627500360088906746e+03 1.001698201867816920e+02
8.627700413429351102e+03 9.814952508939758502e+01
8.627900466769799095e+03 1.002495818994566861e+02
8.628100520110245270e+03 9.901059714726856953e+01
8.628300573450693264e+03 1.003197741954206634e+02
8.628500626791139439e+03 9.911714736236922363e+01
8.628700680131585614e+03 9.714306537519206586e+01
8.628900733472031789e+03 9.958623295314340851e+01
8.629100786812476144e+03 9.853130946586273353e+01
8.629300840152924138e+03 1.006398106670886818e+02
8.629500893493370313e+03 9.998764755905274626e+01
8.629700946833816488e+03 9.971062652559831463e+01
8.629901000174262663e+03 9.930324104336449409e+01
8.630101053514707019e+03 1.012386099973386706e+02
8.630301106855155012e+03 9.904230091168282968e+01
8.630501160195601187e+03 9.871400800872709169e+01
8.630701213536049181e+03 9.927349069712560947e+01
8.630901266876495356e+03 1.001611558480668549e+02
8.631101320216941531e+03 9.930983184679294595e+01
8.631301373557387706e+03 1.006036994083016367e+02
8.631501426897833881e+03 9.993290187123690771e+01
8.631701480238280055e+03 1.007108230992605371e+02
8.631901533578726230e+03 9.832794579913043265e+01
8.632101586919172405e+03 1.010149868841760821e+02
8.632301640259618580e+03 9.890037435672111599e+01
8.632501693600064755e+03 9.974069832402223312e+01
8.632701746940510930e+03 9.996276181318330600e+01
8.632901800280957104e+03 1.016675173107553860e+02
8.633101853621403279e+03 1.016045596832674249e+02
8.633301906961849454e+03 9.905776935725937449e+01
8.633501960302299267e+03 9.974447459319874554e+01
8.633702013642743623e+03 1.012083949625125285e+02
8.633902066983189798e+03 9.851896363295523429e+01
8.634102120323635972e+03 9.831669908905777788e+01
8.634302173664082147e+03 9.951856744910899977e+01
8.634502227004530141e+03 9.424186445266147416e+01
8.634702280344974497e+03 9.789579961321261692e+01
8.634902333685420672e+03 9.660162121392838230e+01
8.635102387025866847e+03 9.766271269386933795e+01
8.635302440366313022e+03 9.961520732523422339e+01
8.635502493706761015e+03 9.891629202443709801e+01
8.635702547047205371e+03 1.016562625501112791e+02
8.635902600387653365e+03 9.953123207561726815e+01
8.636102653728099540e+03 9.658975348329906296e+01
8.636302707068545715e+03 9.956611857678797151e+01
8.636502760408993709e+03 9.929394616902666826e+01
8.636702813749438064e+03 1.009324233920157354e+02
8.636902867089886058e+03 9.868800296262840277e+01
8.637102920430330414e+03 1.004109995002685451e+02
8.637302973770776589e+03 9.941330100468604769e+01
8.637503027111224583e+03 9.900527197911488031e+01
8.637703080451668939e+03 9.905500792395373821e+01
8.637903133792116932e+03 9.989407982946029563e+01
8.638103187132561288e+03 1.002375493688100505e+02
8.638303240473009282e+03 9.904305543286335478e+01
8.638503293813455457e+03 9.990731597097608585e+01
8.638703347153899813e+03 9.828897129205795125e+01
8.638903400494349626e+03 9.795117827703299440e+01
8.639103453834793982e+03 9.830478318704898300e+01
8.639303507175241975e+03 9.796701386042268211e+01
8.639503560515688150e+03 1.000965296751087976e+02
8.639703613856134325e+03 1.000322694045945866e+02
8.639903667196580500e+03 9.785920779087473420e+01
8.640103720537024856e+03 1.008985732891088674e+02
8.640303773877472850e+03 9.963126253625387108e+01
8.640503827217919024e+03 9.995326760279907319e+01
8.640703880558365199e+03 1.016099168820339145e+02
8.640903933898811374e+03 9.987523371908147851e+01
8.641103987239255730e+03 9.819647617972228204e+01
8.641304040579703724e+03 1.004104472423629488e+02
8.641504093920151718e+03 1.009140076498054981e+02
8.641704147260597892e+03 9.777335156079644207e+01
8.641904200601044067e+03 9.736175033257535461e+01
8.642104253941490242e+03 1.009589295127773738e+02
8.642304307281936417e+03 9.912844469180829776e+01
8.642504360622382592e+03 9.802835901370401928e+01
8.642704413962828767e+03 1.000582448389851322e+02
8.642904467303274942e+03 9.950557327072264968e+01
8.643104520643721116e+03 9.938469258085011404e+01
8.643304573984167291e+03 1.000483122852294855e+02
8.643504627324613466e+03 9.975861590953940095e+01
8.643704680665059641e+03 9.872526524995825525e+01
8.643904734005505816e+03 9.861730200428532100e+01
8.644104787345951991e+03 9.814755517769006588e+01
8.644304840686399984e+03 9.908383218077521803e+01
8.644504894026847978e+03 1.013556127176617281e+02
8.644704947367292334e+03 9.881091674017437754e+01
8.644905000707738509e+03 9.969991241341720922e+01
8.645105054048184684e+03 9.857070061594070864e+01
8.645305107388630859e+03 1.003678828804944061e+02
8.645505160729078852e+03 9.956242681663802330e+01
8.645705214069523208e+03 9.946287096874651468e+01
8.645905267409969383e+03 9.823111563832748061e+01
8.646105320750415558e+03 9.995359040260697725e+01
8.646305374090861733e+03 9.985896384671688963e+01
8.646505427431309727e+03 9.906377520798935166e+01
8.646705480771754083e+03 9.822137809320828694e+01
8.646905534112203895e+03 9.906785943641652636e+01
8.647105587452648251e+03 9.971143986593622799e+01
8.647305640793094426e+03 9.910983162718933670e+01
8.647505694133542420e+03 1.000541897441839438e+02
8.647705747473986776e+03 9.658950394345417578e+01
8.647905800814434770e+03 9.661212148885039142e+01
8.648105854154879125e+03 9.887612323057305730e+01
8.648305907495325300e+03 9.708356353402879790e+01
8.648505960835773294e+03 9.656644149098771379e+01
8.648706014176217650e+03 1.005890314793067546e+02
8.648906067516665644e+03 1.008675035706714596e+02
8.649106120857110000e+03 1.002441339559705966e+02
8.649306174197557993e+03 1.000618886504057912e+02
8.649506227538004168e+03 9.893584794101738566e+01
8.649706280878450343e+03 9.930716381696771577e+01
8.649906334218898337e+03 9.945407291546848683e+01
8.650106387559342693e+03 9.871377227177373470e+01
8.650306440899790687e+03 9.609195980503973544e+01
8.650506494240236862e+03 9.762904036127756058e+01
8.650706547580681217e+03 9.308639392860729345e+01
8.650906600921129211e+03 9.863535614843995347e+01
8.651106654261573567e+03 9.650735580914515310e+01
8.651306707602021561e+03 1.001494973518857563e+02
8.651506760942467736e+03 9.848167546419651330e+01
8.651706814282913911e+03 9.988540160611177043e+01
8.651906867623360085e+03 9.729639787567353437e+01
8.652106920963804441e+03 9.882956674552639242e+01
8.652306974304254254e+03 9.927135028227503710e+01
8.652507027644700429e+03 9.760674490899327793e+01
8.652707080985146604e+03 1.012505780730002272e+02
8.652907134325592779e+03 9.822132108183180321e+01
8.653107187666037134e+03 9.930480063489434883e+01
8.653307241006485128e+03 9.747893145892321343e+01
8.653507294346931303e+03 9.872705841743801614e+01
8.653707347687377478e+03 9.789973322925953880e+01
8.653907401027823653e+03 9.812664079070117396e+01
8.654107454368269828e+03 9.969672961155897895e+01
8.654307507708716003e+03 1.000971875783468761e+02
8.654507561049162177e+03 9.832088738797878591e+01
8.654707614389608352e+03 9.880522688064435499e+01
8.654907667730054527e+03 9.537464267925021488e+01
8.655107721070502521e+03 9.948327303260143140e+01
8.655307774410948696e+03 9.821396805435207966e+01
8.655507827751394871e+03 9.570613757631657847e+01
8.655707881091841045e+03 9.714500152421638290e+01
8.655907934432287220e+03 9.763831288181232537e+01
8.656107987772733395e+03 9.729854103905572060e+01
8.656308041113179570e+03 9.568751133747780102e+01
8.656508094453627564e+03 9.425705671171674283e+01
8.656708147794071920e+03 9.689331687481771382e+01
8.656908201134518094e+03 9.692416161576105083e+01
8.657108254474964269e+03 9.781061196970176752e+01
8.657308307815410444e+03 9.584839109306314242e+01
8.657508361155858438e+03 9.696709145018381548e+01
8.657708414496304613e+03 9.796970625948820555e+01
8.657908467836750788e+03 9.598970564263497351e+01
8.658108521177196963e+03 9.720700731959705365e+01
8.658308574517643137e+03 9.596387404936388066e+01
8.658508627858091131e+03 9.593694327015867884e+01
8.658708681198535487e+03 9.451232944706717376e+01
8.658908734538983481e+03 9.586349437544615171e+01
8.659108787879427837e+03 9.503021450892808275e+01
8.659308841219874012e+03 9.475426520417597942e+01
8.659508894560322005e+03 9.523231534638431128e+01
8.659708947900766361e+03 9.388438115664148143e+01
8.659909001241214355e+03 9.405259574934554223e+01
8.660109054581658711e+03 9.345546664202818476e+01
8.660309107922104886e+03 9.478953505529320012e+01
8.660509161262554699e+03 9.051881685905468089e+01
8.660709214602999054e+03 9.057838732405892301e+01
8.660909267943447048e+03 8.990666954794919263e+01
8.661109321283891404e+03 8.964560177659315343e+01
8.661309374624339398e+03 8.837153104616696453e+01
8.661509427964785573e+03 8.785983234719765278e+01
8.661709481305229929e+03 8.696439564109402909e+01
8.661909534645677923e+03 8.429977325465159765e+01
8.662109587986122278e+03 8.247154467719684590e+01
8.662309641326570272e+03 8.397360728675053565e+01
8.662509694667016447e+03 7.894470058875178609e+01
8.662709748007462622e+03 7.458293818154990618e+01
8.662909801347908797e+03 7.468527601214772460e+01
8.663109854688354972e+03 7.213187691756328945e+01
8.663309908028802965e+03 6.765876809023443172e+01
8.663509961369249140e+03 6.132531546148153723e+01
8.663710014709695315e+03 5.535331479157673584e+01
8.663910068050141490e+03 5.026565945855737993e+01
8.664110121390585846e+03 4.588119998741705530e+01
8.664310174731033840e+03 4.304777085112024082e+01
8.664510228071480014e+03 4.250904829069570212e+01
8.664710281411926189e+03 4.466950460411391788e+01
8.664910334752372364e+03 4.862266966291996084e+01
8.665110388092818539e+03 5.641308060553050296e+01
8.665310441433264714e+03 5.988665923651669232e+01
8.665510494773710889e+03 6.641503769221172604e+01
8.665710548114157064e+03 7.169586140682631026e+01
8.665910601454605057e+03 7.563877480997874159e+01
8.666110654795051232e+03 7.763649347013176794e+01
8.666310708135497407e+03 7.774243755202067518e+01
8.666510761475943582e+03 8.155958126931881225e+01
8.666710814816389757e+03 8.183022675540206592e+01
8.666910868156835932e+03 8.113207272201724152e+01
8.667110921497282106e+03 8.482672820140204806e+01
8.667310974837728281e+03 8.797118128569971418e+01
8.667511028178176275e+03 8.780581797469464789e+01
8.667711081518620631e+03 8.838710109564752315e+01
8.667911134859066806e+03 8.868177562434102867e+01
8.668111188199512981e+03 9.075475943024184744e+01
8.668311241539959155e+03 9.203091676326295101e+01
8.668511294880408968e+03 9.289573867598879531e+01
8.668711348220853324e+03 9.186758372643215864e+01
8.668911401561299499e+03 9.304756027089875658e+01
8.669111454901745674e+03 9.264699908913227944e+01
8.669311508242191849e+03 9.080077056484959996e+01
8.669511561582639843e+03 9.250326524044119481e+01
8.669711614923084198e+03 9.322982603289555925e+01
8.669911668263532192e+03 9.195649947579759953e+01
8.670111721603976548e+03 9.325725406388467320e+01
8.670311774944422723e+03 9.525067616075062915e+01
8.670511828284870717e+03 9.761626262387889597e+01
8.670711881625315073e+03 9.706062694798886525e+01
8.670911934965763066e+03 9.591618838876244979e+01
8.671111988306207422e+03 9.808554502119743290e+01
8.671312041646655416e+03 9.719738695842116272e+01
8.671512094987103410e+03 9.572051200961195150e+01
8.671712148327547766e+03 9.843457056465896926e+01
8.671912201667995760e+03 9.774565556577702807e+01
8.672112255008440115e+03 9.683886631784180565e+01
8.672312308348888109e+03 9.691890355482807706e+01
8.672512361689334284e+03 9.911476239297718394e+01
8.672712415029778640e+03 9.801454127412621631e+01
8.672912468370226634e+03 9.649763309311511250e+01
8.673112521710670990e+03 9.620624941462132540e+01
8.673312575051118984e+03 9.900168194006212730e+01
8.673512628391565158e+03 9.762563379879840397e+01
8.673712681732009514e+03 9.675370736971412100e+01
8.673912735072459327e+03 9.805730793084823915e+01
8.674112788412903683e+03 9.654689216590082879e+01
8.674312841753351677e+03 9.884274848126766244e+01
8.674512895093797852e+03 9.786487501970471214e+01
8.674712948434244026e+03 9.682602023042498729e+01
8.674913001774690201e+03 9.874939689107687002e+01
8.675113055115134557e+03 9.934021512105763918e+01
8.675313108455582551e+03 1.002046912282628881e+02
8.675513161796028726e+03 9.871579713300889125e+01
8.675713215136474901e+03 9.541644372281403719e+01
8.675913268476921075e+03 9.941809204809486289e+01
8.676113321817365431e+03 9.708107583218355785e+01
8.676313375157813425e+03 9.697562218545472490e+01
8.676513428498259600e+03 9.653408064291576807e+01
8.676713481838707594e+03 9.116359431472315578e+01
8.676913535179153769e+03 8.571679891708480170e+01
8.677113588519599944e+03 8.427812440992519782e+01
8.677313641860046118e+03 8.381682045183720220e+01
8.677513695200492293e+03 8.392552237107891244e+01
8.677713748540938468e+03 8.545116886578571780e+01
8.677913801881384643e+03 9.000560735609352037e+01
8.678113855221830818e+03 9.412498204021963488e+01
8.678313908562276993e+03 9.537266483771007586e+01
8.678513961902723167e+03 9.956038296856391412e+01
8.678714015243169342e+03 1.002099748076697097e+02
8.678914068583615517e+03 1.003425347816607029e+02
8.679114121924061692e+03 1.002901290979478688e+02
8.679314175264509686e+03 9.850394326761704633e+01
8.679514228604957680e+03 9.891040123838327247e+01
8.679714281945402035e+03 1.005935274440638381e+02
8.679914335285848210e+03 1.013212653683620630e+02
8.680114388626294385e+03 9.830258139542706886e+01
8.680314441966740560e+03 1.002535988712707962e+02
8.680514495307188554e+03 1.008364388988089360e+02
8.680714548647632910e+03 9.953238333511895064e+01
8.680914601988079085e+03 9.999228262126567301e+01
8.681114655328525259e+03 9.803521864841519573e+01
8.681314708668971434e+03 9.745770730742863464e+01
8.681514762009419428e+03 9.826832670576276030e+01
8.681714815349863784e+03 9.642700399718022197e+01
8.681914868690311778e+03 9.828483439856745463e+01
8.682114922030757953e+03 9.440902906579704279e+01
8.682314975371204127e+03 9.412835957424508138e+01
8.682515028711652121e+03 9.578757003507389811e+01
8.682715082052096477e+03 9.403391711178699097e+01
8.682915135392544471e+03 9.601910331209040805e+01
8.683115188732988827e+03 9.703737191882618163e+01
8.683315242073435002e+03 9.841426935276244592e+01
8.683515295413882995e+03 1.007394204563679949e+02
8.683715348754327351e+03 9.853481072465790191e+01
8.683915402094775345e+03 1.001294672798551915e+02
8.684115455435219701e+03 9.865929464642827895e+01
8.684315508775667695e+03 9.891656797200649009e+01
8.684515562116113870e+03 9.871884507286647192e+01
8.684715615456560045e+03 9.527718613992864505e+01
8.684915668797008038e+03 9.551132440334616547e+01
8.685115722137452394e+03 9.164550712423130108e+01
8.685315775477900388e+03 9.171186107295417855e+01
8.685515828818346563e+03 9.410525420252309914e+01
8.685715882158792738e+03 9.486904499915257816e+01
8.685915935499238913e+03 9.791650017462461619e+01
8.686115988839683268e+03 9.798535193229342610e+01
8.686316042180131262e+03 1.014455430999355485e+02
8.686516095520577437e+03 9.826984006892605805e+01
8.686716148861023612e+03 9.925846207676829636e+01
8.686916202201469787e+03 9.951510649470692726e+01
8.687116255541914143e+03 1.002479214203359845e+02
8.687316308882362137e+03 1.007442881567629769e+02
8.687516362222810130e+03 1.010836799333085168e+02
8.687716415563256305e+03 1.004679892529389349e+02
8.687916468903702480e+03 1.003172627963707129e+02
8.688116522244148655e+03 9.825284905341717945e+01
8.688316575584594830e+03 9.923675642121943952e+01
8.688516628925041005e+03 9.984408172150769190e+01
8.688716682265487179e+03 9.975865795634713606e+01
8.688916735605933354e+03 9.830100381140147192e+01
8.689116788946379529e+03 9.858607781471837939e+01
8.689316842286825704e+03 9.805140373219600747e+01
8.689516895627271879e+03 9.663712333448010838e+01
8.689716948967718054e+03 9.908591694842759523e+01
8.689917002308164228e+03 9.680572724199052459e+01
8.690117055648612222e+03 9.278334959952611882e+01
8.690317108989058397e+03 8.761441139384550070e+01
8.690517162329506391e+03 7.980809755938523153e+01
8.690717215669950747e+03 7.265567027554696722e+01
8.690917269010396922e+03 6.849499583569793515e+01
8.691117322350843097e+03 6.982579135210229992e+01
8.691317375691289271e+03 7.885004868390467436e+01
8.691517429031737265e+03 8.728828231888165590e+01
8.691717482372181621e+03 9.301662550586647171e+01
8.691917535712627796e+03 9.418280496944784375e+01
8.692117589053073971e+03 9.556969945714421044e+01
8.692317642393520146e+03 9.651040310544048850e+01
8.692517695733968139e+03 9.831269053223934407e+01
8.692717749074412495e+03 1.002199097672595229e+02
8.692917802414862308e+03 9.790350033262325269e+01
8.693117855755306664e+03 9.907941543497500447e+01
8.693317909095752839e+03 9.852381528032456970e+01
8.693517962436200833e+03 1.003833296765726146e+02
8.693718015776645188e+03 1.001110622595251556e+02
8.693918069117093182e+03 9.962246127878557900e+01
8.694118122457537538e+03 9.894096808518079911e+01
8.694318175797983713e+03 1.019037641640540954e+02
8.694518229138431707e+03 9.996391348081398576e+01
8.694718282478876063e+03 9.988096603186723144e+01
8.694918335819324057e+03 1.006277877338936975e+02
8.695118389159768412e+03 1.006749196843868646e+02
8.695318442500216406e+03 9.856305710160195588e+01
8.695518495840664400e+03 9.867201265524144560e+01
8.695718549181108756e+03 9.987378137834524239e+01
8.695918602521556750e+03 9.864331230544739526e+01
8.696118655862001106e+03 9.744468068505118197e+01
8.696318709202449099e+03 9.955796831792657997e+01
8.696518762542895274e+03 1.013209738373396931e+02
8.696718815883339630e+03 9.742267196926174222e+01
8.696918869223787624e+03 9.685896212342504441e+01
8.697118922564231980e+03 9.803542059872076209e+01
8.697318975904679974e+03 9.856403836994685719e+01
8.697519029245126148e+03 1.009867595412490999e+02
8.697719082585572323e+03 9.849510743708296445e+01
8.697919135926018498e+03 9.991247775331265757e+01
8.698119189266462854e+03 9.972642863395013535e+01
8.698319242606912667e+03 1.003019312051979455e+02
8.698519295947358842e+03 9.940259593475711597e+01
8.698719349287805017e+03 9.915806746443323050e+01
8.698919402628251191e+03 9.847015712277267596e+01
8.699119455968695547e+03 1.008467777544292261e+02
8.699319509309143541e+03 1.012521130963847042e+02
8.699519562649589716e+03 1.005410522966468108e+02
8.699719615990035891e+03 1.003895750234815836e+02
8.699919669330482066e+03 9.889052383393840273e+01
8.700119722670928240e+03 9.936354841010485472e+01
8.700319776011374415e+03 9.960616865740185233e+01
8.700519829351820590e+03 9.922644707279303589e+01
8.700719882692266765e+03 9.983856269189789145e+01
8.700919936032714759e+03 9.931633433375569098e+01
8.701119989373160934e+03 9.892504889992142125e+01
8.701320042713607108e+03 9.948685889907901014e+01
8.701520096054053283e+03 9.352644479336183281e+01
8.701720149394499458e+03 9.382623129485719460e+01
8.701920202734945633e+03 9.376238176212515896e+01
8.702120256075391808e+03 9.404305170502306055e+01
8.702320309415837983e+03 9.900332045543912329e+01
8.702520362756285977e+03 9.911210051759356077e+01
8.702720416096730332e+03 9.924335382321187637e+01
8.702920469437176507e+03 9.893741630220560523e+01
8.703120522777622682e+03 9.943259292437633690e+01
8.703320576118068857e+03 9.840790158717572922e+01
8.703520629458516851e+03 9.832467283457476981e+01
8.703720682798963026e+03 9.799978643220354968e+01
8.703920736139409200e+03 9.681394946596192597e+01
8.704120789479855375e+03 9.900202161915403565e+01
8.704320842820301550e+03 9.899270499539652235e+01
8.704520896160749544e+03 9.965523842370750174e+01
8.704720949501193900e+03 1.014778043924739990e+02
8.704921002841641894e+03 1.000757040592932441e+02
8.705121056182086249e+03 1.004794564273000503e+02
8.705321109522532424e+03 9.984005192258892691e+01
8.705521162862980418e+03 1.006820145370734991e+02
8.705721216203424774e+03 9.954738653154790029e+01
8.705921269543872768e+03 9.952027613218385227e+01
8.706121322884317124e+03 9.825396073513238093e+01
8.706321376224765118e+03 9.800773450084771810e+01
8.706521429565213111e+03 1.008454268272133874e+02
8.706721482905657467e+03 1.020079246028195712e+02
8.706921536246105461e+03 9.904672352612976738e+01
8.707121589586549817e+03 9.838083808478094738e+01
8.707321642926997811e+03 9.881724218804593818e+01
8.707521696267443986e+03 1.007083963210739626e+02
8.707721749607888341e+03 9.995683732243786324e+01
8.707921802948336335e+03 9.857914365686363567e+01
8.708121856288780691e+03 1.029408512450843318e+02
8.708321909629228685e+03 9.939218901026366382e+01
8.708521962969674860e+03 1.029640264196773245e+02
8.708722016310121035e+03 1.012575041546990207e+02
8.708922069650567209e+03 9.909031071947839564e+01
8.709122122991013384e+03 1.018128567197495897e+02
8.709322176331461378e+03 1.015133247299511652e+02
8.709522229671907553e+03 9.827484655682172843e+01
8.709722283012353728e+03 1.005542245542783775e+02
8.709922336352799903e+03 9.860974280443636530e+01
8.710122389693244259e+03 9.861001420782916682e+01
8.710322443033692252e+03 9.863510790329549138e+01
8.710522496374138427e+03 9.954554259724824306e+01
8.710722549714584602e+03 1.013525320299416848e+02
8.710922603055030777e+03 1.024717319845506580e+02
8.711122656395476952e+03 1.004360976455079708e+02
8.711322709735923127e+03 9.918812289017182593e+01
8.711522763076369301e+03 1.008426524543612572e+02
8.711722816416815476e+03 9.960224723888001108e+01
8.711922869757263470e+03 9.916221423430079085e+01
8.712122923097709645e+03 9.723442173296123769e+01
8.712322976438155820e+03 9.451960262288794468e+01
8.712523029778601995e+03 8.825578327271630030e+01
8.712723083119048169e+03 8.741992617410126343e+01
8.712923136459494344e+03 8.952701613297746519e+01
8.713123189799940519e+03 9.484198959507371285e+01
8.713323243140386694e+03 9.989215980832345565e+01
8.713523296480834688e+03 9.970565454329522481e+01
8.713723349821279044e+03 9.833738466641020182e+01
8.713923403161725219e+03 1.009678945322715435e+02
8.714123456502171393e+03 9.869452832632475747e+01
8.714323509842617568e+03 9.676436433085315514e+01
8.714523563183067381e+03 9.722604935910737822e+01
8.714723616523511737e+03 9.494252961193400608e+01
8.714923669863957912e+03 9.497477488576907945e+01
8.715123723204404087e+03 9.166769840989449847e+01
8.715323776544850261e+03 8.965223235642827149e+01
8.715523829885298255e+03 8.984691861011398828e+01
8.715723883225742611e+03 9.043097020156588428e+01
8.715923936566190605e+03 9.669434212713295551e+01
8.716123989906634961e+03 9.922454859666274274e+01
8.716324043247081136e+03 9.937756804967216340e+01
8.716524096587529129e+03 1.014076526239176985e+02
8.716724149927973485e+03 1.022569637443946959e+02
8.716924203268421479e+03 9.903745056550827996e+01
8.717124256608865835e+03 1.004839163305654353e+02
8.717324309949313829e+03 9.780464731029131542e+01
8.717524363289761823e+03 9.962140253225720699e+01
8.717724416630206179e+03 1.006754102574516878e+02
8.717924469970654172e+03 9.992783794527227315e+01
8.718124523311098528e+03 9.925140458005829203e+01
8.718324576651546522e+03 9.908754298933064319e+01
8.718524629991992697e+03 9.994267437528252174e+01
8.718724683332437053e+03 1.000394935143908413e+02
8.718924736672885047e+03 9.756242153041603160e+01
8.719124790013329402e+03 1.001192997677259626e+02
8.719324843353777396e+03 9.914028890866657662e+01
8.719524896694223571e+03 9.699525284549784487e+01
8.719724950034667927e+03 9.713182572873884624e+01
8.719925003375117740e+03 9.426229616535360378e+01
8.720125056715562096e+03 9.161333514803212097e+01
8.720325110056010089e+03 9.357099243119741061e+01
8.720525163396456264e+03 9.435118448984697181e+01
8.720725216736902439e+03 9.978706513197445815e+01
8.720925270077348614e+03 9.985869124827125631e+01
8.721125323417792970e+03 9.616925663216291298e+01
8.721325376758240964e+03 1.002730168832903530e+02
8.721525430098687139e+03 9.943530184800629002e+01
8.721725483439133313e+03 9.918617984534486709e+01
8.721925536779579488e+03 9.909405307329056711e+01
8.722125590120023844e+03 9.950745343837775181e+01
8.722325643460471838e+03 9.915204669526853820e+01
8.722525696800918013e+03 1.011373772059572360e+02
8.722725750141366007e+03 1.009207386594505209e+02
8.722925803481812181e+03 1.007707366185444329e+02
8.723125856822258356e+03 9.950430214480802249e+01
8.723325910162704531e+03 9.841787765499394425e+01
8.723525963503150706e+03 9.980780041778088219e+01
8.723726016843596881e+03 9.997238063602934233e+01
8.723926070184043056e+03 9.842771305287413952e+01
8.724126123524489230e+03 1.022962776589746312e+02
8.724326176864935405e+03 1.000753848242030273e+02
8.724526230205381580e+03 1.012742647577401272e+02
8.724726283545827755e+03 9.908217706360656507e+01
8.724926336886273930e+03 1.010963571246630153e+02
8.725126390226720105e+03 1.011847978329377895e+02
8.725326443567168099e+03 9.947270215592126874e+01
8.725526496907616092e+03 9.858487511975491202e+01
8.725726550248060448e+03 1.000194696112353938e+02
8.725926603588506623e+03 1.003563895465829461e+02
8.726126656928952798e+03 9.718754051312362208e+01
8.726326710269398973e+03 1.022496421564363089e+02
8.726526763609846967e+03 9.810659763943101552e+01
8.726726816950291322e+03 9.757399237569926242e+01
8.726926870290737497e+03 9.859778178911004431e+01
8.727126923631183672e+03 9.871072264209577440e+01
8.727326976971629847e+03 9.970955403071486955e+01
8.727527030312077841e+03 9.831772672546009062e+01
8.727727083652522197e+03 9.900495952948176637e+01
8.727927136992970190e+03 9.986319520656030591e+01
8.728127190333416365e+03 9.763027705769358988e+01
8.728327243673862540e+03 9.623560498729909796e+01
8.728527297014310534e+03 9.935854049698161816e+01
8.728727350354754890e+03 9.843370859974544373e+01
8.728927403695202884e+03 1.008290853996306851e+02
8.729127457035647240e+03 9.906195526390226291e+01
8.729327510376093414e+03 9.865052088606061886e+01
8.729527563716541408e+03 9.972504984748694312e+01
8.729727617056985764e+03 9.974108185615224897e+01
8.729927670397433758e+03 9.597578630540762390e+01
8.730127723737878114e+03 9.671067260169390067e+01
8.730327777078326108e+03 9.387912439258853681e+01
8.730527830418772282e+03 9.774986827289039582e+01
8.730727883759218457e+03 9.521993025133656374e+01
8.730927937099666451e+03 9.843393629171863779e+01
8.731127990440110807e+03 9.778544891484013135e+01
8.731328043780558801e+03 9.649424321559287421e+01
8.731528097121004976e+03 1.025057984634761539e+02
8.731728150461449331e+03 9.936946540851772625e+01
8.731928203801897325e+03 9.882718907162093558e+01
8.732128257142341681e+03 1.004297619394149734e+02
8.732328310482789675e+03 9.911651644173082332e+01
