8.485584505504813933e+03 1.017759986911346886e+02
8.485784637214850591e+03 1.012996593201153388e+02
8.485984768924885429e+03 1.034064097557064770e+02
8.486184900634922087e+03 1.016405588925295547e+02
8.486385032344955107e+03 1.019322945562666689e+02
8.486585164054991765e+03 9.870193271570286697e+01
8.486785295765028422e+03 9.898482315155587230e+01
8.486985427475063261e+03 9.582416653924181560e+01
8.487185559185098100e+03 9.402754765991117836e+01
8.487385690895134758e+03 9.443746016010062760e+01
8.487585822605169596e+03 8.593865641614377182e+01
8.487785954315206254e+03 8.869510067258292452e+01
8.487986086025239274e+03 9.283900283084314253e+01
8.488186217735277751e+03 9.708098037868984420e+01
8.488386349445310771e+03 1.006891573051938593e+02
8.488586481155347428e+03 9.726335023811188307e+01
8.488786612865382267e+03 9.993382810423912588e+01
8.488986744575418925e+03 1.032559133609915563e+02
8.489186876285453764e+03 1.026794683396932868e+02
8.489387007995488602e+03 9.951054852039003151e+01
8.489587139705523441e+03 1.040937121172900532e+02
8.489787271415561918e+03 9.924015427398673239e+01
8.489987403125594938e+03 9.790324328965336065e+01
8.490187534835631595e+03 1.004910699209434455e+02
8.490387666545666434e+03 1.021686928201049227e+02
8.490587798255703092e+03 9.896436164026890481e+01
8.490787929965737931e+03 9.679947488055523763e+01
8.490988061675772769e+03 9.791594384446618449e+01
8.491188193385809427e+03 9.674355255703545708e+01
8.491388325095844266e+03 1.004167985176962503e+02
8.491588456805879105e+03 9.935370293730876767e+01
8.491788588515915762e+03 9.648287613967907816e+01
8.491988720225950601e+03 9.862166347680992828e+01
8.492188851935987259e+03 9.775612114851151091e+01
8.492388983646020279e+03 1.025832969591036345e+02
8.492589115356056936e+03 1.025177405162310151e+02
8.492789247066093594e+03 9.954410819560689561e+01
8.492989378776128433e+03 1.001465280565495846e+02
8.493189510486163272e+03 1.008054241487880773e+02
8.493389642196196291e+03 9.884803169898218300e+01
8.493589773906234768e+03 1.016776405538082315e+02
8.493789905616269607e+03 1.012679003227138850e+02
8.493990037326304446e+03 1.006914967882856899e+02
8.494190169036341103e+03 9.600573862526940161e+01
8.494390300746375942e+03 9.868841539182525935e+01
8.494590432456410781e+03 9.812097048174217662e+01
8.494790564166447439e+03 9.533211358172950156e+01
8.494990695876482278e+03 9.703188571439740429e+01
8.495190827586518935e+03 9.782536772058595886e+01
8.495390959296551955e+03 9.642065082173652968e+01
8.495591091006588613e+03 1.001360579994972113e+02
8.495791222716625271e+03 1.011486249772089678e+02
8.495991354426660109e+03 9.792373393602139231e+01
8.496191486136694948e+03 1.011637859215529147e+02
8.496391617846729787e+03 9.975315237068906526e+01
8.496591749556766445e+03 9.545414482810924994e+01
8.496791881266803102e+03 1.019025314014988055e+02
8.496992012976836122e+03 9.787452798227910478e+01
8.497192144686872780e+03 9.556414853600880122e+01
8.497392276396907619e+03 9.782790208334996862e+01
8.497592408106944276e+03 9.300325528608297532e+01
8.497792539816979115e+03 9.411167825518586483e+01
8.497992671527015773e+03 9.944885337175040263e+01
8.498192803237050612e+03 1.002240040205273601e+02
8.498392934947085450e+03 9.979403948428756621e+01
8.498593066657120289e+03 9.428593885707634570e+01
8.498793198367158766e+03 9.630954178872028137e+01
8.498993330077191786e+03 1.000978104246946572e+02
8.499193461787228443e+03 9.240672577659587716e+01
8.499393593497261463e+03 9.391441809947400543e+01
8.499593725207299940e+03 9.438584997575649993e+01
8.499793856917334779e+03 9.294968316607972270e+01
8.499993988627369617e+03 9.967066817912129295e+01
8.500194120337404456e+03 9.584995092249219795e+01
8.500394252047441114e+03 9.148225057142956018e+01
8.500594383757475953e+03 9.170085543622353441e+01
8.500794515467512610e+03 9.518813035470832062e+01
8.500994647177545630e+03 8.961371932884544833e+01
8.501194778887584107e+03 9.282579723679320693e+01
8.501394910597617127e+03 9.139695965516497722e+01
8.501595042307653785e+03 8.647073164190211969e+01
8.501795174017690442e+03 8.917743333002833594e+01
8.501995305727725281e+03 8.053955687357129989e+01
8.502195437437760120e+03 8.193827096507959595e+01
8.502395569147794959e+03 7.333129731992725908e+01
8.502595700857831616e+03 6.768423748439435883e+01
8.502795832567868274e+03 5.891789862729939387e+01
8.502995964277901294e+03 5.353276115788693801e+01
8.503196095987937952e+03 5.472246473414350021e+01
8.503396227697972790e+03 4.705834031287881913e+01
8.503596359408009448e+03 4.214781198011547758e+01
8.503796491118044287e+03 4.315411930664342322e+01
8.503996622828079126e+03 5.288695759694141429e+01
8.504196754538115783e+03 5.173994051098603109e+01
8.504396886248150622e+03 6.490594928261214136e+01
8.504597017958185461e+03 7.234455575639648828e+01
8.504797149668222119e+03 7.742412124995283307e+01
8.504997281378256957e+03 8.155267896378202863e+01
8.505197413088293615e+03 9.019834843722790652e+01
8.505397544798326635e+03 8.345792430033260700e+01
8.505597676508365112e+03 9.081844893556416309e+01
8.505797808218399950e+03 9.280166235482327863e+01
8.505997939928434789e+03 8.672191434011148203e+01
8.506198071638469628e+03 8.812453794638537374e+01
8.506398203348506286e+03 9.779648454382605394e+01
8.506598335058541124e+03 9.252996585982602085e+01
8.506798466768577782e+03 9.064141811698070228e+01
8.506998598478610802e+03 8.876164167870294364e+01
8.507198730188649279e+03 8.707460483418887520e+01
8.507398861898682298e+03 8.734543848490235973e+01
8.507598993608718956e+03 8.744947094328560411e+01
8.507799125318753795e+03 8.332947213045545709e+01
8.507999257028790453e+03 8.465588979746965492e+01
8.508199388738825292e+03 9.103124952996394370e+01
8.508399520448860130e+03 9.123680709014790580e+01
8.508599652158894969e+03 9.185308068722214614e+01
8.508799783868933446e+03 9.210882198169082358e+01
8.508999915578966466e+03 9.997121481866879833e+01
8.509200047289003123e+03 9.463348145628849295e+01
8.509400178999037962e+03 9.928278204373889082e+01
8.509600310709074620e+03 9.912221133949877583e+01
8.509800442419109459e+03 1.010167498221462381e+02
8.510000574129144297e+03 9.585087993719741917e+01
8.510200705839180955e+03 9.817783134268705680e+01
8.510400837549215794e+03 9.938966582482977685e+01
8.510600969259250633e+03 9.718737481135246981e+01
8.510801100969287290e+03 9.605087218794324144e+01
8.511001232679322129e+03 1.011811538181018761e+02
8.511201364389358787e+03 1.005830443436384769e+02
8.511401496099391807e+03 9.968011015293109267e+01
8.511601627809428464e+03 1.008284596608775132e+02
8.511801759519465122e+03 9.783529702793293836e+01
8.512001891229499961e+03 9.954817909108055574e+01
8.512202022939534800e+03 9.700696887693831627e+01
8.512402154649569638e+03 1.020813062820625987e+02
8.512602286359606296e+03 9.624141207631625150e+01
8.512802418069642954e+03 1.015089201213603758e+02
8.513002549779675974e+03 9.751091508060447666e+01
8.513202681489714450e+03 1.012171194033418118e+02
8.513402813199747470e+03 9.804719399740426411e+01
8.513602944909784128e+03 1.026406484599451261e+02
8.513803076619818967e+03 9.844166245440983687e+01
8.514003208329855624e+03 9.955279766259087637e+01
8.514203340039890463e+03 1.024825919275468920e+02
8.514403471749923483e+03 1.005568577586826535e+02
8.514603603459960141e+03 9.767084873751791463e+01
8.514803735169996799e+03 9.894075900221754694e+01
8.515003866880031637e+03 9.684374448545800362e+01
8.515203998590066476e+03 9.558887227954890875e+01
8.515404130300101315e+03 9.707082255415605232e+01
8.515604262010137973e+03 9.425308356143604271e+01
8.515804393720174630e+03 9.826793656287834722e+01
8.516004525430207650e+03 1.057041760825606502e+02
8.516204657140244308e+03 9.824993794788387902e+01
8.516404788850279147e+03 1.017686840230923622e+02
8.516604920560315804e+03 9.998189687102190248e+01
8.516805052270350643e+03 9.999997247594363614e+01
8.517005183980387301e+03 1.010661189181238342e+02
8.517205315690422140e+03 1.017493901531413485e+02
8.517405447400456978e+03 1.009064106714585449e+02
8.517605579110491817e+03 9.857207955873570882e+01
8.517805710820530294e+03 9.580593934615606599e+01
8.518005842530563314e+03 1.024793088794311728e+02
8.518205974240599971e+03 9.850311071888054926e+01
8.518406105950632991e+03 9.785280023738310717e+01
8.518606237660671468e+03 1.007221545067075823e+02
8.518806369370706307e+03 9.713775888902802080e+01
8.519006501080741145e+03 9.277987945547806703e+01
8.519206632790775984e+03 9.208639357807329873e+01
8.519406764500812642e+03 8.385708453372015470e+01
8.519606896210847481e+03 8.949042881616310297e+01
8.519807027920884138e+03 8.339294159638801318e+01
8.520007159630917158e+03 8.385959426348622969e+01
8.520207291340955635e+03 8.865231797317517248e+01
8.520407423050988655e+03 8.857139596070480536e+01
8.520607554761025312e+03 8.884486307059614774e+01
8.520807686471061970e+03 9.146088616901189994e+01
8.521007818181096809e+03 9.277115177623369391e+01
8.521207949891131648e+03 9.452946713659413547e+01
8.521408081601166487e+03 9.297883327876340331e+01
8.521608213311203144e+03 9.802965178496751264e+01
8.521808345021239802e+03 1.005599762671255633e+02
8.522008476731272822e+03 9.765819715900252618e+01
8.522208608441309480e+03 9.709370271103477990e+01
8.522408740151344318e+03 9.650409595826407383e+01
8.522608871861380976e+03 9.783087312268051505e+01
8.522809003571415815e+03 9.731777538623984469e+01
8.523009135281450654e+03 9.796403695166542036e+01
8.523209266991487311e+03 9.649475337606129699e+01
8.523409398701522150e+03 9.778029848644776223e+01
8.523609530411556989e+03 9.827410903479139392e+01
8.523809662121593647e+03 9.214932878020945850e+01
8.524009793831628485e+03 9.735305475119403695e+01
8.524209925541665143e+03 9.449120160684033465e+01
8.524410057251698163e+03 9.833995819678440853e+01
8.524610188961736640e+03 9.784461805589043593e+01
8.524810320671771478e+03 1.006631736909638732e+02
8.525010452381806317e+03 1.032524917570578964e+02
8.525210584091841156e+03 9.727959187834994736e+01
8.525410715801877814e+03 9.758453089196211749e+01
8.525610847511912652e+03 9.946956950673593667e+01
8.525810979221949310e+03 9.288457577118902009e+01
8.526011110931982330e+03 9.756297574406457329e+01
8.526211242642020807e+03 1.027568749844542992e+02
8.526411374352053826e+03 1.013438278003221171e+02
8.526611506062090484e+03 9.729921872216868906e+01
8.526811637772125323e+03 9.678389562127439660e+01
8.527011769482161981e+03 9.432272818521944657e+01
8.527211901192196819e+03 1.021103625774752999e+02
8.527412032902231658e+03 9.635231834712230636e+01
8.527612164612266497e+03 9.910248919736052642e+01
8.527812296322304974e+03 9.816089651682743522e+01
8.528012428032337993e+03 9.668929467800842303e+01
8.528212559742374651e+03 9.544566963943665883e+01
8.528412691452409490e+03 9.983639946749332239e+01
8.528612823162446148e+03 9.544516912818573928e+01
8.528812954872480987e+03 9.933002636213636549e+01
8.529013086582515825e+03 1.008632477992912158e+02
8.529213218292552483e+03 1.002183821412881031e+02
8.529413350002587322e+03 1.021225838316416201e+02
8.529613481712622161e+03 9.685407108021648526e+01
8.529813613422658818e+03 9.579501763039043283e+01
8.530013745132693657e+03 1.000199912494249759e+02
8.530213876842730315e+03 9.525237322122292483e+01
8.530414008552763335e+03 9.792611987747808655e+01
8.530614140262799992e+03 1.014946806766962339e+02
8.530814271972836650e+03 9.535763962379041914e+01
8.531014403682871489e+03 1.020986521421661877e+02
8.531214535392906328e+03 9.783774389198165977e+01
8.531414667102941166e+03 1.004719790179959631e+02
8.531614798812977824e+03 9.557829279720202464e+01
8.531814930523014482e+03 9.677489155500457230e+01
8.532015062233047502e+03 9.188247895849691815e+01
8.532215193943085978e+03 8.819594510715303670e+01
8.532415325653118998e+03 8.932202089038420922e+01
8.532615457363155656e+03 8.864879137152557576e+01
8.532815589073190495e+03 8.841096965546607578e+01
8.533015720783227152e+03 8.992327010510639695e+01
8.533215852493261991e+03 9.281115557527168392e+01
8.533415984203296830e+03 9.432681042733044308e+01
8.533616115913331669e+03 9.371013697064235259e+01
8.533816247623370145e+03 9.183347608827506292e+01
8.534016379333403165e+03 9.424424436312338571e+01
8.534216511043439823e+03 9.576774006306483500e+01
8.534416642753472843e+03 9.758026030114194782e+01
8.534616774463511319e+03 9.488238859509409906e+01
8.534816906173546158e+03 9.474451229910258121e+01
8.535017037883580997e+03 1.002842251532219535e+02
8.535217169593615836e+03 9.585843923079985984e+01
8.535417301303652494e+03 9.727426346365936638e+01
8.535617433013687332e+03 9.663691767825359591e+01
8.535817564723722171e+03 9.655215481932856392e+01
8.536017696433758829e+03 9.408893825659120580e+01
8.536217828143793668e+03 9.704371057944629797e+01
8.536417959853828506e+03 9.782211811754113739e+01
8.536618091563863345e+03 9.632245325745570597e+01
8.536818223273901822e+03 9.993295488014757666e+01
8.537018354983934842e+03 9.472530546397398155e+01
8.537218486693971499e+03 9.834563093964783320e+01
8.537418618404004519e+03 9.709698234385918170e+01
8.537618750114042996e+03 9.284227398489905170e+01
8.537818881824077835e+03 9.793807395172456154e+01
8.538019013534112673e+03 9.736024978337843550e+01
8.538219145244147512e+03 9.568820471470019129e+01
8.538419276954184170e+03 9.357202479586314325e+01
8.538619408664219009e+03 9.933596329464688779e+01
8.538819540374255666e+03 9.566567718698399858e+01
8.539019672084288686e+03 9.600041567335570392e+01
8.539219803794327163e+03 9.713413360952807807e+01
8.539419935504360183e+03 9.652416806089760826e+01
8.539620067214396840e+03 9.283105644485155494e+01
8.539820198924433498e+03 8.713323445947845869e+01
8.540020330634468337e+03 9.539451555425181084e+01
8.540220462344503176e+03 9.430182594286188191e+01
8.540420594054538014e+03 9.052323720539536112e+01
8.540620725764574672e+03 9.394400094135480117e+01
8.540820857474611330e+03 8.956434433940256667e+01
8.541020989184644350e+03 9.206111133312202810e+01
8.541221120894681007e+03 9.199526315523627318e+01
8.541421252604715846e+03 8.450583386715140932e+01
8.541621384314752504e+03 8.659046988621955165e+01
8.541821516024787343e+03 8.305415746017203560e+01
8.542021647734822182e+03 8.819211017686784260e+01
8.542221779444858839e+03 8.706355313732528600e+01
8.542421911154893678e+03 9.143175680018649132e+01
8.542622042864928517e+03 8.626772608116915819e+01
8.542822174574965175e+03 8.526146222609233405e+01
8.543022306285000013e+03 9.084522197340128002e+01
8.543222437995036671e+03 8.488631964516224571e+01
8.543422569705069691e+03 8.451032719854966047e+01
8.543622701415108168e+03 8.748861219595707439e+01
8.543822833125143006e+03 7.995108320822005510e+01
8.544022964835177845e+03 8.027131884994577149e+01
8.544223096545212684e+03 7.558104598645074645e+01
8.544423228255249342e+03 7.685805845450762774e+01
8.544623359965284180e+03 7.270990027123792743e+01
8.544823491675320838e+03 7.690161861035561230e+01
8.545023623385353858e+03 7.423906828326460072e+01
8.545223755095392335e+03 7.405216661152034874e+01
8.545423886805425354e+03 6.689821714000768793e+01
8.545624018515462012e+03 6.617389791425956957e+01
8.545824150225496851e+03 6.592717069118836548e+01
8.546024281935533509e+03 6.520104640701995891e+01
8.546224413645568347e+03 6.019386606080212232e+01
8.546424545355603186e+03 5.878335376431179071e+01
8.546624677065638025e+03 5.756394584885023846e+01
8.546824808775676502e+03 5.379950220712070319e+01
8.547024940485709521e+03 4.752567111516234633e+01
8.547225072195746179e+03 4.447548669260681464e+01
8.547425203905781018e+03 3.995212914089734113e+01
8.547625335615817676e+03 3.536008369014250263e+01
8.547825467325852514e+03 3.649994415546740356e+01
8.548025599035887353e+03 3.906047908039418814e+01
8.548225730745924011e+03 3.950872166278967512e+01
8.548425862455958850e+03 5.244862403370309778e+01
8.548625994165993689e+03 5.282596239110986858e+01
8.548826125876030346e+03 6.186305422180912927e+01
8.549026257586065185e+03 5.932975206499961729e+01
8.549226389296101843e+03 5.998349942628758669e+01
8.549426521006134863e+03 6.888284410104996880e+01
8.549626652716171520e+03 6.667331077097290404e+01
8.549826784426208178e+03 7.048262555874518398e+01
8.550026916136243017e+03 7.461062912607106057e+01
8.550227047846277856e+03 7.718459816176567756e+01
8.550427179556312694e+03 6.832791952074474295e+01
8.550627311266349352e+03 7.524617067349554134e+01
8.550827442976386010e+03 7.536424923225142436e+01
8.551027574686419030e+03 7.580844648243132156e+01
8.551227706396457506e+03 8.543949882102988624e+01
8.551427838106490526e+03 7.913560405755843874e+01
8.551627969816527184e+03 7.875921639942536956e+01
8.551828101526562023e+03 7.534031286063678579e+01
8.552028233236598680e+03 9.015084384549979291e+01
8.552228364946633519e+03 8.227226978694872628e+01
8.552428496656668358e+03 8.122775339714100085e+01
8.552628628366703197e+03 8.605746997892744332e+01
8.552828760076741673e+03 8.771111214269349432e+01
8.553028891786774693e+03 8.829157800939647416e+01
8.553229023496811351e+03 8.338093808832263676e+01
8.553429155206844371e+03 9.072047235227520900e+01
8.553629286916882847e+03 9.328739270691676211e+01
8.553829418626917686e+03 8.818789953760189348e+01
8.554029550336952525e+03 9.135103378886442727e+01
8.554229682046987364e+03 8.614627308587810717e+01
8.554429813757024021e+03 8.779983051454053111e+01
8.554629945467058860e+03 9.096162541519315425e+01
8.554830077177095518e+03 9.182736773223717819e+01
8.555030208887130357e+03 9.387703555101778363e+01
8.555230340597167014e+03 9.208156619362512174e+01
8.555430472307200034e+03 9.060893254327650936e+01
8.555630604017236692e+03 9.724684945991126028e+01
8.555830735727273350e+03 8.548217030477218259e+01
8.556030867437308189e+03 9.234114671506728200e+01
8.556230999147343027e+03 9.167846439385382951e+01
8.556431130857377866e+03 9.458523107763838311e+01
8.556631262567414524e+03 9.473671316848397339e+01
8.556831394277449363e+03 9.858909980061872602e+01
8.557031525987484201e+03 9.216182997212702332e+01
8.557231657697519040e+03 9.402372427080595685e+01
8.557431789407555698e+03 9.056932868410325455e+01
8.557631921117590537e+03 1.006691988195768204e+02
8.557832052827627194e+03 9.556291303421372163e+01
8.558032184537660214e+03 9.960484624054417679e+01
8.558232316247698691e+03 9.392017020729794297e+01
8.558432447957731711e+03 9.683547016052490619e+01
8.558632579667768368e+03 9.642701592836209556e+01
8.558832711377805026e+03 9.505286169359979453e+01
8.559032843087839865e+03 9.687102480389715708e+01
8.559232974797874704e+03 9.420998056323122682e+01
8.559433106507909542e+03 9.716396953845634243e+01
8.559633238217946200e+03 1.006330724268289316e+02
8.559833369927982858e+03 9.879853400102044247e+01
8.560033501638015878e+03 9.560001812655075071e+01
8.560233633348052535e+03 9.375678008570463362e+01
8.560433765058087374e+03 9.318693317791660036e+01
8.560633896768124032e+03 9.902854664125194972e+01
8.560834028478158871e+03 9.780700845274610344e+01
8.561034160188193709e+03 9.883544978071321907e+01
8.561234291898230367e+03 9.347997494577222710e+01
8.561434423608265206e+03 9.335987680605437333e+01
8.561634555318300045e+03 9.552815524569186323e+01
8.561834687028336702e+03 9.219301622197259860e+01
8.562034818738371541e+03 9.102485250735271904e+01
8.562234950448408199e+03 8.815617929791751806e+01
8.562435082158441219e+03 8.578724561059739528e+01
8.562635213868479696e+03 8.632719195719904803e+01
8.562835345578514534e+03 9.234294818024535800e+01
8.563035477288549373e+03 9.764405465591165978e+01
8.563235608998584212e+03 1.006569125101073041e+02
8.563435740708620870e+03 1.028433287762660910e+02
8.563635872418655708e+03 9.848703125086035470e+01
8.563836004128692366e+03 9.507874358532662029e+01
8.564036135838725386e+03 9.671728794204952351e+01
8.564236267548763863e+03 9.483707234917071105e+01
8.564436399258796882e+03 9.684289229163383084e+01
8.564636530968833540e+03 9.883663107534279391e+01
8.564836662678868379e+03 9.537885959053610918e+01
8.565036794388905037e+03 1.021423943157059568e+02
8.565236926098939875e+03 9.520940559655369384e+01
8.565437057808974714e+03 9.684956337785145308e+01
8.565637189519009553e+03 9.778387940687461821e+01
8.565837321229048030e+03 1.001609181308751602e+02
8.566037452939081049e+03 1.002929182742855971e+02
8.566237584649117707e+03 1.015646897154973090e+02
8.566437716359152546e+03 1.004565013751134188e+02
8.566637848069189204e+03 1.002174074828869124e+02
8.566837979779224042e+03 9.614437975653629564e+01
8.567038111489258881e+03 9.634459815534070515e+01
8.567238243199295539e+03 9.781190780601245649e+01
8.567438374909330378e+03 9.925385687191625550e+01
8.567638506619365216e+03 1.023395433156727705e+02
8.567838638329401874e+03 9.668606198236828675e+01
8.568038770039436713e+03 9.889078888544722190e+01
8.568238901749473371e+03 1.033282700970644186e+02
8.568439033459506390e+03 9.624921022457675690e+01
8.568639165169543048e+03 9.548797269787921493e+01
8.568839296879579706e+03 9.818264286387064033e+01
8.569039428589614545e+03 1.007521429316103649e+02
8.569239560299649384e+03 9.859294309096902964e+01
8.569439692009684222e+03 1.022067461709989544e+02
8.569639823719720880e+03 1.025819715270560550e+02
8.569839955429757538e+03 1.037043573461063062e+02
8.570040087139790558e+03 9.980726134727687793e+01
8.570240218849829034e+03 9.753003045863124498e+01
8.570440350559862054e+03 9.949005988196083194e+01
8.570640482269898712e+03 1.003396718279781936e+02
8.570840613979933551e+03 9.772149435544933738e+01
8.571040745689970208e+03 9.735969181916411230e+01
8.571240877400005047e+03 1.015504840585215334e+02
8.571441009110039886e+03 1.025279139620225237e+02
8.571641140820074725e+03 9.810788534879172573e+01
8.571841272530113201e+03 1.033794031929597850e+02
8.572041404240146221e+03 1.006577254692292200e+02
8.572241535950182879e+03 1.071138795033047018e+02
8.572441667660215899e+03 9.952315753175169277e+01
8.572641799370254375e+03 1.022916225969219255e+02
8.572841931080289214e+03 9.817308108958148694e+01
8.573042062790324053e+03 1.008656559810987119e+02
8.573242194500358892e+03 9.849555166657258098e+01
8.573442326210395549e+03 9.873586339453288474e+01
8.573642457920430388e+03 1.003073015466500948e+02
8.573842589630467046e+03 9.883186667301320938e+01
8.574042721340501885e+03 9.559867493588622267e+01
8.574242853050538542e+03 9.847422380293907906e+01
8.574442984760571562e+03 9.952115774963870365e+01
8.574643116470608220e+03 9.836675775971994540e+01
8.574843248180644878e+03 1.049905163242032415e+02
8.575043379890679716e+03 9.438406853053388090e+01
8.575243511600714555e+03 1.014795063235088151e+02
8.575443643310749394e+03 1.013270706875666320e+02
8.575643775020786052e+03 9.821363465935003489e+01
8.575843906730822710e+03 9.581466954213925646e+01
8.576044038440855729e+03 9.938311043211466256e+01
8.576244170150892387e+03 9.645060143978193423e+01
8.576444301860927226e+03 9.928252787971922544e+01
8.576644433570963884e+03 1.004116675662691449e+02
8.576844565280998722e+03 9.771288928771338078e+01
8.577044696991033561e+03 9.974939103056661338e+01
8.577244828701070219e+03 9.243764694927295977e+01
8.577444960411105058e+03 9.554169804191187154e+01
8.577645092121139896e+03 9.084990645893046235e+01
8.577845223831176554e+03 9.759730526189001409e+01
8.578045355541211393e+03 9.706295828781505008e+01
8.578245487251246232e+03 1.004059308994662700e+02
8.578445618961281070e+03 9.836095636078445636e+01
8.578645750671317728e+03 9.945677228705962136e+01
8.578845882381354386e+03 9.875438895935148764e+01
8.579046014091387406e+03 9.898957544942899744e+01
8.579246145801424063e+03 1.020116724463682658e+02
8.579446277511458902e+03 9.968429810626135179e+01
8.579646409221495560e+03 1.022032044634874097e+02
8.579846540931530399e+03 9.932116559852153159e+01
8.580046672641565237e+03 9.772264264699177261e+01
8.580246804351601895e+03 9.769466635582843139e+01
8.580446936061636734e+03 9.901429183614467888e+01
8.580647067771671573e+03 1.018745858416774581e+02
8.580847199481708230e+03 1.022354544016018423e+02
8.581047331191743069e+03 9.999139311412955067e+01
8.581247462901779727e+03 1.016462646857072230e+02
8.581447594611812747e+03 9.713741968985421238e+01
8.581647726321851223e+03 9.912985295060177293e+01
8.581847858031886062e+03 9.853863906036100673e+01
8.582047989741920901e+03 1.023157010511580438e+02
8.582248121451955740e+03 9.680123186892603826e+01
8.582448253161992398e+03 9.853200371938312685e+01
8.582648384872027236e+03 9.925248072731247362e+01
8.582848516582063894e+03 1.020537799153884464e+02
8.583048648292096914e+03 1.006207488936438352e+02
8.583248780002135391e+03 9.969735649013733791e+01
8.583448911712168410e+03 9.749974348662186685e+01
8.583649043422205068e+03 9.834910892920332515e+01
8.583849175132239907e+03 1.008442088621254413e+02
8.584049306842276565e+03 9.835906401185023640e+01
8.584249438552311403e+03 9.296479487939376440e+01
8.584449570262346242e+03 9.929474012949786754e+01
8.584649701972381081e+03 9.704566742055634165e+01
8.584849833682419558e+03 9.821973376614973006e+01
8.585049965392452577e+03 9.979206509626637001e+01
8.585250097102489235e+03 1.001688404620331738e+02
8.585450228812524074e+03 1.020162733242650006e+02
8.585650360522560732e+03 9.898413197234054905e+01
8.585850492232595570e+03 1.035620125192622822e+02
8.586050623942630409e+03 9.699091366838521822e+01
8.586250755652667067e+03 9.915574621506821984e+01
8.586450887362701906e+03 9.885094303041486796e+01
8.586651019072736744e+03 1.016783022652728050e+02
8.586851150782773402e+03 9.766039780846938356e+01
8.587051282492808241e+03 1.014409930471374821e+02
8.587251414202844899e+03 9.491515368657097440e+01
8.587451545912877918e+03 9.928747426228643747e+01
8.587651677622914576e+03 9.480407278149743888e+01
8.587851809332951234e+03 8.836158646385578663e+01
8.588051941042986073e+03 9.130548679520251198e+01
8.588252072753020911e+03 9.742796061129376994e+01
8.588452204463055750e+03 9.541024799573787618e+01
8.588652336173092408e+03 9.756936808320075727e+01
8.588852467883129066e+03 9.514792402729372611e+01
8.589052599593162086e+03 9.731306075093141317e+01
8.589252731303200562e+03 1.020206258714137704e+02
8.589452863013233582e+03 9.962104533544808760e+01
8.589652994723270240e+03 9.835673605137206721e+01
8.589853126433305079e+03 9.486801666740868200e+01
8.590053258143341736e+03 9.616279644007863681e+01
8.590253389853376575e+03 9.488065155385459093e+01
8.590453521563411414e+03 9.317951200744521145e+01
8.590653653273446253e+03 9.702768093560285934e+01
8.590853784983484729e+03 9.732082413272036092e+01
8.591053916693517749e+03 9.926602117687224336e+01
8.591254048403554407e+03 9.953447774875850484e+01
8.591454180113587427e+03 1.002853665107453480e+02
8.591654311823625903e+03 1.040407935857591184e+02
8.591854443533660742e+03 9.814696979007750599e+01
8.592054575243695581e+03 9.893133282120078320e+01
8.592254706953730420e+03 1.014534171207231878e+02
8.592454838663767077e+03 9.668175806908648440e+01
8.592654970373801916e+03 9.878045820273294453e+01
8.592855102083838574e+03 1.003369137738927321e+02
8.593055233793873413e+03 1.030962553475706187e+02
8.593255365503910070e+03 9.775760421505378872e+01
8.593455497213943090e+03 9.954228640486689983e+01
8.593655628923979748e+03 9.933606006260168897e+01
8.593855760634016406e+03 1.005693560306525427e+02
8.594055892344051244e+03 9.794850177577896488e+01
8.594256024054086083e+03 9.510297535264894009e+01
8.594456155764120922e+03 9.786147109783875919e+01
8.594656287474157580e+03 9.991629304852155258e+01
8.594856419184194237e+03 9.566504319184801375e+01
8.595056550894227257e+03 1.023603084699328178e+02
8.595256682604263915e+03 9.997632426540658912e+01
8.595456814314298754e+03 9.506295426126135339e+01
8.595656946024335411e+03 1.023148881967029951e+02
8.595857077734370250e+03 1.009552104688134619e+02
8.596057209444406908e+03 1.025852377108935656e+02
8.596257341154441747e+03 9.676870101122491974e+01
8.596457472864476586e+03 1.028743533494727416e+02
8.596657604574511424e+03 9.861380392765258307e+01
8.596857736284549901e+03 1.011907484572696205e+02
8.597057867994582921e+03 1.019866649679358233e+02
8.597257999704619579e+03 9.909622639474962114e+01
8.597458131414652598e+03 1.034489748929768069e+02
8.597658263124691075e+03 1.027941364421865700e+02
8.597858394834725914e+03 9.816720071280737159e+01
8.598058526544760753e+03 9.776662650052927006e+01
8.598258658254795591e+03 1.033331511025320708e+02
8.598458789964832249e+03 9.557482149497491264e+01
8.598658921674867088e+03 9.446967253495725458e+01
8.598859053384901927e+03 9.441528351277844422e+01
8.599059185094936765e+03 9.841811919049825974e+01
8.599259316804973423e+03 1.013281492027480368e+02
8.599459448515008262e+03 1.014861110916192217e+02
8.599659580225043101e+03 9.894586694915750513e+01
8.599859711935081577e+03 9.751421735656499834e+01
8.600059843645114597e+03 9.813143998463962703e+01
8.600259975355151255e+03 9.639369823381161950e+01
8.600460107065184275e+03 9.523258507691207342e+01
8.600660238775222751e+03 9.875704656293915207e+01
8.600860370485257590e+03 9.981768200295505267e+01
8.601060502195292429e+03 9.627775143402352853e+01
8.601260633905327268e+03 9.555176927670234477e+01
8.601460765615363925e+03 9.462495544055975927e+01
8.601660897325398764e+03 9.294533383036696250e+01
8.601861029035435422e+03 9.685710106327921665e+01
8.602061160745468442e+03 9.335751224354893907e+01
8.602261292455506918e+03 9.727425701687823789e+01
8.602461424165539938e+03 9.874933638942022185e+01
8.602661555875576596e+03 9.904326134515122249e+01
8.602861687585611435e+03 9.485853959774043176e+01
8.603061819295648093e+03 9.934804298361939345e+01
8.603261951005682931e+03 9.293475907301279904e+01
8.603462082715717770e+03 9.503131378497043613e+01
8.603662214425754428e+03 9.536853751157549652e+01
8.603862346135791086e+03 9.105489391517386366e+01
8.604062477845824105e+03 9.071842519993428766e+01
8.604262609555860763e+03 8.291847896277269570e+01
8.604462741265895602e+03 8.504381191198302758e+01
8.604662872975932260e+03 8.340167257772856146e+01
8.604863004685967098e+03 9.194928004138951394e+01
8.605063136396001937e+03 9.500120272907284402e+01
8.605263268106038595e+03 9.652750951766388710e+01
8.605463399816073434e+03 1.006708077812600237e+02
8.605663531526108272e+03 1.004328421859168401e+02
8.605863663236144930e+03 9.736492519388835376e+01
8.606063794946179769e+03 9.638146638717716996e+01
8.606263926656216427e+03 9.434969058321829039e+01
8.606464058366249446e+03 9.394778233382258747e+01
8.606664190076286104e+03 1.021121411541380439e+02
8.606864321786322762e+03 1.008426881368965411e+02
8.607064453496357601e+03 9.880305317502195805e+01
8.607264585206392439e+03 9.700523495998396584e+01
8.607464716916429097e+03 9.852003474394068405e+01
8.607664848626463936e+03 1.018576403788230493e+02
8.607864980336500594e+03 9.670094737470796531e+01
8.608065112046533613e+03 1.033925744671114160e+02
8.608265243756572090e+03 1.031130023383804684e+02
8.608465375466605110e+03 1.023103736686625496e+02
8.608665507176641768e+03 1.039845596058816000e+02
8.608865638886676606e+03 9.902443115452840061e+01
8.609065770596713264e+03 9.263067407982434531e+01
8.609265902306748103e+03 9.613534081566639600e+01
8.609466034016782942e+03 1.025640177902747467e+02
8.609666165726817781e+03 1.026663996971495152e+02
8.609866297436856257e+03 9.864596336259690190e+01
8.610066429146889277e+03 1.033559716889309072e+02
8.610266560856925935e+03 1.049150978432048049e+02
8.610466692566958955e+03 1.001713932547688160e+02
8.610666824276997431e+03 1.002003843323911525e+02
8.610866955987032270e+03 9.793604444242069462e+01
8.611067087697067109e+03 9.917947899543686674e+01
8.611267219407103767e+03 9.997917446597718083e+01
8.611467351117138605e+03 9.561343350634037108e+01
8.611667482827173444e+03 9.913156768996533685e+01
8.611867614537210102e+03 9.521071234760751167e+01
8.612067746247244941e+03 9.356163096384629796e+01
8.612267877957281598e+03 9.480862509680873984e+01
8.612468009667314618e+03 9.208024287114733397e+01
8.612668141377351276e+03 1.006551131060703881e+02
8.612868273087387934e+03 9.489753300495205224e+01
8.613068404797422772e+03 9.965940669897159410e+01
8.613268536507457611e+03 9.933265154153897925e+01
8.613468668217492450e+03 9.707178647615587863e+01
8.613668799927529108e+03 9.805423564329410624e+01
8.613868931637565765e+03 9.629768475468432598e+01
8.614069063347598785e+03 9.489882676808453255e+01
8.614269195057635443e+03 9.646190432158449823e+01
8.614469326767670282e+03 1.001735415659039035e+02
8.614669458477706939e+03 1.021312843862092024e+02
8.614869590187741778e+03 1.023028861906142026e+02
8.615069721897778436e+03 1.027641376789469376e+02
8.615269853607813275e+03 1.019218234485692989e+02
8.615469985317848113e+03 9.868791110992516735e+01
8.615670117027882952e+03 9.765896519536683229e+01
8.615870248737921429e+03 1.013345668586312058e+02
8.616070380447954449e+03 1.000041649053909083e+02
8.616270512157991107e+03 1.038878590387899123e+02
8.616470643868024126e+03 9.950168050320186808e+01
8.616670775578062603e+03 1.044414693067316904e+02
8.616870907288097442e+03 9.999933850547964198e+01
8.617071038998132281e+03 9.233050146401093627e+01
8.617271170708167119e+03 8.876566791515526234e+01
8.617471302418203777e+03 8.664193273506811011e+01
8.617671434128238616e+03 8.525068697643894211e+01
8.617871565838275274e+03 9.629903020325777163e+01
8.618071697548308293e+03 9.646423761212686543e+01
8.618271829258346770e+03 1.001051914181300333e+02
8.618471960968379790e+03 1.013306873471931908e+02
8.618672092678416448e+03 1.047110174072776516e+02
8.618872224388453105e+03 9.989220611862396026e+01
8.619072356098487944e+03 1.007241466867371429e+02
8.619272487808522783e+03 9.891334497136126913e+01
8.619472619518557622e+03 1.020618353680085022e+02
8.619672751228594279e+03 1.005113560075612043e+02
8.619872882938630937e+03 9.773728150311401919e+01
8.620073014648663957e+03 9.676021448576695150e+01
8.620273146358698796e+03 9.936559433810441533e+01
8.620473278068735453e+03 1.003579114755059578e+02
8.620673409778770292e+03 9.907713259877539258e+01
8.620873541488806950e+03 9.785811751563562666e+01
8.621073673198839970e+03 9.953614666542728173e+01
8.621273804908878446e+03 9.801474121814267448e+01
8.621473936618911466e+03 9.931301022344000273e+01
8.621674068328948124e+03 9.513376985529990293e+01
8.621874200038982963e+03 9.308672010308666245e+01
8.622074331749019620e+03 9.588392133171701914e+01
8.622274463459054459e+03 9.905866089789375906e+01
8.622474595169089298e+03 9.822080615790513036e+01
8.622674726879125956e+03 1.031808747091538265e+02
8.622874858589162613e+03 1.001368993589944694e+02
8.623074990299195633e+03 9.423113493636130045e+01
8.623275122009232291e+03 9.989677352119741727e+01
8.623475253719267130e+03 1.019859833271502509e+02
8.623675385429303788e+03 1.025507025099221750e+02
8.623875517139338626e+03 9.881582612265493992e+01
8.624075648849373465e+03 9.527729299557032050e+01
8.624275780559410123e+03 1.053090912896157931e+02
8.624475912269444962e+03 1.019818809838749587e+02
8.624676043979479800e+03 1.014102575405259898e+02
8.624876175689516458e+03 9.449679998982979612e+01
8.625076307399551297e+03 1.039044924956478724e+02
8.625276439109587955e+03 1.042919101818662568e+02
8.625476570819620974e+03 1.025814811760997998e+02
8.625676702529657632e+03 9.688178446970583479e+01
8.625876834239694290e+03 1.008180964872061764e+02
8.626076965949729129e+03 9.749239546883225671e+01
8.626277097659763967e+03 1.008529335257317996e+02
8.626477229369800625e+03 9.482927843693184400e+01
8.626677361079835464e+03 9.761759228230721419e+01
8.626877492789872122e+03 9.561289082838398201e+01
8.627077624499905141e+03 9.001005607832811961e+01
8.627277756209943618e+03 8.690627346824695110e+01
8.627477887919976638e+03 8.508866231140613934e+01
8.627678019630013296e+03 9.172386573543538191e+01
8.627878151340048134e+03 9.595437908186927700e+01
8.628078283050084792e+03 9.866196127264045401e+01
8.628278414760119631e+03 9.631869956718834658e+01
8.628478546470154470e+03 1.007582024414996056e+02
8.628678678180189308e+03 1.043258722128972948e+02
8.628878809890227785e+03 9.952231259180720713e+01
8.629078941600260805e+03 1.022656537050590515e+02
8.629279073310297463e+03 1.027763463957247865e+02
8.629479205020330483e+03 1.041609726242815128e+02
8.629679336730368959e+03 1.005072395856387715e+02
8.629879468440403798e+03 9.808253460169095206e+01
8.630079600150438637e+03 9.842180180767314823e+01
8.630279731860475295e+03 9.757971967567024763e+01
8.630479863570510133e+03 9.945553672670918388e+01
8.630679995280544972e+03 1.009335488317730807e+02
8.630880126990581630e+03 9.890445667985542855e+01
8.631080258700616469e+03 9.811706268374047113e+01
8.631280390410653126e+03 9.841711988113785026e+01
8.631480522120686146e+03 9.786832308859199259e+01
8.631680653830722804e+03 9.992314614959568075e+01
8.631880785540759462e+03 1.009688096347769317e+02
8.632080917250794300e+03 1.010919358281318665e+02
8.632281048960829139e+03 1.000220266554075579e+02
8.632481180670863978e+03 9.859167303138615068e+01
8.632681312380900636e+03 9.982661570853538535e+01
8.632881444090937293e+03 9.682741188466613380e+01
8.633081575800970313e+03 9.517788647905841515e+01
8.633281707511006971e+03 9.949903193806282786e+01
8.633481839221041810e+03 9.669638674446096616e+01
8.633681970931078467e+03 9.880959143849490545e+01
8.633882102641113306e+03 9.992980534065887355e+01
8.634082234351149964e+03 9.889764273405410222e+01
8.634282366061184803e+03 1.005898285280485425e+02
8.634482497771219641e+03 1.044716934251037088e+02
8.634682629481254480e+03 1.011948980986068136e+02
8.634882761191292957e+03 9.767491825076028533e+01
8.635082892901325977e+03 9.696399440381736667e+01
8.635283024611362634e+03 9.604551938616047835e+01
8.635483156321395654e+03 9.822767250049328425e+01
8.635683288031434131e+03 9.793391472118673846e+01
8.635883419741468970e+03 9.796948778253876355e+01
8.636083551451503808e+03 1.016151860522229384e+02
8.636283683161538647e+03 1.053284776328906531e+02
8.636483814871575305e+03 9.626883233149298746e+01
8.636683946581610144e+03 1.007921472301962638e+02
8.636884078291646802e+03 9.670890082623692763e+01
8.637084210001679821e+03 1.009691243324103596e+02
8.637284341711718298e+03 9.892308244926469740e+01
8.637484473421751318e+03 9.738250416849190572e+01
8.637684605131787976e+03 1.012782193794390366e+02
8.637884736841824633e+03 9.684800792205690811e+01
8.638084868551859472e+03 9.106119968198269987e+01
8.638285000261894311e+03 9.778720635078173018e+01
8.638485131971929150e+03 9.698780553328256815e+01
8.638685263681965807e+03 9.556986150462610397e+01
8.638885395392002465e+03 9.510100007012886181e+01
8.639085527102035485e+03 9.778593136174680467e+01
8.639285658812072143e+03 1.000168495434598697e+02
8.639485790522106981e+03 1.008680760375195291e+02
8.639685922232143639e+03 9.685530891714606128e+01
8.639886053942178478e+03 1.015211198970655175e+02
8.640086185652213317e+03 1.029044777956158043e+02
8.640286317362249974e+03 1.000564540953206034e+02
8.640486449072284813e+03 9.447934758206442041e+01
8.640686580782319652e+03 1.053855518120024612e+02
8.640886712492356310e+03 9.943531382226404958e+01
8.641086844202391148e+03 9.963962507073966890e+01
8.641286975912425987e+03 9.964890627235706688e+01
8.641487107622460826e+03 9.367374332844707396e+01
8.641687239332497484e+03 1.003684835261559556e+02
8.641887371042534141e+03 9.660511883804588251e+01
8.642087502752567161e+03 9.394349922815123932e+01
8.642287634462603819e+03 9.917819998659159353e+01
8.642487766172638658e+03 9.473941292195490860e+01
8.642687897882675315e+03 9.669742686511784768e+01
8.642888029592710154e+03 9.413482355241151822e+01
8.643088161302744993e+03 9.681561509565443657e+01
8.643288293012781651e+03 9.435706315641404274e+01
8.643488424722816490e+03 1.020751921424491542e+02
8.643688556432851328e+03 1.024970269965136112e+02
8.643888688142887986e+03 9.758066252815514474e+01
8.644088819852922825e+03 9.865011649838689323e+01
8.644288951562959483e+03 9.849321226804435980e+01
8.644489083272992502e+03 9.806460962052018715e+01
8.644689214983029160e+03 9.735576776368374396e+01
8.644889346693065818e+03 9.680402348100487586e+01
8.645089478403100657e+03 9.757591750925671192e+01
8.645289610113135495e+03 9.594314824096582583e+01
8.645489741823172153e+03 9.820868804924941742e+01
8.645689873533206992e+03 9.567197463074647601e+01
8.645890005243243650e+03 9.896149520805629152e+01
8.646090136953276669e+03 9.472698940222299768e+01
8.646290268663315146e+03 9.873144937407283805e+01
8.646490400373348166e+03 9.837891704256415437e+01
8.646690532083384824e+03 1.002190388407898780e+02
8.646890663793419662e+03 9.911197649254036435e+01
8.647090795503456320e+03 1.010254604093278914e+02
8.647290927213491159e+03 9.962870049252482829e+01
8.647491058923525998e+03 9.546551585343061674e+01
8.647691190633560836e+03 9.632096344529384169e+01
8.647891322343599313e+03 9.999269063875665609e+01
8.648091454053632333e+03 9.972748064986144811e+01
8.648291585763668991e+03 9.857636879023212373e+01
8.648491717473702010e+03 1.017863888302112798e+02
8.648691849183740487e+03 9.724873237636801093e+01
8.648891980893775326e+03 9.915732397595910186e+01
8.649092112603810165e+03 1.005845506240008547e+02
8.649292244313846822e+03 9.644356590399891616e+01
8.649492376023881661e+03 9.758547586444680633e+01
8.649692507733916500e+03 9.639959291489323334e+01
8.649892639443953158e+03 1.012731976112659567e+02
8.650092771153987997e+03 9.527061669883769923e+01
8.650292902864024654e+03 9.676253046468885088e+01
8.650493034574057674e+03 9.797540459804358193e+01
8.650693166284094332e+03 9.597697350699647245e+01
8.650893297994130990e+03 9.606016584806131675e+01
8.651093429704165828e+03 9.941974214419160205e+01
8.651293561414200667e+03 1.004001208691647236e+02
8.651493693124235506e+03 9.828849511010942308e+01
8.651693824834272164e+03 1.024721449920783556e+02
8.651893956544308821e+03 9.620769167760181517e+01
8.652094088254341841e+03 9.731342785167102249e+01
8.652294219964378499e+03 9.595907873306971680e+01
8.652494351674413338e+03 9.592977993585192564e+01
8.652694483384449995e+03 9.954121571119934231e+01
8.652894615094484834e+03 9.913482623718387288e+01
8.653094746804521492e+03 1.015025150339067181e+02
8.653294878514556331e+03 9.676926979827037201e+01
8.653495010224591169e+03 1.017415893927452117e+02
8.653695141934626008e+03 9.569157763210272094e+01
8.653895273644664485e+03 9.097793969978786777e+01
8.654095405354697505e+03 8.730628414616138855e+01
8.654295537064734162e+03 8.998628022870815357e+01
8.654495668774767182e+03 8.989998937422689096e+01
8.654695800484805659e+03 9.450321017725863726e+01
8.654895932194840498e+03 1.013806043399241759e+02
8.655096063904875336e+03 1.006300669471756351e+02
8.655296195614910175e+03 9.959405069011010880e+01
8.655496327324946833e+03 9.973280207072880899e+01
8.655696459034981672e+03 1.004824939428078068e+02
8.655896590745018329e+03 9.863484811619294135e+01
8.656096722455051349e+03 1.021218978028393281e+02
8.656296854165089826e+03 9.621462609092172613e+01
8.656496985875122846e+03 9.765251639861121191e+01
8.656697117585159504e+03 9.372330281109604755e+01
8.656897249295196161e+03 9.978880665314063947e+01
8.657097381005231000e+03 9.926264916650403336e+01
8.657297512715265839e+03 1.027683910317284273e+02
8.657497644425300678e+03 9.889801927089672517e+01
8.657697776135337335e+03 9.534510800905644601e+01
8.657897907845373993e+03 9.257628574504339269e+01
8.658098039555407013e+03 9.553722300005904344e+01
8.658298171265443671e+03 9.604488340715184336e+01
8.658498302975478509e+03 9.240552113142003066e+01
8.658698434685515167e+03 9.658120917794138904e+01
8.658898566395550006e+03 9.464577653919593558e+01
8.659098698105584845e+03 1.002786575744299284e+02
8.659298829815621502e+03 9.686711249908584875e+01
8.659498961525656341e+03 9.079626047429287894e+01
8.659699093235691180e+03 9.212185184852135933e+01
8.659899224945727838e+03 9.704749460472073963e+01
8.660099356655762676e+03 9.041156439452451821e+01
8.660299488365799334e+03 9.305743770585706898e+01
8.660499620075832354e+03 9.694905810122997991e+01
8.660699751785870831e+03 9.320007538908819811e+01
8.660899883495905669e+03 9.458572930695045500e+01
8.661100015205940508e+03 9.474618905399019297e+01
8.661300146915975347e+03 9.799936006960740542e+01
8.661500278626012005e+03 9.657718981513630752e+01
8.661700410336046843e+03 9.370200942846479109e+01
8.661900542046083501e+03 9.153713384304498391e+01
8.662100673756116521e+03 9.557224657860575689e+01
8.662300805466153179e+03 9.294281302346348639e+01
8.662500937176188017e+03 8.863304651487081287e+01
8.662701068886222856e+03 8.849708625432964482e+01
8.662901200596259514e+03 9.117751099017849015e+01
8.663101332306294353e+03 8.991273456351041204e+01
8.663301464016331010e+03 9.000485790548185605e+01
8.663501595726364030e+03 9.052849498302893494e+01
8.663701727436400688e+03 8.910000889710187266e+01
8.663901859146437346e+03 8.488135072956835359e+01
8.664101990856472185e+03 8.630784881606130909e+01
8.664302122566507023e+03 8.595033780564436654e+01
8.664502254276543681e+03 8.837714987730649341e+01
8.664702385986578520e+03 8.222722741398906976e+01
8.664902517696615178e+03 8.244305257762063377e+01
8.665102649406648197e+03 7.847361663016367572e+01
8.665302781116686674e+03 7.850797921211156449e+01
8.665502912826719694e+03 7.845089657205913625e+01
8.665703044536756352e+03 7.538906680002996552e+01
8.665903176246791190e+03 7.485933188600920118e+01
8.666103307956827848e+03 6.980863587906409862e+01
8.666303439666862687e+03 6.974321856790400886e+01
8.666503571376897526e+03 6.906909638122687056e+01
8.666703703086932364e+03 6.318212911013232258e+01
8.666903834796970841e+03 5.676720322158425347e+01
8.667103966507003861e+03 5.228445959129786758e+01
8.667304098217040519e+03 4.731731590400487875e+01
8.667504229927073538e+03 4.296803628887190740e+01
8.667704361637112015e+03 3.571878468067598789e+01
8.667904493347146854e+03 3.443919652856087055e+01
8.668104625057181693e+03 3.773209231995623014e+01
8.668304756767218350e+03 4.278717393197191399e+01
8.668504888477253189e+03 5.547886355698899052e+01
8.668705020187288028e+03 6.066332444646525346e+01
8.668905151897324686e+03 5.965070109363576734e+01
8.669105283607359524e+03 6.926735398223176787e+01
8.669305415317396182e+03 7.083087967302539312e+01
8.669505547027429202e+03 6.822310391917451966e+01
8.669705678737465860e+03 6.856312016625673778e+01
8.669905810447502517e+03 7.193097323279046407e+01
8.670105942157537356e+03 7.531277188758096486e+01
8.670306073867572195e+03 7.919961226863300396e+01
8.670506205577607034e+03 7.798430426035942276e+01
8.670706337287643692e+03 7.989949484432654003e+01
8.670906468997680349e+03 8.098866434459712593e+01
8.671106600707713369e+03 8.328999219954435773e+01
8.671306732417750027e+03 7.844750113089686749e+01
8.671506864127784866e+03 8.340341493494041458e+01
8.671706995837821523e+03 8.724431716214336063e+01
8.671907127547856362e+03 8.702021137576809906e+01
8.672107259257893020e+03 8.695645163977489744e+01
8.672307390967927859e+03 9.007267513175709439e+01
8.672507522677962697e+03 9.092378574544241587e+01
8.672707654387997536e+03 9.173246679233990619e+01
8.672907786098036013e+03 8.701176307627268613e+01
8.673107917808069033e+03 8.490101886501662420e+01
8.673308049518105690e+03 8.707430438503699577e+01
8.673508181228138710e+03 9.398977392298981215e+01
8.673708312938177187e+03 9.323878826933542996e+01
8.673908444648212026e+03 9.281258310137003775e+01
8.674108576358246864e+03 9.391419867561239698e+01
8.674308708068281703e+03 8.836258866027833392e+01
8.674508839778318361e+03 9.292311509165070049e+01
8.674708971488353200e+03 9.248155236847206595e+01
8.674909103198389857e+03 1.017588218783506164e+02
8.675109234908422877e+03 9.552197690242108763e+01
8.675309366618461354e+03 9.330109152612691048e+01
8.675509498328494374e+03 9.359613055149222305e+01
8.675709630038531031e+03 9.182647408227802543e+01
8.675909761748567689e+03 9.377959349902050690e+01
8.676109893458602528e+03 9.051732956144797981e+01
8.676310025168637367e+03 9.412510793130438458e+01
8.676510156878672205e+03 9.196542633820847357e+01
8.676710288588708863e+03 9.020442827401338093e+01
8.676910420298745521e+03 9.316923157637393160e+01
8.677110552008778541e+03 8.919075620620129996e+01
8.677310683718815199e+03 9.305297871227939766e+01
8.677510815428850037e+03 9.915508942432357742e+01
8.677710947138886695e+03 9.891217659805668916e+01
8.677911078848921534e+03 9.516582471821490685e+01
8.678111210558956373e+03 9.650578478564393947e+01
8.678311342268993030e+03 1.014171723386917279e+02
8.678511473979027869e+03 9.509557489482016024e+01
8.678711605689062708e+03 9.553281856127229332e+01
8.678911737399099366e+03 9.715923340938333297e+01
8.679111869109134204e+03 9.913409640431778769e+01
8.679312000819170862e+03 9.562895936090916393e+01
8.679512132529203882e+03 9.889601579190753000e+01
8.679712264239242359e+03 9.821918270146555585e+01
8.679912395949277197e+03 9.101102426390421840e+01
8.680112527659312036e+03 9.151421768761271380e+01
8.680312659369346875e+03 9.387465059327762162e+01
8.680512791079383533e+03 8.693174142915401603e+01
8.680712922789418371e+03 8.684996149503425045e+01
8.680913054499455029e+03 8.789857493002675426e+01
8.681113186209488049e+03 9.210296651755949426e+01
8.681313317919526526e+03 9.319086353332302508e+01
8.681513449629559545e+03 9.500406989907823174e+01
8.681713581339596203e+03 9.723629821408356122e+01
8.681913713049631042e+03 9.836292342970780567e+01
8.682113844759667700e+03 9.931296320725255100e+01
8.682313976469702538e+03 9.926548271454691985e+01
8.682514108179737377e+03 9.606587471844082415e+01
8.682714239889772216e+03 1.004701937287803020e+02
8.682914371599810693e+03 9.763563953896124303e+01
8.683114503309843712e+03 9.745073534948657823e+01
8.683314635019880370e+03 9.867912039848451400e+01
8.683514766729915209e+03 1.014507077807894007e+02
8.683714898439950048e+03 9.777770123992317508e+01
8.683915030149986706e+03 9.995795976261261728e+01
8.684115161860019725e+03 9.522074660332582141e+01
8.684315293570058202e+03 9.947793359835999638e+01
8.684515425280091222e+03 9.590275146452667343e+01
8.684715556990127880e+03 9.732027097206501765e+01
8.684915688700162718e+03 9.388790912822676660e+01
8.685115820410199376e+03 9.090519128990914055e+01
8.685315952120234215e+03 8.892714182251431509e+01
8.685516083830269054e+03 8.689490693666782306e+01
8.685716215540303892e+03 8.560278681588893335e+01
8.685916347250342369e+03 8.594027733068756447e+01
8.686116478960375389e+03 8.916876366513220376e+01
8.686316610670412047e+03 8.806427474330692462e+01
8.686516742380445066e+03 9.003186815109053498e+01
8.686716874090483543e+03 9.415716049195715698e+01
8.686917005800518382e+03 9.239599267050647313e+01
8.687117137510553221e+03 9.883238982030901809e+01
8.687317269220589878e+03 9.872252741361357664e+01
8.687517400930624717e+03 9.706300952923373870e+01
8.687717532640659556e+03 1.003367287856872849e+02
8.687917664350696214e+03 1.005374995480157310e+02
8.688117796060731052e+03 9.347113953205227688e+01
8.688317927770767710e+03 9.538722748842137378e+01
8.688518059480800730e+03 1.021922865699499710e+02
8.688718191190837388e+03 9.793058882295672163e+01
8.688918322900874045e+03 9.375093099606993974e+01
8.689118454610908884e+03 9.611821994164269256e+01
8.689318586320943723e+03 1.018005785196224906e+02
8.689518718030978562e+03 1.032989754444009236e+02
8.689718849741015219e+03 9.777144151512850101e+01
8.689918981451051877e+03 9.755030372137696304e+01
8.690119113161084897e+03 9.905532850851851379e+01
8.690319244871121555e+03 9.450350735619178977e+01
8.690519376581156394e+03 9.820043854066800293e+01
8.690719508291193051e+03 1.034195600846605316e+02
8.690919640001227890e+03 1.014729194064070157e+02
8.691119771711264548e+03 9.999779485247238142e+01
8.691319903421299387e+03 9.710960152063114492e+01
8.691520035131334225e+03 9.864775641046911403e+01
8.691720166841369064e+03 9.232798468175940343e+01
8.691920298551407541e+03 9.182136141351847414e+01
8.692120430261440561e+03 9.286776805650123379e+01
8.692320561971477218e+03 9.898065588085445654e+01
8.692520693681510238e+03 9.349188015154987852e+01
8.692720825391548715e+03 9.625590828817493616e+01
8.692920957101583554e+03 9.802335320330483626e+01
8.693121088811618392e+03 9.723934590135426959e+01
8.693321220521653231e+03 9.886036285382773769e+01
8.693521352231689889e+03 9.956710898301527379e+01
8.693721483941724728e+03 9.168180466464833955e+01
8.693921615651761385e+03 8.651447779161686924e+01
8.694121747361794405e+03 8.228410983368826237e+01
8.694321879071832882e+03 7.077338147948692892e+01
8.694522010781865902e+03 7.741317707747674604e+01
8.694722142491902559e+03 8.745734631888554134e+01
8.694922274201939217e+03 9.158640873510270808e+01
8.695122405911974056e+03 9.148938635826161203e+01
8.695322537622008895e+03 9.632433544544819881e+01
8.695522669332043733e+03 9.265477539027580178e+01
8.695722801042080391e+03 9.398500075995887926e+01
8.695922932752117049e+03 9.854571545158587753e+01
8.696123064462150069e+03 1.036765415043361713e+02
8.696323196172186726e+03 1.010011769563377158e+02
8.696523327882221565e+03 9.353396145224141378e+01
8.696723459592258223e+03 9.834288270757583916e+01
8.696923591302293062e+03 1.012986676109325401e+02
8.697123723012327901e+03 9.886418850277524939e+01
8.697323854722364558e+03 1.011906468295405972e+02
8.697523986432399397e+03 1.015246979627945620e+02
8.697724118142434236e+03 1.001612391167977165e+02
8.697924249852472713e+03 1.019075224168363007e+02
8.698124381562505732e+03 1.004693250698399680e+02
8.698324513272542390e+03 9.904192996503218183e+01
8.698524644982575410e+03 9.848685037193519065e+01
8.698724776692613887e+03 9.961424667190782145e+01
8.698924908402648725e+03 1.002336292970944527e+02
8.699125040112683564e+03 1.000527121907519330e+02
8.699325171822718403e+03 9.959560544566025442e+01
8.699525303532755061e+03 9.522161922360220387e+01
8.699725435242789899e+03 9.668275822109907836e+01
8.699925566952826557e+03 9.345347835775284295e+01
8.700125698662859577e+03 9.121970933585113528e+01
8.700325830372898054e+03 9.265412025241553806e+01
8.700525962082931073e+03 9.455850005590188800e+01
8.700726093792967731e+03 9.598069807274053744e+01
8.700926225503002570e+03 1.003942928422806204e+02
8.701126357213039228e+03 9.858870599351514841e+01
8.701326488923074066e+03 1.014687035199656577e+02
8.701526620633108905e+03 1.014752642673195879e+02
8.701726752343145563e+03 9.785145378137774230e+01
8.701926884053182221e+03 9.753465539265467044e+01
8.702127015763215240e+03 9.982508286643884787e+01
8.702327147473251898e+03 1.001584931156027949e+02
8.702527279183286737e+03 1.003768120586968848e+02
8.702727410893323395e+03 1.001093453995388245e+02
8.702927542603358233e+03 1.014706733576704210e+02
8.703127674313393072e+03 9.812842723452025950e+01
8.703327806023429730e+03 9.483967752460794998e+01
8.703527937733464569e+03 1.006952508857750814e+02
8.703728069443499407e+03 1.016520712651214779e+02
8.703928201153536065e+03 1.019000862989370688e+02
8.704128332863570904e+03 1.015496674898789280e+02
8.704328464573607562e+03 1.000692839182549534e+02
8.704528596283640582e+03 9.358398588246777194e+01
8.704728727993675420e+03 9.234973702361884307e+01
8.704928859703713897e+03 9.081348655263471414e+01
8.705128991413746917e+03 8.691619318655007476e+01
8.705329123123783575e+03 8.709555983368738907e+01
8.705529254833818413e+03 9.647621459729587912e+01
8.705729386543855071e+03 9.648201262540167988e+01
8.705929518253889910e+03 9.917357948406041146e+01
8.706129649963924749e+03 9.788239757560972976e+01
8.706329781673961406e+03 1.001754915197427778e+02
8.706529913383996245e+03 9.921181991528702326e+01
8.706730045094031084e+03 9.922822869379879762e+01
8.706930176804067742e+03 9.253069427795917079e+01
8.707130308514102580e+03 9.980830160392018513e+01
8.707330440224139238e+03 9.932647167793261644e+01
8.707530571934172258e+03 9.861055691741961482e+01
8.707730703644208916e+03 1.007025364588050422e+02
8.707930835354245573e+03 9.837538387413759722e+01
8.708130967064280412e+03 9.982445267025779856e+01
8.708331098774315251e+03 9.644589775912524487e+01
8.708531230484350090e+03 9.792014286694667646e+01
8.708731362194386747e+03 9.817149765971487341e+01
8.708931493904423405e+03 9.298567067619806892e+01
8.709131625614456425e+03 9.133622442133459174e+01
8.709331757324494902e+03 9.855970164087730723e+01
8.709531889034527921e+03 9.552703923566819810e+01
8.709732020744564579e+03 9.805294907114446801e+01
8.709932152454599418e+03 1.064604673483892725e+02
8.710132284164636076e+03 9.937496513874832260e+01
8.710332415874670914e+03 1.001532053157968249e+02
8.710532547584705753e+03 1.000629349487085875e+02
8.710732679294740592e+03 1.000885254816901124e+02
8.710932811004779069e+03 1.002585393446786526e+02
8.711132942714812089e+03 1.018929538747750456e+02
8.711333074424848746e+03 9.528111301491180996e+01
8.711533206134881766e+03 9.718857237154739437e+01
8.711733337844920243e+03 9.734712972689344213e+01
8.711933469554955082e+03 1.023366600293873176e+02
8.712133601264989920e+03 1.000614512764249895e+02
8.712333732975024759e+03 9.881009255790742429e+01
8.712533864685061417e+03 1.023271295648000887e+02
8.712733996395096256e+03 9.611418327618542889e+01
8.712934128105132913e+03 9.903542979600662477e+01
8.713134259815167752e+03 9.966192589275760838e+01
8.713334391525204410e+03 1.017976468745306846e+02
8.713534523235237430e+03 9.697883376893891239e+01
8.713734654945274087e+03 9.664472086490248159e+01
8.713934786655310745e+03 9.975156711677335863e+01
8.714134918365345584e+03 9.647116009151284288e+01
8.714335050075380423e+03 9.648689793712499352e+01
8.714535181785415261e+03 1.000335171787553747e+02
8.714735313495451919e+03 9.681051535378924200e+01
8.714935445205488577e+03 1.003762765540528790e+02
8.715135576915521597e+03 9.686930172942862782e+01
8.715335708625558254e+03 9.266896244329414856e+01
8.715535840335593093e+03 9.807470311546028086e+01
8.715735972045629751e+03 8.310305013450511069e+01
8.715936103755664590e+03 8.748801758603559620e+01
8.716136235465699428e+03 8.127495921834821502e+01
8.716336367175736086e+03 8.496926751634495645e+01
8.716536498885770925e+03 9.223750502681645003e+01
8.716736630595805764e+03 9.869558855888723770e+01
8.716936762305844240e+03 1.012003814714983179e+02
8.717136894015877260e+03 9.597904891746881617e+01
8.717337025725913918e+03 1.001726822307372800e+02
8.717537157435946938e+03 9.704268346965707792e+01
8.717737289145985415e+03 9.976625125392025950e+01
8.717937420856020253e+03 9.425575862471769994e+01
8.718137552566055092e+03 9.361022715014505025e+01
8.718337684276089931e+03 9.153100747062183018e+01
8.718537815986126589e+03 9.053867767250113729e+01
8.718737947696161427e+03 8.543218077693207135e+01
8.718938079406198085e+03 8.807552977148462503e+01
8.719138211116231105e+03 9.211154205683970986e+01
8.719338342826269582e+03 9.514104240561817960e+01
8.719538474536302601e+03 9.890496257183853857e+01
8.719738606246339259e+03 9.648748098314536037e+01
8.719938737956374098e+03 9.930745123822306653e+01
8.720138869666410756e+03 9.851851734778580294e+01
8.720339001376445594e+03 1.033870009787666362e+02
8.720539133086480433e+03 1.000692618430789764e+02
8.720739264796517091e+03 9.657140611331421098e+01
8.720939396506553749e+03 9.949629501487787309e+01
8.721139528216586768e+03 9.762987154130615863e+01
8.721339659926623426e+03 9.759202443634285373e+01
8.721539791636658265e+03 1.030690137506224175e+02
8.721739923346694923e+03 9.779114039998052021e+01
8.721940055056729761e+03 1.010979168244540318e+02
8.722140186766764600e+03 9.776990094340663973e+01
8.722340318476801258e+03 9.658338497965965530e+01
8.722540450186836097e+03 1.014702582250583589e+02
8.722740581896870935e+03 1.003368100383972319e+02
8.722940713606907593e+03 9.559907995606785391e+01
8.723140845316942432e+03 9.665640197460521676e+01
8.723340977026979090e+03 8.810167365114925531e+01
8.723541108737012109e+03 8.847287139972560510e+01
8.723741240447048767e+03 9.337147402730575152e+01
8.723941372157085425e+03 9.432796471889852796e+01
8.724141503867120264e+03 1.001696262610094408e+02
8.724341635577155103e+03 1.036355361214675384e+02
8.724541767287191760e+03 9.998560438792095795e+01
8.724741898997226599e+03 1.001816295233162037e+02
8.724942030707263257e+03 1.006549039188189312e+02
8.725142162417296277e+03 1.010165794466457641e+02
8.725342294127334753e+03 1.008206766135879349e+02
8.725542425837367773e+03 9.985899120469305501e+01
8.725742557547402612e+03 1.012908207916588736e+02
8.725942689257439270e+03 9.982951071948616573e+01
8.726142820967474108e+03 9.844624861339752897e+01
8.726342952677510766e+03 1.055389265698968302e+02
8.726543084387543786e+03 1.023713200118009183e+02
8.726743216097580444e+03 9.780978072032624482e+01
8.726943347807617101e+03 1.028930558004494600e+02
8.727143479517651940e+03 9.925363710086161007e+01
8.727343611227686779e+03 9.964521309671270899e+01
8.727543742937721618e+03 1.022273728944049509e+02
8.727743874647758275e+03 9.706975721993886452e+01
8.727944006357794933e+03 9.994599469172619877e+01
8.728144138067827953e+03 1.006136172790166796e+02
8.728344269777866430e+03 9.888350934982054241e+01
8.728544401487899449e+03 9.733351721561693637e+01
8.728744533197936107e+03 9.466161432834421419e+01
8.728944664907970946e+03 9.585013341077342375e+01
8.729144796618007604e+03 9.769828488295635793e+01
8.729344928328042442e+03 1.026145455976395056e+02
8.729545060038077281e+03 1.023399050182279240e+02
8.729745191748112120e+03 9.410947164010131871e+01
8.729945323458150597e+03 1.014364927763211170e+02
8.730145455168183616e+03 9.906003813530578839e+01
8.730345586878220274e+03 1.008876239340135328e+02
8.730545718588253294e+03 1.016835403680712204e+02
8.730745850298291771e+03 1.014704040463517316e+02
8.730945982008326610e+03 9.637003431131732611e+01
8.731146113718361448e+03 8.963558285579910034e+01
8.731346245428396287e+03 1.009734273032244403e+02
8.731546377138432945e+03 1.024854349397204771e+02
8.731746508848467784e+03 9.736194751063348463e+01
8.731946640558504441e+03 9.846172499298310754e+01
8.732146772268539280e+03 9.936639052272475681e+01
8.732346903978575938e+03 9.974944331733725278e+01
8.732547035688608958e+03 9.775991985474389878e+01
8.732747167398645615e+03 1.003414128594963159e+02
8.732947299108682273e+03 1.039527245090896059e+02
8.733147430818717112e+03 9.300352551267661738e+01
8.733347562528751951e+03 9.361472431959722940e+01
8.733547694238786789e+03 9.141070049223941396e+01
8.733747825948823447e+03 9.092082502580730363e+01
8.733947957658860105e+03 8.985895201540161281e+01
8.734148089368893125e+03 9.395372208712615247e+01
8.734348221078929782e+03 9.751037135561949754e+01
8.734548352788964621e+03 9.207489077383885956e+01
8.734748484499001279e+03 9.707653755339985935e+01
8.734948616209036118e+03 9.856412449822202859e+01
8.735148747919070956e+03 9.998180586272516734e+01
8.735348879629107614e+03 9.506102907366727095e+01
8.735549011339142453e+03 1.006706735915956159e+02
8.735749143049177292e+03 1.026363445625881639e+02
