8.477682450021877230e+03 1.020217894124894968e+02
8.477882395362679745e+03 9.444461857990633291e+01
8.478082340703480440e+03 1.025068158063561299e+02
8.478282286044282955e+03 9.915295875187754859e+01
8.478482231385083651e+03 9.691855729325138213e+01
8.478682176725889803e+03 9.951607450697245838e+01
8.478882122066692318e+03 1.013097556254265186e+02
8.479082067407493014e+03 9.565636543723209684e+01
8.479282012748295529e+03 9.227761845330084611e+01
8.479481958089096224e+03 9.546119929186575348e+01
8.479681903429898739e+03 9.306073826109768277e+01
8.479881848770704892e+03 9.307817059532912651e+01
8.480081794111505587e+03 1.018431226002243619e+02
8.480281739452308102e+03 1.011249431140869177e+02
8.480481684793108798e+03 1.021631847798544754e+02
8.480681630133911312e+03 9.961432830129609783e+01
8.480881575474715646e+03 1.016366481710394822e+02
8.481081520815518161e+03 9.317093841047031333e+01
8.481281466156320676e+03 9.843256621721941713e+01
8.481481411497121371e+03 9.742519400716010125e+01
8.481681356837923886e+03 1.037191106730460461e+02
8.481881302178726401e+03 1.008502855890902339e+02
8.482081247519528915e+03 1.003607615978442027e+02
8.482281192860333249e+03 9.806881151982307188e+01
8.482481138201133945e+03 1.047932729485612953e+02
8.482681083541936459e+03 9.924409160592482237e+01
8.482881028882738974e+03 9.729404986554752099e+01
8.483080974223539670e+03 1.073834226457593104e+02
8.483280919564344003e+03 1.063811318264938564e+02
8.483480864905146518e+03 1.103857558737065290e+02
8.483680810245949033e+03 1.039133762948423083e+02
8.483880755586751548e+03 9.734174396914349359e+01
8.484080700927552243e+03 9.516885164834903321e+01
8.484280646268354758e+03 1.025599404206753036e+02
8.484480591609157273e+03 9.858371330307194569e+01
8.484680536949961606e+03 9.426252724543091688e+01
8.484880482290764121e+03 1.038040109991382707e+02
8.485080427631564817e+03 1.023984708781082986e+02
8.485280372972367331e+03 1.009437722946597233e+02
8.485480318313169846e+03 1.011116675708959747e+02
8.485680263653972361e+03 1.001660034410493836e+02
8.485880208994776694e+03 9.599720794677212155e+01
8.486080154335577390e+03 9.114600136093710603e+01
8.486280099676379905e+03 9.448999889552254672e+01
8.486480045017180601e+03 9.953267159213248760e+01
8.486679990357984934e+03 1.072314931178887889e+02
8.486879935698787449e+03 1.003922907433322251e+02
8.487079881039589964e+03 9.603788388801733333e+01
8.487279826380392478e+03 9.888701381503484811e+01
8.487479771721193174e+03 9.800970532296612703e+01
8.487679717061995689e+03 1.028629984904475378e+02
8.487879662402800022e+03 1.035960614607153758e+02
8.488079607743600718e+03 1.051511066314547662e+02
8.488279553084405052e+03 9.974081648414792767e+01
8.488479498425205747e+03 9.330721461425862628e+01
8.488679443766008262e+03 9.717560398065032246e+01
8.488879389106810777e+03 1.026835276571280673e+02
8.489079334447613292e+03 9.891608204589907416e+01
8.489279279788415806e+03 1.029021808279036492e+02
8.489479225129218321e+03 1.029078269633111233e+02
8.489679170470020836e+03 1.028363226571166820e+02
8.489879115810823350e+03 9.813847770644193247e+01
8.490079061151625865e+03 9.916904855749505998e+01
8.490279006492428380e+03 1.053049992347541064e+02
8.490478951833229075e+03 1.006988118494047200e+02
8.490678897174033409e+03 8.850878519685389278e+01
8.490878842514835924e+03 1.030585042557059552e+02
8.491078787855636619e+03 9.958413729707098128e+01
8.491278733196440953e+03 1.018549541685840438e+02
8.491478678537241649e+03 1.051134862184933638e+02
8.491678623878044164e+03 9.428764393963606949e+01
8.491878569218848497e+03 9.719377699004861881e+01
8.492078514559649193e+03 9.552817776951155793e+01
8.492278459900451708e+03 9.643400655886132711e+01
8.492478405241254222e+03 9.977895136730198544e+01
8.492678350582056737e+03 1.049624926481270393e+02
8.492878295922859252e+03 9.091875732312293223e+01
8.493078241263659947e+03 9.439752794163771910e+01
8.493278186604464281e+03 9.383766982238243770e+01
8.493478131945264977e+03 9.701244433929552713e+01
8.493678077286069311e+03 9.218566200839569547e+01
8.493878022626871825e+03 9.167594801717868336e+01
8.494077967967672521e+03 8.961676495967836331e+01
8.494277913308475036e+03 9.368334470993544016e+01
8.494477858649277550e+03 9.501924850950369716e+01
8.494677803990081884e+03 7.761433866478746779e+01
8.494877749330884399e+03 7.125480764951076651e+01
8.495077694671685094e+03 6.279462878584676844e+01
8.495277640012487609e+03 6.755796990202941288e+01
8.495477585353288305e+03 5.587848883398864075e+01
8.495677530694092638e+03 5.102496076092619148e+01
8.495877476034896972e+03 5.014713435042990852e+01
8.496077421375697668e+03 5.441501865148724448e+01
8.496277366716500183e+03 6.796863140360538580e+01
8.496477312057300878e+03 7.145478853828177535e+01
8.496677257398103393e+03 9.358157900280770036e+01
8.496877202738907727e+03 9.489865423420991419e+01
8.497077148079710241e+03 9.163485357776183093e+01
8.497277093420512756e+03 9.474399283060864718e+01
8.497477038761313452e+03 8.954070687533646833e+01
8.497676984102115966e+03 9.501525750621424038e+01
8.497876929442918481e+03 9.462620622589165009e+01
8.498076874783720996e+03 1.025180898886203522e+02
8.498276820124525329e+03 1.021628885982062798e+02
8.498476765465326025e+03 9.158682746469061442e+01
8.498676710806128540e+03 1.002989255825144568e+02
8.498876656146931055e+03 9.289054910656112440e+01
8.499076601487731750e+03 9.906728755704995137e+01
8.499276546828537903e+03 9.778978864889914746e+01
8.499476492169338599e+03 9.362594475830286456e+01
8.499676437510141113e+03 9.852424925368835318e+01
8.499876382850943628e+03 9.137084180430005631e+01
8.500076328191744324e+03 9.128550038933468613e+01
8.500276273532546838e+03 9.184850289096658571e+01
8.500476218873351172e+03 9.240680804338644805e+01
8.500676164214153687e+03 9.748465017210510553e+01
8.500876109554956201e+03 1.010550864344923099e+02
8.501076054895756897e+03 9.884894549686985954e+01
8.501276000236559412e+03 1.043818958199194924e+02
8.501475945577360108e+03 1.002277759344568295e+02
8.501675890918166260e+03 9.960253018201372299e+01
8.501875836258968775e+03 9.741721354363798469e+01
8.502075781599769471e+03 9.922513834955569223e+01
8.502275726940571985e+03 9.033609505174223386e+01
8.502475672281372681e+03 9.084897374924040037e+01
8.502675617622175196e+03 9.520129404028013198e+01
8.502875562962981348e+03 9.782234360729519551e+01
8.503075508303782044e+03 1.085001328115443044e+02
8.503275453644584559e+03 1.038137173741533417e+02
8.503475398985385254e+03 9.465318052743320720e+01
8.503675344326187769e+03 9.855471265778224677e+01
8.503875289666992103e+03 9.818925078579584920e+01
8.504075235007794618e+03 1.017310736625016716e+02
8.504275180348597132e+03 9.725416668887126548e+01
8.504475125689397828e+03 9.908005731858870035e+01
8.504675071030200343e+03 1.012684859205797920e+02
8.504875016371002857e+03 1.045988311158037192e+02
8.505074961711805372e+03 9.823161818272758694e+01
8.505274907052609706e+03 1.007698731425851832e+02
8.505474852393410401e+03 1.063926815258534475e+02
8.505674797734212916e+03 1.017750039567827116e+02
8.505874743075015431e+03 1.050821189286883452e+02
8.506074688415816127e+03 9.364206319320796013e+01
8.506274633756620460e+03 9.886294413207315301e+01
8.506474579097422975e+03 9.635797849088849887e+01
8.506674524438225490e+03 1.069916825665671212e+02
8.506874469779028004e+03 9.738397908347755560e+01
8.507074415119828700e+03 9.254738763351592468e+01
8.507274360460633034e+03 1.012898626746028867e+02
8.507474305801433729e+03 9.170379841038855773e+01
8.507674251142236244e+03 1.014951315175821804e+02
8.507874196483040578e+03 1.019506091782454718e+02
8.508074141823841273e+03 9.669286712369422787e+01
8.508274087164643788e+03 1.019119008673737881e+02
8.508474032505446303e+03 9.501114753251619049e+01
8.508673977846248818e+03 9.951597539300206563e+01
8.508873923187051332e+03 9.712785962843861398e+01
8.509073868527853847e+03 9.904724051299992027e+01
8.509273813868656362e+03 9.398470544631069856e+01
8.509473759209457057e+03 9.388791399453531028e+01
8.509673704550261391e+03 1.070459822751713119e+02
8.509873649891063906e+03 1.049822444700064494e+02
8.510073595231864601e+03 1.025049325392877222e+02
8.510273540572668935e+03 1.033661978148726632e+02
8.510473485913469631e+03 1.015617921801598555e+02
8.510673431254272145e+03 9.795117375851552310e+01
8.510873376595076479e+03 9.752051465463571844e+01
8.511073321935877175e+03 1.041300731539181470e+02
8.511273267276679690e+03 9.458346840131765987e+01
8.511473212617482204e+03 8.215763793803817805e+01
8.511673157958284719e+03 8.941499602846224093e+01
8.511873103299089053e+03 8.538114074326075809e+01
8.512073048639889748e+03 8.372562836207876558e+01
8.512272993980692263e+03 9.560104067991069599e+01
8.512472939321492959e+03 9.243216352954699744e+01
8.512672884662297292e+03 1.003898420822244759e+02
8.512872830003099807e+03 1.021971892158151860e+02
8.513072775343902322e+03 9.677217977012752215e+01
8.513272720684704836e+03 9.524773282126308516e+01
8.513472666025505532e+03 1.001035100348745317e+02
8.513672611366308047e+03 9.058021060416275816e+01
8.513872556707112381e+03 9.303943658167460740e+01
8.514072502047913076e+03 1.045890422723042974e+02
8.514272447388717410e+03 1.021944473037355721e+02
8.514472392729518106e+03 9.519957187766428319e+01
8.514672338070320620e+03 9.976301916646070822e+01
8.514872283411123135e+03 9.408926001046985732e+01
8.515072228751925650e+03 9.837685428704176616e+01
8.515272174092728164e+03 9.850782949100207020e+01
8.515472119433530679e+03 1.039456533148286610e+02
8.515672064774333194e+03 1.054530458002912070e+02
8.515872010115135708e+03 9.948451076887843669e+01
8.516071955455936404e+03 9.651238667912551250e+01
8.516271900796740738e+03 1.048806837632092623e+02
8.516471846137543253e+03 1.026626568857322184e+02
8.516671791478345767e+03 9.351145921686647000e+01
8.516871736819148282e+03 1.020945630752910773e+02
8.517071682159948978e+03 9.814927885801620278e+01
8.517271627500751492e+03 1.022793304184299643e+02
8.517471572841554007e+03 9.856944567978483462e+01
8.517671518182358341e+03 9.846370474621835456e+01
8.517871463523160855e+03 9.987412760708043891e+01
8.518071408863961551e+03 9.812354958277477124e+01
8.518271354204764066e+03 1.005400227394184327e+02
8.518471299545564762e+03 1.092075646165666569e+02
8.518671244886369095e+03 1.045543104597268353e+02
8.518871190227173429e+03 9.027034772608271851e+01
8.519071135567974125e+03 9.254786456652094273e+01
8.519271080908776639e+03 1.049938238027785644e+02
8.519471026249577335e+03 9.924296786755184030e+01
8.519670971590379850e+03 1.023507032627288282e+02
8.519870916931184183e+03 1.010418939406182517e+02
8.520070862271986698e+03 9.683186174432626103e+01
8.520270807612789213e+03 9.094993380801989247e+01
8.520470752953589908e+03 9.764024970800343795e+01
8.520670698294392423e+03 9.992605734124764183e+01
8.520870643635194938e+03 9.591481278906101693e+01
8.521070588975997453e+03 1.023511541638640665e+02
8.521270534316801786e+03 1.050565492219558337e+02
8.521470479657602482e+03 1.031380028248638752e+02
8.521670424998404997e+03 1.007854622190533860e+02
8.521870370339207511e+03 1.029943899656612984e+02
8.522070315680008207e+03 1.043846402017920951e+02
8.522270261020812541e+03 1.032988349056930844e+02
8.522470206361615055e+03 9.943423606425817241e+01
8.522670151702417570e+03 1.009719207785306025e+02
8.522870097043220085e+03 9.598745321075739412e+01
8.523070042384020780e+03 1.076677641181110516e+02
8.523269987724823295e+03 9.495442281386362993e+01
8.523469933065625810e+03 1.029551213586952940e+02
8.523669878406430144e+03 1.043383968432445812e+02
8.523869823747232658e+03 9.699737450260977312e+01
8.524069769088033354e+03 9.322736962547242001e+01
8.524269714428835869e+03 1.058957780174165464e+02
8.524469659769636564e+03 9.206763595525106325e+01
8.524669605110440898e+03 9.792998348298934275e+01
8.524869550451245232e+03 1.001040773054238855e+02
8.525069495792045927e+03 9.498780960709798649e+01
8.525269441132848442e+03 9.930981335299847501e+01
8.525469386473649138e+03 9.916206505478335487e+01
8.525669331814453471e+03 9.887253777259135745e+01
8.525869277155255986e+03 9.824317470705257449e+01
8.526069222496058501e+03 9.551969080560967029e+01
8.526269167836861016e+03 1.036944284684942943e+02
8.526469113177661711e+03 8.889379751013085240e+01
8.526669058518464226e+03 9.652499367356959681e+01
8.526869003859268560e+03 9.715961028875483407e+01
8.527068949200069255e+03 1.005412090754347787e+02
8.527268894540873589e+03 9.969401963819757384e+01
8.527468839881674285e+03 9.901938320007843686e+01
8.527668785222476799e+03 9.347972019066823179e+01
8.527868730563279314e+03 9.790084351787957928e+01
8.528068675904081829e+03 1.011247004738490034e+02
8.528268621244884343e+03 9.824980682109222130e+01
8.528468566585686858e+03 1.029307418203680129e+02
8.528668511926489373e+03 1.014113850409679287e+02
8.528868457267291888e+03 9.175069368145480553e+01
8.529068402608092583e+03 1.004528203048767665e+02
8.529268347948896917e+03 9.628559688903546032e+01
8.529468293289697613e+03 9.758587167262601270e+01
8.529668238630501946e+03 1.009687678446145185e+02
8.529868183971304461e+03 9.917522709512192591e+01
8.530068129312105157e+03 1.047922887912489927e+02
8.530268074652909490e+03 1.013554894838260765e+02
8.530468019993710186e+03 9.111298713792018589e+01
8.530667965334512701e+03 9.970285383356923603e+01
8.530867910675317034e+03 1.039669277696826271e+02
8.531067856016117730e+03 9.731242450628083418e+01
8.531267801356920245e+03 9.803911145416438444e+01
8.531467746697722760e+03 9.651472089330910364e+01
8.531667692038525274e+03 9.263698361413312909e+01
8.531867637379327789e+03 1.009927128469708180e+02
8.532067582720130304e+03 9.961733745250444372e+01
8.532267528060932818e+03 9.932292120459490548e+01
8.532467473401733514e+03 9.220812305654771990e+01
8.532667418742537848e+03 9.393002356313601808e+01
8.532867364083340362e+03 9.670376956371043775e+01
8.533067309424141058e+03 9.412815366736285227e+01
8.533267254764945392e+03 8.930613651820691246e+01
8.533467200105746088e+03 9.943050408352465297e+01
8.533667145446548602e+03 9.499119033996237249e+01
8.533867090787352936e+03 9.904378129154397925e+01
8.534067036128153632e+03 9.817537486034866845e+01
8.534266981468956146e+03 1.000353632195677420e+02
8.534466926809758661e+03 1.017709026953577336e+02
8.534666872150561176e+03 9.275471997246678768e+01
8.534866817491365509e+03 9.161417482064054241e+01
8.535066762832166205e+03 9.590198704892209491e+01
8.535266708172968720e+03 1.004267597495982756e+02
8.535466653513769415e+03 8.701610976412162302e+01
8.535666598854571930e+03 8.915036428202844832e+01
8.535866544195376264e+03 9.423119928564898373e+01
8.536066489536178779e+03 8.993950729213305806e+01
8.536266434876981293e+03 9.542153717960809445e+01
8.536466380217781989e+03 9.390419533774283423e+01
8.536666325558584504e+03 8.768256285031708330e+01
8.536866270899387018e+03 9.079391840682612269e+01
8.537066216240189533e+03 8.729218522936028535e+01
8.537266161580993867e+03 8.763575358372247592e+01
8.537466106921794562e+03 7.764288444081964258e+01
8.537666052262597077e+03 8.298359059841857288e+01
8.537865997603399592e+03 8.144913297602757041e+01
8.538065942944200287e+03 8.007448360759050843e+01
8.538265888285004621e+03 7.569066745132737140e+01
8.538465833625807136e+03 7.172694065878442871e+01
8.538665778966609651e+03 7.419414345146157075e+01
8.538865724307412165e+03 6.265807559228333901e+01
8.539065669648212861e+03 5.597692160534638361e+01
8.539265614989015376e+03 5.348594264492844985e+01
8.539465560329819709e+03 3.983136801353878553e+01
8.539665505670622224e+03 4.259990873804867562e+01
8.539865451011424739e+03 3.755600995817346899e+01
8.540065396352225434e+03 4.134916294436585105e+01
8.540265341693027949e+03 4.924421190935589010e+01
8.540465287033828645e+03 6.164238487880845696e+01
8.540665232374634797e+03 6.524671537655778764e+01
8.540865177715437312e+03 7.483703146671338402e+01
8.541065123056238008e+03 7.614076201673381661e+01
8.541265068397040523e+03 8.118273340403158045e+01
8.541465013737841218e+03 7.758808720319500196e+01
8.541664959078643733e+03 7.811185541657869180e+01
8.541864904419449886e+03 7.987968335047882817e+01
8.542064849760250581e+03 8.703589611914111401e+01
8.542264795101053096e+03 8.209491686041262426e+01
8.542464740441853792e+03 8.629656109180351109e+01
8.542664685782656306e+03 8.725497337575110635e+01
8.542864631123458821e+03 9.051507106064990182e+01
8.543064576464263155e+03 9.353538004289801222e+01
8.543264521805065669e+03 8.679466180634734940e+01
8.543464467145866365e+03 9.180848609977549302e+01
8.543664412486668880e+03 9.005152001274123563e+01
8.543864357827471395e+03 9.702789350969365501e+01
8.544064303168273909e+03 9.284471649407863936e+01
8.544264248509078243e+03 8.969308709277159153e+01
8.544464193849878939e+03 9.957981602668688481e+01
8.544664139190681453e+03 9.472499419340731208e+01
8.544864084531483968e+03 9.771844061009419136e+01
8.545064029872284664e+03 9.373550645060785769e+01
8.545263975213088997e+03 9.601046058543357731e+01
8.545463920553891512e+03 8.883654819607258446e+01
8.545663865894694027e+03 9.474429893304788663e+01
8.545863811235496541e+03 1.005827899739101667e+02
8.546063756576297237e+03 9.859432665410849950e+01
8.546263701917099752e+03 9.830264698550070079e+01
8.546463647257902267e+03 9.708313291306893689e+01
8.546663592598706600e+03 9.437631421730152681e+01
8.546863537939509115e+03 9.656775058756183228e+01
8.547063483280309811e+03 9.912319714994491449e+01
8.547263428621112325e+03 9.498836791745836194e+01
8.547463373961914840e+03 9.450663780260849478e+01
8.547663319302717355e+03 9.677361402896723064e+01
8.547863264643521688e+03 1.041884839398187239e+02
8.548063209984322384e+03 1.022081033972333017e+02
8.548263155325124899e+03 9.353741309464179210e+01
8.548463100665925595e+03 9.774084290844393763e+01
8.548663046006729928e+03 9.706055793682740784e+01
8.548862991347532443e+03 9.716672970758911276e+01
8.549062936688334958e+03 9.792915036131832096e+01
8.549262882029137472e+03 1.030362710191505613e+02
8.549462827369938168e+03 9.235481732461337856e+01
8.549662772710740683e+03 8.946721629862027214e+01
8.549862718051545016e+03 1.024445306404750795e+02
8.550062663392345712e+03 1.010873631775429402e+02
8.550262608733148227e+03 1.060075573109218823e+02
8.550462554073950741e+03 9.735605001002140568e+01
8.550662499414753256e+03 9.663650471927870456e+01
8.550862444755555771e+03 1.016345661053557450e+02
8.551062390096358286e+03 9.467975254876452595e+01
8.551262335437160800e+03 9.907220209107131836e+01
8.551462280777961496e+03 9.632548008461384370e+01
8.551662226118765830e+03 9.553697774181924274e+01
8.551862171459568344e+03 9.750660117910821612e+01
8.552062116800370859e+03 1.017557038117323458e+02
8.552262062141173374e+03 9.678287728006603174e+01
8.552462007481974069e+03 1.026187011185563733e+02
8.552661952822776584e+03 1.018687061088011347e+02
8.552861898163580918e+03 9.973074129867379156e+01
8.553061843504381613e+03 9.759892032521429428e+01
8.553261788845185947e+03 9.684397555713556471e+01
8.553461734185986643e+03 1.032832006151629969e+02
8.553661679526789158e+03 9.667979989099410432e+01
8.553861624867591672e+03 1.013684622958367640e+02
8.554061570208394187e+03 9.450672608868291036e+01
8.554261515549196702e+03 9.931116192080257576e+01
8.554461460889999216e+03 8.859956617357249797e+01
8.554661406230801731e+03 9.271345752576422683e+01
8.554861351571604246e+03 9.922510464497497651e+01
8.555061296912404941e+03 1.011224892594288889e+02
8.555261242253209275e+03 1.002850976044965847e+02
8.555461187594009971e+03 9.964412231113806229e+01
8.555661132934814304e+03 9.574685514683334020e+01
8.555861078275616819e+03 1.020041360807973518e+02
8.556061023616417515e+03 9.691962426866888336e+01
8.556260968957220030e+03 1.038673146022909179e+02
8.556460914298022544e+03 9.487860990679735096e+01
8.556660859638826878e+03 1.053764761039525695e+02
8.556860804979629393e+03 9.445953755601948387e+01
8.557060750320430088e+03 9.537203953761638786e+01
8.557260695661232603e+03 9.419079405375377689e+01
8.557460641002033299e+03 9.828565084531612683e+01
8.557660586342837632e+03 9.689709477591476627e+01
8.557860531683641966e+03 1.012197238341612149e+02
8.558060477024442662e+03 1.040984753143065831e+02
8.558260422365245176e+03 1.024011129774255693e+02
8.558460367706045872e+03 9.544870567237988723e+01
8.558660313046848387e+03 9.797607234793161979e+01
8.558860258387652721e+03 9.574999548261089899e+01
8.559060203728455235e+03 9.516853646241261799e+01
8.559260149069257750e+03 9.947189917177598772e+01
8.559460094410058446e+03 9.484595028945452100e+01
8.559660039750860960e+03 9.743180613556550895e+01
8.559859985091663475e+03 1.014539060465609452e+02
8.560059930432465990e+03 9.924185441169478850e+01
8.560259875773270323e+03 1.006781347240496984e+02
8.560459821114071019e+03 1.032310145268908599e+02
8.560659766454873534e+03 9.701217083056826596e+01
8.560859711795676048e+03 9.821810583961426744e+01
8.561059657136476744e+03 1.017051734848023727e+02
8.561259602477282897e+03 1.044020773848302497e+02
8.561459547818083593e+03 9.794555450927771290e+01
8.561659493158886107e+03 9.520185333755129875e+01
8.561859438499688622e+03 9.677454128791021049e+01
8.562059383840489318e+03 9.893262749899520259e+01
8.562259329181291832e+03 9.944907307615024195e+01
8.562459274522096166e+03 1.038426001878539466e+02
8.562659219862898681e+03 9.342125179177276095e+01
8.562859165203701195e+03 9.587903720170805855e+01
8.563059110544501891e+03 1.000350299802439480e+02
8.563259055885304406e+03 9.389585005319811728e+01
8.563459001226105102e+03 1.041542229532155659e+02
8.563658946566911254e+03 1.066279547365105316e+02
8.563858891907713769e+03 1.029280789185511935e+02
8.564058837248514465e+03 9.898338094568784129e+01
8.564258782589316979e+03 9.729366835276360348e+01
8.564458727930117675e+03 9.642839352745286874e+01
8.564658673270920190e+03 9.917346872592449358e+01
8.564858618611724523e+03 1.060341079760833338e+02
8.565058563952527038e+03 1.009813724819618415e+02
8.565258509293329553e+03 1.027924998778246390e+02
8.565458454634130248e+03 9.342781055485123431e+01
8.565658399974932763e+03 1.003865313459091340e+02
8.565858345315737097e+03 1.025933207000806959e+02
8.566058290656537793e+03 9.670167025438401254e+01
8.566258235997342126e+03 1.037552367762372398e+02
8.566458181338142822e+03 9.767328551948345705e+01
8.566658126678945337e+03 9.932934300056903965e+01
8.566858072019747851e+03 9.739994112699031348e+01
8.567058017360550366e+03 1.004742566252755864e+02
8.567257962701352881e+03 1.004610557214000153e+02
8.567457908042155395e+03 1.022766079402919530e+02
8.567657853382957910e+03 1.006531482099182142e+02
8.567857798723760425e+03 9.902262244459517149e+01
8.568057744064561120e+03 9.823270455353251407e+01
8.568257689405365454e+03 1.004885368357988824e+02
8.568457634746166150e+03 1.050182167263408104e+02
8.568657580086970484e+03 1.012664471834321915e+02
8.568857525427772998e+03 9.963800552509316333e+01
8.569057470768573694e+03 1.001068874702131524e+02
8.569257416109376209e+03 9.761931455960407789e+01
8.569457361450178723e+03 1.013959608779900066e+02
8.569657306790981238e+03 1.020579249816922101e+02
8.569857252131785572e+03 9.650332024915421414e+01
8.570057197472586267e+03 9.550188788497193570e+01
8.570257142813388782e+03 9.707482838800058289e+01
8.570457088154191297e+03 9.769357240139331111e+01
8.570657033494993811e+03 1.074340780462826785e+02
8.570856978835796326e+03 9.981314941266418828e+01
8.571056924176598841e+03 1.003693074108066980e+02
8.571256869517401356e+03 1.017213198369700393e+02
8.571456814858202051e+03 9.781987041350066647e+01
8.571656760199006385e+03 1.031294840558118722e+02
8.571856705539808900e+03 1.024846352905217657e+02
8.572056650880609595e+03 9.703261883667495624e+01
8.572256596221413929e+03 9.955282873789509779e+01
8.572456541562214625e+03 9.593311232110792730e+01
8.572656486903017139e+03 1.084683430503429236e+02
8.572856432243821473e+03 9.798722323762298458e+01
8.573056377584622169e+03 1.000202062347633927e+02
8.573256322925424683e+03 9.381105801823817103e+01
8.573456268266227198e+03 9.964386779747167111e+01
8.573656213607029713e+03 1.033237348745262949e+02
8.573856158947832228e+03 1.004517262718558754e+02
8.574056104288634742e+03 1.054784816824515588e+02
8.574256049629437257e+03 1.021554760878250079e+02
8.574455994970237953e+03 1.065561555209696536e+02
8.574655940311042286e+03 9.874652748174014505e+01
8.574855885651844801e+03 9.384227962572046522e+01
8.575055830992647316e+03 9.792734883884438091e+01
8.575255776333449830e+03 9.731344581264795579e+01
8.575455721674250526e+03 9.464265151800965725e+01
8.575655667015053041e+03 9.827009176742218699e+01
8.575855612355857374e+03 9.653383255699667131e+01
8.576055557696658070e+03 1.034786793508843061e+02
8.576255503037462404e+03 9.932080635813342440e+01
8.576455448378263100e+03 1.053687463524603629e+02
8.576655393719065614e+03 1.091963752395463132e+02
8.576855339059868129e+03 9.976904243509640935e+01
8.577055284400670644e+03 9.374342819334356136e+01
8.577255229741473158e+03 9.753583335618833416e+01
8.577455175082275673e+03 1.079550893625990113e+02
8.577655120423078188e+03 9.910473983427445432e+01
8.577855065763880702e+03 9.486147831619888393e+01
8.578055011104681398e+03 1.011371775831381541e+02
8.578254956445483913e+03 9.944800666638180076e+01
8.578454901786286428e+03 9.441030002175300240e+01
8.578654847127090761e+03 1.043811396964318163e+02
8.578854792467893276e+03 1.045411249016286064e+02
8.579054737808693972e+03 1.012360513174820795e+02
8.579254683149496486e+03 1.059298686311332318e+02
8.579454628490297182e+03 9.787193058053355799e+01
8.579654573831103335e+03 9.695115620883831298e+01
8.579854519171905849e+03 9.297256900423687398e+01
8.580054464512706545e+03 8.552251440041621322e+01
8.580254409853509060e+03 9.549263961578833459e+01
8.580454355194309755e+03 1.018816927679685591e+02
8.580654300535112270e+03 9.761283371702819522e+01
8.580854245875918423e+03 9.997775349682328283e+01
8.581054191216719119e+03 1.039747090138291412e+02
8.581254136557521633e+03 9.418461105982029835e+01
8.581454081898322329e+03 1.004056613879130140e+02
8.581654027239124844e+03 1.052788891575508075e+02
8.581853972579927358e+03 9.703349639625065493e+01
8.582053917920731692e+03 1.000137337928180301e+02
8.582253863261534207e+03 9.217835046310001701e+01
8.582453808602334902e+03 1.081444451819279493e+02
8.582653753943137417e+03 1.012109621829424100e+02
8.582853699283939932e+03 9.747518930350138078e+01
8.583053644624740627e+03 1.014097486838149393e+02
8.583253589965546780e+03 1.018573223601809445e+02
8.583453535306347476e+03 9.719173005279623112e+01
8.583653480647149991e+03 1.034288953292479789e+02
8.583853425987952505e+03 9.777166624992848654e+01
8.584053371328753201e+03 9.320765369521703292e+01
8.584253316669557535e+03 1.016338915585135396e+02
8.584453262010360049e+03 9.793144280035453164e+01
8.584653207351162564e+03 9.989225901701954058e+01
8.584853152691965079e+03 9.586213903089711152e+01
8.585053098032765774e+03 1.052494199003236304e+02
8.585253043373568289e+03 1.025910299489469253e+02
8.585452988714370804e+03 9.988030498455596273e+01
8.585652934055175137e+03 1.000530711187308981e+02
8.585852879395977652e+03 1.031323164648351565e+02
8.586052824736778348e+03 1.042289590777641592e+02
8.586252770077580863e+03 1.082991640248102954e+02
8.586452715418381558e+03 9.847904597983520603e+01
8.586652660759185892e+03 1.011131182143795542e+02
8.586852606099990226e+03 1.047352922069709393e+02
8.587052551440790921e+03 9.957536146537657373e+01
8.587252496781593436e+03 9.480495763011701627e+01
8.587452442122394132e+03 9.464648224094578666e+01
8.587652387463198465e+03 9.600187232443437324e+01
8.587852332804000980e+03 9.800070500998673140e+01
8.588052278144803495e+03 9.873030160391397203e+01
8.588252223485606009e+03 1.032973118009645646e+02
8.588452168826406705e+03 9.388757786502215197e+01
8.588652114167209220e+03 1.028910029543631310e+02
8.588852059508013554e+03 9.639821694961800347e+01
8.589052004848814249e+03 9.485934952114097030e+01
8.589251950189618583e+03 9.947467948617578770e+01
8.589451895530419279e+03 8.893204561342250258e+01
8.589651840871221793e+03 1.023318468179513587e+02
8.589851786212024308e+03 9.309221740859392469e+01
8.590051731552826823e+03 9.748008932072715993e+01
8.590251676893629337e+03 9.568634315385327227e+01
8.590451622234431852e+03 9.825100385315548124e+01
8.590651567575234367e+03 1.065752268441875259e+02
8.590851512916036882e+03 9.461724424564198443e+01
8.591051458256837577e+03 1.016349912314261843e+02
8.591251403597641911e+03 9.798724830373735983e+01
8.591451348938442607e+03 9.536689540956224675e+01
8.591651294279246940e+03 9.524118838229209416e+01
8.591851239620049455e+03 9.933784721742416934e+01
8.592051184960850151e+03 1.032459958475577935e+02
8.592251130301654484e+03 9.826325832676680250e+01
8.592451075642455180e+03 9.678132113570967476e+01
8.592651020983257695e+03 9.469376466270311710e+01
8.592850966324060209e+03 1.018872900489113960e+02
8.593050911664862724e+03 1.039440122533052602e+02
8.593250857005665239e+03 1.038652735712837654e+02
8.593450802346467754e+03 1.008575927514183235e+02
8.593650747687270268e+03 1.023685120355961402e+02
8.593850693028072783e+03 9.974059848913853443e+01
8.594050638368873479e+03 1.015629303107906622e+02
8.594250583709677812e+03 9.897628368222703443e+01
8.594450529050478508e+03 1.014351740998937004e+02
8.594650474391282842e+03 9.818971491087883408e+01
8.594850419732085356e+03 9.933777859092207052e+01
8.595050365072886052e+03 1.017746250049452499e+02
8.595250310413688567e+03 9.531621947037513110e+01
8.595450255754491081e+03 1.008097885806709968e+02
8.595650201095293596e+03 9.856103350568868393e+01
8.595850146436097930e+03 9.661779383907072827e+01
8.596050091776898626e+03 9.146315024136379179e+01
8.596250037117701140e+03 9.014271525830183407e+01
8.596449982458501836e+03 9.838917733279926381e+01
8.596649927799306170e+03 9.237637967353266788e+01
8.596849873140110503e+03 1.017868469267052376e+02
8.597049818480911199e+03 1.024047862598535517e+02
8.597249763821713714e+03 1.049190950765777472e+02
8.597449709162514409e+03 9.615840450370524195e+01
8.597649654503316924e+03 9.817267327468840676e+01
8.597849599844121258e+03 9.786963390199832702e+01
8.598049545184923772e+03 9.616030457514126795e+01
8.598249490525726287e+03 1.066512801342121577e+02
8.598449435866526983e+03 9.745666842903719385e+01
8.598649381207329498e+03 1.114900963064962269e+02
8.598849326548132012e+03 9.686836423547680397e+01
8.599049271888934527e+03 1.030083792540688705e+02
8.599249217229738861e+03 9.857674593942485330e+01
8.599449162570539556e+03 1.016665039232693886e+02
8.599649107911342071e+03 9.890903504751941000e+01
8.599849053252144586e+03 9.991665091531191933e+01
8.600048998592945281e+03 1.028433432946287809e+02
8.600248943933749615e+03 9.652714834223142759e+01
8.600448889274552130e+03 1.004037550556685829e+02
8.600648834615354644e+03 1.056707769084994766e+02
8.600848779956157159e+03 1.000132217418336609e+02
8.601048725296957855e+03 1.039161049213030878e+02
8.601248670637760370e+03 1.024209512607230863e+02
8.601448615978564703e+03 1.119294417083770981e+02
8.601648561319367218e+03 9.091979010560544339e+01
8.601848506660169733e+03 1.008384375358689624e+02
8.602048452000970428e+03 1.015524677789185830e+02
8.602248397341772943e+03 9.997622748296576844e+01
8.602448342682573639e+03 1.060861961334102261e+02
8.602648288023379791e+03 1.003147892007695532e+02
8.602848233364182306e+03 9.689030351254207574e+01
8.603048178704983002e+03 1.013957375415651114e+02
8.603248124045785517e+03 9.675604930362985101e+01
8.603448069386586212e+03 1.019842639807632025e+02
8.603648014727388727e+03 9.740005878556726771e+01
8.603847960068194880e+03 9.859147648157576782e+01
8.604047905408995575e+03 9.555200291055575690e+01
8.604247850749798090e+03 9.956882628068206031e+01
8.604447796090598786e+03 9.689041374589146471e+01
8.604647741431401300e+03 9.863784738102229710e+01
8.604847686772203815e+03 9.552415479159810729e+01
8.605047632113008149e+03 9.562173857325585402e+01
8.605247577453810663e+03 1.096573088262365161e+02
8.605447522794611359e+03 1.041541073585338495e+02
8.605647468135413874e+03 9.544820558334576788e+01
8.605847413476216389e+03 9.450940176184516872e+01
8.606047358817018903e+03 9.152609485656724075e+01
8.606247304157823237e+03 9.807298479851542083e+01
8.606447249498623933e+03 9.989184452617512022e+01
8.606647194839426447e+03 9.864003373476577963e+01
8.606847140180228962e+03 1.032082870033967765e+02
8.607047085521029658e+03 1.011789989806564591e+02
8.607247030861833991e+03 1.016073812217456265e+02
8.607446976202634687e+03 1.005042153856853702e+02
8.607646921543439021e+03 9.985708096504086484e+01
8.607846866884241535e+03 9.566067204677591462e+01
8.608046812225042231e+03 1.044992965139287122e+02
8.608246757565844746e+03 9.602489194595648314e+01
8.608446702906647261e+03 1.003102528003082057e+02
8.608646648247449775e+03 1.009956336024562518e+02
8.608846593588254109e+03 9.893136108026739350e+01
8.609046538929054805e+03 8.726921762194086796e+01
8.609246484269857319e+03 8.933793477964449892e+01
8.609446429610658015e+03 8.763937696294654245e+01
8.609646374951462349e+03 9.415166365391101522e+01
8.609846320292264863e+03 9.185170720399274558e+01
8.610046265633067378e+03 9.402132557696008064e+01
8.610246210973869893e+03 1.057802678690739668e+02
8.610446156314670588e+03 1.012543168006894945e+02
8.610646101655474922e+03 1.000795726547681141e+02
8.610846046996277437e+03 9.982386574104835120e+01
8.611045992337078133e+03 1.070128654325383479e+02
8.611245937677882466e+03 1.029988198251033822e+02
8.611445883018683162e+03 1.012170909145616662e+02
8.611645828359485677e+03 1.019783765836332492e+02
8.611845773700290010e+03 9.616749401471976455e+01
8.612045719041090706e+03 9.707544497084390400e+01
8.612245664381893221e+03 1.028216510624024664e+02
8.612445609722695735e+03 9.993578292536261642e+01
8.612645555063498250e+03 1.032125294712737968e+02
8.612845500404300765e+03 1.055868474610161485e+02
8.613045445745103279e+03 1.040311048648270003e+02
8.613245391085905794e+03 1.008408104132567615e+02
8.613445336426706490e+03 1.051925003982961897e+02
8.613645281767510824e+03 9.955127720758504495e+01
8.613845227108313338e+03 9.623632381226617838e+01
8.614045172449114034e+03 9.782103620217577600e+01
8.614245117789918368e+03 9.194553873984142456e+01
8.614445063130719063e+03 9.276790214165909276e+01
8.614645008471521578e+03 9.749202223305503878e+01
8.614844953812325912e+03 9.437459128464062985e+01
8.615044899153126607e+03 1.003944486179859013e+02
8.615244844493930941e+03 9.986928951332757265e+01
8.615444789834731637e+03 1.000705849241788741e+02
8.615644735175534151e+03 1.057705595876077780e+02
8.615844680516336666e+03 1.033424300633319035e+02
8.616044625857139181e+03 9.997686800158498954e+01
8.616244571197941696e+03 1.004351924203065494e+02
8.616444516538744210e+03 9.878915036954983009e+01
8.616644461879546725e+03 1.052841676031740121e+02
8.616844407220349240e+03 9.734900253056493113e+01
8.617044352561149935e+03 1.030164470920458371e+02
8.617244297901954269e+03 9.988405994156926226e+01
8.617444243242754965e+03 9.761893360098794403e+01
8.617644188583559298e+03 9.842073038622888248e+01
8.617844133924361813e+03 1.004194632079969836e+02
8.618044079265162509e+03 9.735759419731704156e+01
8.618244024605965024e+03 1.003705349744469828e+02
8.618443969946767538e+03 9.949900324483637348e+01
8.618643915287570053e+03 9.520483757170053707e+01
8.618843860628374387e+03 9.147088658659927773e+01
8.619043805969175082e+03 9.377875729992913989e+01
8.619243751309977597e+03 9.180389786450491840e+01
8.619443696650778293e+03 9.096534523271213857e+01
8.619643641991582626e+03 9.357289225588667136e+01
8.619843587332386960e+03 9.119705368686018687e+01
8.620043532673187656e+03 1.033842212677683250e+02
8.620243478013990170e+03 1.064618199005904273e+02
8.620443423354790866e+03 9.913801412677234737e+01
8.620643368695593381e+03 1.006184268766048433e+02
8.620843314036397715e+03 1.060605808740837972e+02
8.621043259377200229e+03 9.646861036292162339e+01
8.621243204718002744e+03 9.564192400084922951e+01
8.621443150058803440e+03 9.709676476947929302e+01
8.621643095399605954e+03 1.053430071417538727e+02
8.621843040740408469e+03 1.001187307973705174e+02
8.622042986081209165e+03 9.469824634691559595e+01
8.622242931422015317e+03 9.610680382670385313e+01
8.622442876762816013e+03 9.798522328399563719e+01
8.622642822103618528e+03 1.068685527733966012e+02
8.622842767444421042e+03 1.066288136336753780e+02
8.623042712785221738e+03 9.583821459307556268e+01
8.623242658126024253e+03 1.005114911063947432e+02
8.623442603466828587e+03 9.798749067495438680e+01
8.623642548807631101e+03 1.030605781051986582e+02
8.623842494148433616e+03 9.688153958441615998e+01
8.624042439489234312e+03 9.567890973437934576e+01
8.624242384830036826e+03 1.054592421279856325e+02
8.624442330170839341e+03 1.044499521106824318e+02
8.624642275511643675e+03 1.014831809269412872e+02
8.624842220852446189e+03 1.043755087742215011e+02
8.625042166193246885e+03 9.290120761898661783e+01
8.625242111534049400e+03 9.850082805018388399e+01
8.625442056874850095e+03 9.796672586896544033e+01
8.625642002215654429e+03 1.004518314101997447e+02
8.625841947556458763e+03 9.645563187735842803e+01
8.626041892897259459e+03 9.708724689952758524e+01
8.626241838238061973e+03 9.718661290695433763e+01
8.626441783578862669e+03 1.054353736493624609e+02
8.626641728919665184e+03 9.875142648258031386e+01
8.626841674260469517e+03 9.718191326748045356e+01
8.627041619601272032e+03 9.573574777923923307e+01
8.627241564942074547e+03 1.035558530710896719e+02
8.627441510282875242e+03 9.605833879171815681e+01
8.627641455623677757e+03 9.837409831013692951e+01
8.627841400964480272e+03 9.738909705947426687e+01
8.628041346305282786e+03 9.790930795926888663e+01
8.628241291646087120e+03 1.004557286504752653e+02
8.628441236986887816e+03 9.127689571104139077e+01
8.628641182327690331e+03 1.085324214407381191e+02
8.628841127668492845e+03 1.023738760236989549e+02
8.629041073009295360e+03 9.291263288397352937e+01
8.629241018350097875e+03 1.020125877247354538e+02
8.629440963690900389e+03 9.852067975608404993e+01
8.629640909031702904e+03 1.018312045879443133e+02
8.629840854372505419e+03 1.022760763478856489e+02
8.630040799713306114e+03 9.796470258920142271e+01
8.630240745054110448e+03 1.082704053936596438e+02
8.630440690394911144e+03 9.830093956422163615e+01
8.630640635735715477e+03 1.006949506640175827e+02
8.630840581076517992e+03 9.859332029671774933e+01
8.631040526417318688e+03 9.842560778315056780e+01
8.631240471758121203e+03 9.652866260609670235e+01
8.631440417098923717e+03 1.056000719673974544e+02
8.631640362439726232e+03 9.969203070103799291e+01
8.631840307780530566e+03 1.025969815240851801e+02
8.632040253121331261e+03 1.036147203651429152e+02
8.632240198462133776e+03 9.553399184719702930e+01
8.632440143802936291e+03 1.029274123986007510e+02
8.632640089143738805e+03 9.542899332901194498e+01
8.632840034484541320e+03 9.731658775493099256e+01
8.633039979825343835e+03 1.032165343417734533e+02
8.633239925166146350e+03 9.633418003697015308e+01
8.633439870506947045e+03 1.066309647367516931e+02
8.633639815847751379e+03 9.854160043595297225e+01
8.633839761188553894e+03 9.864610230370873012e+01
8.634039706529354589e+03 1.026499364101287313e+02
8.634239651870158923e+03 1.031557866198861007e+02
8.634439597210959619e+03 9.951286895260925291e+01
8.634639542551762133e+03 9.696699896610054736e+01
8.634839487892566467e+03 9.815625096269776861e+01
8.635039433233367163e+03 1.044538870866901163e+02
8.635239378574169677e+03 9.709092429725777151e+01
8.635439323914970373e+03 9.727576348358572034e+01
8.635639269255774707e+03 1.053401509521665105e+02
8.635839214596577222e+03 1.058353254942021096e+02
8.636039159937379736e+03 9.837229250670421266e+01
8.636239105278182251e+03 9.708043334597824980e+01
8.636439050618982947e+03 1.032889541850930044e+02
8.636638995959785461e+03 9.339091144673967904e+01
8.636838941300589795e+03 9.802346753627153930e+01
8.637038886641392310e+03 9.976075237315727406e+01
8.637238831982194824e+03 9.606778531191778825e+01
8.637438777322995520e+03 9.358171918174656412e+01
8.637638722663798035e+03 9.764793494543503982e+01
8.637838668004600549e+03 1.017095956895758775e+02
8.638038613345403064e+03 1.002222333057971753e+02
8.638238558686207398e+03 9.937390323938839742e+01
8.638438504027008094e+03 1.064395786640930055e+02
8.638638449367810608e+03 9.474978667890341910e+01
8.638838394708613123e+03 1.008976907384941626e+02
8.639038340049413819e+03 1.059406798246650254e+02
8.639238285390218152e+03 1.029680633606001265e+02
8.639438230731020667e+03 9.591473730870721681e+01
8.639638176071823182e+03 9.557149827384418472e+01
8.639838121412625696e+03 1.005812482319164189e+02
8.640038066753426392e+03 1.077888703820515559e+02
8.640238012094228907e+03 9.149631148758602706e+01
8.640437957435031421e+03 9.925388219998006889e+01
8.640637902775835755e+03 9.533876989965609994e+01
8.640837848116638270e+03 1.025270323041611249e+02
8.641037793457438966e+03 9.769336380296306288e+01
8.641237738798241480e+03 9.664622965019762546e+01
8.641437684139042176e+03 1.060827068018408283e+02
8.641637629479848329e+03 1.027404714561210994e+02
8.641837574820650843e+03 1.060209821535817980e+02
8.642037520161451539e+03 1.030051173329894567e+02
8.642237465502254054e+03 9.310021943956333246e+01
8.642437410843054749e+03 1.055471527065053579e+02
8.642637356183857264e+03 9.906947323973706432e+01
8.642837301524663417e+03 9.952250784731165822e+01
8.643037246865464112e+03 1.017791732568712177e+02
8.643237192206266627e+03 1.063605211335917886e+02
8.643437137547067323e+03 1.014690469566849345e+02
8.643637082887869838e+03 9.881671764278347325e+01
8.643837028228672352e+03 1.004522100231372548e+02
8.644036973569476686e+03 9.722450002921914347e+01
8.644236918910279201e+03 9.940032719559759755e+01
8.644436864251079896e+03 1.026948111240700996e+02
8.644636809591882411e+03 1.055443863047836572e+02
8.644836754932684926e+03 9.249713840193466297e+01
8.645036700273485621e+03 1.000610728653483648e+02
8.645236645614291774e+03 1.017993615417889544e+02
8.645436590955092470e+03 1.019783132780381294e+02
8.645636536295894985e+03 9.943969403440962651e+01
8.645836481636697499e+03 9.530770497140507302e+01
8.646036426977498195e+03 1.011811318190532631e+02
8.646236372318302529e+03 1.002544693381955341e+02
8.646436317659105043e+03 1.066934303303417266e+02
8.646636262999907558e+03 1.035548341546327720e+02
8.646836208340710073e+03 9.733906161104499688e+01
8.647036153681510768e+03 9.989539686840572585e+01
8.647236099022313283e+03 1.040469145677253238e+02
8.647436044363115798e+03 9.497549375010842709e+01
8.647635989703920131e+03 9.602170422015015561e+01
8.647835935044722646e+03 9.246845719929227414e+01
8.648035880385523342e+03 1.072304131006083310e+02
8.648235825726325857e+03 1.006914256299927786e+02
8.648435771067126552e+03 1.036120863220636750e+02
8.648635716407930886e+03 9.515841926297619580e+01
8.648835661748735220e+03 9.829559367767170386e+01
8.649035607089535915e+03 1.017436099552279671e+02
8.649235552430338430e+03 9.697510931147277802e+01
8.649435497771139126e+03 9.517179697628232304e+01
8.649635443111941640e+03 9.741992494532438229e+01
8.649835388452745974e+03 1.021587538896317255e+02
8.650035333793546670e+03 9.490102573396701757e+01
8.650235279134351003e+03 9.977150844472939184e+01
8.650435224475151699e+03 9.819065233775555157e+01
8.650635169815954214e+03 9.221272883937227505e+01
8.650835115156758548e+03 9.402826250821468079e+01
8.651035060497559243e+03 1.004218278747598561e+02
8.651235005838361758e+03 9.756521565565010690e+01
8.651434951179164273e+03 9.704878318951134020e+01
8.651634896519966787e+03 9.477436128963081785e+01
8.651834841860769302e+03 9.735558643438531590e+01
8.652034787201571817e+03 9.928380008536915113e+01
8.652234732542374331e+03 1.000669854870116495e+02
8.652434677883175027e+03 9.691249065966380272e+01
8.652634623223979361e+03 1.029624682135896592e+02
8.652834568564781875e+03 9.429605964587032929e+01
8.653034513905582571e+03 9.800918759482716780e+01
8.653234459246386905e+03 1.020738401656447820e+02
8.653434404587187601e+03 9.628406693887056633e+01
8.653634349927990115e+03 9.392872940245722191e+01
8.653834295268794449e+03 9.721737530344054790e+01
8.654034240609595145e+03 9.907589676689461555e+01
8.654234185950397659e+03 9.418208756627446121e+01
8.654434131291200174e+03 9.650936982951554910e+01
8.654634076632002689e+03 9.760955924384114724e+01
8.654834021972805203e+03 9.718865864783124664e+01
8.655033967313607718e+03 1.010931528939583757e+02
8.655233912654410233e+03 9.731059366891888374e+01
8.655433857995212747e+03 8.841644652673650739e+01
8.655633803336015262e+03 1.003012066519277994e+02
8.655833748676817777e+03 1.026453928414303221e+02
8.656033694017618473e+03 9.231834958770487276e+01
8.656233639358422806e+03 9.942437922642702119e+01
8.656433584699223502e+03 9.700512941647427567e+01
8.656633530040027836e+03 9.692645514946653407e+01
8.656833475380830350e+03 1.006361195879804171e+02
8.657033420721631046e+03 8.946488057651271220e+01
8.657233366062433561e+03 9.382078806276963689e+01
8.657433311403236075e+03 9.005444197378729143e+01
8.657633256744038590e+03 9.030790868787319425e+01
8.657833202084842924e+03 8.732175387067860584e+01
8.658033147425643619e+03 9.065914421512169952e+01
8.658233092766446134e+03 7.708636282822811836e+01
8.658433038107246830e+03 8.070826200453554122e+01
8.658632983448051164e+03 6.766422517143770676e+01
8.658832928788853678e+03 6.848283094986642539e+01
8.659032874129656193e+03 5.805401871084931287e+01
8.659232819470458708e+03 5.387926276423436889e+01
8.659432764811259403e+03 4.890061261473080378e+01
8.659632710152061918e+03 4.826850629333530662e+01
8.659832655492866252e+03 3.984047735844906413e+01
8.660032600833668766e+03 4.466009161496104696e+01
8.660232546174471281e+03 4.927821278030052099e+01
8.660432491515271977e+03 6.599823050024927795e+01
8.660632436856074492e+03 6.453475594199410637e+01
8.660832382196877006e+03 6.621547460436221400e+01
8.661032327537679521e+03 7.631151907370789900e+01
8.661232272878483855e+03 7.711939251096841019e+01
8.661432218219284550e+03 8.492941359546156832e+01
8.661632163560087065e+03 8.981296556862484692e+01
8.661832108900889580e+03 8.469060289895300286e+01
8.662032054241690275e+03 8.314406948766250594e+01
8.662231999582494609e+03 1.004146711193842236e+02
8.662431944923297124e+03 8.682409889692736726e+01
8.662631890264099638e+03 9.358689824274284774e+01
8.662831835604902153e+03 8.803640081643692383e+01
8.663031780945702849e+03 9.542473226626675853e+01
8.663231726286505364e+03 9.731679956863398218e+01
8.663431671627307878e+03 9.237859068757097702e+01
8.663631616968112212e+03 9.543036222512037625e+01
8.663831562308914727e+03 9.597547407082845439e+01
8.664031507649715422e+03 9.575994575050911806e+01
8.664231452990517937e+03 9.745734126366083672e+01
8.664431398331318633e+03 9.825138395416823300e+01
8.664631343672122966e+03 9.578463183337569831e+01
8.664831289012927300e+03 9.877970457135054971e+01
8.665031234353727996e+03 9.271147388135614165e+01
8.665231179694530510e+03 9.670016492244248241e+01
8.665431125035331206e+03 9.098089340730381025e+01
8.665631070376133721e+03 9.752898396968819839e+01
8.665831015716938055e+03 9.632876386215563969e+01
8.666030961057740569e+03 9.600824075822826842e+01
8.666230906398543084e+03 9.381528467543529359e+01
8.666430851739343780e+03 1.004023194257856204e+02
8.666630797080146294e+03 9.986017203753523575e+01
8.666830742420948809e+03 1.021542113262277240e+02
8.667030687761751324e+03 1.048370093516156345e+02
8.667230633102555657e+03 1.034689352993329692e+02
8.667430578443356353e+03 1.007553411600644608e+02
8.667630523784158868e+03 9.992005450926360766e+01
8.667830469124961382e+03 8.950392096854011470e+01
8.668030414465762078e+03 1.034527203415154446e+02
8.668230359806566412e+03 9.935076182960024482e+01
8.668430305147368927e+03 9.392937220312910540e+01
8.668630250488171441e+03 9.720388173725922343e+01
8.668830195828973956e+03 1.021239241493100138e+02
8.669030141169774652e+03 9.770164461466725925e+01
8.669230086510578985e+03 9.701239908668756584e+01
8.669430031851379681e+03 9.573052281246096129e+01
8.669629977192184015e+03 8.935524075161734459e+01
8.669829922532986529e+03 9.839032096145687944e+01
8.670029867873787225e+03 9.873759477482080626e+01
8.670229813214589740e+03 9.335759614493056802e+01
8.670429758555392254e+03 9.985248576284256217e+01
8.670629703896194769e+03 9.688011928913969939e+01
8.670829649236999103e+03 1.029384026802046606e+02
8.671029594577799799e+03 9.727916187419936023e+01
8.671229539918602313e+03 9.993724750850515193e+01
8.671429485259403009e+03 9.498555014344869107e+01
8.671629430600207343e+03 1.015946299076112780e+02
8.671829375941009857e+03 9.515474194852326661e+01
8.672029321281812372e+03 8.764986932244443096e+01
8.672229266622614887e+03 8.535152545052170581e+01
8.672429211963415582e+03 8.262066154168093135e+01
8.672629157304219916e+03 8.405564922689023888e+01
8.672829102645022431e+03 8.763303210858690306e+01
8.673029047985823127e+03 8.471639250986540048e+01
8.673228993326627460e+03 9.119918167239666218e+01
8.673428938667428156e+03 9.903899453458035396e+01
8.673628884008230671e+03 9.689666024703596747e+01
8.673828829349035004e+03 9.788441509118833039e+01
8.674028774689835700e+03 9.360018638053027473e+01
8.674228720030638215e+03 1.024746885105526246e+02
8.674428665371440729e+03 1.047435588504911976e+02
8.674628610712243244e+03 1.048217140752424967e+02
8.674828556053045759e+03 9.729107919777557356e+01
8.675028501393848273e+03 9.789353065283540900e+01
8.675228446734650788e+03 9.455557407670050907e+01
8.675428392075451484e+03 8.997808734894883287e+01
8.675628337416255818e+03 1.018979364982849063e+02
8.675828282757058332e+03 1.019159261637830554e+02
8.676028228097859028e+03 9.495088418988571277e+01
8.676228173438663362e+03 9.479655205187194156e+01
8.676428118779464057e+03 1.027643942306640525e+02
8.676628064120266572e+03 1.021078254435564929e+02
8.676828009461070906e+03 9.404449342523341215e+01
8.677027954801871601e+03 1.037697059921793112e+02
8.677227900142675935e+03 1.054015521088537497e+02
8.677427845483476631e+03 1.080201950708794243e+02
8.677627790824279145e+03 9.317531144599506376e+01
8.677827736165081660e+03 1.010225727636800457e+02
8.678027681505884175e+03 1.021962700211583268e+02
8.678227626846686690e+03 1.021812343746095735e+02
8.678427572187489204e+03 9.840340139714540157e+01
8.678627517528291719e+03 9.600000098682289718e+01
8.678827462869094234e+03 9.825097613097571525e+01
8.679027408209894929e+03 9.623021951170130706e+01
8.679227353550697444e+03 9.349341478831003371e+01
8.679427298891499959e+03 9.950255243610884293e+01
8.679627244232304292e+03 9.708482836868574850e+01
8.679827189573106807e+03 9.675270191010490350e+01
8.680027134913907503e+03 1.051203496567078162e+02
8.680227080254710017e+03 9.356910751490929101e+01
8.680427025595510713e+03 9.829902021775230025e+01
8.680626970936315047e+03 9.480340226437431284e+01
8.680826916277119381e+03 9.816101366585662902e+01
8.681026861617920076e+03 9.749117214624941141e+01
8.681226806958722591e+03 9.558662118791093576e+01
8.681426752299523287e+03 1.045869048531257306e+02
8.681626697640325801e+03 9.783409581286163359e+01
8.681826642981131954e+03 1.086618893401754775e+02
8.682026588321932650e+03 9.807343589188772626e+01
8.682226533662735164e+03 9.952840712464443129e+01
8.682426479003535860e+03 1.016078742361819707e+02
8.682626424344338375e+03 9.824652811054933466e+01
8.682826369685140889e+03 1.010503072087172569e+02
8.683026315025945223e+03 1.029791753017844087e+02
8.683226260366747738e+03 1.051750003721889470e+02
8.683426205707548434e+03 1.013267454057949664e+02
8.683626151048350948e+03 1.031774981610296891e+02
8.683826096389153463e+03 9.843863895618460447e+01
8.684026041729954159e+03 1.014083133870253590e+02
8.684225987070760311e+03 1.020884485556387915e+02
8.684425932411561007e+03 9.859483569789749424e+01
8.684625877752363522e+03 9.901691733679747642e+01
8.684825823093166036e+03 9.178430215599969699e+01
8.685025768433966732e+03 1.065615127969461327e+02
8.685225713774769247e+03 9.972742638132045556e+01
8.685425659115573580e+03 9.259341486463716819e+01
8.685625604456376095e+03 9.052005195294921691e+01
8.685825549797178610e+03 7.970832781212644136e+01
8.686025495137979306e+03 8.325350069504156636e+01
8.686225440478781820e+03 6.710151310265311508e+01
8.686425385819584335e+03 8.321857754574780586e+01
8.686625331160388669e+03 7.682924166272937327e+01
8.686825276501191183e+03 9.564708740884539395e+01
8.687025221841991879e+03 9.315092949364509423e+01
8.687225167182794394e+03 8.900806992030170761e+01
8.687425112523595089e+03 1.079780652899315925e+02
8.687625057864399423e+03 1.006193339100362323e+02
8.687825003205203757e+03 9.398151030644612547e+01
8.688024948546004453e+03 1.084088098910930285e+02
8.688224893886806967e+03 9.930850291610207137e+01
8.688424839227607663e+03 9.309963535918357991e+01
8.688624784568410178e+03 9.740994183384050586e+01
8.688824729909214511e+03 1.031190730343502224e+02
8.689024675250017026e+03 1.008529636185242140e+02
8.689224620590819541e+03 9.957765459538146047e+01
8.689424565931620236e+03 1.057044477862704213e+02
8.689624511272422751e+03 9.874046844854089500e+01
8.689824456613225266e+03 1.013085148731357208e+02
8.690024401954027780e+03 1.052580166826764270e+02
8.690224347294832114e+03 1.018440869437183949e+02
8.690424292635632810e+03 9.836315443096226829e+01
8.690624237976435325e+03 1.034694900234664203e+02
8.690824183317237839e+03 1.011745030677450785e+02
8.691024128658040354e+03 9.294189659710846740e+01
8.691224073998842869e+03 9.431544597290699983e+01
8.691424019339645383e+03 9.235951821402878181e+01
8.691623964680447898e+03 1.007111533162086801e+02
8.691823910021250413e+03 1.055710310603221274e+02
8.692023855362051108e+03 9.849714122139737071e+01
8.692223800702855442e+03 1.043002321994738679e+02
8.692423746043656138e+03 9.356242219863415244e+01
8.692623691384458652e+03 9.666368773428267502e+01
8.692823636725262986e+03 9.682162369028861804e+01
8.693023582066063682e+03 9.780776616211501562e+01
8.693223527406866197e+03 9.859907178941352868e+01
8.693423472747668711e+03 1.105023990642615672e+02
8.693623418088471226e+03 1.066959522207578317e+02
8.693823363429273741e+03 1.018741408353539271e+02
8.694023308770076255e+03 9.041964783805592276e+01
8.694223254110878770e+03 9.989718647895608683e+01
8.694423199451679466e+03 9.267186683325921592e+01
8.694623144792483799e+03 1.011667802399302758e+02
8.694823090133286314e+03 1.044788731704012577e+02
8.695023035474087010e+03 9.763826246947513710e+01
8.695222980814891343e+03 1.001049586342583950e+02
8.695422926155692039e+03 9.467828319759550482e+01
8.695622871496496373e+03 1.031902138323954858e+02
8.695822816837298888e+03 1.004608374375783342e+02
8.696022762178099583e+03 9.893949773603550568e+01
8.696222707518902098e+03 9.608019946072802497e+01
8.696422652859704613e+03 9.492154387009962591e+01
8.696622598200507127e+03 1.021750400376936909e+02
8.696822543541311461e+03 9.286107450703734401e+01
8.697022488882112157e+03 1.008825439339601360e+02
8.697222434222914671e+03 1.014600573960924521e+02
8.697422379563715367e+03 1.029860438307520099e+02
8.697622324904519701e+03 9.428991293441245602e+01
8.697822270245322215e+03 9.660435282933526935e+01
8.698022215586124730e+03 9.328612633843712842e+01
8.698222160926927245e+03 9.716159228434672457e+01
8.698422106267727941e+03 1.017361756509923083e+02
8.698622051608530455e+03 9.343647194055564853e+01
8.698821996949334789e+03 9.858856555840891644e+01
8.699021942290135485e+03 9.573813106225112790e+01
8.699221887630939818e+03 9.737193584833123339e+01
8.699421832971740514e+03 1.004580056607607759e+02
8.699621778312543029e+03 1.004416737854588462e+02
8.699821723653345543e+03 9.682636954158964215e+01
8.700021668994148058e+03 1.010902602561461094e+02
8.700221614334952392e+03 1.034333656123094016e+02
8.700421559675753088e+03 9.929782630460331916e+01
8.700621505016555602e+03 9.469232877188109399e+01
8.700821450357358117e+03 1.037783046696872873e+02
8.701021395698158813e+03 1.022177281142400602e+02
8.701221341038963146e+03 9.361354320774867688e+01
8.701421286379765661e+03 1.078025606851890785e+02
8.701621231720568176e+03 9.963608925811433892e+01
8.701821177061370690e+03 9.760484780911058067e+01
8.702021122402171386e+03 9.918557487441526632e+01
8.702221067742973901e+03 9.553193174302350599e+01
8.702421013083776415e+03 1.032745662562540474e+02
8.702620958424580749e+03 9.487461001473354827e+01
8.702820903765383264e+03 9.975135962581842364e+01
8.703020849106183960e+03 1.023604574969556040e+02
8.703220794446986474e+03 9.571946296831127654e+01
8.703420739787787170e+03 1.004539747976365618e+02
8.703620685128591504e+03 9.014919897745008370e+01
8.703820630469395837e+03 9.427523400201444304e+01
8.704020575810196533e+03 1.039777500502567591e+02
8.704220521150999048e+03 9.539540741486024444e+01
8.704420466491799743e+03 1.084857380267002185e+02
8.704620411832602258e+03 9.843078609750155294e+01
8.704820357173408411e+03 9.546175285591681359e+01
8.705020302514209106e+03 1.076554076173032968e+02
8.705220247855011621e+03 1.048972680679766256e+02
8.705420193195812317e+03 9.917286260704928225e+01
8.705620138536614832e+03 1.046478807446523831e+02
8.705820083877417346e+03 8.900892498060687785e+01
8.706020029218221680e+03 1.008122909664626832e+02
8.706219974559024195e+03 9.919433445705243457e+01
8.706419919899824890e+03 1.020000425037504499e+02
8.706619865240627405e+03 9.702275489411030662e+01
8.706819810581429920e+03 9.955334604752003713e+01
8.707019755922230615e+03 1.036943726394071348e+02
8.707219701263034949e+03 9.839913184494504605e+01
8.707419646603837464e+03 9.695395860525309217e+01
8.707619591944639978e+03 9.947309926726480001e+01
8.707819537285442493e+03 9.784305406537851013e+01
8.708019482626243189e+03 9.212188979707609349e+01
8.708219427967045704e+03 9.423259268151474544e+01
8.708419373307848218e+03 9.742301715992036293e+01
8.708619318648652552e+03 1.005010462624338032e+02
8.708819263989455067e+03 1.062063168014678780e+02
8.709019209330255762e+03 9.718564354960818719e+01
8.709219154671058277e+03 9.153113368500335412e+01
8.709419100011860792e+03 1.054718022523520204e+02
8.709619045352663306e+03 1.095244873567581152e+02
8.709818990693467640e+03 9.522204305116025580e+01
8.710018936034268336e+03 9.754536418019370103e+01
8.710218881375070850e+03 9.742958742324452714e+01
8.710418826715871546e+03 9.696502052116218806e+01
8.710618772056675880e+03 9.617831466387298178e+01
8.710818717397478395e+03 9.161540779672554891e+01
8.711018662738280909e+03 9.783231261194275419e+01
8.711218608079083424e+03 1.000587052402327402e+02
8.711418553419884120e+03 9.629992045199365691e+01
8.711618498760686634e+03 1.025579781833386050e+02
8.711818444101490968e+03 9.105474830871585823e+01
8.712018389442291664e+03 9.231022802871034116e+01
8.712218334783095997e+03 1.004503731415615420e+02
8.712418280123896693e+03 9.780983075243477742e+01
8.712618225464699208e+03 9.865211123792765591e+01
8.712818170805503541e+03 1.026137494987912220e+02
8.713018116146304237e+03 1.024284571747252102e+02
8.713218061487106752e+03 9.796525082190686362e+01
8.713418006827909267e+03 1.011433595396530905e+02
8.713617952168711781e+03 1.033763795845004978e+02
8.713817897509514296e+03 1.008328508508762695e+02
8.714017842850316811e+03 1.040799209420266038e+02
8.714217788191119325e+03 9.497241143693696586e+01
8.714417733531920021e+03 9.979713898975906261e+01
8.714617678872724355e+03 9.864631914022700698e+01
8.714817624213526869e+03 1.002564383949979998e+02
8.715017569554327565e+03 9.606039636998040976e+01
8.715217514895131899e+03 9.809281285529304739e+01
8.715417460235932595e+03 9.609721089450114562e+01
8.715617405576735109e+03 9.730544397298297099e+01
8.715817350917539443e+03 9.272980474343242463e+01
8.716017296258340139e+03 9.536969426729366717e+01
8.716217241599142653e+03 1.024729613114996880e+02
8.716417186939945168e+03 9.462012013833368940e+01
8.716617132280747683e+03 1.019772812484133908e+02
8.716817077621550197e+03 1.031822524830821663e+02
8.717017022962352712e+03 1.013361418535841807e+02
8.717216968303155227e+03 1.031782028356069389e+02
8.717416913643957741e+03 9.620116534185419255e+01
8.717616858984760256e+03 1.003846022098591675e+02
8.717816804325562771e+03 9.647037080238213491e+01
8.718016749666363467e+03 1.052355118510184155e+02
8.718216695007167800e+03 1.064399404000791378e+02
8.718416640347968496e+03 1.046736083897763478e+02
8.718616585688772830e+03 1.074103269879661298e+02
8.718816531029575344e+03 1.035493817311126179e+02
8.719016476370376040e+03 1.021777067772702878e+02
8.719216421711178555e+03 9.255517960435342673e+01
8.719416367051981069e+03 9.827636158046698256e+01
8.719616312392783584e+03 9.866810340610359731e+01
8.719816257733587918e+03 1.020557377490267896e+02
8.720016203074388613e+03 9.802697535678846918e+01
8.720216148415191128e+03 1.033245566796460366e+02
8.720416093755991824e+03 9.783141302006437456e+01
8.720616039096796158e+03 1.047560471370384221e+02
8.720815984437598672e+03 1.111478019881688937e+02
8.721015929778401187e+03 1.028907583960257739e+02
8.721215875119203702e+03 9.543596389426556925e+01
8.721415820460004397e+03 1.015863609454149383e+02
8.721615765800806912e+03 1.068544689929488669e+02
8.721815711141609427e+03 1.030414560585163457e+02
8.722015656482413760e+03 1.030085324242157014e+02
8.722215601823216275e+03 1.002640021884818538e+02
8.722415547164016971e+03 9.644120288078065073e+01
8.722615492504819485e+03 1.023738125271675727e+02
8.722815437845622000e+03 9.485932331919015326e+01
8.723015383186422696e+03 9.595700929749075669e+01
8.723215328527228849e+03 9.469505707217908252e+01
8.723415273868029544e+03 1.018714854744116991e+02
8.723615219208832059e+03 9.784292706901275949e+01
8.723815164549634574e+03 9.588574698159941079e+01
8.724015109890435269e+03 1.067918739135295283e+02
8.724215055231237784e+03 1.048299283583143193e+02
8.724415000572042118e+03 1.042860914245466404e+02
8.724614945912844632e+03 9.619867085440526466e+01
8.724814891253647147e+03 9.690407061624722473e+01
8.725014836594447843e+03 1.015199505905856654e+02
8.725214781935250357e+03 1.031832980994978044e+02
8.725414727276051053e+03 9.430138352066134644e+01
8.725614672616857206e+03 1.025002633954889149e+02
8.725814617957659721e+03 9.428202033842050866e+01
8.726014563298460416e+03 9.629476585582358439e+01
8.726214508639262931e+03 9.982531299306400285e+01
8.726414453980063627e+03 9.545385751425305898e+01
8.726614399320867960e+03 9.638239002207907902e+01
8.726814344661672294e+03 1.053529446200301720e+02
8.727014290002472990e+03 9.988718702946478345e+01
8.727214235343275504e+03 1.066107956427145496e+02
8.727414180684076200e+03 1.012071009951088598e+02
8.727614126024878715e+03 9.649443667279589931e+01
