8.478954197820490663e+03 9.937972238072805453e+01
8.479154173155346143e+03 1.009564988596090274e+02
8.479354148490197986e+03 9.879707456097627016e+01
8.479554123825053466e+03 1.007215988963580173e+02
8.479754099159907128e+03 1.000955100267805307e+02
8.479954074494762608e+03 1.001653926417039457e+02
8.480154049829618089e+03 9.767968502089550498e+01
8.480354025164469931e+03 1.000628307703189535e+02
8.480554000499325412e+03 9.611676362477103908e+01
8.480753975834179073e+03 9.405217533434678501e+01
8.480953951169032734e+03 9.319772406699387091e+01
8.481153926503888215e+03 9.552143069991340951e+01
8.481353901838741876e+03 9.513847244745439014e+01
8.481553877173597357e+03 9.806471097332635622e+01
8.481753852508449199e+03 9.784844664429633099e+01
8.481953827843304680e+03 9.808068907122279256e+01
8.482153803178160160e+03 9.943670423661590974e+01
8.482353778513012003e+03 9.792584900791442237e+01
8.482553753847867483e+03 1.003674843227320963e+02
8.482753729182721145e+03 9.888640910779743365e+01
8.482953704517576625e+03 1.014067620483136949e+02
8.483153679852432106e+03 1.010433224259919314e+02
8.483353655187283948e+03 1.008016599239014539e+02
8.483553630522139429e+03 9.998384690855219503e+01
8.483753605856991271e+03 9.852270021545689360e+01
8.483953581191846752e+03 1.002774753200644966e+02
8.484153556526702232e+03 9.893748338379916163e+01
8.484353531861555894e+03 1.000107246774280725e+02
8.484553507196411374e+03 1.003590631132088902e+02
8.484753482531263217e+03 1.004477327978563324e+02
8.484953457866118697e+03 9.916179467148876370e+01
8.485153433200974177e+03 9.962266947211337254e+01
8.485353408535826020e+03 9.990486942375355284e+01
8.485553383870681500e+03 9.913047406896545510e+01
8.485753359205535162e+03 9.871424052882123590e+01
8.485953334540390642e+03 9.967279783833321005e+01
8.486153309875244304e+03 9.944837368900054742e+01
8.486353285210097965e+03 1.004338575030954814e+02
8.486553260544953446e+03 9.916185344620662079e+01
8.486753235879805288e+03 1.013998439434245142e+02
8.486953211214660769e+03 1.005536246187311917e+02
8.487153186549516249e+03 1.003989318640915798e+02
8.487353161884369911e+03 9.970901373535416212e+01
8.487553137219225391e+03 9.945482819679899933e+01
8.487753112554077234e+03 9.953503809724745111e+01
8.487953087888932714e+03 1.005493035745805912e+02
8.488153063223786376e+03 9.928408735172220645e+01
8.488353038558640037e+03 9.876286546434053548e+01
8.488553013893495518e+03 9.742333793618425375e+01
8.488752989228349179e+03 1.003025257251563858e+02
8.488952964563204659e+03 1.000384754668016001e+02
8.489152939898058321e+03 9.917955613871556864e+01
8.489352915232911982e+03 9.961808990786124696e+01
8.489552890567767463e+03 9.813059554036709642e+01
8.489752865902619305e+03 9.958414414278043125e+01
8.489952841237474786e+03 9.993264379476376291e+01
8.490152816572330266e+03 9.807758241305964475e+01
8.490352791907183928e+03 9.976939779540300890e+01
8.490552767242037589e+03 9.803962078952987724e+01
8.490752742576891251e+03 9.856108777474183569e+01
8.490952717911746731e+03 9.870430994837781213e+01
8.491152693246600393e+03 9.948283042200945658e+01
8.491352668581454054e+03 9.699956945771131700e+01
8.491552643916309535e+03 9.807325099749951391e+01
8.491752619251163196e+03 9.797243820976274264e+01
8.491952594586018677e+03 9.837206203900355206e+01
8.492152569920872338e+03 9.776767098842903181e+01
8.492352545255726000e+03 9.810256764505696481e+01
8.492552520590579661e+03 9.839241583794684232e+01
8.492752495925433323e+03 9.606372396421616600e+01
8.492952471260288803e+03 9.800197843456777491e+01
8.493152446595144283e+03 9.692296956913534700e+01
8.493352421929997945e+03 9.680381734274338612e+01
8.493552397264851606e+03 9.640226054633932051e+01
8.493752372599705268e+03 9.617173589527818933e+01
8.493952347934560748e+03 9.506311671995418067e+01
8.494152323269414410e+03 9.621825011890669543e+01
8.494352298604268071e+03 9.579412600455154347e+01
8.494552273939123552e+03 9.563500330087595103e+01
8.494752249273977213e+03 9.489706116385663393e+01
8.494952224608830875e+03 9.064269584087281828e+01
8.495152199943686355e+03 8.999039489812155068e+01
8.495352175278540017e+03 8.739105049452750507e+01
8.495552150613393678e+03 8.666434500121273743e+01
8.495752125948247340e+03 7.865863130070106024e+01
8.495952101283102820e+03 7.420703231466688976e+01
8.496152076617958301e+03 6.840033731343521595e+01
8.496352051952811962e+03 6.155513336910833289e+01
8.496552027287665624e+03 5.327965059403835113e+01
8.496752002622519285e+03 4.947520167265538049e+01
8.496951977957372947e+03 4.861458062420743431e+01
8.497151953292228427e+03 5.143948210761607243e+01
8.497351928627083907e+03 5.639075290896377624e+01
8.497551903961937569e+03 6.369776294882409218e+01
8.497751879296791230e+03 7.240319682861300521e+01
8.497951854631644892e+03 7.554961073083785550e+01
8.498151829966500372e+03 8.323963927847839273e+01
8.498351805301352215e+03 8.672320494851308581e+01
8.498551780636207695e+03 8.840507066506117440e+01
8.498751755971061357e+03 8.917985019304197181e+01
8.498951731305916837e+03 9.290876388873644487e+01
8.499151706640772318e+03 9.555034889874342241e+01
8.499351681975624160e+03 9.370446783017055736e+01
8.499551657310479641e+03 9.490476115585572359e+01
8.499751632645333302e+03 9.500113492006869365e+01
8.499951607980186964e+03 9.761169334676250742e+01
8.500151583315042444e+03 9.644967318466251527e+01
8.500351558649896106e+03 9.636913491423285905e+01
8.500551533984751586e+03 9.426109855555793615e+01
8.500751509319605248e+03 9.296940200844764490e+01
8.500951484654458909e+03 9.208106541766204600e+01
8.501151459989314390e+03 9.227788956840082335e+01
8.501351435324166232e+03 9.205677435348603410e+01
8.501551410659021712e+03 9.441039010033529166e+01
8.501751385993877193e+03 9.625969737683567473e+01
8.501951361328730854e+03 9.565821960349809672e+01
8.502151336663586335e+03 9.600895951801844319e+01
8.502351311998438177e+03 9.691925721461960563e+01
8.502551287333293658e+03 9.788785590237991130e+01
8.502751262668145500e+03 9.725462197757958904e+01
8.502951238003000981e+03 9.807327308047356951e+01
8.503151213337856461e+03 9.811708463468752939e+01
8.503351188672710123e+03 9.745325435170184392e+01
8.503551164007565603e+03 9.957312681742762095e+01
8.503751139342417446e+03 9.835428836621470339e+01
8.503951114677272926e+03 1.001501977081747867e+02
8.504151090012128407e+03 9.915366452497249838e+01
8.504351065346980249e+03 9.805965553981188521e+01
8.504551040681835730e+03 9.826060313645376709e+01
8.504751016016689391e+03 9.953672650121224308e+01
8.504950991351544872e+03 9.869711849278155569e+01
8.505150966686400352e+03 9.795047314180737885e+01
8.505350942021252195e+03 9.979536268993473414e+01
8.505550917356107675e+03 9.954579457528649300e+01
8.505750892690959517e+03 9.757741636616302117e+01
8.505950868025814998e+03 9.906984768206768877e+01
8.506150843360672297e+03 9.947311955279145934e+01
8.506350818695524140e+03 1.009293303483311917e+02
8.506550794030379620e+03 9.989503871338347096e+01
8.506750769365231463e+03 9.880249621850074959e+01
8.506950744700086943e+03 9.869064121464472805e+01
8.507150720034940605e+03 9.902773843957636757e+01
8.507350695369794266e+03 1.003908143710376208e+02
8.507550670704649747e+03 9.802537642189234646e+01
8.507750646039503408e+03 9.959015925638330202e+01
8.507950621374358889e+03 1.019624397708772108e+02
8.508150596709212550e+03 1.024798441426604967e+02
8.508350572044066212e+03 9.999007335753259440e+01
8.508550547378921692e+03 9.928865004632442037e+01
8.508750522713773535e+03 9.829699122555652480e+01
8.508950498048629015e+03 9.731414169193725172e+01
8.509150473383484496e+03 9.961105093793747756e+01
8.509350448718338157e+03 9.933119216644351468e+01
8.509550424053193638e+03 9.853412238161807579e+01
8.509750399388045480e+03 9.879457067522565694e+01
8.509950374722900960e+03 9.893623626473956278e+01
8.510150350057754622e+03 1.028049139066186228e+02
8.510350325392608283e+03 1.006620333077922709e+02
8.510550300727465583e+03 1.016021292907243350e+02
8.510750276062317425e+03 9.903218108264303510e+01
8.510950251397172906e+03 9.855323655484750134e+01
8.511150226732026567e+03 9.973368164779434153e+01
8.511350202066880229e+03 9.835199263354257937e+01
8.511550177401733890e+03 9.935464200554909553e+01
8.511750152736587552e+03 1.001504056283014421e+02
8.511950128071443032e+03 9.887848331842802452e+01
8.512150103406298513e+03 9.855045666342533650e+01
8.512350078741152174e+03 9.825842006943913987e+01
8.512550054076005836e+03 9.550474405119528853e+01
8.512750029410859497e+03 9.018688523474274632e+01
8.512950004745714978e+03 8.787503330358858022e+01
8.513149980080568639e+03 8.686862031769457815e+01
8.513349955415422301e+03 8.911015794586189998e+01
8.513549930750277781e+03 9.180558394990298154e+01
8.513749906085131443e+03 9.231938230758919417e+01
8.513949881419986923e+03 9.504854770400349651e+01
8.514149856754840584e+03 9.673781868334411627e+01
8.514349832089694246e+03 9.612067037711736361e+01
8.514549807424547907e+03 9.830757672086855337e+01
8.514749782759401569e+03 1.004836771423698423e+02
8.514949758094258868e+03 1.016067674136586874e+02
8.515149733429112530e+03 1.002676355905780383e+02
8.515349708763966191e+03 9.924093510585103672e+01
8.515549684098819853e+03 9.713123256383337889e+01
8.515749659433673514e+03 1.006416573085242447e+02
8.515949634768527176e+03 9.870059321552196252e+01
8.516149610103382656e+03 9.912528752371872542e+01
8.516349585438236318e+03 1.002562827515856441e+02
8.516549560773091798e+03 9.761760637956595588e+01
8.516749536107945460e+03 9.796980934709277733e+01
8.516949511442799121e+03 9.792704715071297983e+01
8.517149486777654602e+03 9.615899011679357500e+01
8.517349462112508263e+03 9.721893235697389457e+01
8.517549437447361925e+03 9.730718644637568104e+01
8.517749412782215586e+03 9.873019337751028957e+01
8.517949388117071067e+03 1.002834029698318119e+02
8.518149363451926547e+03 9.903952265430802981e+01
8.518349338786780208e+03 9.898084236457457052e+01
8.518549314121633870e+03 1.008075324313725076e+02
8.518749289456487531e+03 9.793729941201701195e+01
8.518949264791341193e+03 9.825454222111116565e+01
8.519149240126196673e+03 9.917330120030267437e+01
8.519349215461052154e+03 9.875117881306863410e+01
8.519549190795905815e+03 9.928975244246213094e+01
8.519749166130759477e+03 9.964833122307057067e+01
8.519949141465613138e+03 9.869647434807011166e+01
8.520149116800468619e+03 9.809851639659872546e+01
8.520349092135320461e+03 9.827415796407663606e+01
8.520549067470175942e+03 9.774378180564127661e+01
8.520749042805029603e+03 9.932972222853526034e+01
8.520949018139885084e+03 1.005446835711854163e+02
8.521148993474740564e+03 9.972334128715725399e+01
8.521348968809592407e+03 9.927884395033002818e+01
8.521548944144447887e+03 9.962380804861084016e+01
8.521748919479301549e+03 1.002154294198085438e+02
8.521948894814155210e+03 1.001317401713443331e+02
8.522148870149010691e+03 9.935757079307870754e+01
8.522348845483864352e+03 9.948079641414399532e+01
8.522548820818719832e+03 9.839985374298566967e+01
8.522748796153573494e+03 9.983592044074397620e+01
8.522948771488427155e+03 9.666154055542831713e+01
8.523148746823282636e+03 9.832977281388141932e+01
8.523348722158134478e+03 1.011809709387968610e+02
8.523548697492989959e+03 1.013078042380479076e+02
8.523748672827845439e+03 9.822298490183739261e+01
8.523948648162699101e+03 9.564472091389087893e+01
8.524148623497554581e+03 1.000954071433998109e+02
8.524348598832406424e+03 9.883311290226954782e+01
8.524548574167261904e+03 9.920408752770802607e+01
8.524748549502113747e+03 1.000885695079912949e+02
8.524948524836969227e+03 9.715263563139909309e+01
8.525148500171824708e+03 9.768101947382396588e+01
8.525348475506678369e+03 9.651045251861380336e+01
8.525548450841533850e+03 9.661433945204920803e+01
8.525748426176385692e+03 9.368601601011427249e+01
8.525948401511241173e+03 9.349552562194156735e+01
8.526148376846096653e+03 9.347020920227846830e+01
8.526348352180948496e+03 9.406648219231948360e+01
8.526548327515803976e+03 9.607663961878621706e+01
8.526748302850657637e+03 9.628142589404528451e+01
8.526948278185513118e+03 9.772554264661695811e+01
8.527148253520368598e+03 9.769563095743329484e+01
8.527348228855220441e+03 9.988291635588574024e+01
8.527548204190075921e+03 9.767066097143006687e+01
8.527748179524927764e+03 9.777049972961900437e+01
8.527948154859783244e+03 9.717210848242594068e+01
8.528148130194640544e+03 9.917901823437166797e+01
8.528348105529492386e+03 9.945308216753021213e+01
8.528548080864347867e+03 9.765240793281019194e+01
8.528748056199199709e+03 9.680445667200186222e+01
8.528948031534055190e+03 9.727878817391339794e+01
8.529148006868908851e+03 9.543835605661541877e+01
8.529347982203762513e+03 9.859747780071069201e+01
8.529547957538617993e+03 9.790856278052199002e+01
8.529747932873471655e+03 9.795490745619952122e+01
8.529947908208327135e+03 9.850319663855162844e+01
8.530147883543180797e+03 9.911294413370737288e+01
8.530347858878034458e+03 9.729046286374041586e+01
8.530547834212889938e+03 9.906150785234630973e+01
8.530747809547741781e+03 9.544089835882694217e+01
8.530947784882597261e+03 9.649023373789198388e+01
8.531147760217452742e+03 9.600180140517979055e+01
8.531347735552306403e+03 9.773100269480802638e+01
8.531547710887161884e+03 9.724245334713705802e+01
8.531747686222013726e+03 9.570650963399751276e+01
8.531947661556869207e+03 9.705343927643126278e+01
8.532147636891722868e+03 9.744980608572309677e+01
8.532347612226576530e+03 9.716643631632118172e+01
8.532547587561433829e+03 9.603937935763710243e+01
8.532747562896285672e+03 9.748008807377712515e+01
8.532947538231141152e+03 9.552836766820118442e+01
8.533147513565994814e+03 9.526994292805760267e+01
8.533347488900848475e+03 9.780631083335188691e+01
8.533547464235702137e+03 9.615162992876115311e+01
8.533747439570555798e+03 9.611290425861848519e+01
8.533947414905411279e+03 9.487297175459825382e+01
8.534147390240266759e+03 9.509467005098707659e+01
8.534347365575120421e+03 9.521957748456817683e+01
8.534547340909974082e+03 9.363091406145801443e+01
8.534747316244827744e+03 9.158777949796501616e+01
8.534947291579683224e+03 9.098326411013398740e+01
8.535147266914536885e+03 9.140646458553918308e+01
8.535347242249390547e+03 9.079795740305547724e+01
8.535547217584246027e+03 9.156619228983177550e+01
8.535747192919099689e+03 9.056695009557410003e+01
8.535947168253955169e+03 9.308754726196977458e+01
8.536147143588808831e+03 9.074765322581545490e+01
8.536347118923662492e+03 9.182578280809396176e+01
8.536547094258516154e+03 8.903741325432805809e+01
8.536747069593369815e+03 8.973652314676647279e+01
8.536947044928227115e+03 8.892779081324854928e+01
8.537147020263080776e+03 8.744758405595423767e+01
8.537346995597934438e+03 9.009484429779199388e+01
8.537546970932788099e+03 8.495773561628386972e+01
8.537746946267641761e+03 8.478742181069071648e+01
8.537946921602495422e+03 8.371795174319728972e+01
8.538146896937350903e+03 8.160572908936453018e+01
8.538346872272204564e+03 7.994792093604014838e+01
8.538546847607060045e+03 8.037940921076790346e+01
8.538746822941913706e+03 7.745463406826267772e+01
8.538946798276767367e+03 7.388986630673471723e+01
8.539146773611622848e+03 7.263102256946125124e+01
8.539346748946476509e+03 7.027977307798211370e+01
8.539546724281330171e+03 6.908546192605658121e+01
8.539746699616183832e+03 6.589184020924673746e+01
8.539946674951039313e+03 6.208316316810389424e+01
8.540146650285894793e+03 5.675810407587257345e+01
8.540346625620748455e+03 5.252844634877987318e+01
8.540546600955602116e+03 4.703706729208307280e+01
8.540746576290455778e+03 4.067005953595712242e+01
8.540946551625309439e+03 3.973081542491961926e+01
8.541146526960164920e+03 3.678240714403288791e+01
8.541346502295020400e+03 4.265927826301862069e+01
8.541546477629874062e+03 4.909114735927698092e+01
8.541746452964727723e+03 5.515396165289735819e+01
8.541946428299581385e+03 5.851975186883799296e+01
8.542146403634436865e+03 6.140024458430622900e+01
8.542346378969288708e+03 6.346714174921893203e+01
8.542546354304144188e+03 6.778404704122851854e+01
8.542746329638999669e+03 7.122198105798293000e+01
8.542946304973853330e+03 7.303506630491887108e+01
8.543146280308708810e+03 7.478730328351296919e+01
8.543346255643560653e+03 7.780365382698799692e+01
8.543546230978416133e+03 7.810993916653092128e+01
8.543746206313269795e+03 7.984683030998542108e+01
8.543946181648123456e+03 8.186085585355530725e+01
8.544146156982978937e+03 8.297837245906076475e+01
8.544346132317832598e+03 8.237555776685104547e+01
8.544546107652688079e+03 8.403953316935314888e+01
8.544746082987541740e+03 8.444615308913444096e+01
8.544946058322395402e+03 8.563568420461518826e+01
8.545146033657250882e+03 8.840012894418053691e+01
8.545346008992102725e+03 8.723218159198397359e+01
8.545545984326958205e+03 8.969563132593620480e+01
8.545745959661813686e+03 9.204609793013473507e+01
8.545945934996667347e+03 9.361037264456000173e+01
8.546145910331522828e+03 9.020543036983151808e+01
8.546345885666374670e+03 9.282536322373721305e+01
8.546545861001230151e+03 9.290396894367520986e+01
8.546745836336081993e+03 9.058949429554857602e+01
8.546945811670937474e+03 9.452695426611900587e+01
8.547145787005794773e+03 9.393697318392365503e+01
8.547345762340646615e+03 9.441962057609610781e+01
8.547545737675502096e+03 9.384685826545504028e+01
8.547745713010353938e+03 9.406519799337419840e+01
8.547945688345209419e+03 9.415432457872917382e+01
8.548145663680064899e+03 9.606145731257376497e+01
8.548345639014916742e+03 9.562974472082389354e+01
8.548545614349772222e+03 9.497445356077409429e+01
8.548745589684625884e+03 9.599375767336769627e+01
8.548945565019481364e+03 9.501193708689982032e+01
8.549145540354336845e+03 9.710463910641492191e+01
8.549345515689188687e+03 9.512025876896494481e+01
8.549545491024044168e+03 9.612622867232553858e+01
8.549745466358896010e+03 9.514006302816629557e+01
8.549945441693751491e+03 9.621433227098853536e+01
8.550145417028608790e+03 9.563462026022340012e+01
8.550345392363460633e+03 9.563017306075657586e+01
8.550545367698316113e+03 9.730415221688299710e+01
8.550745343033167956e+03 1.000941415961203660e+02
8.550945318368023436e+03 9.608399031315141769e+01
8.551145293702877098e+03 9.743300645703197915e+01
8.551345269037730759e+03 9.692525840735244458e+01
8.551545244372588058e+03 9.914606268547399281e+01
8.551745219707439901e+03 9.855109723239341690e+01
8.551945195042295381e+03 9.939802077494785237e+01
8.552145170377149043e+03 9.857145157587621043e+01
8.552345145712002704e+03 1.002348693814833922e+02
8.552545121046858185e+03 9.834238855497233089e+01
8.552745096381710027e+03 9.905685965491470313e+01
8.552945071716565508e+03 9.777097808519739885e+01
8.553145047051420988e+03 9.900435548421705789e+01
8.553345022386274650e+03 9.724972809017558006e+01
8.553544997721130130e+03 9.975918986045950021e+01
8.553744973055981973e+03 9.797476476166073667e+01
8.553944948390837453e+03 9.905734142970484868e+01
8.554144923725691115e+03 9.901929888798174773e+01
8.554344899060544776e+03 9.882579802997494767e+01
8.554544874395402076e+03 9.839714545122498635e+01
8.554744849730253918e+03 9.787729717363042425e+01
8.554944825065109399e+03 9.863611868432887775e+01
8.555144800399963060e+03 9.841239689165246318e+01
8.555344775734816722e+03 9.243112634388390347e+01
8.555544751069670383e+03 9.295290363444772197e+01
8.555744726404524044e+03 9.215093849826129713e+01
8.555944701739381344e+03 9.241829385728478030e+01
8.556144677074235005e+03 9.577774986893007281e+01
8.556344652409088667e+03 9.765610445084266189e+01
8.556544627743942328e+03 9.907100463313278738e+01
8.556744603078795990e+03 9.863405856018287921e+01
8.556944578413651470e+03 9.874398280608330936e+01
8.557144553748505132e+03 1.003073421355036601e+02
8.557344529083358793e+03 9.921355473885930110e+01
8.557544504418214274e+03 9.825331718519052515e+01
8.557744479753067935e+03 9.939336135044190712e+01
8.557944455087923416e+03 9.986238312575368070e+01
8.558144430422777077e+03 9.812662835022274521e+01
8.558344405757630739e+03 9.782010889863478553e+01
8.558544381092484400e+03 9.978572914993981158e+01
8.558744356427338062e+03 9.969218887488132452e+01
8.558944331762193542e+03 9.804221476460021734e+01
8.559144307097049023e+03 9.730981366152791168e+01
8.559344282431902684e+03 9.995913611992196479e+01
8.559544257766756346e+03 9.932631321959605941e+01
8.559744233101610007e+03 1.002485653708610300e+02
8.559944208436463668e+03 1.007180930357768176e+02
8.560144183771319149e+03 1.006443973773359772e+02
8.560344159106174629e+03 1.017850709472904782e+02
8.560544134441028291e+03 9.890171754366801338e+01
8.560744109775881952e+03 9.907787305722482074e+01
8.560944085110735614e+03 9.829832028534418953e+01
8.561144060445591094e+03 1.010979183864418047e+02
8.561344035780444756e+03 9.862437536325927567e+01
8.561544011115298417e+03 9.845930419751645957e+01
8.561743986450152079e+03 9.880763767557343158e+01
8.561943961785007559e+03 9.897309958000168706e+01
8.562143937119863040e+03 1.006662109073878071e+02
8.562343912454716701e+03 9.966004526685443921e+01
8.562543887789570363e+03 1.016187427943302026e+02
8.562743863124424024e+03 1.002664852811308549e+02
8.562943838459277686e+03 9.963259912995928858e+01
8.563143813794133166e+03 9.914923319808623603e+01
8.563343789128986828e+03 9.890484578511507152e+01
8.563543764463842308e+03 1.001853316792982724e+02
8.563743739798695970e+03 1.011282397308377909e+02
8.563943715133549631e+03 9.866856187925991151e+01
8.564143690468405111e+03 9.929541802040210996e+01
8.564343665803256954e+03 9.980452304937389840e+01
8.564543641138112434e+03 9.886332064080882276e+01
8.564743616472967915e+03 1.008834721482850938e+02
8.564943591807821576e+03 1.007592291834129554e+02
8.565143567142677057e+03 1.020529630521371587e+02
8.565343542477528899e+03 1.001652565083292501e+02
8.565543517812384380e+03 9.993898097776028067e+01
8.565743493147238041e+03 9.923880461692105825e+01
8.565943468482091703e+03 9.909939819820489504e+01
8.566143443816947183e+03 1.005944924900573199e+02
8.566343419151800845e+03 9.789182927201643736e+01
8.566543394486656325e+03 9.948889381416260846e+01
8.566743369821509987e+03 9.916224710492427619e+01
8.566943345156363648e+03 9.905419175023673972e+01
8.567143320491219129e+03 9.923770921056335226e+01
8.567343295826070971e+03 9.876119746780643993e+01
8.567543271160926452e+03 1.005653332980535879e+02
8.567743246495780113e+03 1.020819577985487427e+02
8.567943221830635594e+03 9.941842982094794934e+01
8.568143197165491074e+03 1.024803974346238249e+02
8.568343172500342916e+03 1.005141095328410472e+02
8.568543147835198397e+03 1.011736146863500352e+02
8.568743123170050239e+03 9.925357362655714155e+01
8.568943098504905720e+03 9.859081992571206854e+01
8.569143073839763019e+03 9.867673049056114110e+01
8.569343049174614862e+03 1.006581606229122201e+02
8.569543024509470342e+03 9.931334439927780977e+01
8.569742999844322185e+03 1.016202415350913668e+02
8.569942975179177665e+03 9.959515113549876730e+01
8.570142950514033146e+03 1.000048956483381914e+02
8.570342925848884988e+03 9.972045400761500389e+01
8.570542901183740469e+03 9.703558318045796227e+01
8.570742876518594130e+03 9.602830957738559903e+01
8.570942851853449611e+03 9.836074740205967259e+01
8.571142827188305091e+03 9.838330943055386513e+01
8.571342802523156934e+03 1.007848698096396589e+02
8.571542777858012414e+03 1.005236897488552046e+02
8.571742753192864257e+03 1.014381874960399870e+02
8.571942728527719737e+03 1.023908117321752087e+02
8.572142703862575217e+03 1.001954005300569719e+02
8.572342679197428879e+03 1.002338963071403839e+02
8.572542654532284359e+03 9.860837183929497485e+01
8.572742629867136202e+03 1.012820589188755207e+02
8.572942605201991682e+03 9.997862052283763035e+01
8.573142580536845344e+03 1.011817907462192210e+02
8.573342555871699005e+03 1.002502907350038299e+02
8.573542531206556305e+03 9.888186414314316153e+01
8.573742506541408147e+03 1.007922583779354397e+02
8.573942481876263628e+03 1.003028002799415361e+02
8.574142457211117289e+03 9.903439517555811733e+01
8.574342432545970951e+03 9.997525411226475001e+01
8.574542407880826431e+03 9.915014586526409346e+01
8.574742383215678274e+03 9.948566807284699109e+01
8.574942358550533754e+03 9.576445445000319978e+01
8.575142333885389235e+03 9.923919730901033631e+01
8.575342309220242896e+03 9.984332399122600066e+01
8.575542284555098377e+03 9.768839803588436155e+01
8.575742259889950219e+03 1.000333648556122199e+02
8.575942235224805700e+03 1.011876714179183665e+02
8.576142210559659361e+03 1.009055650674784630e+02
8.576342185894513023e+03 9.905536795848320253e+01
8.576542161229368503e+03 9.922000337772352907e+01
8.576742136564222164e+03 9.769357410209994441e+01
8.576942111899077645e+03 1.004805861346426781e+02
8.577142087233931306e+03 1.015661486860272902e+02
8.577342062568784968e+03 9.980590469811002663e+01
8.577542037903638629e+03 9.912679465073253482e+01
8.577742013238492291e+03 9.755421336919221176e+01
8.577941988573349590e+03 9.900000491821275261e+01
8.578141963908203252e+03 1.008584671322220316e+02
8.578341939243056913e+03 9.834009222001211015e+01
8.578541914577910575e+03 9.908303664203144479e+01
8.578741889912764236e+03 9.955272940994636599e+01
8.578941865247619717e+03 9.832456867564960135e+01
8.579141840582473378e+03 9.779887416333154704e+01
8.579341815917327040e+03 9.801151430855156832e+01
8.579541791252182520e+03 9.993517649378213719e+01
8.579741766587036182e+03 9.977716725946312692e+01
8.579941741921891662e+03 1.020433825043870968e+02
8.580141717256745324e+03 1.014049414363823445e+02
8.580341692591598985e+03 9.774679426221656797e+01
8.580541667926452646e+03 9.660882969527767727e+01
8.580741643261306308e+03 9.573504764055795135e+01
8.580941618596161788e+03 9.355149347707951790e+01
8.581141593931017269e+03 9.258180559283613320e+01
8.581341569265870930e+03 9.385034267674504349e+01
8.581541544600724592e+03 9.572546023010754368e+01
8.581741519935578253e+03 9.705303334766875878e+01
8.581941495270431915e+03 9.834716006597736282e+01
8.582141470605287395e+03 9.911075560356977121e+01
8.582341445940142876e+03 1.011239916224155593e+02
8.582541421274996537e+03 9.937587127605972626e+01
8.582741396609850199e+03 9.900498715440387798e+01
8.582941371944703860e+03 9.856921702965482268e+01
8.583141347279559341e+03 1.008023275355817674e+02
8.583341322614413002e+03 9.973373826031186695e+01
8.583541297949266664e+03 9.775890151782168402e+01
8.583741273284120325e+03 9.704593952871942975e+01
8.583941248618975806e+03 9.833702752698361849e+01
8.584141223953831286e+03 9.978856691801415479e+01
8.584341199288684948e+03 1.003959251613678134e+02
8.584541174623538609e+03 9.944673622522114442e+01
8.584741149958392270e+03 1.008243930652449478e+02
8.584941125293245932e+03 1.008020371149068382e+02
8.585141100628101412e+03 1.014563728309986743e+02
8.585341075962955074e+03 1.017470982701826614e+02
8.585541051297810554e+03 9.880383412197805626e+01
8.585741026632664216e+03 1.008403955966369239e+02
8.585941001967517877e+03 1.007190388672954384e+02
8.586140977302373358e+03 1.003789305633038396e+02
8.586340952637225200e+03 9.903839053081776456e+01
8.586540927972080681e+03 1.005293834954174201e+02
8.586740903306936161e+03 9.903344914450981662e+01
8.586940878641789823e+03 1.001950717569914815e+02
8.587140853976645303e+03 1.004637785298531867e+02
8.587340829311497146e+03 1.005081821384708860e+02
8.587540804646352626e+03 9.977588709229353015e+01
8.587740779981206288e+03 1.012409410637659875e+02
8.587940755316059949e+03 9.934313250413480034e+01
8.588140730650915430e+03 1.003831457974950325e+02
8.588340705985769091e+03 9.998290715806410844e+01
8.588540681320624572e+03 1.008678704069943137e+02
8.588740656655478233e+03 1.003846663152898202e+02
8.588940631990331894e+03 1.001026275675684047e+02
8.589140607325187375e+03 9.948894711870930507e+01
8.589340582660039217e+03 1.003696197107933727e+02
8.589540557994894698e+03 9.985036776326352026e+01
8.589740533329748359e+03 1.007323110269413746e+02
8.589940508664603840e+03 9.748398714545825783e+01
8.590140483999459320e+03 1.006705894939207440e+02
8.590340459334311163e+03 1.002634072773343803e+02
8.590540434669166643e+03 9.918542028623205908e+01
8.590740410004018486e+03 1.008828750104269574e+02
8.590940385338873966e+03 1.014344490174081557e+02
8.591140360673731266e+03 9.956286303637088508e+01
8.591340336008583108e+03 9.851852482257568511e+01
8.591540311343438589e+03 9.778986279488016464e+01
8.591740286678290431e+03 9.785584386414083724e+01
8.591940262013145912e+03 9.772018775569890181e+01
8.592140237348001392e+03 9.955047772828126540e+01
8.592340212682853235e+03 9.812695836757541201e+01
8.592540188017710534e+03 9.799087598982200120e+01
8.592740163352562377e+03 9.937610613625243161e+01
8.592940138687417857e+03 9.944867101109058183e+01
8.593140114022273337e+03 9.924651054408680295e+01
8.593340089357125180e+03 1.013173241796924344e+02
8.593540064691980660e+03 9.898762997871467917e+01
8.593740040026832503e+03 9.967145900940624870e+01
8.593940015361687983e+03 9.809293557139497466e+01
8.594139990696543464e+03 1.000808470396806200e+02
8.594339966031397125e+03 9.830242408623539063e+01
8.594539941366252606e+03 9.819600416906408213e+01
8.594739916701104448e+03 9.855048695124051505e+01
8.594939892035959929e+03 9.734704777906873119e+01
8.595139867370813590e+03 9.837994649017728932e+01
8.595339842705667252e+03 9.794962361559535680e+01
8.595539818040524551e+03 9.765598227145576971e+01
8.595739793375376394e+03 9.767951932702092677e+01
8.595939768710231874e+03 9.817211061292931618e+01
8.596139744045085536e+03 9.834701310252150108e+01
8.596339719379939197e+03 9.713279416485137574e+01
8.596539694714794678e+03 9.813579072930940583e+01
8.596739670049646520e+03 9.840613344820464192e+01
8.596939645384503820e+03 9.575695260422122601e+01
8.597139620719357481e+03 9.085769586672884657e+01
8.597339596054211142e+03 9.305905982274393295e+01
8.597539571389066623e+03 8.784095014158482684e+01
8.597739546723918465e+03 8.784094044274539215e+01
8.597939522058773946e+03 9.094747694749106870e+01
8.598139497393627607e+03 9.463281904785968379e+01
8.598339472728481269e+03 9.728258119430049078e+01
8.598539448063336749e+03 9.719174408001565268e+01
8.598739423398190411e+03 1.016474225656027954e+02
8.598939398733045891e+03 1.003311536370393355e+02
8.599139374067899553e+03 9.866642169551640507e+01
8.599339349402753214e+03 9.877559940620736256e+01
8.599539324737606876e+03 9.945575797397337681e+01
8.599739300072460537e+03 1.001441140104068381e+02
8.599939275407317837e+03 9.986327119754774628e+01
8.600139250742171498e+03 1.001465933537384103e+02
8.600339226077025160e+03 9.926381451055407013e+01
8.600539201411878821e+03 9.958472882154384820e+01
8.600739176746732483e+03 9.821625232232595692e+01
8.600939152081587963e+03 9.940677374629160568e+01
8.601139127416441625e+03 1.005069041727718258e+02
8.601339102751297105e+03 9.987811665700705532e+01
8.601539078086150766e+03 9.706635781825050913e+01
8.601739053421004428e+03 9.924094595637119198e+01
8.601939028755859908e+03 1.006055208359309887e+02
8.602139004090713570e+03 1.008385166453416701e+02
8.602338979425567231e+03 9.954438526799445697e+01
8.602538954760420893e+03 9.974884379497768805e+01
8.602738930095274554e+03 1.010864723053915668e+02
8.602938905430130035e+03 9.815043530302467900e+01
8.603138880764985515e+03 1.013334799985887713e+02
8.603338856099839177e+03 9.802232903784850748e+01
8.603538831434692838e+03 1.001085217458213918e+02
8.603738806769546500e+03 9.951810266935106597e+01
8.603938782104400161e+03 9.804021362475786816e+01
8.604138757439255642e+03 1.000783438431999173e+02
8.604338732774111122e+03 1.007355788158997996e+02
8.604538708108964784e+03 9.978495680754294028e+01
8.604738683443818445e+03 1.001715698202476688e+02
8.604938658778672107e+03 9.926670516017217949e+01
8.605138634113527587e+03 9.786382000242271317e+01
8.605338609448381249e+03 9.764376599648365129e+01
8.605538584783234910e+03 9.973001901912429901e+01
8.605738560118090390e+03 9.933288513962197896e+01
8.605938535452944052e+03 9.971691433391477233e+01
8.606138510787799532e+03 9.891897147827968695e+01
8.606338486122653194e+03 9.825564808806507244e+01
8.606538461457506855e+03 9.989605746786580198e+01
8.606738436792360517e+03 9.743351936085572618e+01
8.606938412127214178e+03 9.874626598104697450e+01
8.607138387462069659e+03 9.945195391831524034e+01
8.607338362796923320e+03 9.579874325273416957e+01
8.607538338131778801e+03 9.767832015994403605e+01
8.607738313466632462e+03 9.822946631216073854e+01
8.607938288801486124e+03 9.912607803644978333e+01
8.608138264136341604e+03 9.855531681205007999e+01
8.608338239471193447e+03 9.924031576846346070e+01
8.608538214806048927e+03 9.872231601935165202e+01
8.608738190140904408e+03 9.976750416342865435e+01
8.608938165475758069e+03 9.857333373801779430e+01
8.609138140810613550e+03 9.832161068868003895e+01
8.609338116145465392e+03 9.894077210805937739e+01
8.609538091480320873e+03 1.013159405711947869e+02
8.609738066815174534e+03 1.002497157623145370e+02
8.609938042150028195e+03 9.796264205214107790e+01
8.610138017484885495e+03 9.568177018551952528e+01
8.610337992819737337e+03 9.208160922868296439e+01
8.610537968154592818e+03 9.028689032491512023e+01
8.610737943489446479e+03 8.752532838612523847e+01
8.610937918824300141e+03 9.042624818570884315e+01
8.611137894159155621e+03 9.471307224789894974e+01
8.611337869494007464e+03 9.626967832774400335e+01
8.611537844828862944e+03 9.912183582088579215e+01
8.611737820163716606e+03 9.528715412660254458e+01
8.611937795498572086e+03 9.883293200069483930e+01
8.612137770833427567e+03 9.772972766364631525e+01
8.612337746168279409e+03 9.969619374697396097e+01
8.612537721503134890e+03 9.898530358388640593e+01
8.612737696837986732e+03 9.891638182365682042e+01
8.612937672172842213e+03 1.008258356631161519e+02
8.613137647507699512e+03 9.978683564144088791e+01
8.613337622842551355e+03 9.827879323098004249e+01
8.613537598177406835e+03 1.013859270022835659e+02
8.613737573512258678e+03 1.004451791549331290e+02
8.613937548847114158e+03 9.862420364096719538e+01
8.614137524181969638e+03 9.993013835628730135e+01
8.614337499516821481e+03 1.005274223058443397e+02
8.614537474851678780e+03 9.789088418941155112e+01
8.614737450186530623e+03 9.918027666810600351e+01
8.614937425521386103e+03 9.819958728726604136e+01
8.615137400856241584e+03 9.714677648128488840e+01
8.615337376191093426e+03 9.811433966182349309e+01
8.615537351525948907e+03 9.819977735451423939e+01
8.615737326860800749e+03 1.009146366468606004e+02
8.615937302195656230e+03 9.953740548717901504e+01
8.616137277530511710e+03 1.000948449107569616e+02
8.616337252865365372e+03 9.905981430675691968e+01
8.616537228200220852e+03 9.943996184953140016e+01
8.616737203535072695e+03 9.980491514008792819e+01
8.616937178869928175e+03 9.903681351326665094e+01
8.617137154204781837e+03 9.963332925098738713e+01
8.617337129539635498e+03 1.010006210588913547e+02
8.617537104874492798e+03 1.009042456107383003e+02
8.617737080209344640e+03 9.879882124630651674e+01
8.617937055544200120e+03 9.732596252268228909e+01
8.618137030879053782e+03 1.017097526168821418e+02
8.618337006213907443e+03 1.002652823361080010e+02
8.618536981548762924e+03 1.004760889447436796e+02
8.618736956883614766e+03 9.923177017347155981e+01
8.618936932218472066e+03 9.986663751496826080e+01
8.619136907553325727e+03 9.954658731620985179e+01
8.619336882888179389e+03 1.018054925773548263e+02
8.619536858223033050e+03 9.925948630810481177e+01
8.619736833557886712e+03 9.867336159652407446e+01
8.619936808892742192e+03 9.736967506651372162e+01
8.620136784227595854e+03 9.347454918095235143e+01
8.620336759562449515e+03 9.121817376256007037e+01
8.620536734897304996e+03 8.889375088057342111e+01
8.620736710232158657e+03 9.503401661652522137e+01
8.620936685567014138e+03 9.401300748408510799e+01
8.621136660901867799e+03 9.715620271503598815e+01
8.621336636236721461e+03 9.837972092237072275e+01
8.621536611571575122e+03 1.006405622828202127e+02
8.621736586906428784e+03 1.013317444633673432e+02
8.621936562241286083e+03 9.892309516836112948e+01
8.622136537576139744e+03 9.816272733666934869e+01
8.622336512910993406e+03 1.008570281693566670e+02
8.622536488245847067e+03 1.016538112983296713e+02
8.622736463580700729e+03 1.002633245172584964e+02
8.622936438915556209e+03 9.847009384217898287e+01
8.623136414250409871e+03 1.007961279623618651e+02
8.623336389585265351e+03 9.997143748106789474e+01
8.623536364920119013e+03 9.855220325535736947e+01
8.623736340254972674e+03 1.006991757238128997e+02
8.623936315589826336e+03 9.980257216166008050e+01
8.624136290924681816e+03 1.003098396301341353e+02
8.624336266259535478e+03 1.013053311179922673e+02
8.624536241594389139e+03 9.776854160973785213e+01
8.624736216929242801e+03 9.999235504185027423e+01
8.624936192264098281e+03 1.013030241939717939e+02
8.625136167598953762e+03 9.955029961433916696e+01
8.625336142933807423e+03 1.000114163086700927e+02
8.625536118268661085e+03 1.016965596009457613e+02
8.625736093603514746e+03 9.937302184779755976e+01
8.625936068938368408e+03 1.013232793128727707e+02
8.626136044273223888e+03 1.002819362772377616e+02
8.626336019608079368e+03 9.934544352954607405e+01
8.626535994942933030e+03 1.002519974376029808e+02
8.626735970277786691e+03 1.000973570569504290e+02
8.626935945612640353e+03 9.997544124390554998e+01
8.627135920947495833e+03 9.889713362230932603e+01
8.627335896282349495e+03 1.010064698505288874e+02
8.627535871617203156e+03 1.014366045320908967e+02
8.627735846952058637e+03 1.015965692373655287e+02
8.627935822286912298e+03 1.010203681132061604e+02
8.628135797621767779e+03 9.922880887542891060e+01
8.628335772956619621e+03 9.928897757169092131e+01
8.628535748291475102e+03 9.941763353869346531e+01
8.628735723626328763e+03 9.916195513401967787e+01
8.628935698961182425e+03 1.008300690974661364e+02
8.629135674296037905e+03 9.995089824572164616e+01
8.629335649630891567e+03 1.004521444519928224e+02
8.629535624965747047e+03 9.904613767977815542e+01
8.629735600300600709e+03 9.954271544324834053e+01
8.629935575635454370e+03 9.952302101285563651e+01
8.630135550970309851e+03 9.982404886919607634e+01
8.630335526305161693e+03 9.771495471487618545e+01
8.630535501640017173e+03 1.003409428222726234e+02
8.630735476974872654e+03 9.901897555679011020e+01
8.630935452309726315e+03 9.864668252138480398e+01
8.631135427644581796e+03 9.937220055893010340e+01
8.631335402979433638e+03 9.803567246589358319e+01
8.631535378314289119e+03 1.001215481754551320e+02
8.631735353649142780e+03 1.011165482164367830e+02
8.631935328983996442e+03 9.782395096559469039e+01
8.632135304318853741e+03 9.951615584002256298e+01
8.632335279653705584e+03 1.000743968427219528e+02
8.632535254988561064e+03 9.965914031684606300e+01
8.632735230323412907e+03 9.931034174813474635e+01
8.632935205658268387e+03 9.826538993725941395e+01
8.633135180993123868e+03 9.853047760804990673e+01
8.633335156327975710e+03 9.917940859354854410e+01
8.633535131662831191e+03 9.998386639528503395e+01
8.633735106997684852e+03 1.007829599764807256e+02
8.633935082332540333e+03 1.014747284597940364e+02
8.634135057667395813e+03 1.002859743020349299e+02
8.634335033002247656e+03 9.947682009131034420e+01
8.634535008337103136e+03 1.000424983459338648e+02
8.634734983671954978e+03 9.994105483701412140e+01
8.634934959006810459e+03 9.752613002359763072e+01
8.635134934341667758e+03 1.000412758406250475e+02
8.635334909676519601e+03 1.002625648711191531e+02
8.635534885011375081e+03 9.953287923928789382e+01
8.635734860346226924e+03 9.782512498411311697e+01
8.635934835681082404e+03 9.779877012163717609e+01
8.636134811015937885e+03 9.959030002834603579e+01
8.636334786350789727e+03 9.930579630399203950e+01
8.636534761685647027e+03 9.907403255282810051e+01
8.636734737020498869e+03 9.855153394865997996e+01
8.636934712355354350e+03 9.931727956590948736e+01
8.637134687690208011e+03 9.970015197820454489e+01
8.637334663025061673e+03 9.916683174822023261e+01
8.637534638359917153e+03 9.815646655796207654e+01
8.637734613694768996e+03 1.000111750419698780e+02
8.637934589029626295e+03 1.005395940898344378e+02
8.638134564364479957e+03 9.898513175363974881e+01
8.638334539699333618e+03 9.894652246950893471e+01
8.638534515034189099e+03 9.798763641598804952e+01
8.638734490369040941e+03 9.811030340906145852e+01
8.638934465703896421e+03 9.899510111364526210e+01
8.639134441038750083e+03 1.001519842242768448e+02
8.639334416373603744e+03 1.003154256557836561e+02
8.639534391708461044e+03 9.875029558209359948e+01
8.639734367043312886e+03 9.977618571112786583e+01
8.639934342378168367e+03 1.001850979083587276e+02
8.640134317713022028e+03 1.012814553514514273e+02
8.640334293047875690e+03 9.863601144618904470e+01
8.640534268382731170e+03 9.818620092587951831e+01
8.640734243717583013e+03 9.899160317192483660e+01
8.640934219052440312e+03 1.008608427303498161e+02
8.641134194387293974e+03 1.000036701180771956e+02
8.641334169722147635e+03 1.008295845451753934e+02
8.641534145057001297e+03 9.985646353551369714e+01
8.641734120391854958e+03 1.008475370807204428e+02
8.641934095726710439e+03 9.789872524720654212e+01
8.642134071061564100e+03 9.991811890299219101e+01
8.642334046396419581e+03 1.003924631064909363e+02
8.642534021731273242e+03 1.007323152139352516e+02
8.642733997066126904e+03 1.003535822112891509e+02
8.642933972400982384e+03 1.008104428654742151e+02
8.643133947735836045e+03 9.808730040415787244e+01
8.643333923070689707e+03 9.974190499620580397e+01
8.643533898405543368e+03 9.901218867067686347e+01
8.643733873740397030e+03 1.008870447183490882e+02
8.643933849075254329e+03 9.805418307161740188e+01
8.644133824410107991e+03 9.948390932184770463e+01
8.644333799744961652e+03 1.007362421483002350e+02
8.644533775079815314e+03 1.010256871870346913e+02
8.644733750414668975e+03 9.991832016698543839e+01
8.644933725749524456e+03 1.002175481708242017e+02
8.645133701084378117e+03 9.916406887322369812e+01
8.645333676419233598e+03 9.798947058736150950e+01
8.645533651754087259e+03 1.007626252514424294e+02
8.645733627088940921e+03 9.744400560930141353e+01
8.645933602423794582e+03 9.809828630949891703e+01
8.646133577758650063e+03 9.918846340586480892e+01
8.646333553093503724e+03 9.891238432160052696e+01
8.646533528428357386e+03 9.793725473126141878e+01
8.646733503763212866e+03 9.781361603375381719e+01
8.646933479098066528e+03 9.758999680616460637e+01
8.647133454432922008e+03 9.414120157175224790e+01
8.647333429767775669e+03 9.345592441338258993e+01
8.647533405102629331e+03 9.169554860686365316e+01
8.647733380437482992e+03 9.532859890848848750e+01
8.647933355772336654e+03 9.953885671414555247e+01
8.648133331107192134e+03 9.852088460680882065e+01
8.648333306442047615e+03 9.897153808419705001e+01
8.648533281776901276e+03 9.778199720093448377e+01
8.648733257111754938e+03 9.947833068921411837e+01
8.648933232446608599e+03 9.830363397648268631e+01
8.649133207781464080e+03 9.779161095576344565e+01
8.649333183116317741e+03 1.000987079490567311e+02
8.649533158451171403e+03 9.893476686339054993e+01
8.649733133786026883e+03 9.884611232164202477e+01
8.649933109120880545e+03 9.954787528034701438e+01
8.650133084455736025e+03 9.791744330703987487e+01
8.650333059790587868e+03 9.814046715975582913e+01
8.650533035125443348e+03 1.000080669158857489e+02
8.650733010460297010e+03 9.785023574879483022e+01
8.650932985795150671e+03 9.870358258081520830e+01
8.651132961130007970e+03 9.970897996271322938e+01
8.651332936464859813e+03 9.768754044214659871e+01
8.651532911799715293e+03 9.921353896654235882e+01
8.651732887134568955e+03 9.652550381752571695e+01
8.651932862469422616e+03 9.448596399886258723e+01
8.652132837804278097e+03 9.831173090900504974e+01
8.652332813139129939e+03 9.696853743849634100e+01
8.652532788473985420e+03 9.770380540965378202e+01
8.652732763808840900e+03 9.729208201191900685e+01
8.652932739143694562e+03 9.854705953315645672e+01
8.653132714478550042e+03 9.753020674191189698e+01
8.653332689813401885e+03 9.671358069971591931e+01
8.653532665148257365e+03 9.744953231901813240e+01
8.653732640483111027e+03 9.604114721601006011e+01
8.653932615817964688e+03 9.617548802907552385e+01
8.654132591152821988e+03 9.817741708774752851e+01
8.654332566487673830e+03 9.643566717118211784e+01
8.654532541822529311e+03 9.666600351591395679e+01
8.654732517157381153e+03 9.419708164551876450e+01
8.654932492492236634e+03 9.744170369279454746e+01
8.655132467827092114e+03 9.606029017489555599e+01
8.655332443161943957e+03 9.304380322499319789e+01
8.655532418496801256e+03 9.424547555469801807e+01
8.655732393831653098e+03 9.478136498298786705e+01
8.655932369166508579e+03 9.525582894156789848e+01
8.656132344501364059e+03 9.539377552822864459e+01
8.656332319836215902e+03 9.210668250942637769e+01
8.656532295171071382e+03 9.275061228893774512e+01
8.656732270505923225e+03 9.474104547300797208e+01
8.656932245840778705e+03 9.203884440958715629e+01
8.657132221175636005e+03 9.048926177090839928e+01
8.657332196510487847e+03 9.078682528216491221e+01
8.657532171845343328e+03 9.034098652673250740e+01
8.657732147180195170e+03 8.991189800541835098e+01
8.657932122515050651e+03 8.887821154373808952e+01
8.658132097849906131e+03 8.835440336527635452e+01
8.658332073184757974e+03 8.612384799846761041e+01
8.658532048519615273e+03 8.411457882687221854e+01
8.658732023854467116e+03 8.367989877458309422e+01
8.658931999189322596e+03 7.961618468111551294e+01
8.659131974524176258e+03 7.952100857620712304e+01
8.659331949859029919e+03 7.769006357453920941e+01
8.659531925193885399e+03 7.414459894479969648e+01
8.659731900528737242e+03 7.143811000191350047e+01
8.659931875863594541e+03 6.720545963918334564e+01
8.660131851198448203e+03 6.109371740653446636e+01
8.660331826533301864e+03 5.789087243979760444e+01
8.660531801868157345e+03 5.318021817950528174e+01
8.660731777203009187e+03 4.479528197000753664e+01
8.660931752537864668e+03 4.046490168809524590e+01
8.661131727872718329e+03 3.807041599691731193e+01
8.661331703207571991e+03 4.334139010962201155e+01
8.661531678542429290e+03 4.711313135415971942e+01
8.661731653877281133e+03 5.585260428989177228e+01
8.661931629212136613e+03 6.043163612205396618e+01
8.662131604546990275e+03 6.655384687061685156e+01
8.662331579881843936e+03 7.059990788256709493e+01
8.662531555216699417e+03 7.429837860346401612e+01
8.662731530551551259e+03 7.607696324841481328e+01
8.662931505886408559e+03 7.854330419667860497e+01
8.663131481221262220e+03 8.019296267830280556e+01
8.663331456556115882e+03 8.155250111027464754e+01
8.663531431890969543e+03 8.312438882864329059e+01
8.663731407225823204e+03 8.110417648153783432e+01
8.663931382560678685e+03 8.407253835667091835e+01
8.664131357895532346e+03 8.539511936470277931e+01
8.664331333230387827e+03 8.572838104117489877e+01
8.664531308565241488e+03 8.747157796988332734e+01
8.664731283900095150e+03 9.097291958575669923e+01
8.664931259234950630e+03 9.035433563376919608e+01
8.665131234569804292e+03 9.010134434491456545e+01
8.665331209904657953e+03 9.179696693965284737e+01
8.665531185239511615e+03 9.237274536454084739e+01
8.665731160574365276e+03 9.447476027172481849e+01
8.665931135909222576e+03 9.353963333565067728e+01
8.666131111244076237e+03 9.323774415750385458e+01
8.666331086578929899e+03 9.331891918468105018e+01
8.666531061913783560e+03 9.556083837712375839e+01
8.666731037248637222e+03 9.419284340020938373e+01
8.666931012583492702e+03 9.704845364813118636e+01
8.667130987918346364e+03 9.695106972889090002e+01
8.667330963253201844e+03 9.465071405390574455e+01
8.667530938588055506e+03 9.508362894017615474e+01
8.667730913922909167e+03 9.648878131522397439e+01
8.667930889257762828e+03 9.578470184124753928e+01
8.668130864592618309e+03 9.663909437208843656e+01
8.668330839927471970e+03 9.719928627507432850e+01
8.668530815262325632e+03 9.663213675121727420e+01
8.668730790597181112e+03 9.738852931172218064e+01
8.668930765932034774e+03 9.946988280042418751e+01
8.669130741266890254e+03 9.825374365577613389e+01
8.669330716601743916e+03 9.554857983520780351e+01
8.669530691936597577e+03 9.629567355887388658e+01
8.669730667271451239e+03 9.594865935396698831e+01
8.669930642606304900e+03 9.738714763197270941e+01
8.670130617941160381e+03 9.765294325798767261e+01
8.670330593276015861e+03 9.980452308785054072e+01
8.670530568610869523e+03 9.687572037857664498e+01
8.670730543945723184e+03 9.911792238483968731e+01
8.670930519280576846e+03 9.625148858772442395e+01
8.671130494615432326e+03 9.717497039280850402e+01
8.671330469950285988e+03 9.806460581617592709e+01
8.671530445285139649e+03 9.605666935191651135e+01
8.671730420619995130e+03 9.739983123522303288e+01
8.671930395954848791e+03 9.808170121347119164e+01
8.672130371289704271e+03 9.794302901866043953e+01
8.672330346624556114e+03 9.760041907693742758e+01
8.672530321959411594e+03 9.948065103408102061e+01
8.672730297294265256e+03 9.849971335853255994e+01
8.672930272629118917e+03 9.759135549960012668e+01
8.673130247963976217e+03 9.564441567308892900e+01
8.673330223298828059e+03 9.445908300064576224e+01
8.673530198633683540e+03 8.780785491233622508e+01
8.673730173968537201e+03 8.747104994725624749e+01
8.673930149303390863e+03 8.908841171153096639e+01
8.674130124638246343e+03 9.104459949683364073e+01
8.674330099973098186e+03 9.334226734520035507e+01
8.674530075307953666e+03 9.657562241413609172e+01
8.674730050642809147e+03 9.760961245811644460e+01
8.674930025977662808e+03 9.924037837170479293e+01
8.675130001312518289e+03 9.974286336912480522e+01
8.675329976647370131e+03 9.815571197727251729e+01
8.675529951982225612e+03 9.721376154507294132e+01
8.675729927317079273e+03 9.997542120867876747e+01
8.675929902651932935e+03 1.021303761662327787e+02
8.676129877986790234e+03 9.861670316852246287e+01
8.676329853321642076e+03 9.788170656002235148e+01
8.676529828656497557e+03 1.015925079624535670e+02
8.676729803991349399e+03 9.753349685988902706e+01
8.676929779326204880e+03 1.003372368140019404e+02
8.677129754661060360e+03 9.939308678749527814e+01
8.677329729995912203e+03 9.947959586315019465e+01
8.677529705330769502e+03 9.963483797759344895e+01
8.677729680665621345e+03 9.911488502892272834e+01
8.677929656000476825e+03 9.826433383214120454e+01
8.678129631335332306e+03 9.972349941920437288e+01
8.678329606670184148e+03 9.682882255894507750e+01
8.678529582005039629e+03 9.618510483998149141e+01
8.678729557339891471e+03 9.555315424421621628e+01
8.678929532674746952e+03 9.595395354825110701e+01
8.679129508009604251e+03 9.614899064421553021e+01
8.679329483344456094e+03 9.277676674491686981e+01
8.679529458679311574e+03 9.737990434818712515e+01
8.679729434014163417e+03 9.634426050707889999e+01
8.679929409349018897e+03 9.905300866441281471e+01
8.680129384683872559e+03 9.964019982725000091e+01
8.680329360018726220e+03 9.913281542780364930e+01
8.680529335353583519e+03 1.015945114256352326e+02
8.680729310688435362e+03 9.855743621724023740e+01
8.680929286023290842e+03 9.989149120023608930e+01
8.681129261358144504e+03 1.000693115529185633e+02
8.681329236692998165e+03 9.911728803077488692e+01
8.681529212027853646e+03 1.011281392894349977e+02
8.681729187362705488e+03 1.006349717346371762e+02
8.681929162697562788e+03 9.814070571284563016e+01
8.682129138032416449e+03 9.857468158576972428e+01
8.682329113367270111e+03 9.741515936223467520e+01
8.682529088702125591e+03 1.002488200745132474e+02
8.682729064036977434e+03 9.957057445425219555e+01
8.682929039371832914e+03 9.958516473834153260e+01
8.683129014706686576e+03 9.958713300627594833e+01
8.683328990041540237e+03 9.855552039061682024e+01
8.683528965376397537e+03 1.002833823509686795e+02
8.683728940711249379e+03 1.012782177305010691e+02
8.683928916046104860e+03 9.936483432677549388e+01
8.684128891380958521e+03 9.936335621978547294e+01
8.684328866715812183e+03 1.005305229462953207e+02
8.684528842050665844e+03 9.985965302266690458e+01
8.684728817385519505e+03 1.020012822513693749e+02
8.684928792720376805e+03 9.817923983257685450e+01
8.685128768055230466e+03 9.836048284259238983e+01
8.685328743390084128e+03 9.723456220902157554e+01
8.685528718724937789e+03 9.923035182033058277e+01
8.685728694059791451e+03 9.803406561026297084e+01
8.685928669394646931e+03 9.935185648062237362e+01
8.686128644729500593e+03 9.919788423972576652e+01
8.686328620064356073e+03 9.990136701617340975e+01
8.686528595399209735e+03 9.819058308107088351e+01
8.686728570734063396e+03 9.707200506294677211e+01
8.686928546068918877e+03 9.466181606305738683e+01
8.687128521403772538e+03 8.832767915710566342e+01
8.687328496738626200e+03 8.128167877276474940e+01
8.687528472073479861e+03 7.937619489780439608e+01
8.687728447408335342e+03 8.168365160307155293e+01
8.687928422743190822e+03 8.629224468007105031e+01
8.688128398078044484e+03 9.267532304636121410e+01
8.688328373412898145e+03 9.490080578490223218e+01
8.688528348747751807e+03 9.943793660082168628e+01
8.688728324082605468e+03 9.718140179824474956e+01
8.688928299417459129e+03 9.884940530869342012e+01
8.689128274752314610e+03 9.722039591681078718e+01
8.689328250087170090e+03 9.789435336089306361e+01
8.689528225422023752e+03 9.898322509225388899e+01
8.689728200756877413e+03 9.930071465659051455e+01
8.689928176091731075e+03 1.002096051813611268e+02
8.690128151426586555e+03 9.744566447511751051e+01
8.690328126761440217e+03 9.976979169990683260e+01
8.690528102096293878e+03 9.860098815548109030e+01
8.690728077431149359e+03 1.017374631463936794e+02
8.690928052766003020e+03 9.930571049986906473e+01
8.691128028100858501e+03 1.006022055792636820e+02
8.691328003435712162e+03 9.945090201273866626e+01
8.691527978770565824e+03 9.730865127497175138e+01
8.691727954105419485e+03 1.008921309804302666e+02
8.691927929440273147e+03 9.778330916138504847e+01
8.692127904775130446e+03 9.993208345272456938e+01
8.692327880109984108e+03 1.002793185701001306e+02
8.692527855444837769e+03 9.889824633646375673e+01
8.692727830779691431e+03 1.000506185098682437e+02
8.692927806114545092e+03 9.944953025370955402e+01
8.693127781449400572e+03 9.738272276116904891e+01
8.693327756784252415e+03 9.797602511236848954e+01
8.693527732119107895e+03 9.900400518205901790e+01
8.693727707453963376e+03 9.949799988723904676e+01
8.693927682788817037e+03 9.938858686602958414e+01
8.694127658123672518e+03 9.945896385719845512e+01
8.694327633458524360e+03 1.003083001681511348e+02
8.694527608793379841e+03 9.916871959561886740e+01
8.694727584128233502e+03 1.005517924931101561e+02
8.694927559463087164e+03 9.978233935255849474e+01
8.695127534797944463e+03 9.893359520640201765e+01
8.695327510132796306e+03 1.004665934430865946e+02
8.695527485467651786e+03 1.008165064169478882e+02
8.695727460802505448e+03 9.858475726724908839e+01
8.695927436137359109e+03 1.002716272524394299e+02
8.696127411472214590e+03 9.987206016269895770e+01
8.696327386807066432e+03 1.003111367443501649e+02
8.696527362141923732e+03 9.955061489434841349e+01
8.696727337476777393e+03 9.981874083319225122e+01
8.696927312811631055e+03 9.809693343567451507e+01
8.697127288146486535e+03 9.946904270242249879e+01
8.697327263481338377e+03 9.887807417558404666e+01
8.697527238816193858e+03 9.902773017476864936e+01
8.697727214151045700e+03 9.900751139050336747e+01
8.697927189485901181e+03 9.713856819076420379e+01
8.698127164820758480e+03 9.196361012727210493e+01
8.698327140155610323e+03 9.501253797078462071e+01
8.698527115490465803e+03 9.415744059296436319e+01
8.698727090825317646e+03 9.957043709547799892e+01
8.698927066160173126e+03 9.811514561939176815e+01
8.699127041495028607e+03 1.003415163487413224e+02
8.699327016829880449e+03 9.923825907108992794e+01
8.699526992164737749e+03 9.985938529401548180e+01
8.699726967499589591e+03 9.969792310179741435e+01
8.699926942834445072e+03 9.937517232354346675e+01
8.700126918169300552e+03 9.844689333689103705e+01
8.700326893504152395e+03 9.977015840502221522e+01
8.700526868839007875e+03 9.976060649441274109e+01
8.700726844173859718e+03 9.915109463067835804e+01
8.700926819508717017e+03 9.941370699620007656e+01
8.701126794843572497e+03 1.002110534095505585e+02
8.701326770178424340e+03 1.004388721285971400e+02
8.701526745513279820e+03 9.893926796418678293e+01
8.701726720848131663e+03 9.764023504403415643e+01
8.701926696182987143e+03 1.007013125960533557e+02
8.702126671517840805e+03 9.923057316084334900e+01
8.702326646852694466e+03 9.963389170146881213e+01
8.702526622187551766e+03 9.917383080805913664e+01
8.702726597522403608e+03 1.005352905472849159e+02
8.702926572857259089e+03 9.907404456248288227e+01
8.703126548192112750e+03 1.003761308794961025e+02
8.703326523526966412e+03 1.010125623954607050e+02
8.703526498861821892e+03 1.004356588127762251e+02
8.703726474196673735e+03 1.003466449949485764e+02
8.703926449531531034e+03 9.880925646997377498e+01
8.704126424866384696e+03 9.959254449197119641e+01
8.704326400201238357e+03 9.899070603902774224e+01
8.704526375536093838e+03 9.904665958807676418e+01
8.704726350870945680e+03 9.885151239030018644e+01
8.704926326205801161e+03 1.006204299243594562e+02
8.705126301540654822e+03 9.995545370094617965e+01
8.705326276875510302e+03 1.019003294206355861e+02
8.705526252210365783e+03 9.847358024884934480e+01
8.705726227545217625e+03 1.006847793052365887e+02
8.705926202880073106e+03 9.775781879912631211e+01
8.706126178214926767e+03 1.015991807983780149e+02
8.706326153549780429e+03 9.987668119467937800e+01
8.706526128884634090e+03 9.987226663126095616e+01
8.706726104219487752e+03 1.002174924598150767e+02
8.706926079554345051e+03 9.947370932639401531e+01
8.707126054889198713e+03 1.003928257831391022e+02
8.707326030224052374e+03 9.875876201114436981e+01
8.707526005558906036e+03 9.956369738083081700e+01
8.707725980893759697e+03 9.961984527714645310e+01
8.707925956228615178e+03 1.010064238020220131e+02
8.708125931563468839e+03 9.858323329660127854e+01
8.708325906898324320e+03 9.981870505750666211e+01
8.708525882233177981e+03 9.955636536729922170e+01
8.708725857568031643e+03 9.791159914883415638e+01
8.708925832902887123e+03 9.386921274494022782e+01
8.709125808237740785e+03 9.212004633642833085e+01
8.709325783572594446e+03 9.171450474446810119e+01
8.709525758907448107e+03 9.308766288822266688e+01
8.709725734242303588e+03 9.526463271578006697e+01
8.709925709577159068e+03 9.864498411327116401e+01
8.710125684912012730e+03 9.996540607147798596e+01
8.710325660246866391e+03 1.001444539821266773e+02
8.710525635581720053e+03 9.958110052490940234e+01
8.710725610916573714e+03 9.864498446810645760e+01
8.710925586251427376e+03 9.837257506185470390e+01
8.711125561586282856e+03 9.772920064221429470e+01
8.711325536921138337e+03 9.750865612581885955e+01
8.711525512255991998e+03 9.679854943940978274e+01
8.711725487590845660e+03 9.344350924822229842e+01
8.711925462925699321e+03 9.224593957324384519e+01
8.712125438260554802e+03 9.248311075446196128e+01
8.712325413595408463e+03 9.395417042160966048e+01
8.712525388930262125e+03 9.647733867477931824e+01
8.712725364265117605e+03 9.849275406864413185e+01
8.712925339599971267e+03 9.739597103344397055e+01
8.713125314934826747e+03 1.020232719353872284e+02
8.713325290269680409e+03 1.000664773497823745e+02
8.713525265604534070e+03 9.927378294920302437e+01
8.713725240939387731e+03 9.857253815110740902e+01
8.713925216274241393e+03 9.875362145001528802e+01
8.714125191609098692e+03 9.937522397580565325e+01
8.714325166943952354e+03 9.900048825414702947e+01
8.714525142278806015e+03 9.875295803931592786e+01
8.714725117613659677e+03 1.016043772271401053e+02
8.714925092948513338e+03 1.006703189430029681e+02
8.715125068283368819e+03 1.014937386153772252e+02
8.715325043618220661e+03 1.000697202489425734e+02
8.715525018953076142e+03 9.967417487070247262e+01
8.715724994287931622e+03 1.013728522604699833e+02
8.715924969622785284e+03 9.918843299036569761e+01
8.716124944957640764e+03 9.875037630495792484e+01
8.716324920292492607e+03 9.817262944601374386e+01
8.716524895627348087e+03 9.354277770566591244e+01
8.716724870962201749e+03 9.186242826391806204e+01
8.716924846297055410e+03 9.220316089469407927e+01
8.717124821631912710e+03 9.763714013110451617e+01
8.717324796966764552e+03 9.884865308375893278e+01
8.717524772301620033e+03 9.918438616291271615e+01
8.717724747636473694e+03 9.917336009542577813e+01
8.717924722971327355e+03 9.993592122528704635e+01
8.718124698306182836e+03 9.918395444421585694e+01
8.718324673641034678e+03 1.009343438138906350e+02
8.718524648975891978e+03 1.006800977832841824e+02
8.718724624310745639e+03 1.004602872277063597e+02
8.718924599645599301e+03 9.984124699988051077e+01
8.719124574980454781e+03 9.955275353144790529e+01
8.719324550315306624e+03 1.005731104325477645e+02
8.719524525650162104e+03 1.001201444316913864e+02
8.719724500985013947e+03 9.792491288804569649e+01
8.719924476319869427e+03 1.012796590689936096e+02
8.720124451654726727e+03 1.006567913280317725e+02
8.720324426989578569e+03 1.004849163041900084e+02
8.720524402324434050e+03 1.016187831575039837e+02
8.720724377659285892e+03 9.936896488846934972e+01
8.720924352994141373e+03 9.881112750052798788e+01
8.721124328328996853e+03 1.000217971047659944e+02
8.721324303663848696e+03 1.001131453072999733e+02
8.721524278998705995e+03 9.984319462996425898e+01
8.721724254333557838e+03 9.940899445937338896e+01
8.721924229668413318e+03 9.900000563814130317e+01
8.722124205003268798e+03 9.838963408368748276e+01
8.722324180338120641e+03 1.005471836268170165e+02
8.722524155672976121e+03 9.946642501262127212e+01
8.722724131007827964e+03 1.010235165011282419e+02
8.722924106342685263e+03 9.926308813173022827e+01
8.723124081677540744e+03 1.002197412043814353e+02
8.723324057012392586e+03 1.009826670990225352e+02
8.723524032347248067e+03 1.000594603649251866e+02
8.723724007682099909e+03 9.958472003103217673e+01
8.723923983016955390e+03 1.011366275265265244e+02
8.724123958351809051e+03 1.001194024837071055e+02
8.724323933686662713e+03 9.890589550969491484e+01
8.724523909021520012e+03 1.012431011080205252e+02
8.724723884356371855e+03 9.891553056163698443e+01
8.724923859691227335e+03 9.937437434588865415e+01
8.725123835026080997e+03 1.009333583051448500e+02
8.725323810360934658e+03 9.956140712630023870e+01
8.725523785695790139e+03 9.876956952492101038e+01
8.725723761030641981e+03 1.007108346994281902e+02
8.725923736365499281e+03 1.004350700651735906e+02
8.726123711700352942e+03 9.781736872197905086e+01
8.726323687035206603e+03 9.835464395344835964e+01
8.726523662370062084e+03 9.604085100908766037e+01
8.726723637704913926e+03 9.361251296323463578e+01
8.726923613039769407e+03 9.301074909970225235e+01
8.727123588374623068e+03 9.310920998011718552e+01
8.727323563709478549e+03 9.642041706370814325e+01
8.727523539044334029e+03 9.610939588732453842e+01
8.727723514379185872e+03 9.772551682864686029e+01
8.727923489714041352e+03 9.916974139175695768e+01
8.728123465048895014e+03 9.990602637259054575e+01
8.728323440383748675e+03 1.000771721854740406e+02
8.728523415718602337e+03 9.960692687046862659e+01
8.728723391053455998e+03 1.005570950947539899e+02
8.728923366388313298e+03 9.797157949372753194e+01
