8.484676596203737063e+03 1.005015667227122691e+02
8.484876706500817818e+03 1.025060092839231913e+02
8.485076816797898573e+03 9.917576349699409377e+01
8.485276927094979328e+03 9.962677595032332079e+01
8.485477037392058264e+03 1.000945293892052490e+02
8.485677147689139019e+03 1.010717742343472310e+02
8.485877257986219774e+03 1.009337494331905134e+02
8.486077368283298711e+03 1.010736827451234063e+02
8.486277478580381285e+03 9.549007807566528072e+01
8.486477588877460221e+03 9.518545939789709109e+01
8.486677699174540976e+03 9.248808729882313173e+01
8.486877809471621731e+03 9.390698563191880055e+01
8.487077919768700667e+03 9.243407003084023188e+01
8.487278030065781422e+03 9.122333836320402156e+01
8.487478140362860358e+03 9.768100153694838639e+01
8.487678250659942933e+03 9.934883881349263390e+01
8.487878360957023688e+03 1.011154105105336640e+02
8.488078471254102624e+03 9.838311221792700678e+01
8.488278581551183379e+03 9.995436045040665363e+01
8.488478691848262315e+03 9.634009439477260628e+01
8.488678802145343070e+03 9.669512157279048381e+01
8.488878912442423825e+03 9.547998670397058163e+01
8.489079022739502761e+03 9.712116886848583874e+01
8.489279133036583517e+03 1.014185914521266341e+02
8.489479243333662453e+03 9.779134841058490224e+01
8.489679353630745027e+03 1.017530908400960925e+02
8.489879463927825782e+03 9.703039529871512059e+01
8.490079574224906537e+03 1.036919800485176353e+02
8.490279684521987292e+03 1.019533660577565399e+02
8.490479794819066228e+03 9.960915761445710359e+01
8.490679905116146983e+03 9.831105324683593949e+01
8.490880015413227738e+03 1.001583044243067917e+02
8.491080125710306675e+03 9.947499699685953090e+01
8.491280236007387430e+03 1.005315952432148947e+02
8.491480346304466366e+03 9.784968610324435190e+01
8.491680456601547121e+03 1.013383467530045294e+02
8.491880566898627876e+03 9.906664235124011952e+01
8.492080677195706812e+03 1.001964727066982590e+02
8.492280787492787567e+03 9.686715080481849327e+01
8.492480897789866503e+03 1.029039383624610053e+02
8.492681008086949078e+03 1.005117729587107647e+02
8.492881118384029833e+03 1.017326847788059325e+02
8.493081228681110588e+03 9.935389523643992504e+01
8.493281338978191343e+03 9.710798289373832404e+01
8.493481449275270279e+03 9.897954534225353029e+01
8.493681559572351034e+03 9.871600535282856015e+01
8.493881669869431789e+03 1.015939491731120654e+02
8.494081780166510725e+03 1.002149927636209981e+02
8.494281890463591481e+03 9.973225069712593438e+01
8.494482000760670417e+03 1.021376967122088359e+02
8.494682111057751172e+03 1.038889774250762486e+02
8.494882221354831927e+03 1.021356819519827894e+02
8.495082331651910863e+03 9.952022820918563184e+01
8.495282441948993437e+03 9.696759993782482923e+01
8.495482552246072373e+03 1.024280187033803315e+02
8.495682662543153128e+03 9.930360264547731219e+01
8.495882772840233883e+03 9.914453132029720450e+01
8.496082883137312820e+03 1.000707103697710352e+02
8.496282993434393575e+03 9.648637095105338801e+01
8.496483103731474330e+03 1.004391729890121212e+02
8.496683214028555085e+03 9.278316904400266196e+01
8.496883324325635840e+03 9.490082307570560261e+01
8.497083434622714776e+03 9.515417069544095341e+01
8.497283544919795531e+03 9.490509625907118618e+01
8.497483655216874467e+03 1.000836983742020863e+02
8.497683765513955223e+03 9.504634769826103025e+01
8.497883875811037797e+03 9.779644411829869455e+01
8.498083986108116733e+03 9.745462397775213503e+01
8.498284096405197488e+03 9.537677182630881134e+01
8.498484206702276424e+03 9.268354192878410913e+01
8.498684316999357179e+03 9.447174547378260456e+01
8.498884427296437934e+03 1.004951872842196678e+02
8.499084537593516870e+03 9.956936059177309062e+01
8.499284647890597626e+03 9.492824124693534316e+01
8.499484758187676562e+03 9.848991312423778766e+01
8.499684868484757317e+03 9.861702409414542103e+01
8.499884978781839891e+03 9.561333904523895910e+01
8.500085089078918827e+03 9.129557135777039889e+01
8.500285199375999582e+03 9.528105794456483579e+01
8.500485309673080337e+03 8.770427115384508454e+01
8.500685419970161092e+03 8.891457174711976563e+01
8.500885530267241847e+03 8.935119892905878203e+01
8.501085640564320784e+03 7.826176128306873636e+01
8.501285750861401539e+03 8.393721166458682603e+01
8.501485861158480475e+03 7.161720884126312114e+01
8.501685971455561230e+03 6.521593426580560049e+01
8.501886081752641985e+03 6.024871031999822435e+01
8.502086192049720921e+03 5.292956789401502249e+01
8.502286302346801676e+03 5.181098432415773658e+01
8.502486412643880612e+03 4.498782922459403721e+01
8.502686522940961368e+03 4.617587709733038537e+01
8.502886633238042123e+03 4.618676458292672748e+01
8.503086743535124697e+03 5.358183519493867664e+01
8.503286853832205452e+03 5.971135683168490971e+01
8.503486964129284388e+03 6.845187691160494126e+01
8.503687074426365143e+03 7.394118548288609816e+01
8.503887184723445898e+03 7.630393982828461219e+01
8.504087295020524834e+03 7.768448545189042420e+01
8.504287405317605590e+03 8.067359309046035776e+01
8.504487515614684526e+03 8.803671984826901564e+01
8.504687625911765281e+03 8.895758895033567626e+01
8.504887736208846036e+03 9.226840001051108686e+01
8.505087846505924972e+03 9.614026255695604561e+01
8.505287956803005727e+03 9.236261360132870379e+01
8.505488067100086482e+03 9.064899051643597261e+01
8.505688177397167237e+03 9.278212259074049939e+01
8.505888287694247992e+03 8.633126186984061690e+01
8.506088397991326929e+03 9.089668699803461038e+01
8.506288508288407684e+03 8.794165645159780809e+01
8.506488618585488439e+03 8.792025759569246190e+01
8.506688728882569194e+03 8.481469901609949602e+01
8.506888839179649949e+03 8.163302601507169243e+01
8.507088949476728885e+03 8.936126898051651324e+01
8.507289059773809640e+03 8.904816633355822830e+01
8.507489170070888576e+03 9.315661738679661141e+01
8.507689280367969332e+03 9.655283459597164608e+01
8.507889390665050087e+03 9.437126484515772518e+01
8.508089500962130842e+03 9.922054277877664674e+01
8.508289611259211597e+03 9.874993646235951417e+01
8.508489721556290533e+03 9.731923956577057311e+01
8.508689831853371288e+03 9.463834561759961161e+01
8.508889942150452043e+03 9.570471180798068644e+01
8.509090052447530979e+03 9.764451077058980388e+01
8.509290162744611735e+03 9.637465167957313383e+01
8.509490273041690671e+03 9.540994597817994816e+01
8.509690383338771426e+03 9.577702275028582335e+01
8.509890493635854000e+03 1.004359685291729676e+02
8.510090603932932936e+03 9.730436044665601969e+01
8.510290714230013691e+03 1.014528950772149614e+02
8.510490824527092627e+03 1.014219516799213920e+02
8.510690934824175201e+03 9.544446322324959908e+01
8.510891045121255956e+03 9.759251351674366504e+01
8.511091155418334893e+03 9.757920190881473843e+01
8.511291265715415648e+03 9.721246799660571014e+01
8.511491376012494584e+03 9.811134731676803256e+01
8.511691486309575339e+03 9.899357313296249572e+01
8.511891596606656094e+03 9.896019343249233202e+01
8.512091706903735030e+03 9.735222563323924305e+01
8.512291817200815785e+03 9.826114982361973205e+01
8.512491927497894721e+03 1.006111548846389923e+02
8.512692037794975477e+03 9.872982871356182955e+01
8.512892148092056232e+03 1.012412115449831305e+02
8.513092258389135168e+03 9.660245410406125188e+01
8.513292368686219561e+03 1.006568503388819238e+02
8.513492478983298497e+03 1.017754442662611183e+02
8.513692589280379252e+03 9.679274152862718950e+01
8.513892699577460007e+03 1.009810082026218794e+02
8.514092809874538943e+03 9.887275303193857212e+01
8.514292920171619699e+03 9.872061622759940747e+01
8.514493030468698635e+03 1.000106437846826850e+02
8.514693140765779390e+03 9.697477396248915227e+01
8.514893251062860145e+03 9.761914285667323554e+01
8.515093361359939081e+03 9.887355366058548611e+01
8.515293471657019836e+03 1.002152871306939659e+02
8.515493581954098772e+03 1.013327158255678881e+02
8.515693692251179527e+03 9.886424090708879930e+01
8.515893802548262101e+03 1.028244154133425781e+02
8.516093912845341038e+03 9.387439410526168615e+01
8.516294023142421793e+03 9.922130526295048014e+01
8.516494133439500729e+03 9.662948640993184313e+01
8.516694243736583303e+03 9.716401402647859697e+01
8.516894354033664058e+03 1.008582793393285897e+02
8.517094464330742994e+03 9.846576129850475922e+01
8.517294574627823749e+03 9.551205797530055008e+01
8.517494684924902685e+03 9.804537458783646287e+01
8.517694795221983441e+03 9.775026092933163113e+01
8.517894905519064196e+03 9.758504651071929459e+01
8.518095015816143132e+03 9.906582799317362742e+01
8.518295126113225706e+03 9.368023783439940644e+01
8.518495236410304642e+03 9.054346052877583872e+01
8.518695346707385397e+03 8.545822244901222575e+01
8.518895457004466152e+03 8.048788145869741584e+01
8.519095567301545088e+03 8.460265278910452480e+01
8.519295677598625844e+03 8.797878957362075880e+01
8.519495787895704780e+03 8.803429290173407651e+01
8.519695898192785535e+03 9.128893005448840370e+01
8.519896008489866290e+03 8.915506687456139900e+01
8.520096118786947045e+03 9.285760616401960021e+01
8.520296229084027800e+03 9.929860839008601658e+01
8.520496339381106736e+03 9.666948590993067114e+01
8.520696449678187491e+03 1.036053736033180144e+02
8.520896559975270065e+03 9.695598466375788860e+01
8.521096670272349002e+03 9.692759106691495674e+01
8.521296780569429757e+03 1.006802753462308146e+02
8.521496890866508693e+03 1.023372839026497445e+02
8.521697001163589448e+03 9.712601677144240853e+01
8.521897111460670203e+03 9.550876040769199449e+01
8.522097221757749139e+03 9.721868814210237986e+01
8.522297332054829894e+03 1.016605400975187621e+02
8.522497442351908830e+03 9.836995985607585169e+01
8.522697552648989586e+03 9.845865165819182607e+01
8.522897662946070341e+03 9.918585460296519329e+01
8.523097773243149277e+03 1.001871347641658190e+02
8.523297883540230032e+03 9.958787577285819737e+01
8.523497993837312606e+03 1.011412322722595860e+02
8.523698104134393361e+03 9.784144061122083258e+01
8.523898214431474116e+03 9.935162441064898076e+01
8.524098324728553052e+03 1.006606698596029759e+02
8.524298435025633808e+03 9.757719804203667024e+01
8.524498545322712744e+03 9.741302942486949235e+01
8.524698655619793499e+03 1.038679397745076329e+02
8.524898765916874254e+03 1.025303083915440681e+02
8.525098876213953190e+03 1.012136145592374703e+02
8.525298986511033945e+03 1.010894538068163229e+02
8.525499096808112881e+03 1.025583321022176619e+02
8.525699207105193636e+03 9.647275327169651860e+01
8.525899317402274391e+03 1.009685419539321742e+02
8.526099427699355147e+03 9.852347286423761830e+01
8.526299537996435902e+03 1.000068800440917016e+02
8.526499648293514838e+03 1.009407840324256398e+02
8.526699758590595593e+03 1.051010616135857703e+02
8.526899868887678167e+03 9.994537025896194393e+01
8.527099979184757103e+03 9.915932676706657389e+01
8.527300089481837858e+03 9.675982105993510629e+01
8.527500199778916794e+03 1.047009333274693148e+02
8.527700310075997550e+03 9.778567999059897886e+01
8.527900420373078305e+03 9.694742920979977896e+01
8.528100530670157241e+03 9.670393257253796548e+01
8.528300640967237996e+03 9.755487871452002935e+01
8.528500751264316932e+03 1.050325577486771209e+02
8.528700861561399506e+03 9.385873649806704577e+01
8.528900971858480261e+03 1.002099466080605907e+02
8.529101082155559197e+03 9.645454247987709095e+01
8.529301192452639953e+03 9.886491824265384309e+01
8.529501302749718889e+03 9.648973544509112799e+01
8.529701413046799644e+03 9.719290324769572464e+01
8.529901523343880399e+03 9.987563459137960820e+01
8.530101633640959335e+03 9.657006482025666116e+01
8.530301743938041909e+03 9.974063981921798927e+01
8.530501854235120845e+03 9.818931887287313032e+01
8.530701964532201600e+03 9.344925112460639127e+01
8.530902074829282355e+03 9.780084886399382071e+01
8.531102185126363111e+03 9.250447687358500559e+01
8.531302295423443866e+03 8.961586848921855619e+01
8.531502405720522802e+03 9.282705091244937989e+01
8.531702516017603557e+03 8.894910839713566020e+01
8.531902626314684312e+03 8.264194475509610527e+01
8.532102736611763248e+03 9.158396522148998997e+01
8.532302846908844003e+03 9.751299638785667412e+01
8.532502957205922939e+03 9.468031001723986151e+01
8.532703067503003695e+03 9.503234044751370391e+01
8.532903177800084450e+03 9.730097649308700625e+01
8.533103288097163386e+03 9.641245875088078776e+01
8.533303398394244141e+03 1.002414682117239977e+02
8.533503508691323077e+03 9.849102163286461575e+01
8.533703618988407470e+03 9.654713688342722833e+01
8.533903729285488225e+03 9.848556738844378344e+01
8.534103839582567161e+03 1.003266540036251229e+02
8.534303949879647917e+03 9.994593228640565030e+01
8.534504060176726853e+03 9.869222905190743234e+01
8.534704170473807608e+03 9.748695438282386760e+01
8.534904280770888363e+03 9.566849436902546699e+01
8.535104391067967299e+03 9.584802389905652831e+01
8.535304501365048054e+03 9.723960386856640525e+01
8.535504611662126990e+03 9.151966454862137823e+01
8.535704721959207745e+03 1.001264373089534985e+02
8.535904832256288501e+03 9.352458818439059485e+01
8.536104942553367437e+03 9.683745759915524332e+01
8.536305052850450011e+03 9.994923905561199717e+01
8.536505163147528947e+03 9.503805088807311563e+01
8.536705273444609702e+03 9.492205170437439676e+01
8.536905383741690457e+03 9.851371126909282339e+01
8.537105494038771212e+03 9.877246099810834323e+01
8.537305604335851967e+03 9.831867402565482905e+01
8.537505714632930903e+03 9.503393469063880161e+01
8.537705824930011659e+03 9.624323886713207798e+01
8.537905935227092414e+03 9.751127802311661696e+01
8.538106045524171350e+03 9.284979427663476770e+01
8.538306155821252105e+03 9.289301783130109413e+01
8.538506266118331041e+03 9.222322698788515538e+01
8.538706376415411796e+03 9.409285657162548944e+01
8.538906486712494370e+03 9.636689316543791506e+01
8.539106597009573306e+03 9.450307766618777805e+01
8.539306707306654062e+03 9.322744341674946611e+01
8.539506817603732998e+03 9.584898785976859870e+01
8.539706927900813753e+03 9.120373680843404429e+01
8.539907038197894508e+03 9.971242266509676710e+01
8.540107148494973444e+03 9.064881177851779626e+01
8.540307258792054199e+03 9.060727553831347336e+01
8.540507369089134954e+03 8.404038345338892668e+01
8.540707479386215709e+03 8.357770279846371864e+01
8.540907589683296465e+03 8.003977776540018851e+01
8.541107699980375401e+03 8.221532082545297726e+01
8.541307810277456156e+03 8.372558595826419037e+01
8.541507920574536911e+03 8.689616365798273989e+01
8.541708030871617666e+03 8.667712159039895425e+01
8.541908141168698421e+03 8.442792878019339753e+01
8.542108251465777357e+03 8.590547703960788795e+01
8.542308361762858112e+03 8.695512534062115151e+01
8.542508472059937048e+03 8.476890332455928956e+01
8.542708582357017804e+03 8.609498852547385184e+01
8.542908692654098559e+03 8.173939013024556743e+01
8.543108802951177495e+03 8.054501691896966520e+01
8.543308913248258250e+03 7.951834170709433636e+01
8.543509023545337186e+03 7.687469935074628324e+01
8.543709133842417941e+03 7.843313568526434665e+01
8.543909244139500515e+03 7.852682826739496136e+01
8.544109354436581270e+03 7.272819318148582113e+01
8.544309464733662026e+03 7.070516601859544892e+01
8.544509575030740962e+03 7.242662103585536215e+01
8.544709685327821717e+03 7.111730007619341620e+01
8.544909795624902472e+03 6.792201595938895764e+01
8.545109905921981408e+03 6.504706048588406020e+01
8.545310016219062163e+03 6.411570239243458502e+01
8.545510126516141099e+03 6.123169006398987335e+01
8.545710236813221854e+03 6.135187753665030641e+01
8.545910347110302610e+03 5.472292502424042482e+01
8.546110457407381546e+03 5.157861107199817496e+01
8.546310567704462301e+03 4.384549096190554707e+01
8.546510678001543056e+03 3.496430766842139093e+01
8.546710788298623811e+03 2.800456198011131548e+01
8.546910898595704566e+03 3.350433552798352821e+01
8.547111008892783502e+03 4.252525847372348977e+01
8.547311119189866076e+03 4.240380436132115705e+01
8.547511229486945012e+03 4.818687897555378896e+01
8.547711339784025768e+03 5.365782157594879465e+01
8.547911450081106523e+03 5.810578492511680793e+01
8.548111560378185459e+03 6.042763166416080622e+01
8.548311670675266214e+03 6.029834605295351935e+01
8.548511780972345150e+03 6.332692382818965626e+01
8.548711891269425905e+03 6.749581546274232835e+01
8.548912001566506660e+03 6.884736099009602128e+01
8.549112111863587415e+03 7.404298932313017190e+01
8.549312222160668171e+03 7.125303851930193844e+01
8.549512332457747107e+03 7.510300564655196354e+01
8.549712442754827862e+03 7.628102262985024140e+01
8.549912553051908617e+03 7.727964183153861200e+01
8.550112663348987553e+03 8.008696319677997622e+01
8.550312773646068308e+03 7.617349993804498354e+01
8.550512883943147244e+03 8.082366666550078094e+01
8.550712994240229818e+03 8.310418293464137207e+01
8.550913104537310574e+03 8.408621668278975392e+01
8.551113214834389510e+03 8.248324613664964033e+01
8.551313325131470265e+03 8.496102016157504977e+01
8.551513435428549201e+03 8.187799948367894842e+01
8.551713545725631775e+03 8.935261838418442437e+01
8.551913656022712530e+03 8.776309573575927914e+01
8.552113766319791466e+03 8.224633690591731749e+01
8.552313876616872221e+03 8.534921414510522197e+01
8.552513986913951157e+03 8.756727470238932654e+01
8.552714097211031913e+03 8.730644064230759227e+01
8.552914207508112668e+03 9.037543858116139006e+01
8.553114317805191604e+03 8.989216148554692154e+01
8.553314428102272359e+03 8.596299497619145313e+01
8.553514538399351295e+03 9.044413125251048768e+01
8.553714648696432050e+03 9.041889288807583114e+01
8.553914758993512805e+03 9.562520416711657845e+01
8.554114869290593560e+03 9.645534992461406887e+01
8.554314979587676135e+03 8.728268379226116735e+01
8.554515089884755071e+03 9.626097635822679877e+01
8.554715200181835826e+03 9.455603989130698039e+01
8.554915310478916581e+03 8.916494721253346256e+01
8.555115420775995517e+03 9.238528643392892548e+01
8.555315531073076272e+03 9.346663538021704198e+01
8.555515641370155208e+03 9.623503225119326032e+01
8.555715751667235963e+03 9.459608359858738424e+01
8.555915861964316719e+03 9.750105324465327783e+01
8.556115972261395655e+03 9.827272123557609973e+01
8.556316082558476410e+03 9.403676042435795068e+01
8.556516192855555346e+03 9.871308182029981992e+01
8.556716303152636101e+03 9.678081631643738092e+01
8.556916413449718675e+03 9.650331377910680430e+01
8.557116523746797611e+03 1.007486196902484892e+02
8.557316634043878366e+03 9.465655972619553893e+01
8.557516744340959121e+03 9.092552351886952522e+01
8.557716854638039877e+03 9.968275533753073603e+01
8.557916964935120632e+03 9.333987671483292559e+01
8.558117075232199568e+03 9.412085913783445790e+01
8.558317185529280323e+03 9.484661449380307374e+01
8.558517295826359259e+03 9.589619740586923058e+01
8.558717406123440014e+03 1.021350826775433802e+02
8.558917516420520769e+03 9.741121014501071329e+01
8.559117626717599705e+03 9.884943542347708956e+01
8.559317737014682280e+03 9.847625840434351119e+01
8.559517847311761216e+03 9.746097396008416069e+01
8.559717957608841971e+03 1.018088702823978480e+02
8.559918067905922726e+03 9.031855803407313488e+01
8.560118178203001662e+03 9.520037825571927215e+01
8.560318288500082417e+03 9.796273061225053880e+01
8.560518398797161353e+03 9.259057902579542088e+01
8.560718509094242108e+03 9.143774231025412291e+01
8.560918619391324683e+03 9.478348561496298430e+01
8.561118729688403619e+03 9.441302049023828147e+01
8.561318839985484374e+03 8.716618796077850106e+01
8.561518950282563310e+03 8.650650980163904080e+01
8.561719060579644065e+03 8.917806124425459302e+01
8.561919170876726639e+03 9.638889109032295721e+01
8.562119281173805575e+03 9.550755349756765611e+01
8.562319391470886330e+03 9.831324995350892948e+01
8.562519501767965266e+03 9.788596527160933647e+01
8.562719612065046022e+03 9.867327584227152215e+01
8.562919722362126777e+03 1.006612083822606820e+02
8.563119832659205713e+03 1.024719382793817175e+02
8.563319942956286468e+03 9.910879767064875523e+01
8.563520053253365404e+03 9.869370386842111031e+01
8.563720163550446159e+03 9.558958333025697129e+01
8.563920273847526914e+03 9.660283726153699035e+01
8.564120384144607669e+03 9.917375994102232539e+01
8.564320494441688425e+03 9.502093717860662991e+01
8.564520604738769180e+03 9.789760637588341297e+01
8.564720715035849935e+03 9.868954939885334454e+01
8.564920825332930690e+03 9.946385986520172651e+01
8.565120935630009626e+03 1.001691432319805983e+02
8.565321045927090381e+03 1.020343755003583510e+02
8.565521156224169317e+03 9.731333916858662292e+01
8.565721266521250072e+03 9.339781270952848047e+01
8.565921376818330828e+03 9.603350715164414453e+01
8.566121487115409764e+03 9.732757257554531805e+01
8.566321597412490519e+03 9.726667707629857773e+01
8.566521707709569455e+03 9.376534867691080422e+01
8.566721818006650210e+03 9.609411432535569020e+01
8.566921928303730965e+03 9.947606028426095293e+01
8.567122038600811720e+03 9.799534835825527068e+01
8.567322148897892475e+03 9.855483733119289980e+01
8.567522259194973230e+03 9.943067107184872100e+01
8.567722369492053986e+03 9.397879333855210859e+01
8.567922479789134741e+03 1.000400590529655602e+02
8.568122590086213677e+03 9.498550872352872432e+01
8.568322700383294432e+03 9.903678877542083114e+01
8.568522810680373368e+03 1.004049013074141641e+02
8.568722920977454123e+03 1.027159143002168378e+02
8.568923031274534878e+03 1.015083310248410129e+02
8.569123141571613814e+03 9.576886144650320887e+01
8.569323251868694570e+03 1.007934165682712262e+02
8.569523362165773506e+03 9.639193779179059618e+01
8.569723472462856080e+03 9.929282720477459634e+01
8.569923582759936835e+03 9.980658827497265406e+01
8.570123693057015771e+03 9.614677976238780843e+01
8.570323803354096526e+03 9.917334288668800468e+01
8.570523913651175462e+03 9.989058487702294542e+01
8.570724023948256217e+03 1.040739410934893527e+02
8.570924134245338792e+03 1.033251257381799633e+02
8.571124244542417728e+03 9.994928170374480203e+01
8.571324354839498483e+03 9.715336311381898327e+01
8.571524465136577419e+03 1.001951100330814342e+02
8.571724575433658174e+03 9.966981898402393369e+01
8.571924685730738929e+03 1.034285671661505148e+02
8.572124796027819684e+03 9.600372986520105201e+01
8.572324906324900439e+03 9.767876589285702948e+01
8.572525016621979375e+03 9.948945316245006154e+01
8.572725126919060131e+03 1.007421806106973747e+02
8.572925237216140886e+03 9.853010624672080553e+01
8.573125347513219822e+03 1.046952191825107690e+02
8.573325457810300577e+03 9.552699168855184553e+01
8.573525568107379513e+03 9.613596419470368915e+01
8.573725678404460268e+03 1.002122841239487059e+02
8.573925788701541023e+03 9.916830045881337696e+01
8.574125898998619959e+03 9.941367665808103027e+01
8.574326009295702534e+03 9.810782461779186292e+01
8.574526119592781470e+03 1.002428328996166016e+02
8.574726229889864044e+03 1.000601493715195573e+02
8.574926340186944799e+03 1.032368573141224317e+02
8.575126450484023735e+03 9.913800611314013622e+01
8.575326560781104490e+03 9.770866613135994783e+01
8.575526671078183426e+03 9.843547368179071100e+01
8.575726781375264181e+03 9.538998360615829597e+01
8.575926891672344937e+03 9.708408582270337206e+01
8.576127001969423873e+03 9.566391539107063124e+01
8.576327112266504628e+03 9.792171579102240742e+01
8.576527222563583564e+03 9.575681842302293489e+01
8.576727332860664319e+03 9.598222263426784195e+01
8.576927443157745074e+03 9.475443374139392461e+01
8.577127553454824010e+03 9.943539887968343294e+01
8.577327663751906584e+03 9.514864989077864266e+01
8.577527774048985520e+03 1.042410464493943039e+02
8.577727884346068095e+03 1.005803853155245378e+02
8.577927994643148850e+03 1.012704403115292564e+02
8.578128104940227786e+03 9.883569146732718025e+01
8.578328215237308541e+03 9.841068388359094854e+01
8.578528325534387477e+03 9.944788624416155187e+01
8.578728435831468232e+03 9.422692213168879505e+01
8.578928546128548987e+03 9.562583891643069478e+01
8.579128656425627923e+03 9.801148739355086548e+01
8.579328766722708679e+03 9.828138398259534370e+01
8.579528877019787615e+03 9.997503286551899748e+01
8.579728987316868370e+03 1.009902817126036894e+02
8.579929097613950944e+03 9.397664078288715928e+01
8.580129207911029880e+03 9.979299654499507710e+01
8.580329318208110635e+03 1.006723551718302900e+02
8.580529428505189571e+03 9.961875824508530286e+01
8.580729538802270326e+03 9.629648859188192489e+01
8.580929649099351082e+03 9.438310516696331831e+01
8.581129759396431837e+03 9.912937196925061301e+01
8.581329869693512592e+03 9.927309250678149510e+01
8.581529979990591528e+03 1.009275044647143886e+02
8.581730090287672283e+03 9.481441099811058848e+01
8.581930200584753038e+03 9.863073235794739446e+01
8.582130310881831974e+03 9.655444257481288162e+01
8.582330421178912729e+03 1.008630406218665314e+02
8.582530531475993484e+03 9.932790112626926771e+01
8.582730641773074240e+03 1.021849772401686351e+02
8.582930752070154995e+03 9.662238011397511173e+01
8.583130862367233931e+03 9.852392075752443645e+01
8.583330972664314686e+03 1.030793797168567778e+02
8.583531082961393622e+03 9.954527758667336457e+01
8.583731193258474377e+03 9.793691232323179463e+01
8.583931303555555132e+03 9.665060559103241644e+01
8.584131413852634068e+03 9.717486527534825314e+01
8.584331524149714824e+03 1.009040356841189521e+02
8.584531634446795579e+03 9.772615701581810299e+01
8.584731744743876334e+03 9.689337233056231469e+01
8.584931855040957089e+03 1.074665565319526337e+02
8.585131965338037844e+03 9.673944750895005029e+01
8.585332075635118599e+03 9.889310189293217945e+01
8.585532185932197535e+03 9.691143168739348823e+01
8.585732296229278290e+03 1.026771994465254920e+02
8.585932406526359046e+03 9.699244091383241084e+01
8.586132516823437982e+03 9.941644921181192274e+01
8.586332627120518737e+03 9.922768220954284857e+01
8.586532737417597673e+03 9.694694715623778336e+01
8.586732847714678428e+03 8.550822767570691951e+01
8.586932958011759183e+03 8.927991406394259855e+01
8.587133068308838119e+03 9.019775608916634724e+01
8.587333178605918874e+03 9.041866216170276971e+01
8.587533288902999629e+03 9.774717419958996345e+01
8.587733399200080385e+03 9.853138546347378224e+01
8.587933509497162959e+03 9.593325959311889051e+01
8.588133619794241895e+03 9.668522195619979698e+01
8.588333730091322650e+03 1.035726453262330580e+02
8.588533840388401586e+03 1.005058195544699515e+02
8.588733950685482341e+03 1.010090491410797142e+02
8.588934060982563096e+03 1.006299017719103972e+02
8.589134171279642032e+03 9.461598692978206770e+01
8.589334281576722788e+03 9.416166077788297173e+01
8.589534391873801724e+03 9.141341153398487052e+01
8.589734502170882479e+03 9.378716456837473459e+01
8.589934612467963234e+03 9.179770778998259573e+01
8.590134722765043989e+03 1.011256619518337914e+02
8.590334833062124744e+03 1.007792502468427358e+02
8.590534943359203680e+03 1.020650189733504618e+02
8.590735053656284435e+03 9.710926526596007591e+01
8.590935163953365191e+03 9.740314102114278683e+01
8.591135274250444127e+03 1.017865499152667041e+02
8.591335384547526701e+03 9.586463293802655983e+01
8.591535494844605637e+03 9.754016401031158523e+01
8.591735605141686392e+03 9.757795838194340377e+01
8.591935715438767147e+03 1.012803176755152634e+02
8.592135825735846083e+03 1.044825745788642308e+02
8.592335936032926838e+03 9.981416592778501240e+01
8.592536046330005775e+03 9.895637497723348019e+01
8.592736156627088349e+03 9.918273589993927430e+01
8.592936266924169104e+03 9.596008541629956312e+01
8.593136377221248040e+03 9.651362250583592584e+01
8.593336487518328795e+03 9.906941760910905259e+01
8.593536597815407731e+03 9.689705455361244901e+01
8.593736708112488486e+03 9.952687377220051701e+01
8.593936818409569241e+03 9.802861990552437987e+01
8.594136928706648177e+03 9.903659426459506676e+01
8.594337039003728933e+03 1.000319255975300337e+02
8.594537149300807869e+03 9.840972009009144017e+01
8.594737259597890443e+03 9.808159407284233566e+01
8.594937369894971198e+03 9.804479589753418622e+01
8.595137480192050134e+03 1.013637455711663051e+02
8.595337590489132708e+03 9.824172931767024863e+01
8.595537700786211644e+03 9.983581871319913148e+01
8.595737811083292399e+03 9.663147354607018258e+01
8.595937921380373155e+03 9.925442060974086189e+01
8.596138031677452091e+03 9.837307589921310580e+01
8.596338141974532846e+03 1.008543847472773507e+02
8.596538252271611782e+03 1.019111852881548543e+02
8.596738362568692537e+03 1.015655292729301493e+02
8.596938472865773292e+03 1.008436781653734187e+02
8.597138583162852228e+03 9.363641341661649165e+01
8.597338693459932983e+03 9.764422574964241619e+01
8.597538803757011920e+03 9.182770094156744278e+01
8.597738914054092675e+03 9.522986908014830476e+01
8.597939024351175249e+03 9.345124716042926138e+01
8.598139134648256004e+03 9.654766773071882824e+01
8.598339244945336759e+03 9.935244742279222407e+01
8.598539355242415695e+03 9.832013181111315703e+01
8.598739465539496450e+03 9.879193686959696663e+01
8.598939575836577205e+03 1.021970710022340825e+02
8.599139686133656141e+03 9.738856439459921432e+01
8.599339796430736897e+03 9.972253145513971617e+01
8.599539906727815833e+03 1.043645801482925322e+02
8.599740017024896588e+03 1.009805032383389118e+02
8.599940127321977343e+03 9.641496695650820925e+01
8.600140237619056279e+03 9.885737638884073419e+01
8.600340347916138853e+03 9.446067917529612146e+01
8.600540458213217789e+03 9.378282723006839205e+01
8.600740568510298544e+03 9.198963276261792998e+01
8.600940678807379300e+03 9.701377623086811752e+01
8.601140789104458236e+03 9.824253157220532273e+01
8.601340899401538991e+03 9.658950343859876853e+01
8.601541009698619746e+03 9.660350470090072861e+01
8.601741119995700501e+03 9.702567785115402899e+01
8.601941230292781256e+03 9.878089742717112642e+01
8.602141340589860192e+03 9.234443499479807826e+01
8.602341450886940947e+03 9.035612672188055683e+01
8.602541561184019884e+03 9.409634731689783393e+01
8.602741671481100639e+03 8.785163105514075710e+01
8.602941781778183213e+03 8.851235100139480494e+01
8.603141892075262149e+03 8.409547110840225059e+01
8.603342002372342904e+03 8.217905384956345927e+01
8.603542112669421840e+03 8.479940222780385284e+01
8.603742222966502595e+03 8.708860233387611061e+01
8.603942333263583350e+03 9.168538588594894634e+01
8.604142443560662286e+03 9.342467878557746985e+01
8.604342553857743042e+03 9.917927961912829460e+01
8.604542664154821978e+03 9.857629714266194298e+01
8.604742774451902733e+03 9.973358659016581385e+01
8.604942884748985307e+03 1.008943438390410421e+02
8.605142995046064243e+03 9.213262426774150526e+01
8.605343105343144998e+03 9.869632568640017212e+01
8.605543215640225753e+03 9.734613769494646363e+01
8.605743325937306508e+03 1.006772879671541290e+02
8.605943436234387264e+03 1.003087665162660187e+02
8.606143546531466200e+03 9.801004675219682838e+01
8.606343656828546955e+03 9.863294822264808204e+01
8.606543767125625891e+03 1.019134978443722162e+02
8.606743877422706646e+03 1.006027633052358112e+02
8.606943987719787401e+03 9.658048298857166003e+01
8.607144098016866337e+03 1.006530169372687595e+02
8.607344208313947092e+03 1.006519731910954079e+02
8.607544318611026029e+03 9.724886073199724024e+01
8.607744428908106784e+03 9.846714661700764282e+01
8.607944539205187539e+03 1.029217842768031943e+02
8.608144649502268294e+03 1.056985474934213869e+02
8.608344759799350868e+03 9.969135453320839702e+01
8.608544870096429804e+03 1.010665175823854440e+02
8.608744980393510559e+03 1.001301067348544507e+02
8.608945090690591314e+03 9.999653954977399906e+01
8.609145200987670250e+03 9.616291627596635294e+01
8.609345311284751006e+03 1.026508805611185977e+02
8.609545421581829942e+03 9.786235245737445609e+01
8.609745531878910697e+03 1.007136222116345863e+02
8.609945642175991452e+03 9.973511570945474602e+01
8.610145752473070388e+03 9.566133938411536519e+01
8.610345862770151143e+03 9.653433811206328130e+01
8.610545973067230079e+03 9.613645415163747998e+01
8.610746083364312653e+03 9.367418774414299776e+01
8.610946193661393409e+03 9.484278669696679742e+01
8.611146303958472345e+03 9.468372925515572547e+01
8.611346414255553100e+03 9.608147053658672121e+01
8.611546524552632036e+03 9.768007798810849351e+01
8.611746634849714610e+03 9.416032313690074318e+01
8.611946745146795365e+03 1.032875651845689191e+02
8.612146855443874301e+03 1.000243894541621756e+02
8.612346965740955056e+03 1.034161761675390068e+02
8.612547076038033993e+03 9.461049891504643483e+01
8.612747186335114748e+03 9.602474826474508518e+01
8.612947296632195503e+03 9.498271411451500512e+01
8.613147406929276258e+03 9.734142733413817439e+01
8.613347517226357013e+03 9.852537463172185994e+01
8.613547627523435949e+03 1.000416737394154580e+02
8.613747737820516704e+03 1.005607434120362740e+02
8.613947848117597459e+03 9.773761696509846786e+01
8.614147958414676395e+03 1.005106329262861351e+02
8.614348068711757151e+03 1.033028661821168726e+02
8.614548179008836087e+03 1.024161646561874193e+02
8.614748289305916842e+03 9.383336276704045531e+01
8.614948399602997597e+03 1.000419989657108459e+02
8.615148509900078352e+03 9.628698848321855053e+01
8.615348620197159107e+03 1.000235470098868404e+02
8.615548730494238043e+03 9.773046815191558778e+01
8.615748840791320617e+03 9.586763911963137730e+01
8.615948951088401373e+03 9.237132032972921536e+01
8.616149061385480309e+03 9.472448145886160376e+01
8.616349171682561064e+03 8.888704679269928022e+01
8.616549281979640000e+03 8.559887857782430842e+01
8.616749392276720755e+03 8.573028758533696703e+01
8.616949502573801510e+03 9.017253718055891909e+01
8.617149612870880446e+03 9.525404492193945316e+01
8.617349723167961201e+03 1.004710638738341828e+02
8.617549833465040138e+03 9.969075213446453176e+01
8.617749943762120893e+03 1.015606595702581387e+02
8.617950054059201648e+03 1.031121041897745272e+02
8.618150164356280584e+03 1.022988221162718503e+02
8.618350274653363158e+03 9.638270059892137454e+01
8.618550384950443913e+03 9.688167897979434429e+01
8.618750495247524668e+03 9.884537398666367380e+01
8.618950605544605423e+03 9.578536181064745847e+01
8.619150715841684359e+03 9.807398677692221156e+01
8.619350826138765115e+03 9.380400671847115746e+01
8.619550936435844051e+03 9.738916286318645632e+01
8.619751046732924806e+03 1.022844024554269140e+02
8.619951157030005561e+03 1.003287315905240433e+02
8.620151267327084497e+03 9.598744869249424028e+01
8.620351377624165252e+03 9.683394248317104314e+01
8.620551487921244188e+03 1.024575870683237184e+02
8.620751598218324943e+03 9.179966499889872011e+01
8.620951708515407518e+03 9.539943171608999251e+01
8.621151818812486454e+03 9.349097245912018650e+01
8.621351929109567209e+03 9.550396400770638650e+01
8.621552039406646145e+03 9.851536152866104601e+01
8.621752149703726900e+03 1.015901554822883952e+02
8.621952260000809474e+03 9.743226282124932425e+01
8.622152370297888410e+03 9.591991165168887790e+01
8.622352480594969165e+03 9.549179577364908766e+01
8.622552590892048102e+03 9.874004048366442987e+01
8.622752701189128857e+03 9.799741128864565098e+01
8.622952811486209612e+03 9.829220050569638545e+01
8.623152921783288548e+03 9.400081099083389802e+01
8.623353032080369303e+03 1.019339270216681115e+02
8.623553142377450058e+03 1.003898154699786716e+02
8.623753252674530813e+03 9.840781100161213146e+01
8.623953362971611568e+03 9.860319860566480088e+01
8.624153473268690504e+03 9.968232659355410874e+01
8.624353583565771260e+03 9.938062784930406224e+01
8.624553693862850196e+03 1.036993952557128154e+02
8.624753804159930951e+03 9.772282687817374836e+01
8.624953914457011706e+03 9.703204849921789332e+01
8.625154024754090642e+03 9.774777136386106235e+01
8.625354135051173216e+03 1.015707890536155702e+02
8.625554245348252152e+03 1.005919648480337827e+02
8.625754355645332907e+03 9.321735468555738180e+01
8.625954465942413663e+03 8.890021165076757370e+01
8.626154576239494418e+03 9.107847664086582995e+01
8.626354686536575173e+03 8.747534092293537356e+01
8.626554796833654109e+03 8.776316709589336540e+01
8.626754907130734864e+03 9.458868775373706228e+01
8.626955017427815619e+03 9.372569426326971609e+01
8.627155127724894555e+03 1.005590662475080137e+02
8.627355238021975310e+03 1.013684841693505092e+02
8.627555348319054247e+03 9.790031235639381180e+01
8.627755458616135002e+03 9.593197838220613960e+01
8.627955568913215757e+03 9.566097279756631622e+01
8.628155679210294693e+03 1.001353434955657775e+02
8.628355789507375448e+03 1.029033094061601048e+02
8.628555899804458022e+03 1.000987547510575411e+02
8.628756010101538777e+03 9.925059696661486441e+01
8.628956120398619532e+03 9.486374917862566747e+01
8.629156230695698468e+03 9.910021413064333728e+01
8.629356340992779224e+03 9.876636649889272235e+01
8.629556451289858160e+03 9.884727592116179551e+01
8.629756561586938915e+03 9.498356503489850411e+01
8.629956671884019670e+03 1.022491538068659196e+02
8.630156782181098606e+03 1.030415910669340036e+02
8.630356892478179361e+03 9.777278118266772822e+01
8.630557002775258297e+03 1.000443651659041961e+02
8.630757113072339052e+03 9.682003997426578223e+01
8.630957223369419808e+03 9.691816560128530966e+01
8.631157333666500563e+03 9.818576662223073015e+01
8.631357443963581318e+03 9.567772476583178332e+01
8.631557554260660254e+03 9.969148772088567512e+01
8.631757664557741009e+03 9.779115940167699250e+01
8.631957774854823583e+03 9.975320879567142640e+01
8.632157885151902519e+03 9.840744534599875237e+01
8.632357995448983274e+03 9.712270227684186352e+01
8.632558105746062211e+03 1.025258890380582955e+02
8.632758216043142966e+03 1.001597415699423550e+02
8.632958326340223721e+03 9.904970476508813704e+01
8.633158436637302657e+03 9.914197688679141152e+01
8.633358546934383412e+03 1.009723316124042043e+02
8.633558657231462348e+03 9.909905866174419486e+01
8.633758767528544922e+03 9.933002616960958164e+01
8.633958877825625677e+03 9.992826165796502380e+01
8.634158988122704613e+03 9.654607404207806098e+01
8.634359098419785369e+03 9.893393896934887266e+01
8.634559208716864305e+03 1.036355493586854521e+02
8.634759319013945060e+03 9.931113280984459379e+01
8.634959429311025815e+03 1.036521062512967859e+02
8.635159539608104751e+03 9.942732663805614379e+01
8.635359649905187325e+03 9.809373551374517319e+01
8.635559760202266261e+03 9.805921488282577059e+01
8.635759870499347016e+03 9.702494349173227306e+01
8.635959980796427772e+03 1.001995113079966870e+02
8.636160091093506708e+03 9.665182275629260289e+01
8.636360201390589282e+03 9.439235580951066140e+01
8.636560311687668218e+03 9.428938218305366092e+01
8.636760421984748973e+03 9.223301061685882019e+01
8.636960532281829728e+03 9.671623010187167324e+01
8.637160642578908664e+03 9.447665420875674158e+01
8.637360752875989419e+03 9.707563460384966447e+01
8.637560863173068356e+03 9.784007425303232708e+01
8.637760973470149111e+03 9.850435072009442194e+01
8.637961083767229866e+03 1.030184276727645454e+02
8.638161194064308802e+03 9.981367717689487051e+01
8.638361304361389557e+03 9.844888339501144969e+01
8.638561414658468493e+03 9.940111460551409550e+01
8.638761524955551067e+03 9.784604809023302607e+01
8.638961635252633641e+03 9.896484561572972893e+01
8.639161745549712577e+03 9.867851241296536102e+01
8.639361855846793333e+03 9.571954230862067448e+01
8.639561966143872269e+03 9.744099263597153993e+01
8.639762076440953024e+03 9.523602147522112205e+01
8.639962186738033779e+03 9.860501686444844438e+01
8.640162297035112715e+03 9.730470554278895179e+01
8.640362407332193470e+03 9.968369504064537523e+01
8.640562517629272406e+03 9.957183521252656533e+01
8.640762627926353161e+03 1.013831410827503987e+02
8.640962738223433917e+03 9.804033136116053981e+01
8.641162848520512853e+03 1.031975191860663159e+02
8.641362958817595427e+03 1.025204184997824797e+02
8.641563069114674363e+03 1.013190030149340686e+02
8.641763179411755118e+03 9.986078895642542363e+01
8.641963289708835873e+03 9.422613218851552119e+01
8.642163400005916628e+03 9.890585283654324655e+01
8.642363510302997383e+03 1.005317483545494355e+02
8.642563620600076320e+03 1.018279989504550400e+02
8.642763730897157075e+03 9.585206699330821323e+01
8.642963841194237830e+03 9.613582471261116780e+01
8.643163951491316766e+03 9.890263130859652563e+01
8.643364061788397521e+03 9.937174240530818281e+01
8.643564172085476457e+03 1.028347805506704731e+02
8.643764282382557212e+03 9.965576897897864228e+01
8.643964392679639786e+03 1.013083432494427996e+02
8.644164502976718722e+03 1.017129824396210296e+02
8.644364613273799478e+03 1.013518902365863852e+02
8.644564723570878414e+03 1.034918876727004999e+02
8.644764833867959169e+03 1.021733728675323789e+02
8.644964944165039924e+03 1.004452873697489963e+02
8.645165054462118860e+03 1.027861231640571731e+02
8.645365164759199615e+03 9.481481024664280710e+01
8.645565275056280370e+03 9.851049275900027169e+01
8.645765385353361125e+03 9.444716868678500532e+01
8.645965495650441881e+03 9.587900098623624956e+01
8.646165605947520817e+03 9.866067634776385376e+01
8.646365716244601572e+03 1.017979675371230854e+02
8.646565826541682327e+03 1.013273836746088108e+02
8.646765936838763082e+03 1.007865380073435801e+02
8.646966047135843837e+03 1.026324514007364996e+02
8.647166157432922773e+03 9.938795611924074080e+01
8.647366267730003528e+03 9.944257853108707934e+01
8.647566378027082465e+03 1.019863381678099614e+02
8.647766488324163220e+03 9.900418043262659751e+01
8.647966598621243975e+03 1.001209532389499941e+02
8.648166708918322911e+03 1.042260057387333774e+02
8.648366819215403666e+03 9.877112436601123591e+01
8.648566929512482602e+03 9.547431307444612969e+01
8.648767039809563357e+03 9.598591913061451919e+01
8.648967150106645931e+03 9.932460055540859400e+01
8.649167260403726686e+03 9.551657213467458973e+01
8.649367370700807442e+03 9.640450837320753408e+01
8.649567480997886378e+03 9.819879002579683913e+01
8.649767591294967133e+03 9.616043600907056543e+01
8.649967701592047888e+03 9.400662213760725194e+01
8.650167811889126824e+03 9.787564688613998953e+01
8.650367922186207579e+03 1.008652031712148727e+02
8.650568032483286515e+03 9.680604476144236514e+01
8.650768142780367270e+03 9.356085765527973308e+01
8.650968253077448026e+03 9.560474644142654199e+01
8.651168363374526962e+03 9.938354610219349183e+01
8.651368473671607717e+03 9.675635894624547007e+01
8.651568583968686653e+03 1.011035286250729683e+02
8.651768694265769227e+03 1.012261673044563821e+02
8.651968804562849982e+03 9.852357957912686004e+01
8.652168914859928918e+03 1.013370916356243043e+02
8.652369025157011492e+03 1.017053716400981074e+02
8.652569135454090429e+03 9.911193239897900753e+01
8.652769245751171184e+03 9.224272053448700603e+01
8.652969356048251939e+03 9.106426837099914451e+01
8.653169466345330875e+03 8.759279193484989889e+01
8.653369576642411630e+03 8.394479655697793419e+01
8.653569686939490566e+03 9.140043123753677889e+01
8.653769797236571321e+03 9.413655433177615350e+01
8.653969907533652076e+03 9.891841760627389135e+01
8.654170017830732831e+03 9.962062499895546352e+01
8.654370128127813587e+03 9.722906579736576305e+01
8.654570238424892523e+03 1.000685952766575042e+02
8.654770348721973278e+03 9.683719145376593929e+01
8.654970459019054033e+03 9.698697040271613901e+01
8.655170569316132969e+03 9.582651792095013832e+01
8.655370679613213724e+03 9.795917678708096332e+01
8.655570789910292660e+03 9.652552395266096141e+01
8.655770900207375234e+03 1.038204619600349616e+02
8.655971010504455990e+03 9.693403502645611525e+01
8.656171120801534926e+03 1.020258196462764460e+02
8.656371231098615681e+03 9.543019990685318987e+01
8.656571341395694617e+03 9.538800020384610434e+01
8.656771451692777191e+03 9.849700285205850037e+01
8.656971561989857946e+03 9.769430091720150244e+01
8.657171672286936882e+03 9.882235471996705201e+01
8.657371782584017637e+03 9.603969254081030726e+01
8.657571892881096574e+03 9.606659870493578524e+01
8.657772003178177329e+03 9.726473565706058366e+01
8.657972113475258084e+03 9.994198643464332577e+01
8.658172223772337020e+03 9.949631974781959798e+01
8.658372334069417775e+03 9.707670737273573991e+01
8.658572444366496711e+03 8.852203098889148691e+01
8.658772554663577466e+03 9.649161207257910178e+01
8.658972664960658221e+03 9.203635964780005452e+01
8.659172775257738977e+03 9.137766757745353630e+01
8.659372885554821551e+03 8.991253990099534121e+01
8.659572995851900487e+03 9.156790085574969851e+01
8.659773106148981242e+03 9.649731779042500079e+01
8.659973216446061997e+03 8.988665552433312200e+01
8.660173326743140933e+03 9.662784977318442259e+01
8.660373437040221688e+03 9.425756139211739537e+01
8.660573547337300624e+03 9.414814875371180847e+01
8.660773657634381379e+03 9.674813636866394972e+01
8.660973767931462135e+03 9.445503494237915731e+01
8.661173878228541071e+03 8.995913140645753003e+01
8.661373988525621826e+03 9.399347356289877098e+01
8.661574098822700762e+03 9.510443123786735953e+01
8.661774209119781517e+03 8.978136009624985547e+01
8.661974319416864091e+03 9.328491910322337333e+01
8.662174429713943027e+03 9.057874863780457986e+01
8.662374540011023782e+03 9.052705562522049831e+01
8.662574650308104538e+03 8.627463367189383803e+01
8.662774760605185293e+03 8.804624891796765951e+01
8.662974870902266048e+03 8.900328734909123796e+01
8.663174981199344984e+03 8.905835656791153099e+01
8.663375091496425739e+03 8.610061339285405779e+01
8.663575201793504675e+03 8.791518444056902126e+01
8.663775312090585430e+03 8.312916418784654127e+01
8.663975422387666185e+03 8.688362233660443223e+01
8.664175532684745122e+03 7.893047564472102806e+01
8.664375642981825877e+03 8.052904341406434696e+01
8.664575753278906632e+03 7.516148891185520142e+01
8.664775863575987387e+03 7.169849190718207410e+01
8.664975973873068142e+03 7.374498128702619226e+01
8.665176084170147078e+03 6.998322093371984920e+01
8.665376194467227833e+03 6.468212021550478141e+01
8.665576304764306769e+03 6.878747818544142945e+01
8.665776415061387524e+03 6.311688116337251131e+01
8.665976525358470099e+03 6.045176756138736351e+01
8.666176635655549035e+03 5.114554500664686998e+01
8.666376745952629790e+03 5.033666104025135013e+01
8.666576856249708726e+03 4.090762984324192075e+01
8.666776966546789481e+03 3.425671141912086171e+01
8.666977076843870236e+03 3.426511206007862853e+01
8.667177187140950991e+03 3.992289344834752285e+01
8.667377297438031746e+03 4.576675438700809906e+01
8.667577407735110683e+03 5.403567001326380392e+01
8.667777518032191438e+03 5.709712380467058068e+01
8.667977628329272193e+03 6.395317956025456851e+01
8.668177738626351129e+03 6.454430221726590844e+01
8.668377848923431884e+03 6.388675037983330185e+01
8.668577959220510820e+03 7.223368938688751939e+01
8.668778069517591575e+03 7.486569165464288744e+01
8.668978179814672330e+03 7.739535362826983089e+01
8.669178290111751267e+03 7.272914894628870286e+01
8.669378400408833841e+03 7.866050004193091638e+01
8.669578510705914596e+03 8.128353209447685401e+01
8.669778621002995351e+03 7.805223364581249257e+01
8.669978731300076106e+03 7.960961803615637677e+01
8.670178841597155042e+03 8.274632434952886229e+01
8.670378951894235797e+03 8.238070955482331215e+01
8.670579062191314733e+03 8.375464479704707799e+01
8.670779172488395488e+03 8.447089054256646534e+01
8.670979282785476244e+03 8.550496585634348889e+01
8.671179393082555180e+03 8.698957097121386539e+01
8.671379503379635935e+03 9.112455209290128266e+01
8.671579613676714871e+03 8.994036710754190267e+01
8.671779723973795626e+03 9.197205434067754481e+01
8.671979834270876381e+03 8.932568137859556145e+01
8.672179944567957136e+03 8.643548427493257691e+01
8.672380054865037891e+03 8.851831430707778736e+01
8.672580165162116828e+03 9.824632790526996473e+01
8.672780275459199402e+03 8.965071545046870938e+01
8.672980385756280157e+03 9.416771598768067975e+01
8.673180496053359093e+03 9.792665999494219875e+01
8.673380606350439848e+03 9.413299317689154577e+01
8.673580716647518784e+03 9.677986621587297122e+01
8.673780826944599539e+03 9.392962263704345105e+01
8.673980937241680294e+03 9.298334937820305868e+01
8.674181047538759231e+03 9.379415947137241005e+01
8.674381157835839986e+03 9.921418062324717368e+01
8.674581268132918922e+03 1.005462635893039192e+02
8.674781378430001496e+03 9.759959606214552252e+01
8.674981488727082251e+03 9.200845026418106443e+01
8.675181599024161187e+03 9.027167105160748406e+01
8.675381709321241942e+03 9.122901265073635102e+01
8.675581819618320878e+03 9.356625177678317584e+01
8.675781929915401633e+03 9.357148752646909884e+01
8.675982040212482389e+03 9.165606077304234134e+01
8.676182150509563144e+03 9.831080243997016055e+01
8.676382260806643899e+03 9.393693451397734862e+01
8.676582371103722835e+03 9.118817350052192694e+01
8.676782481400803590e+03 9.498281150515397542e+01
8.676982591697884345e+03 9.488181779875992561e+01
8.677182701994963281e+03 9.643947354386651227e+01
8.677382812292045855e+03 9.823910609986725717e+01
8.677582922589124792e+03 9.695762549175424283e+01
8.677783032886205547e+03 9.616607513399860352e+01
8.677983143183286302e+03 9.899581271082584522e+01
8.678183253480365238e+03 1.008045411531300033e+02
8.678383363777445993e+03 9.802311939581187517e+01
8.678583474074524929e+03 9.941274329906137552e+01
8.678783584371605684e+03 9.850484574243739644e+01
8.678983694668686439e+03 9.438085505446005641e+01
8.679183804965765376e+03 8.871228466514837407e+01
8.679383915262846131e+03 8.541193423655941785e+01
8.679584025559926886e+03 8.512206321765197004e+01
8.679784135857007641e+03 8.831763869066209338e+01
8.679984246154090215e+03 8.648955652044006115e+01
8.680184356451169151e+03 8.929834676771781687e+01
8.680384466748249906e+03 9.318541181579644217e+01
8.680584577045328842e+03 9.384915348443389860e+01
8.680784687342409597e+03 1.001937355397486584e+02
8.680984797639490353e+03 9.815913270954978032e+01
8.681184907936569289e+03 9.645036694301306568e+01
8.681385018233650044e+03 1.009563948089477776e+02
8.681585128530728980e+03 9.798086402974747955e+01
8.681785238827809735e+03 1.005436719245860928e+02
8.681985349124890490e+03 9.783649080221930205e+01
8.682185459421969426e+03 1.014442205887210093e+02
8.682385569719052000e+03 1.010960073615274837e+02
8.682585680016130937e+03 9.874549751210115289e+01
8.682785790313211692e+03 9.807378208726170499e+01
8.682985900610294266e+03 9.874623388527133727e+01
8.683186010907373202e+03 1.014842762493437363e+02
8.683386121204453957e+03 9.974317416285289539e+01
8.683586231501532893e+03 9.784506522827679476e+01
8.683786341798613648e+03 9.651972022439255738e+01
8.683986452095694403e+03 9.908706411043438322e+01
8.684186562392773340e+03 8.716348543571551488e+01
8.684386672689854095e+03 8.962856019184144429e+01
8.684586782986933031e+03 8.308700741696172543e+01
8.684786893284013786e+03 8.359271364826857109e+01
8.684987003581096360e+03 8.403679620783813675e+01
8.685187113878175296e+03 8.874027619686175683e+01
8.685387224175256051e+03 8.639202094738402593e+01
8.685587334472334987e+03 9.141168531049721935e+01
8.685787444769415742e+03 9.820018121166297931e+01
8.685987555066496498e+03 9.582206713721035385e+01
8.686187665363575434e+03 9.877155647946027273e+01
8.686387775660658008e+03 9.537712205334163684e+01
8.686587885957736944e+03 9.745765353622282134e+01
8.686787996254817699e+03 1.037552963995753146e+02
8.686988106551898454e+03 1.006597394480462384e+02
8.687188216848977390e+03 9.828254581224574338e+01
8.687388327146058145e+03 1.048034683385349268e+02
8.687588437443138901e+03 9.311083987787139904e+01
8.687788547740219656e+03 9.745401318254511125e+01
8.687988658037300411e+03 1.005814683361344635e+02
8.688188768334379347e+03 9.953479910915184803e+01
8.688388878631460102e+03 9.756345759932153783e+01
8.688588988928539038e+03 1.018550121127739061e+02
8.688789099225619793e+03 1.004600339928081354e+02
8.688989209522700548e+03 1.004088605852896734e+02
8.689189319819779485e+03 9.784655422653231938e+01
8.689389430116860240e+03 1.010641865692179096e+02
8.689589540413940995e+03 1.014221213350286064e+02
8.689789650711021750e+03 9.864799269316620212e+01
8.689989761008102505e+03 1.018069833950592056e+02
8.690189871305183260e+03 9.919045326375659499e+01
8.690389981602264015e+03 9.811904628732693823e+01
8.690590091899342951e+03 9.835139412196672026e+01
8.690790202196423706e+03 9.288268367793389757e+01
8.690990312493504462e+03 9.693367643870897155e+01
8.691190422790583398e+03 9.667935929025661324e+01
8.691390533087664153e+03 9.451823703723232484e+01
8.691590643384743089e+03 1.024750850600383245e+02
8.691790753681823844e+03 9.704936215292066493e+01
8.691990863978904599e+03 9.789467754633329832e+01
8.692190974275983535e+03 9.659618047975529009e+01
8.692391084573064290e+03 9.693555230587678295e+01
8.692591194870143227e+03 9.858996319876681014e+01
8.692791305167225801e+03 9.279378598254028532e+01
8.692991415464308375e+03 8.167000755482331442e+01
8.693191525761387311e+03 7.588389435984647946e+01
8.693391636058468066e+03 7.846176810952407266e+01
8.693591746355547002e+03 8.322356413634446426e+01
8.693791856652627757e+03 8.727242605689389165e+01
8.693991966949708512e+03 8.920091913835507569e+01
8.694192077246787449e+03 9.911614281966237172e+01
8.694392187543868204e+03 9.954628574973669686e+01
8.694592297840947140e+03 9.090915084569265048e+01
8.694792408138027895e+03 9.326758616579019190e+01
8.694992518435108650e+03 9.914807570689633565e+01
8.695192628732189405e+03 9.321711493358564837e+01
8.695392739029270160e+03 1.049732415594831281e+02
8.695592849326349096e+03 9.773660714245575321e+01
8.695792959623429851e+03 9.884200672200485371e+01
8.695993069920510607e+03 9.638775194283398662e+01
8.696193180217589543e+03 1.002581445416230821e+02
8.696393290514672117e+03 1.020437752230759259e+02
8.696593400811751053e+03 9.845141340242464878e+01
8.696793511108831808e+03 9.904233342864527856e+01
8.696993621405912563e+03 9.777149064183942073e+01
8.697193731702991499e+03 9.782402297033446814e+01
8.697393842000072254e+03 9.663798742255131913e+01
8.697593952297151191e+03 9.764424613580465007e+01
8.697794062594233765e+03 1.013431746692035347e+02
8.697994172891314520e+03 9.896052069372321114e+01
8.698194283188393456e+03 9.965576251486169213e+01
8.698394393485474211e+03 9.636996945278480098e+01
8.698594503782553147e+03 9.744224166135695953e+01
8.698794614079633902e+03 9.869481985111899291e+01
8.698994724376714657e+03 9.695726983139962840e+01
8.699194834673793594e+03 9.609786141952487526e+01
8.699394944970874349e+03 9.661975341299263675e+01
8.699595055267953285e+03 9.012626323613662294e+01
8.699795165565035859e+03 9.877153227031278959e+01
8.699995275862116614e+03 9.882741449517615706e+01
8.700195386159195550e+03 9.835070803602032186e+01
8.700395496456278124e+03 9.988388894449492739e+01
8.700595606753357060e+03 1.035506923318934014e+02
8.700795717050437815e+03 1.008883901130501073e+02
8.700995827347518571e+03 9.840446611096085405e+01
8.701195937644597507e+03 9.781839600237759669e+01
8.701396047941678262e+03 1.003077791488322248e+02
8.701596158238757198e+03 9.823123996712297412e+01
8.701796268535837953e+03 9.841519346077492969e+01
8.701996378832918708e+03 9.848149920543852431e+01
8.702196489129997644e+03 1.053813365402226054e+02
8.702396599427078399e+03 1.004189066688637268e+02
8.702596709724157336e+03 9.883642091837546673e+01
8.702796820021238091e+03 9.341339683620527978e+01
8.702996930318320665e+03 1.000720588844846901e+02
8.703197040615401420e+03 9.724815524626124841e+01
8.703397150912482175e+03 9.724744204039805595e+01
8.703597261209561111e+03 9.279835803095261326e+01
8.703797371506641866e+03 9.512979915539585818e+01
8.703997481803722621e+03 9.547457316519893311e+01
8.704197592100801558e+03 9.110966181650155704e+01
8.704397702397882313e+03 8.851921049129215646e+01
8.704597812694961249e+03 9.487359954535909878e+01
8.704797922992042004e+03 9.643259945815788114e+01
8.704998033289122759e+03 1.005019624790837725e+02
8.705198143586201695e+03 9.840153330469843240e+01
8.705398253883282450e+03 9.666516565276847928e+01
8.705598364180363205e+03 1.012790286775560986e+02
8.705798474477443960e+03 9.611020499753678337e+01
8.705998584774524716e+03 9.726030831388266051e+01
8.706198695071603652e+03 9.798603479348354028e+01
8.706398805368684407e+03 1.015429146356881347e+02
8.706598915665765162e+03 9.402314295255254706e+01
8.706799025962845917e+03 9.941180166665996865e+01
8.706999136259926672e+03 9.969090451935383612e+01
8.707199246557005608e+03 1.007428066066460701e+02
8.707399356854086363e+03 1.002254641169055418e+02
8.707599467151165300e+03 1.012199908413737148e+02
8.707799577448246055e+03 9.821201038544592166e+01
8.707999687745328629e+03 9.281209660830890584e+01
8.708199798042407565e+03 1.002020376685113234e+02
8.708399908339488320e+03 9.113865146131809070e+01
8.708600018636567256e+03 9.781817463101087640e+01
8.708800128933648011e+03 9.613985625113920719e+01
8.709000239230728766e+03 9.646278192522845529e+01
8.709200349527807703e+03 1.007174211692880874e+02
8.709400459824888458e+03 1.009322154294374769e+02
8.709600570121967394e+03 9.979837019193898584e+01
8.709800680419048149e+03 9.889660703988305102e+01
8.710000790716130723e+03 9.952260493703768418e+01
8.710200901013209659e+03 9.916559409444190010e+01
8.710401011310290414e+03 9.811772367083901258e+01
8.710601121607371169e+03 9.917840911720409736e+01
8.710801231904451924e+03 9.779401299831172878e+01
8.711001342201532680e+03 1.010303221927763389e+02
8.711201452498611616e+03 9.638310637626759103e+01
8.711401562795692371e+03 9.922584818763621684e+01
8.711601673092771307e+03 9.947102170753097994e+01
8.711801783389852062e+03 9.804387827074026518e+01
8.712001893686932817e+03 9.688082447578561585e+01
8.712202003984011753e+03 9.786194109943366470e+01
8.712402114281092508e+03 9.679709399743254039e+01
8.712602224578171445e+03 9.491737868613705587e+01
8.712802334875252200e+03 9.514767510097597381e+01
8.713002445172332955e+03 1.000457777860491859e+02
8.713202555469413710e+03 9.984463976612326519e+01
8.713402665766496284e+03 9.597257920062466496e+01
8.713602776063575220e+03 9.699048951129095997e+01
8.713802886360655975e+03 9.866554455037545779e+01
8.714002996657736730e+03 9.752792329172994812e+01
8.714203106954815667e+03 1.019496408249379016e+02
8.714403217251896422e+03 9.635891427153093503e+01
8.714603327548975358e+03 9.594640083534940800e+01
8.714803437846056113e+03 9.077748921462232090e+01
8.715003548143136868e+03 8.460058700055868997e+01
8.715203658440215804e+03 8.644094433995988425e+01
8.715403768737296559e+03 8.935956401697518459e+01
8.715603879034375495e+03 9.188172422618312396e+01
8.715803989331458070e+03 9.833200749967478771e+01
8.716004099628538825e+03 9.899083490073731184e+01
8.716204209925617761e+03 9.790045572732533685e+01
8.716404320222698516e+03 9.958091490592983064e+01
8.716604430519777452e+03 9.880570146684108579e+01
8.716804540816860026e+03 9.866804153724201853e+01
8.717004651113940781e+03 9.656719530004191654e+01
8.717204761411019717e+03 9.277972889234595755e+01
8.717404871708100472e+03 9.426706458215718953e+01
8.717604982005179409e+03 9.039674094458364095e+01
8.717805092302260164e+03 9.088474157040644741e+01
8.718005202599340919e+03 8.705209559154074839e+01
8.718205312896419855e+03 8.922863349977042446e+01
8.718405423193502429e+03 9.600858074185674695e+01
8.718605533490581365e+03 9.782555501244878826e+01
8.718805643787662120e+03 9.981984954886199546e+01
8.719005754084742875e+03 9.753753645819132601e+01
8.719205864381821812e+03 1.033574611662341312e+02
8.719405974678902567e+03 9.988757838566867520e+01
8.719606084975981503e+03 9.917867084553215307e+01
8.719806195273062258e+03 9.980350382926069130e+01
8.720006305570143013e+03 9.989330193548876480e+01
8.720206415867223768e+03 1.017327364614333618e+02
8.720406526164304523e+03 9.954372387642533226e+01
8.720606636461383459e+03 9.515838767427270284e+01
8.720806746758464215e+03 1.037292030672732039e+02
8.721006857055546789e+03 9.899389651126011813e+01
8.721206967352625725e+03 9.911616557099129921e+01
8.721407077649706480e+03 1.011636839252903428e+02
8.721607187946785416e+03 1.011314271581504869e+02
8.721807298243866171e+03 9.843274997517377756e+01
8.722007408540946926e+03 9.914357436783953403e+01
8.722207518838025862e+03 9.000729537602981623e+01
8.722407629135106617e+03 9.094245253082971203e+01
8.722607739432185554e+03 8.677886933094346489e+01
8.722807849729266309e+03 8.844009797698743114e+01
8.723007960026347064e+03 9.075125963809965413e+01
8.723208070323426000e+03 9.793999430904349879e+01
8.723408180620508574e+03 9.457232871426045051e+01
8.723608290917589329e+03 9.659388703776477314e+01
8.723808401214670084e+03 9.854420966632031309e+01
8.724008511511750839e+03 1.021432629537478505e+02
8.724208621808829776e+03 9.887041756001386261e+01
8.724408732105910531e+03 1.005478041985161184e+02
8.724608842402989467e+03 1.014177764329864857e+02
8.724808952700070222e+03 9.631344895951539797e+01
8.725009062997150977e+03 9.825857024390057859e+01
8.725209173294229913e+03 1.020660814094573823e+02
8.725409283591310668e+03 1.011916354334709069e+02
8.725609393888389604e+03 1.035384818323770020e+02
8.725809504185470360e+03 1.028925384096390303e+02
8.726009614482552934e+03 1.038861081493388241e+02
8.726209724779631870e+03 9.902133166895329452e+01
8.726409835076712625e+03 1.009926257103071379e+02
8.726609945373791561e+03 1.041477749003746851e+02
8.726810055670872316e+03 9.309092725525080425e+01
8.727010165967954890e+03 1.001326166207388724e+02
8.727210276265033826e+03 9.668707223268519613e+01
8.727410386562114581e+03 9.872017929864195196e+01
8.727610496859193518e+03 9.514217130506176545e+01
8.727810607156274273e+03 9.879948791347206338e+01
8.728010717453355028e+03 1.008472812417971625e+02
8.728210827750433964e+03 9.739346225931274148e+01
8.728410938047514719e+03 9.985589149500783890e+01
8.728611048344595474e+03 1.011546722817310382e+02
8.728811158641676229e+03 9.866733418571790537e+01
8.729011268938756984e+03 9.821740151074972403e+01
8.729211379235835921e+03 9.804039337782873531e+01
8.729411489532916676e+03 9.439170636587500951e+01
8.729611599829995612e+03 9.524235040099222260e+01
8.729811710127076367e+03 9.586799846792258961e+01
8.730011820424157122e+03 9.878531449711965706e+01
8.730211930721236058e+03 9.493050925071406709e+01
8.730412041018318632e+03 1.017308439733620844e+02
8.730612151315397568e+03 9.914195450824077227e+01
8.730812261612478324e+03 9.906921576494011106e+01
8.731012371909559079e+03 1.009715527931621040e+02
8.731212482206639834e+03 9.802715588261749247e+01
8.731412592503720589e+03 9.358252808873135109e+01
8.731612702800799525e+03 9.809398123994859020e+01
8.731812813097880280e+03 1.014795482995190383e+02
8.732012923394961035e+03 9.408453635953124206e+01
8.732213033692039971e+03 9.264083200590089007e+01
8.732413143989120726e+03 9.402403266467003107e+01
8.732613254286199663e+03 9.161281996445326570e+01
8.732813364583280418e+03 8.845524380590373426e+01
8.733013474880361173e+03 8.789677779276135539e+01
8.733213585177440109e+03 9.685726756317404806e+01
8.733413695474520864e+03 9.182792648597310858e+01
8.733613805771599800e+03 9.247121679273118389e+01
8.733813916068684193e+03 9.507988351962680440e+01
8.734014026365764948e+03 9.600530027144452561e+01
8.734214136662843885e+03 9.805253042177592704e+01
8.734414246959924640e+03 9.723296152661873748e+01
8.734614357257003576e+03 9.731303722057432992e+01
8.734814467554084331e+03 1.013931253165347925e+02
