8.480989391051180064e+03 1.021191706490867119e+02
8.481189414385873533e+03 9.911141478745157940e+01
8.481389437720567003e+03 9.935159506185804901e+01
8.481589461055264110e+03 1.002374259077277401e+02
8.481789484389955760e+03 1.011255124865012078e+02
8.481989507724651048e+03 9.801052192270668684e+01
8.482189531059348155e+03 9.925792239389198812e+01
8.482389554394039806e+03 9.858398369252111593e+01
8.482589577728736913e+03 9.753625721506274715e+01
8.482789601063430382e+03 9.350535359404618418e+01
8.482989624398123851e+03 9.415177524833966061e+01
8.483189647732820958e+03 9.381714694979882552e+01
8.483389671067514428e+03 9.792611844111532093e+01
8.483589694402207897e+03 9.768650335158488929e+01
8.483789717736903185e+03 1.003707420962761176e+02
8.483989741071598473e+03 9.927529629840370262e+01
8.484189764406291943e+03 9.906672979402122792e+01
8.484389787740987231e+03 9.948415375314829134e+01
8.484589811075680700e+03 1.001653255306429884e+02
8.484789834410375988e+03 9.933679876701394562e+01
8.484989857745071276e+03 1.002100528782276712e+02
8.485189881079764746e+03 1.018010591961068485e+02
8.485389904414460034e+03 9.963782199395990347e+01
8.485589927749155322e+03 9.950311281083006065e+01
8.485789951083846972e+03 9.971943160050231825e+01
8.485989974418544080e+03 1.006678860686297980e+02
8.486189997753239368e+03 9.950964265196196834e+01
8.486390021087931018e+03 9.943857451160982919e+01
8.486590044422628125e+03 1.001072397641116538e+02
8.486790067757321594e+03 1.001098392682537366e+02
8.486990091092016883e+03 9.878954888492744146e+01
8.487190114426712171e+03 1.005023373674332703e+02
8.487390137761405640e+03 1.012697905201941779e+02
8.487590161096100928e+03 9.841070283175722011e+01
8.487790184430794397e+03 9.857587267567477340e+01
8.487990207765489686e+03 9.930203338502484200e+01
8.488190231100184974e+03 9.944032294277180029e+01
8.488390254434878443e+03 9.940535441165175712e+01
8.488590277769575550e+03 9.938066414106410207e+01
8.488790301104267201e+03 9.987650784940026938e+01
8.488990324438962489e+03 1.012303446299071226e+02
8.489190347773659596e+03 9.831107579978767319e+01
8.489390371108351246e+03 9.833761686463940066e+01
8.489590394443046534e+03 9.803237492841226697e+01
8.489790417777741823e+03 9.949592149442121070e+01
8.489990441112435292e+03 1.020146302339557565e+02
8.490190464447130580e+03 9.813982504229811354e+01
8.490390487781825868e+03 1.002581369204470718e+02
8.490590511116519338e+03 1.005032900423259292e+02
8.490790534451214626e+03 9.853508602945242956e+01
8.490990557785909914e+03 9.926275015144442193e+01
8.491190581120603383e+03 9.780076649819892509e+01
8.491390604455298671e+03 9.762821514823333757e+01
8.491590627789992141e+03 1.004643490348551609e+02
8.491790651124685610e+03 9.907321836226606138e+01
8.491990674459382717e+03 9.894386867466084823e+01
8.492190697794076186e+03 9.999272388816439161e+01
8.492390721128769655e+03 9.805499433445349666e+01
8.492590744463466763e+03 9.778041674262658489e+01
8.492790767798158413e+03 9.790646553183135836e+01
8.492990791132855520e+03 9.622419246707841012e+01
8.493190814467550808e+03 1.006746656625285254e+02
8.493390837802242459e+03 9.634079454259109809e+01
8.493590861136939566e+03 9.766648765601084392e+01
8.493790884471633035e+03 9.899218978582082684e+01
8.493990907806326504e+03 1.004831152570441049e+02
8.494190931141023611e+03 9.827228734369391816e+01
8.494390954475717081e+03 9.788764881800570095e+01
8.494590977810410550e+03 9.682483764505045087e+01
8.494791001145105838e+03 9.848095240055286581e+01
8.494991024479801126e+03 9.718900361913313191e+01
8.495191047814496415e+03 9.661293226981999283e+01
8.495391071149189884e+03 9.898502623710899684e+01
8.495591094483885172e+03 9.774935638534161342e+01
8.495791117818578641e+03 9.706120994930920176e+01
8.495991141153273929e+03 9.853913870038023504e+01
8.496191164487969218e+03 9.776218040341471749e+01
8.496391187822662687e+03 9.600396761900169906e+01
8.496591211157357975e+03 9.534008291049174488e+01
8.496791234492053263e+03 9.312485043868248624e+01
8.496991257826746732e+03 9.340975851464256152e+01
8.497191281161442021e+03 9.097674954727612828e+01
8.497391304496137309e+03 8.712754872112871851e+01
8.497591327830830778e+03 8.487385192754193497e+01
8.497791351165524247e+03 7.723807994455164305e+01
8.497991374500221355e+03 7.281615425450725354e+01
8.498191397834914824e+03 6.726189273775337085e+01
8.498391421169608293e+03 6.355415527762517058e+01
8.498591444504305400e+03 5.523680666475942047e+01
8.498791467838997050e+03 4.977569467506246781e+01
8.498991491173694158e+03 4.636010213860418361e+01
8.499191514508387627e+03 5.021797366166833143e+01
8.499391537843081096e+03 5.614156553303477182e+01
8.499591561177778203e+03 6.278921879586390276e+01
8.499791584512469854e+03 7.082671558658751110e+01
8.499991607847165142e+03 7.577927672200280540e+01
8.500191631181862249e+03 8.120016112228245220e+01
8.500391654516553899e+03 8.702287780891543889e+01
8.500591677851249187e+03 8.801397767110401560e+01
8.500791701185944476e+03 9.325415374005108049e+01
8.500991724520637945e+03 9.466720020382931011e+01
8.501191747855335052e+03 9.486705469413787739e+01
8.501391771190028521e+03 9.595538999265187385e+01
8.501591794524721990e+03 9.609717793161979671e+01
8.501791817859417279e+03 9.589553166686749819e+01
8.501991841194112567e+03 9.323395681988529304e+01
8.502191864528806036e+03 9.453909750388970679e+01
8.502391887863501324e+03 9.451030543823981134e+01
8.502591911198196613e+03 9.485361065122600621e+01
8.502791934532888263e+03 9.216608093199505447e+01
8.502991957867585370e+03 9.362030447276595169e+01
8.503191981202280658e+03 9.357178108676119166e+01
8.503392004536974127e+03 9.411740978947497638e+01
8.503592027871669416e+03 9.266782387957889000e+01
8.503792051206362885e+03 9.462194281047443667e+01
8.503992074541058173e+03 9.671776646217857376e+01
8.504192097875753461e+03 9.650105574034895994e+01
8.504392121210446930e+03 9.511375705987828155e+01
8.504592144545142219e+03 9.834206192414787040e+01
8.504792167879835688e+03 9.829962908699911850e+01
8.504992191214532795e+03 9.794410921317236784e+01
8.505192214549226264e+03 9.947681512314210295e+01
8.505392237883919734e+03 9.778717679064162382e+01
8.505592261218616841e+03 9.962189775794880120e+01
8.505792284553308491e+03 9.747375353539511877e+01
8.505992307888003779e+03 9.954887676691973297e+01
8.506192331222699067e+03 1.005423737330308001e+02
8.506392354557392537e+03 9.959790388397618699e+01
8.506592377892087825e+03 9.746541690813442926e+01
8.506792401226781294e+03 9.748419885404103979e+01
8.506992424561476582e+03 1.003690904509865902e+02
8.507192447896173690e+03 1.005354400052190300e+02
8.507392471230865340e+03 9.892084720090923611e+01
8.507592494565560628e+03 1.002958677635477756e+02
8.507792517900255916e+03 9.823332911594684447e+01
8.507992541234949385e+03 1.007056823043480165e+02
8.508192564569644674e+03 9.960733122442997001e+01
8.508392587904339962e+03 1.005653674456948039e+02
8.508592611239033431e+03 9.992010266214205672e+01
8.508792634573726900e+03 1.000461430344043947e+02
8.508992657908424007e+03 1.015524435874893356e+02
8.509192681243117477e+03 9.844050569609194667e+01
8.509392704577812765e+03 9.820229307371089078e+01
8.509592727912508053e+03 1.012492588746735578e+02
8.509792751247199703e+03 9.908490564576466397e+01
8.509992774581896811e+03 9.892506009279973966e+01
8.510192797916592099e+03 9.978546494109109233e+01
8.510392821251283749e+03 9.985205474480929411e+01
8.510592844585980856e+03 1.001123511340015853e+02
8.510792867920674325e+03 9.925519066397050949e+01
8.510992891255369614e+03 9.861663792440651832e+01
8.511192914590064902e+03 9.845563002565128841e+01
8.511392937924758371e+03 9.803533574686115060e+01
8.511592961259453659e+03 9.885547141244373393e+01
8.511792984594147129e+03 1.007418160663969502e+02
8.511993007928842417e+03 9.907251636383489313e+01
8.512193031263537705e+03 9.840308122366610633e+01
8.512393054598231174e+03 1.000739306436320391e+02
8.512593077932926462e+03 1.005331270186340618e+02
8.512793101267619932e+03 9.989945275445160178e+01
8.512993124602315220e+03 9.836482233935453223e+01
8.513193147937010508e+03 9.996217632917701224e+01
8.513393171271703977e+03 9.866541755481621578e+01
8.513593194606399265e+03 1.009661816896993543e+02
8.513793217941092735e+03 9.817844525166960068e+01
8.513993241275788023e+03 9.890144190359811205e+01
8.514193264610483311e+03 9.891160836414998414e+01
8.514393287945176780e+03 9.577158548300089080e+01
8.514593311279872069e+03 9.369989692129300352e+01
8.514793334614565538e+03 8.841857099650775353e+01
8.514993357949260826e+03 8.938264645189799751e+01
8.515193381283956114e+03 8.904641715516342515e+01
8.515393404618651402e+03 8.972340668802642938e+01
8.515593427953344872e+03 9.233933921212759799e+01
8.515793451288038341e+03 9.463897175575111476e+01
8.515993474622735448e+03 9.527904565825203065e+01
8.516193497957428917e+03 9.622961036661598655e+01
8.516393521292122387e+03 9.546273180002037861e+01
8.516593544626819494e+03 9.652989343245697285e+01
8.516793567961511144e+03 9.858782679943284677e+01
8.516993591296206432e+03 9.937453460954426987e+01
8.517193614630903539e+03 9.973408089814002153e+01
8.517393637965595190e+03 9.916840371963964174e+01
8.517593661300292297e+03 1.006002700537456747e+02
8.517793684634985766e+03 1.005096657812336218e+02
8.517993707969679235e+03 9.785419559291925395e+01
8.518193731304376342e+03 1.007732058707905622e+02
8.518393754639069812e+03 9.828179968687028634e+01
8.518593777973763281e+03 9.852712990397937176e+01
8.518793801308458569e+03 9.991242526368723986e+01
8.518993824643153857e+03 9.759048353304031309e+01
8.519193847977849146e+03 9.813511539954318152e+01
8.519393871312542615e+03 9.915391963603178738e+01
8.519593894647237903e+03 9.901542877269979215e+01
8.519793917981931372e+03 9.929284915255253452e+01
8.519993941316626660e+03 1.011593808827070831e+02
8.520193964651321949e+03 9.815130087606843290e+01
8.520393987986015418e+03 9.810560473848043728e+01
8.520594011320710706e+03 9.910002623987533354e+01
8.520794034655402356e+03 9.980437996928677080e+01
8.520994057990099463e+03 9.940207543501182386e+01
8.521194081324794752e+03 1.003862662382039588e+02
8.521394104659488221e+03 1.002540025116487925e+02
8.521594127994183509e+03 9.989147840882726825e+01
8.521794151328876978e+03 9.728862562205404174e+01
8.521994174663572267e+03 1.007945810640253654e+02
8.522194197998267555e+03 1.011875304783262237e+02
8.522394221332961024e+03 9.879873850495681609e+01
8.522594244667656312e+03 9.827556379341122295e+01
8.522794268002349781e+03 1.003243271467417657e+02
8.522994291337045070e+03 9.881646638199858046e+01
8.523194314671740358e+03 1.014400559538706972e+02
8.523394338006433827e+03 9.804772478790918910e+01
8.523594361341130934e+03 1.000254768683080897e+02
8.523794384675822585e+03 1.022845255901455914e+02
8.523994408010517873e+03 9.896644548938289176e+01
8.524194431345214980e+03 9.960418691676635206e+01
8.524394454679906630e+03 9.898314120191925269e+01
8.524594478014601918e+03 9.892413157301098181e+01
8.524794501349297207e+03 9.953615502680364102e+01
8.524994524683990676e+03 9.784355388759620098e+01
8.525194548018685964e+03 9.845672564900371526e+01
8.525394571353381252e+03 9.881274219062744635e+01
8.525594594688074721e+03 1.012727916894408651e+02
8.525794618022770010e+03 1.000813802061780962e+02
8.525994641357465298e+03 1.004639482724400636e+02
8.526194664692158767e+03 1.010440503880405743e+02
8.526394688026854055e+03 9.933063518463448816e+01
8.526594711361549344e+03 9.778643346876758358e+01
8.526794734696240994e+03 1.005279881411477021e+02
8.526994758030938101e+03 1.002896838850784604e+02
8.527194781365633389e+03 9.832677479221560191e+01
8.527394804700326858e+03 9.457886007440940546e+01
8.527594828035022147e+03 9.825526986042000033e+01
8.527794851369713797e+03 9.290795338370513434e+01
8.527994874704410904e+03 9.250962122758551232e+01
8.528194898039106192e+03 9.331812014582492054e+01
8.528394921373797843e+03 9.428330070014435194e+01
8.528594944708494950e+03 9.640790885285744594e+01
8.528794968043188419e+03 9.687346977559437278e+01
8.528994991377881888e+03 9.610749026992340305e+01
8.529195014712578995e+03 9.990891995460772534e+01
8.529395038047272465e+03 9.755332475406588344e+01
8.529595061381967753e+03 9.935771494212264088e+01
8.529795084716661222e+03 9.992801824729646398e+01
8.529995108051356510e+03 9.978714382382891301e+01
8.530195131386051798e+03 9.847722524632217755e+01
8.530395154720745268e+03 1.002187620385171698e+02
8.530595178055440556e+03 9.789013768177564145e+01
8.530795201390134025e+03 9.631476193943062469e+01
8.530995224724829313e+03 9.739819259716480815e+01
8.531195248059524602e+03 9.795040181792117551e+01
8.531395271394218071e+03 9.659018741632466742e+01
8.531595294728913359e+03 9.980491618261663689e+01
8.531795318063608647e+03 9.830399716623642803e+01
8.531995341398302116e+03 9.827788443335425939e+01
8.532195364732997405e+03 9.836973473217935293e+01
8.532395388067692693e+03 9.542074010234443904e+01
8.532595411402386162e+03 9.712521669840255356e+01
8.532795434737079631e+03 9.537715241869349825e+01
8.532995458071776739e+03 9.792979177112809452e+01
8.533195481406470208e+03 9.773763189382462713e+01
8.533395504741165496e+03 9.897355923285260815e+01
8.533595528075860784e+03 9.830421907054125086e+01
8.533795551410552434e+03 9.521493529622129870e+01
8.533995574745249542e+03 9.742853052490156074e+01
8.534195598079944830e+03 9.519355855113728637e+01
8.534395621414636480e+03 9.711877706833897150e+01
8.534595644749333587e+03 9.801025963932988816e+01
8.534795668084025237e+03 9.523506592120861569e+01
8.534995691418720526e+03 9.636667258203529229e+01
8.535195714753417633e+03 9.646178939187227286e+01
8.535395738088109283e+03 9.765194931010880453e+01
8.535595761422806390e+03 9.656382725551233648e+01
8.535795784757499860e+03 9.568753848546658958e+01
8.535995808092193329e+03 9.576411299627707763e+01
8.536195831426890436e+03 9.456407411232649451e+01
8.536395854761583905e+03 9.410150344676189604e+01
8.536595878096277374e+03 9.313647129740945729e+01
8.536795901430972663e+03 9.319942294502010327e+01
8.536995924765667951e+03 9.284230801134972921e+01
8.537195948100361420e+03 8.969933356095191357e+01
8.537395971435056708e+03 9.090554099167042068e+01
8.537595994769751997e+03 9.086744511085873910e+01
8.537796018104445466e+03 9.101173552368396713e+01
8.537996041439140754e+03 9.085549165060604082e+01
8.538196064773836042e+03 9.317972268604900421e+01
8.538396088108529511e+03 8.835173542912320954e+01
8.538596111443224800e+03 8.989799118306238768e+01
8.538796134777918269e+03 8.847879034610654969e+01
8.538996158112613557e+03 8.720827451206307046e+01
8.539196181447308845e+03 8.779630438974649564e+01
8.539396204782002314e+03 8.668364802019551973e+01
8.539596228116697603e+03 8.366957062000940937e+01
8.539796251451391072e+03 8.299614068026433245e+01
8.539996274786088179e+03 8.350793618855735190e+01
8.540196298120781648e+03 8.319021964998346164e+01
8.540396321455475118e+03 8.322164787135210418e+01
8.540596344790172225e+03 7.808328085155423537e+01
8.540796368124863875e+03 7.873962390222393992e+01
8.540996391459559163e+03 7.389884308793838841e+01
8.541196414794256270e+03 7.243890458536473886e+01
8.541396438128947921e+03 7.244287775077025060e+01
8.541596461463645028e+03 7.027135973165704286e+01
8.541796484798338497e+03 6.461989297449352421e+01
8.541996508133031966e+03 6.179380944419250454e+01
8.542196531467729073e+03 5.659967730080553139e+01
8.542396554802420724e+03 5.211594345116957783e+01
8.542596578137116012e+03 4.882478236713163255e+01
8.542796601471811300e+03 4.124704727020764494e+01
8.542996624806504769e+03 3.745358978819677986e+01
8.543196648141200058e+03 3.952044415627845808e+01
8.543396671475895346e+03 4.240339970494007105e+01
8.543596694810588815e+03 4.818414953025742875e+01
8.543796718145284103e+03 5.375948156096726649e+01
8.543996741479979391e+03 5.936706465942883426e+01
8.544196764814672861e+03 6.126800437613359662e+01
8.544396788149368149e+03 6.451751708393497609e+01
8.544596811484063437e+03 6.824019508584680693e+01
8.544796834818755087e+03 7.130970505476410892e+01
8.544996858153452195e+03 7.246334147256987990e+01
8.545196881488147483e+03 7.253827674869229725e+01
8.545396904822839133e+03 7.783538259271946913e+01
8.545596928157536240e+03 7.926019541130371238e+01
8.545796951492229709e+03 8.093283838867567681e+01
8.545996974826924998e+03 8.089343330910308794e+01
8.546196998161620286e+03 8.252358997575993271e+01
8.546397021496313755e+03 8.397852803236099817e+01
8.546597044831009043e+03 8.408852475233362611e+01
8.546797068165702512e+03 8.513524551466358048e+01
8.546997091500397801e+03 8.617937592443455230e+01
8.547197114835093089e+03 8.673446826558667055e+01
8.547397138169786558e+03 8.901507418797791615e+01
8.547597161504481846e+03 9.026370724795889089e+01
8.547797184839175316e+03 8.981518095413504454e+01
8.547997208173870604e+03 9.062113341299946967e+01
8.548197231508567711e+03 9.190038484898798288e+01
8.548397254843259361e+03 9.271981405628301331e+01
8.548597278177954649e+03 9.228419974465826670e+01
8.548797301512649938e+03 9.274950230870759071e+01
8.548997324847343407e+03 9.183517317183775219e+01
8.549197348182038695e+03 9.350415915902273412e+01
8.549397371516732164e+03 9.429768674129954320e+01
8.549597394851427453e+03 9.272958486743951312e+01
8.549797418186122741e+03 9.595448391853575743e+01
8.549997441520816210e+03 9.629453299613312822e+01
8.550197464855511498e+03 9.562513362283343099e+01
8.550397488190206786e+03 9.683268592813249143e+01
8.550597511524900256e+03 9.398923413107746683e+01
8.550797534859593725e+03 9.631407572924483418e+01
8.550997558194290832e+03 9.580303240837922374e+01
8.551197581528984301e+03 9.616271255461263934e+01
8.551397604863677770e+03 9.437716927428432712e+01
8.551597628198374878e+03 9.716549226557519603e+01
8.551797651533066528e+03 9.611563528355318908e+01
8.551997674867763635e+03 9.698533018170590481e+01
8.552197698202458923e+03 9.694014280021275454e+01
8.552397721537150574e+03 9.897248358406902469e+01
8.552597744871847681e+03 9.647266938793291047e+01
8.552797768206541150e+03 9.763215284201722000e+01
8.552997791541234619e+03 9.764983952009652057e+01
8.553197814875931726e+03 9.668922043881676132e+01
8.553397838210625196e+03 9.675833455592281496e+01
8.553597861545318665e+03 9.754316407966527436e+01
8.553797884880013953e+03 9.888198688471639741e+01
8.553997908214709241e+03 9.797804841656653707e+01
8.554197931549404530e+03 9.783052909781930850e+01
8.554397954884097999e+03 9.742677324999888810e+01
8.554597978218793287e+03 9.745219092096063207e+01
8.554798001553486756e+03 9.750761306707019571e+01
8.554998024888182044e+03 9.883615769136314100e+01
8.555198048222877333e+03 9.673352045326329574e+01
8.555398071557570802e+03 9.780402302109064294e+01
8.555598094892266090e+03 9.789096934313951692e+01
8.555798118226961378e+03 9.931219221937018915e+01
8.555998141561654847e+03 9.853581591705228959e+01
8.556198164896350136e+03 9.947315143877644061e+01
8.556398188231043605e+03 9.892231280303354879e+01
8.556598211565738893e+03 9.817774418419087112e+01
8.556798234900432362e+03 9.874818694848843847e+01
8.556998258235127651e+03 9.656955763955976124e+01
8.557198281569822939e+03 9.731914326626672107e+01
8.557398304904516408e+03 9.475248134300630909e+01
8.557598328239211696e+03 9.177056024808484835e+01
8.557798351573905165e+03 9.127567490877383705e+01
8.557998374908602273e+03 9.149089609135540968e+01
8.558198398243295742e+03 9.437856507102912929e+01
8.558398421577989211e+03 9.841645265948744736e+01
8.558598444912686318e+03 9.752658977838164844e+01
8.558798468247377969e+03 9.912273970627835240e+01
8.558998491582073257e+03 9.779712305151164742e+01
8.559198514916770364e+03 9.777153287512187774e+01
8.559398538251462014e+03 9.792947089303088148e+01
8.559598561586157302e+03 9.899337369445279933e+01
8.559798584920852591e+03 9.954628662950455009e+01
8.559998608255546060e+03 1.010701061538412944e+02
8.560198631590243167e+03 9.929606934617179093e+01
8.560398654924936636e+03 9.708159720937042891e+01
8.560598678259630105e+03 1.002986483807158038e+02
8.560798701594325394e+03 9.841341705959744957e+01
8.560998724929020682e+03 9.926888786877204041e+01
8.561198748263714151e+03 9.798252132039615958e+01
8.561398771598409439e+03 9.712428262945843471e+01
8.561598794933104728e+03 9.888541112891745399e+01
8.561798818267796378e+03 9.942545602090496004e+01
8.561998841602493485e+03 9.850817717455095135e+01
8.562198864937188773e+03 9.902824618059487705e+01
8.562398888271882242e+03 9.707271882856950640e+01
8.562598911606577531e+03 9.752251793723782214e+01
8.562798934941271000e+03 1.005535189176890043e+02
8.562998958275966288e+03 1.008303399219776537e+02
8.563198981610661576e+03 1.003785758829623802e+02
8.563399004945355045e+03 9.832933149167362785e+01
8.563599028280050334e+03 9.901808620375642533e+01
8.563799051614743803e+03 9.945001138013540753e+01
8.563999074949439091e+03 9.863433769630130143e+01
8.564199098284134379e+03 9.936539469841096661e+01
8.564399121618827849e+03 9.861104412615800641e+01
8.564599144953523137e+03 1.000875522765678909e+02
8.564799168288216606e+03 9.854457075097511165e+01
8.564999191622911894e+03 9.963424412235414707e+01
8.565199214957607182e+03 9.910011771205306275e+01
8.565399238292300652e+03 9.927717540727003609e+01
8.565599261626995940e+03 1.009954105882085571e+02
8.565799284961689409e+03 1.011983143872781596e+02
8.565999308296384697e+03 1.011557394853620053e+02
8.566199331631081805e+03 1.010465581901066230e+02
8.566399354965773455e+03 9.909904012263564255e+01
8.566599378300468743e+03 9.984189077434599824e+01
8.566799401635164031e+03 1.008571482003090551e+02
8.566999424969857500e+03 1.004206418416072495e+02
8.567199448304552789e+03 1.003239718342826023e+02
8.567399471639248077e+03 9.826053212774405665e+01
8.567599494973941546e+03 9.688729903056325554e+01
8.567799518308635015e+03 9.835070310635686042e+01
8.567999541643332122e+03 9.939644305056262397e+01
8.568199564978025592e+03 1.000949966048542592e+02
8.568399588312720880e+03 9.749024961125005007e+01
8.568599611647416168e+03 9.908249494109570321e+01
8.568799634982107818e+03 9.846973338945080911e+01
8.568999658316804926e+03 9.800404056498669547e+01
8.569199681651500214e+03 9.904218402971068258e+01
8.569399704986191864e+03 9.981095125634625731e+01
8.569599728320888971e+03 1.020186320915661753e+02
8.569799751655582440e+03 1.003932444511498687e+02
8.569999774990275910e+03 9.860033304572105806e+01
8.570199798324973017e+03 1.003685508044125640e+02
8.570399821659666486e+03 9.977311362410272011e+01
8.570599844994361774e+03 9.897693032225464549e+01
8.570799868329055244e+03 9.994179622152316256e+01
8.570999891663748713e+03 1.000911958847072896e+02
8.571199914998445820e+03 9.910579683980303400e+01
8.571399938333139289e+03 9.948624550105084552e+01
8.571599961667832758e+03 9.923941342555649214e+01
8.571799985002528047e+03 1.003032615539321881e+02
8.572000008337223335e+03 9.718491854863431456e+01
8.572200031671918623e+03 9.939565706355983821e+01
8.572400055006612092e+03 9.994242925361324126e+01
8.572600078341307380e+03 9.799070796006425610e+01
8.572800101676000850e+03 9.839321836219815509e+01
8.573000125010696138e+03 9.858576335772386301e+01
8.573200148345391426e+03 9.920764133858244804e+01
8.573400171680084895e+03 1.000282264533241232e+02
8.573600195014780184e+03 9.983071461055172335e+01
8.573800218349473653e+03 9.818276450944541978e+01
8.574000241684168941e+03 9.937373109045769581e+01
8.574200265018864229e+03 9.912271191401416104e+01
8.574400288353559517e+03 9.887587228336415990e+01
8.574600311688252987e+03 1.010402234636432581e+02
8.574800335022946456e+03 1.013255614008147347e+02
8.575000358357643563e+03 1.000889378814744219e+02
8.575200381692337032e+03 1.000333408428521125e+02
8.575400405027030502e+03 1.004518045594197133e+02
8.575600428361727609e+03 9.999112841220514269e+01
8.575800451696419259e+03 1.002706704860271287e+02
8.576000475031114547e+03 9.910198162532596200e+01
8.576200498365811654e+03 9.869060964105734968e+01
8.576400521700503305e+03 1.002956754654394729e+02
8.576600545035200412e+03 9.855901402796568789e+01
8.576800568369893881e+03 1.013051738596625739e+02
8.577000591704587350e+03 9.875670116173940016e+01
8.577200615039284457e+03 9.750528846922780701e+01
8.577400638373977927e+03 9.879552237902996126e+01
8.577600661708671396e+03 9.968455919751062311e+01
8.577800685043366684e+03 9.938628858179326642e+01
8.578000708378060153e+03 9.930057705122379730e+01
8.578200731712755442e+03 1.003127961019570193e+02
8.578400755047450730e+03 9.947567258063506301e+01
8.578600778382144199e+03 1.000561842596235209e+02
8.578800801716839487e+03 9.905718212483242269e+01
8.579000825051534775e+03 1.019606385922952541e+02
8.579200848386228245e+03 1.006675374364787530e+02
8.579400871720923533e+03 1.006455873155105962e+02
8.579600895055618821e+03 9.995650909693172537e+01
8.579800918390310471e+03 9.953461717464614367e+01
8.580000941725007578e+03 1.004923992867002198e+02
8.580200965059702867e+03 9.975356926969244853e+01
8.580400988394396336e+03 9.985968360977877012e+01
8.580601011729091624e+03 1.016497311792233802e+02
8.580801035063785093e+03 9.943566456892000360e+01
8.581001058398480382e+03 9.933419239590243421e+01
8.581201081733175670e+03 1.008972710942507263e+02
8.581401105067869139e+03 9.934836002020506385e+01
8.581601128402564427e+03 9.977892286093438656e+01
8.581801151737257896e+03 9.966722668566008281e+01
8.582001175071953185e+03 9.972522565261989769e+01
8.582201198406648473e+03 1.002695726251766217e+02
8.582401221741341942e+03 1.000017786558429123e+02
8.582601245076039049e+03 9.693254643089265699e+01
8.582801268410730700e+03 9.744782976679682918e+01
8.583001291745425988e+03 9.316355463493930245e+01
8.583201315080123095e+03 9.161493216517138194e+01
8.583401338414814745e+03 9.397147132775937450e+01
8.583601361749510033e+03 9.593589347489810848e+01
8.583801385084205322e+03 9.653115441981951506e+01
8.584001408418898791e+03 9.914492218192833661e+01
8.584201431753594079e+03 9.721038694386882639e+01
8.584401455088289367e+03 9.670135176664142307e+01
8.584601478422982836e+03 9.843927240436435966e+01
8.584801501757678125e+03 1.011458042034725224e+02
8.585001525092371594e+03 9.935670561197139250e+01
8.585201548427066882e+03 9.896150671779999186e+01
8.585401571761762170e+03 9.986694711332771135e+01
8.585601595096455640e+03 9.873793800525845654e+01
8.585801618431149109e+03 9.639494045529922062e+01
8.586001641765846216e+03 9.796325940787244235e+01
8.586201665100539685e+03 9.831323482175220363e+01
8.586401688435234973e+03 9.820402481032112973e+01
8.586601711769930262e+03 9.821999626069994349e+01
8.586801735104621912e+03 1.016981814000372708e+02
8.587001758439319019e+03 1.002737717446956651e+02
8.587201781774014307e+03 9.957507684767578837e+01
8.587401805108705958e+03 1.007522175348884019e+02
8.587601828443403065e+03 9.763437620216740243e+01
8.587801851778096534e+03 9.772527825028014092e+01
8.588001875112790003e+03 9.985855284256449238e+01
8.588201898447487110e+03 1.004284646783154784e+02
8.588401921782180580e+03 1.012696004227728537e+02
8.588601945116875868e+03 1.002362418221482443e+02
8.588801968451569337e+03 9.940065405778348406e+01
8.589001991786264625e+03 9.801514736098893366e+01
8.589202015120959913e+03 9.875996124770469464e+01
8.589402038455653383e+03 9.830849477589417518e+01
8.589602061790348671e+03 9.861290031546769796e+01
8.589802085125042140e+03 1.011079387269292056e+02
8.590002108459737428e+03 1.010405746716480735e+02
8.590202131794432717e+03 9.948743994947035674e+01
8.590402155129126186e+03 9.841665539560860054e+01
8.590602178463821474e+03 1.003803337106635638e+02
8.590802201798516762e+03 9.964447271760882074e+01
8.591002225133210231e+03 9.852644395441026859e+01
8.591202248467905520e+03 9.857234497685638530e+01
8.591402271802600808e+03 1.016204223222730150e+02
8.591602295137294277e+03 1.001035001134001021e+02
8.591802318471987746e+03 1.019189568276509021e+02
8.592002341806684854e+03 9.979671529832300791e+01
8.592202365141378323e+03 1.010491732725961782e+02
8.592402388476071792e+03 1.019286301781046120e+02
8.592602411810767080e+03 1.001229432009911164e+02
8.592802435145460549e+03 1.007255369362197257e+02
8.593002458480157657e+03 9.975166018189685246e+01
8.593202481814851126e+03 1.009732552005491186e+02
8.593402505149544595e+03 9.962357704820448134e+01
8.593602528484241702e+03 1.003458802681250859e+02
8.593802551818933352e+03 9.839458674251879700e+01
8.594002575153628641e+03 9.875865130819600779e+01
8.594202598488325748e+03 9.796412171069005126e+01
8.594402621823017398e+03 9.788763922102931758e+01
8.594602645157714505e+03 9.866871723060828003e+01
8.594802668492407975e+03 1.016453245893631845e+02
8.595002691827101444e+03 9.864907397529050570e+01
8.595202715161798551e+03 9.896311201283808145e+01
8.595402738496492020e+03 9.839746956497609176e+01
8.595602761831185489e+03 1.030566220035942848e+02
8.595802785165880778e+03 9.970439610480757153e+01
8.596002808500576066e+03 1.005538237712418663e+02
8.596202831835269535e+03 9.970231349853563074e+01
8.596402855169964823e+03 9.891548363174081260e+01
8.596602878504660112e+03 9.804142270129433712e+01
8.596802901839353581e+03 9.695660616470932780e+01
8.597002925174048869e+03 9.696218209245587616e+01
8.597202948508744157e+03 9.909526753140869459e+01
8.597402971843437626e+03 9.796652635917901364e+01
8.597602995178132915e+03 9.963971613304811115e+01
8.597803018512826384e+03 1.001442743334199150e+02
8.598003041847521672e+03 9.896289408062439463e+01
8.598203065182216960e+03 9.792789178264381178e+01
8.598403088516910429e+03 9.914710056243674785e+01
8.598603111851605718e+03 9.635518426208700760e+01
8.598803135186299187e+03 9.692618234619587270e+01
8.599003158520996294e+03 9.283289636835431224e+01
8.599203181855689763e+03 9.344392916202588140e+01
8.599403205190383233e+03 8.989696440863426119e+01
8.599603228525078521e+03 8.955190055220022316e+01
8.599803251859771990e+03 8.930802239534131104e+01
8.600003275194467278e+03 9.097948949539218688e+01
8.600203298529162566e+03 9.487995129125528138e+01
8.600403321863856036e+03 9.884133720958851654e+01
8.600603345198551324e+03 1.008575394816467821e+02
8.600803368533244793e+03 9.958637342901016609e+01
8.601003391867940081e+03 1.003027900001520862e+02
8.601203415202637188e+03 9.851842321063450925e+01
8.601403438537328839e+03 9.999315775658803318e+01
8.601603461872024127e+03 9.962684720462756616e+01
8.601803485206719415e+03 9.830756358608702783e+01
8.602003508541412884e+03 1.012598133772705324e+02
8.602203531876108173e+03 1.000714845536287925e+02
8.602403555210803461e+03 9.988444909378895886e+01
8.602603578545496930e+03 1.004147578202804283e+02
8.602803601880192218e+03 1.000207955708504954e+02
8.603003625214887506e+03 9.960869483735736196e+01
8.603203648549580976e+03 1.015220757117265009e+02
8.603403671884276264e+03 9.981489049593299967e+01
8.603603695218971552e+03 9.840437902034109641e+01
8.603803718553663202e+03 9.944027492147377245e+01
8.604003741888360310e+03 1.014052849256977424e+02
8.604203765223055598e+03 1.002639338695091595e+02
8.604403788557747248e+03 9.775717180725374078e+01
8.604603811892444355e+03 1.002297567435759902e+02
8.604803835227137824e+03 9.912208699442612669e+01
8.605003858561833113e+03 1.014616616128082995e+02
8.605203881896528401e+03 9.939109507050295633e+01
8.605403905231221870e+03 1.009140276861937480e+02
8.605603928565917158e+03 1.003836087336880922e+02
8.605803951900610627e+03 1.020431367040361437e+02
8.606003975235305916e+03 9.930022586813396401e+01
8.606203998570001204e+03 1.010187341806385888e+02
8.606404021904694673e+03 9.934863956324898027e+01
8.606604045239388142e+03 1.020035611656070955e+02
8.606804068574083431e+03 9.830017598201501983e+01
8.607004091908778719e+03 9.840792125121697609e+01
8.607204115243474007e+03 9.961864856004234525e+01
8.607404138578167476e+03 9.634897773532343024e+01
8.607604161912862764e+03 9.882583503376982037e+01
8.607804185247556234e+03 9.906576556227027197e+01
8.608004208582251522e+03 9.992281180944232233e+01
8.608204231916946810e+03 9.982570719640087020e+01
8.608404255251640279e+03 9.986465086559348947e+01
8.608604278586335568e+03 1.005693180005318226e+02
8.608804301921030856e+03 9.949865805764248705e+01
8.609004325255724325e+03 9.849617135714224503e+01
8.609204348590419613e+03 9.834252026182001316e+01
8.609404371925114901e+03 9.806770275144933180e+01
8.609604395259808371e+03 1.007670118409107971e+02
8.609804418594501840e+03 9.959589448571337300e+01
8.610004441929198947e+03 9.896644191347962760e+01
8.610204465263892416e+03 9.732266324203902741e+01
8.610404488598585885e+03 1.016475921675136505e+02
8.610604511933282993e+03 1.006810356933970496e+02
8.610804535267974643e+03 1.000092809006462886e+02
8.611004558602671750e+03 1.012237438846894548e+02
8.611204581937367038e+03 9.804499353933049122e+01
8.611404605272058689e+03 9.989262514220926903e+01
8.611604628606755796e+03 1.001264662243450942e+02
8.611804651941449265e+03 9.848516336108485802e+01
8.612004675276142734e+03 9.811054344635266489e+01
8.612204698610839841e+03 9.826245468012018591e+01
8.612404721945533311e+03 9.411124812762248837e+01
8.612604745280226780e+03 8.813094169100367026e+01
8.612804768614922068e+03 8.686546860870149089e+01
8.613004791949617356e+03 9.029107165686613712e+01
8.613204815284312645e+03 9.349705088874121373e+01
8.613404838619006114e+03 9.775297660150833678e+01
8.613604861953701402e+03 9.869905955346810345e+01
8.613804885288394871e+03 9.865524495793211202e+01
8.614004908623090159e+03 1.004903391812188858e+02
8.614204931957783629e+03 1.022942127573954281e+02
8.614404955292478917e+03 9.816204274994078105e+01
8.614604978627174205e+03 9.830520302743408934e+01
8.614805001961865855e+03 9.925665891654917061e+01
8.615005025296562962e+03 9.998662415539155290e+01
8.615205048631258251e+03 9.983484594352222530e+01
8.615405071965951720e+03 9.857869689529320567e+01
8.615605095300647008e+03 9.847997481464166469e+01
8.615805118635340477e+03 1.020387703312334935e+02
8.616005141970035766e+03 1.006810659978049785e+02
8.616205165304731054e+03 9.843203863698224154e+01
8.616405188639424523e+03 9.950346407835955631e+01
8.616605211974119811e+03 9.896894012168711185e+01
8.616805235308813280e+03 9.792271540832734900e+01
8.617005258643510388e+03 9.717557834765236180e+01
8.617205281978203857e+03 9.620981847974252332e+01
8.617405305312897326e+03 9.578098530783631759e+01
8.617605328647594433e+03 1.006320618554951523e+02
8.617805351982286084e+03 9.788511198410290604e+01
8.618005375316981372e+03 9.785474656290182338e+01
8.618205398651678479e+03 1.002566072353821767e+02
8.618405421986370129e+03 1.025080840561962532e+02
8.618605445321065417e+03 1.021655829999131271e+02
8.618805468655760706e+03 9.987241299288524488e+01
8.619005491990454175e+03 9.981057767287860827e+01
8.619205515325151282e+03 1.013120636109191111e+02
8.619405538659844751e+03 9.945187389534123668e+01
8.619605561994538220e+03 9.750537466818910559e+01
8.619805585329233509e+03 9.880438597311913895e+01
8.620005608663928797e+03 1.016322004585089900e+02
8.620205631998622266e+03 9.917582565521938420e+01
8.620405655333317554e+03 9.739628583773738058e+01
8.620605678668012843e+03 1.009977750116421475e+02
8.620805702002704493e+03 9.941349613493768800e+01
8.621005725337401600e+03 9.940347900083691002e+01
8.621205748672095069e+03 9.953522465403962372e+01
8.621405772006790357e+03 1.000798425109595371e+02
8.621605795341485646e+03 9.953922222760547811e+01
8.621805818676177296e+03 1.014322965364278275e+02
8.622005842010874403e+03 9.876439544720383878e+01
8.622205865345569691e+03 9.403203259337539066e+01
8.622405888680261342e+03 9.066370380342493718e+01
8.622605912014958449e+03 8.988435662226778788e+01
8.622805935349651918e+03 9.268458634344055724e+01
8.623005958684345387e+03 9.515347822512214293e+01
8.623205982019042494e+03 9.764757851081870399e+01
8.623406005353735964e+03 9.899969214469217604e+01
8.623606028688431252e+03 1.003432900378602426e+02
8.623806052023124721e+03 1.004872554849919055e+02
8.624006075357820009e+03 9.908091845464167591e+01
8.624206098692515297e+03 9.854728788420865726e+01
8.624406122027208767e+03 1.011560629471377268e+02
8.624606145361904055e+03 9.830434385173415990e+01
8.624806168696597524e+03 9.999183843639859504e+01
8.625006192031292812e+03 9.881270169446557361e+01
8.625206215365989920e+03 9.953546246987987445e+01
8.625406238700681570e+03 9.960698986072371497e+01
8.625606262035376858e+03 9.964113808156383811e+01
8.625806285370072146e+03 9.951371376945625968e+01
8.626006308704765615e+03 9.951937967281038766e+01
8.626206332039460904e+03 9.782860973268759608e+01
8.626406355374156192e+03 1.012231204254365622e+02
8.626606378708849661e+03 9.953317894812198574e+01
8.626806402043543130e+03 9.999757510965656593e+01
8.627006425378240237e+03 1.000571453267984197e+02
8.627206448712933707e+03 9.978516218894485235e+01
8.627406472047628995e+03 9.943158395763427393e+01
8.627606495382324283e+03 9.722998350036102977e+01
8.627806518717015933e+03 9.980802999866357084e+01
8.628006542051713041e+03 9.963790222543005370e+01
8.628206565386406510e+03 1.001287603895378737e+02
8.628406588721099979e+03 9.973036487885002543e+01
8.628606612055797086e+03 9.967517895200958833e+01
8.628806635390488736e+03 1.003283417814987786e+02
8.629006658725184025e+03 9.911458297309182797e+01
8.629206682059881132e+03 9.945068401357501386e+01
8.629406705394572782e+03 1.004831158608349284e+02
8.629606728729269889e+03 1.012606147525398939e+02
8.629806752063963359e+03 9.964816028636774092e+01
8.630006775398656828e+03 9.898101451463857359e+01
8.630206798733353935e+03 9.968019959337465252e+01
8.630406822068047404e+03 9.933018045055837320e+01
8.630606845402740873e+03 9.922086817351109289e+01
8.630806868737436162e+03 9.791743529203658625e+01
8.631006892072131450e+03 9.864315555240520439e+01
8.631206915406826738e+03 9.909850788364431651e+01
8.631406938741520207e+03 9.930208533411361316e+01
8.631606962076215495e+03 9.982782315573520293e+01
8.631806985410908965e+03 9.936198121260967753e+01
8.632007008745604253e+03 9.997736487052127075e+01
8.632207032080299541e+03 1.009201293080200799e+02
8.632407055414993010e+03 1.009207282210041683e+02
8.632607078749688299e+03 9.726165465066614502e+01
8.632807102084381768e+03 1.020972073959687521e+02
8.633007125419077056e+03 1.005393000446865557e+02
8.633207148753772344e+03 9.761728360142420513e+01
8.633407172088467632e+03 9.637141954161275237e+01
8.633607195423161102e+03 9.984795243651788610e+01
8.633807218757854571e+03 9.872459123071283216e+01
8.634007242092551678e+03 9.957047603059569951e+01
8.634207265427245147e+03 9.914116957261181540e+01
8.634407288761938617e+03 1.018488886398016433e+02
8.634607312096635724e+03 9.827431512035799699e+01
8.634807335431327374e+03 1.001874290002306793e+02
8.635007358766022662e+03 9.778429768369566943e+01
8.635207382100719769e+03 1.006268448394881148e+02
8.635407405435411420e+03 1.008697718472337499e+02
8.635607428770108527e+03 9.950020960990659091e+01
8.635807452104800177e+03 9.982598585209859721e+01
8.636007475439495465e+03 9.915616128522353279e+01
8.636207498774192572e+03 1.008818028486267906e+02
8.636407522108884223e+03 9.800382674639803326e+01
8.636607545443579511e+03 9.949332655200075237e+01
8.636807568778274799e+03 9.903465690043927339e+01
8.637007592112968268e+03 1.009456979103945145e+02
8.637207615447663557e+03 1.014016254060528581e+02
8.637407638782358845e+03 1.017126293650475475e+02
8.637607662117052314e+03 9.870244477691008456e+01
8.637807685451747602e+03 9.730530494648427009e+01
8.638007708786442890e+03 9.781005505441059711e+01
8.638207732121136360e+03 9.792216278412180941e+01
8.638407755455831648e+03 9.892741390245656419e+01
8.638607778790526936e+03 1.013612558304094193e+02
8.638807802125218586e+03 9.931257927502106497e+01
8.639007825459915694e+03 9.779729918492466822e+01
8.639207848794610982e+03 9.871945764514094890e+01
8.639407872129304451e+03 9.839566410705219823e+01
8.639607895463999739e+03 9.886123365238117344e+01
8.639807918798693208e+03 9.946178566360292450e+01
8.640007942133388497e+03 1.006272487101689563e+02
8.640207965468083785e+03 9.948650052166355806e+01
8.640407988802777254e+03 1.000827039848696955e+02
8.640608012137472542e+03 9.788608845918409429e+01
8.640808035472166011e+03 9.873177891381553195e+01
8.641008058806861300e+03 9.957043805660873659e+01
8.641208082141556588e+03 9.880855259062455787e+01
8.641408105476250057e+03 9.820357153881140277e+01
8.641608128810947164e+03 1.030397081337074638e+02
8.641808152145638815e+03 1.009944497854285430e+02
8.642008175480334103e+03 9.914225137153501066e+01
8.642208198815031210e+03 9.943959592712340623e+01
8.642408222149722860e+03 9.968815368645850583e+01
8.642608245484418148e+03 9.941415105117468443e+01
8.642808268819111618e+03 1.005604776186759608e+02
8.643008292153806906e+03 9.930331038180267456e+01
8.643208315488502194e+03 1.000863719371661631e+02
8.643408338823195663e+03 9.945353622455634479e+01
8.643608362157890951e+03 9.776162883442719931e+01
8.643808385492586240e+03 9.865617753943651280e+01
8.644008408827279709e+03 9.859088932891820889e+01
8.644208432161974997e+03 9.629777853645065022e+01
8.644408455496670285e+03 1.002098388656288535e+02
8.644608478831363755e+03 9.951231563234128430e+01
8.644808502166057224e+03 9.872352018946129704e+01
8.645008525500754331e+03 9.780429354190694369e+01
8.645208548835447800e+03 9.853707450691896952e+01
8.645408572170141269e+03 1.016421822737842291e+02
8.645608595504838377e+03 9.952346386911308684e+01
8.645808618839530027e+03 9.888226507375414087e+01
8.646008642174227134e+03 1.013364236800085507e+02
8.646208665508922422e+03 9.939830054491292799e+01
8.646408688843614073e+03 9.995374788608590677e+01
8.646608712178311180e+03 1.012416138154716094e+02
8.646808735513004649e+03 1.011197549469349894e+02
8.647008758847698118e+03 9.820951452479413035e+01
8.647208782182395225e+03 9.965222187728174674e+01
8.647408805517088695e+03 9.773958146771990130e+01
8.647608828851783983e+03 9.949123493041609834e+01
8.647808852186477452e+03 9.968996737210943593e+01
8.648008875521172740e+03 9.837698653363057133e+01
8.648208898855868028e+03 1.007300530300866086e+02
8.648408922190561498e+03 1.004130024244414443e+02
8.648608945525256786e+03 9.832394484531650392e+01
8.648808968859950255e+03 9.673778546395475075e+01
8.649008992194645543e+03 9.787898332297515935e+01
8.649209015529340832e+03 9.375599117678976313e+01
8.649409038864034301e+03 9.266175756955698262e+01
8.649609062198729589e+03 9.430931232515544593e+01
8.649809085533423058e+03 9.779180267183434694e+01
8.650009108868118346e+03 9.839434405890975199e+01
8.650209132202813635e+03 9.719250814229067714e+01
8.650409155537507104e+03 9.769298830821887236e+01
8.650609178872202392e+03 9.938430888347524217e+01
8.650809202206895861e+03 9.844958639349884777e+01
8.651009225541591150e+03 9.737536745750227851e+01
8.651209248876286438e+03 9.766060673688683380e+01
8.651409272210979907e+03 9.716934138317287761e+01
8.651609295545675195e+03 1.005352765900644698e+02
8.651809318880368664e+03 9.858563845393001657e+01
8.652009342215065772e+03 9.754286163106368690e+01
8.652209365549759241e+03 9.967391505064009039e+01
8.652409388884452710e+03 9.939883583724125060e+01
8.652609412219149817e+03 9.873314950522605216e+01
8.652809435553841467e+03 9.953305086552990133e+01
8.653009458888536756e+03 1.001375090042762537e+02
8.653209482223233863e+03 9.799972634738971067e+01
8.653409505557925513e+03 9.841455056969556381e+01
8.653609528892622620e+03 1.002368267431074997e+02
8.653809552227316090e+03 9.664475719049985969e+01
8.654009575562009559e+03 9.987916790234592668e+01
8.654209598896706666e+03 9.896213355934055755e+01
8.654409622231400135e+03 9.803381550340377260e+01
8.654609645566093604e+03 9.874679521810791982e+01
8.654809668900788893e+03 9.886066249935011285e+01
8.655009692235484181e+03 9.509699630933458536e+01
8.655209715570177650e+03 9.601119650679019912e+01
8.655409738904872938e+03 9.633981332732230385e+01
8.655609762239568227e+03 9.625462751836644770e+01
8.655809785574261696e+03 9.865885342760908827e+01
8.656009808908956984e+03 9.672529873900488440e+01
8.656209832243652272e+03 9.578582883763951372e+01
8.656409855578345741e+03 9.803433643776119766e+01
8.656609878913041030e+03 9.368200413566812301e+01
8.656809902247734499e+03 9.715638289144020234e+01
8.657009925582429787e+03 9.539170387024992692e+01
8.657209948917125075e+03 9.723551461253020989e+01
8.657409972251816725e+03 9.518608663895072652e+01
8.657609995586513833e+03 9.601868762665699819e+01
8.657810018921207302e+03 9.478999594740926682e+01
8.658010042255902590e+03 9.547795754322886808e+01
8.658210065590597878e+03 9.527142651380685834e+01
8.658410088925291348e+03 9.398533648184070444e+01
8.658610112259986636e+03 9.415842849953138227e+01
8.658810135594680105e+03 9.491921410573259266e+01
8.659010158929375393e+03 9.298558246187121767e+01
8.659210182264070681e+03 9.143593369044410224e+01
8.659410205598764151e+03 9.038209969031733237e+01
8.659610228933459439e+03 9.054743788700680796e+01
8.659810252268152908e+03 8.901508372523343837e+01
8.660010275602848196e+03 8.990465339567587932e+01
8.660210298937545303e+03 8.708977064187976680e+01
8.660410322272236954e+03 8.628818739649473457e+01
8.660610345606932242e+03 8.384702359387827642e+01
8.660810368941627530e+03 8.222651274904910679e+01
8.661010392276320999e+03 8.164309757423239944e+01
8.661210415611016288e+03 7.918291179911481947e+01
8.661410438945711576e+03 7.629423583401852227e+01
8.661610462280405045e+03 7.242914105805967040e+01
8.661810485615100333e+03 7.142004264537402491e+01
8.662010508949795621e+03 6.680270565179061748e+01
8.662210532284489091e+03 6.407168117216620828e+01
8.662410555619184379e+03 5.552752006607662594e+01
8.662610578953879667e+03 5.140841354206648361e+01
8.662810602288571317e+03 4.741180165323597606e+01
8.663010625623268425e+03 3.940021743925317566e+01
8.663210648957963713e+03 4.062436128876502295e+01
8.663410672292655363e+03 4.062634471306917305e+01
8.663610695627352470e+03 4.964660246514817743e+01
8.663810718962045939e+03 5.669200154560996907e+01
8.664010742296741228e+03 6.154085402457482701e+01
8.664210765631436516e+03 6.692661235519935303e+01
8.664410788966128166e+03 6.937675091349640866e+01
8.664610812300825273e+03 7.204293511212604528e+01
8.664810835635518742e+03 7.695242564614488856e+01
8.665010858970212212e+03 7.830674090906344986e+01
8.665210882304909319e+03 8.087538933900907523e+01
8.665410905639602788e+03 8.140540211647073932e+01
8.665610928974296257e+03 8.280940612326760686e+01
8.665810952308991546e+03 8.410366986222062735e+01
8.666010975643686834e+03 8.410154098769578468e+01
8.666210998978382122e+03 8.205484228488521126e+01
8.666411022313075591e+03 8.823540568284839480e+01
8.666611045647770879e+03 8.934021821375705485e+01
8.666811068982464349e+03 9.065884313205728517e+01
8.667011092317159637e+03 9.020298963523769942e+01
8.667211115651854925e+03 8.983281485647007969e+01
8.667411138986548394e+03 9.322902419054028655e+01
8.667611162321243683e+03 9.357559349707459262e+01
8.667811185655937152e+03 9.358502281030622783e+01
8.668011208990632440e+03 9.283443706462270484e+01
8.668211232325327728e+03 9.390304036489519035e+01
8.668411255660023016e+03 9.363248837922488121e+01
8.668611278994716486e+03 9.528958443346743934e+01
8.668811302329409955e+03 9.529870569574249828e+01
8.669011325664107062e+03 9.519163649888848511e+01
8.669211348998800531e+03 9.894551316597083712e+01
8.669411372333494000e+03 9.575398184768042142e+01
8.669611395668191108e+03 9.642070597758896611e+01
8.669811419002882758e+03 9.365273608313684406e+01
8.670011442337579865e+03 9.668599438087100850e+01
8.670211465672275153e+03 9.793083179895229762e+01
8.670411489006966804e+03 9.848584525405898660e+01
8.670611512341663911e+03 9.713898504314772708e+01
8.670811535676357380e+03 9.798557633084540441e+01
8.671011559011050849e+03 9.702719450035341708e+01
8.671211582345747956e+03 9.758174186794320804e+01
8.671411605680439607e+03 9.521828956439792080e+01
8.671611629015134895e+03 9.578147958772437676e+01
8.671811652349830183e+03 9.650815295348155587e+01
8.672011675684523652e+03 9.707768906101959772e+01
8.672211699019220760e+03 9.938013418096541329e+01
8.672411722353914229e+03 9.917233255241319512e+01
8.672611745688607698e+03 9.713398872959952257e+01
8.672811769023302986e+03 9.583607614041297040e+01
8.673011792357998274e+03 9.936148377761519157e+01
8.673211815692691744e+03 9.838778977106373702e+01
8.673411839027387032e+03 9.758127012229364539e+01
8.673611862362082320e+03 9.906929587508430757e+01
8.673811885696773970e+03 9.707045076804871542e+01
8.674011909031471077e+03 9.823269989214961129e+01
8.674211932366166366e+03 9.950192030329273507e+01
8.674411955700859835e+03 9.820875555323928552e+01
8.674611979035555123e+03 9.945419969969849205e+01
8.674812002370248592e+03 9.600982661082844061e+01
8.675012025704943881e+03 9.820525054758550709e+01
8.675212049039639169e+03 9.571336210655992716e+01
8.675412072374332638e+03 9.228072877619912617e+01
8.675612095709027926e+03 9.033019344394666916e+01
8.675812119043721395e+03 8.851262686809151603e+01
8.676012142378416684e+03 8.796137589968611792e+01
8.676212165713111972e+03 9.262790613954096841e+01
8.676412189047805441e+03 9.395228720146532453e+01
8.676612212382502548e+03 9.642235777482858339e+01
8.676812235717194199e+03 9.656309123113976511e+01
8.677012259051889487e+03 9.740436597192388035e+01
8.677212282386586594e+03 9.972108967825442960e+01
8.677412305721278244e+03 9.896820242962576231e+01
8.677612329055973532e+03 9.906490892549885530e+01
8.677812352390668821e+03 9.858568295317907371e+01
8.678012375725362290e+03 1.002357146007663857e+02
8.678212399060059397e+03 9.943592488418768482e+01
8.678412422394752866e+03 9.899863611534530605e+01
8.678612445729446335e+03 9.845364908540062743e+01
8.678812469064141624e+03 9.819858049583307036e+01
8.679012492398835093e+03 9.996261379265330049e+01
8.679212515733530381e+03 9.981416252504098452e+01
8.679412539068225669e+03 9.914890037316487792e+01
8.679612562402919139e+03 9.789323745678849775e+01
8.679812585737612608e+03 9.977161687417711278e+01
8.680012609072309715e+03 9.910066346918759450e+01
8.680212632407003184e+03 9.924270149873973423e+01
8.680412655741698472e+03 9.633345483888936656e+01
8.680612679076393761e+03 9.495365323117553658e+01
8.680812702411085411e+03 9.538102607920090747e+01
8.681012725745782518e+03 9.470847267647560841e+01
8.681212749080477806e+03 9.495839531683586188e+01
8.681412772415169457e+03 9.628485081693735026e+01
8.681612795749866564e+03 9.693883764059440011e+01
8.681812819084560033e+03 9.820548804913836705e+01
8.682012842419253502e+03 9.855673204352908101e+01
8.682212865753950609e+03 9.825648025490185944e+01
8.682412889088644079e+03 9.922311749493739796e+01
8.682612912423339367e+03 1.000755273159822281e+02
8.682812935758032836e+03 9.919186428153273027e+01
8.683012959092728124e+03 9.880366316665956106e+01
8.683212982427423412e+03 1.003234642603062667e+02
8.683413005762116882e+03 9.806072166128959111e+01
8.683613029096812170e+03 9.872286424828364204e+01
8.683813052431505639e+03 9.849948287564163252e+01
8.684013075766200927e+03 9.805761916764031128e+01
8.684213099100898035e+03 9.776485725291364304e+01
8.684413122435589685e+03 9.853713752763830769e+01
8.684613145770284973e+03 9.970252162044297961e+01
8.684813169104980261e+03 9.973625082798757546e+01
8.685013192439673730e+03 9.978305916773679485e+01
8.685213215774369019e+03 9.904367892505072746e+01
8.685413239109064307e+03 9.918394344945204466e+01
8.685613262443757776e+03 9.901335181416153830e+01
8.685813285778451245e+03 1.012124210851100798e+02
8.686013309113146533e+03 1.005968551341637180e+02
8.686213332447841822e+03 1.010564268118062330e+02
8.686413355782537110e+03 1.009467278667135730e+02
8.686613379117230579e+03 1.011381203435944371e+02
8.686813402451924048e+03 9.957492806572510347e+01
8.687013425786621156e+03 1.009388631404779346e+02
8.687213449121314625e+03 9.773106778914178960e+01
8.687413472456008094e+03 9.862113126732671731e+01
8.687613495790705201e+03 9.755703823530380703e+01
8.687813519125396851e+03 9.890486267609414028e+01
8.688013542460092140e+03 1.001887836973638173e+02
8.688213565794789247e+03 9.800645281568569089e+01
8.688413589129480897e+03 9.971055894985786949e+01
8.688613612464178004e+03 9.959484438006379037e+01
8.688813635798871474e+03 9.862635868380527882e+01
8.689013659133564943e+03 9.403815165859511183e+01
8.689213682468262050e+03 8.782891448835783876e+01
8.689413705802955519e+03 8.083646307343572346e+01
8.689613729137648988e+03 7.926260962742291838e+01
8.689813752472344277e+03 7.979147111656023128e+01
8.690013775807039565e+03 8.637882810002420797e+01
8.690213799141733034e+03 9.198418164194794144e+01
8.690413822476428322e+03 9.521719336641082521e+01
8.690613845811123610e+03 1.000497616151018008e+02
8.690813869145817080e+03 9.867995788273277924e+01
8.691013892480512368e+03 9.951227333822514254e+01
8.691213915815207656e+03 9.824031353768569375e+01
8.691413939149901125e+03 9.892236593160870939e+01
8.691613962484596414e+03 1.003863018942654861e+02
8.691813985819289883e+03 9.987570264442454970e+01
8.692014009153985171e+03 1.009060443149301847e+02
8.692214032488680459e+03 9.957286824211558951e+01
8.692414055823375747e+03 9.863825996854782829e+01
8.692614079158069217e+03 9.867829600455453942e+01
8.692814102492762686e+03 9.890615979672647029e+01
8.693014125827457974e+03 9.954440892977844157e+01
8.693214149162153262e+03 9.775912981313778971e+01
8.693414172496846732e+03 9.775262076706522407e+01
8.693614195831542020e+03 9.896354387492060312e+01
8.693814219166235489e+03 9.956779501155158130e+01
8.694014242500930777e+03 9.913829934305293534e+01
8.694214265835626065e+03 1.007795201368456617e+02
8.694414289170319535e+03 9.946668091209046736e+01
8.694614312505016642e+03 1.007535602627274471e+02
8.694814335839708292e+03 9.962615285416717370e+01
8.695014359174403580e+03 9.998479706031343994e+01
8.695214382509100687e+03 9.709647832575444681e+01
8.695414405843792338e+03 9.507982258681504106e+01
8.695614429178487626e+03 9.720578938865261875e+01
8.695814452513182914e+03 9.770889024475984286e+01
8.696014475847876383e+03 9.927469819773642712e+01
8.696214499182571672e+03 9.999142801564239846e+01
8.696414522517266960e+03 9.944787199859220550e+01
8.696614545851960429e+03 9.909765619378777046e+01
8.696814569186655717e+03 9.926509522840844113e+01
8.697014592521351005e+03 1.003208893976483722e+02
8.697214615856044475e+03 9.972224965024444998e+01
8.697414639190739763e+03 9.972993623068704494e+01
8.697614662525435051e+03 9.899418272504404115e+01
8.697814685860126701e+03 1.003007596377496640e+02
8.698014709194823809e+03 1.006927252443394423e+02
8.698214732529519097e+03 9.895759686783237896e+01
8.698414755864210747e+03 1.001135879738366725e+02
8.698614779198907854e+03 9.929041794822633449e+01
8.698814802533601323e+03 1.004232884765419271e+02
8.699014825868296612e+03 9.848755568606155464e+01
8.699214849202991900e+03 9.848093645894732617e+01
8.699414872537685369e+03 9.882896417969496383e+01
8.699614895872380657e+03 9.857923770956827525e+01
8.699814919207074126e+03 9.884300247550213214e+01
8.700014942541769415e+03 9.713057600882832787e+01
8.700214965876464703e+03 9.162392484108967494e+01
8.700414989211158172e+03 9.373835857181114761e+01
8.700615012545853460e+03 9.611623938100511566e+01
8.700815035880546930e+03 9.716554981887446729e+01
8.701015059215242218e+03 9.934007495106145313e+01
8.701215082549937506e+03 9.963642928019029910e+01
8.701415105884630975e+03 1.013676817861561261e+02
8.701615129219326263e+03 1.006887579745959727e+02
8.701815152554019733e+03 9.660193622692702320e+01
8.702015175888715021e+03 9.870186013569545480e+01
8.702215199223410309e+03 9.947152627047033491e+01
8.702415222558103778e+03 1.015913632570605216e+02
8.702615245892799066e+03 9.921635968808641337e+01
8.702815269227494355e+03 1.016316782315855676e+02
8.703015292562187824e+03 9.870438975873257448e+01
8.703215315896883112e+03 9.926564402483154481e+01
8.703415339231578400e+03 9.918620895625437583e+01
8.703615362566271870e+03 9.908838035787654519e+01
8.703815385900965339e+03 9.992051206585159662e+01
8.704015409235662446e+03 9.873896164699407052e+01
8.704215432570355915e+03 9.824104094507163154e+01
8.704415455905049384e+03 9.918083770105016583e+01
8.704615479239746492e+03 9.987529787550701599e+01
8.704815502574438142e+03 9.965774943841110201e+01
8.705015525909135249e+03 9.952202457983372597e+01
8.705215549243830537e+03 1.019515211180678733e+02
8.705415572578522188e+03 9.866988997919507653e+01
8.705615595913219295e+03 9.910171523596197574e+01
8.705815619247912764e+03 9.924045912377519585e+01
8.706015642582606233e+03 9.963124036667630889e+01
8.706215665917303340e+03 1.015212826056787492e+02
8.706415689251996810e+03 1.014119927288321321e+02
8.706615712586692098e+03 9.977726336544039043e+01
8.706815735921385567e+03 9.819381831439278585e+01
8.707015759256080855e+03 9.979674369908708798e+01
8.707215782590776143e+03 1.006634052320395938e+02
8.707415805925469613e+03 9.945300184986722059e+01
8.707615829260163082e+03 9.946601388919368958e+01
8.707815852594858370e+03 1.016460252215651252e+02
8.708015875929553658e+03 9.909379743742684354e+01
8.708215899264247128e+03 9.706695248779861629e+01
8.708415922598942416e+03 9.828099456815752433e+01
8.708615945933637704e+03 9.903738954384971294e+01
8.708815969268331173e+03 9.857639836924330723e+01
8.709015992603026461e+03 9.760287876404332508e+01
8.709216015937721750e+03 1.011223410245314369e+02
8.709416039272415219e+03 1.014058165201383872e+02
8.709616062607110507e+03 1.001781890164116646e+02
8.709816085941803976e+03 9.925212904897209398e+01
8.710016109276499265e+03 9.917648255550459169e+01
8.710216132611194553e+03 9.953255599767408057e+01
8.710416155945888022e+03 9.975473600606008517e+01
8.710616179280583310e+03 9.904242380832542381e+01
8.710816202615276779e+03 9.794110354945297559e+01
8.711016225949973887e+03 9.279138928212601911e+01
8.711216249284667356e+03 9.010321519719835237e+01
8.711416272619360825e+03 8.970063358394637021e+01
8.711616295954057932e+03 9.143259920717589750e+01
8.711816319288749582e+03 9.537084620766108856e+01
8.712016342623444871e+03 9.745808171590462621e+01
8.712216365958141978e+03 1.009916943608152167e+02
8.712416389292833628e+03 1.010401368981240040e+02
8.712616412627528916e+03 1.025149386718643285e+02
8.712816435962224205e+03 9.745488385922399743e+01
8.713016459296917674e+03 9.805094471430652447e+01
8.713216482631614781e+03 9.860355302512925846e+01
8.713416505966308250e+03 9.705749219058465371e+01
8.713616529301001719e+03 9.690512224079350290e+01
8.713816552635697008e+03 9.542993530615940756e+01
8.714016575970392296e+03 9.180725328407871189e+01
8.714216599305085765e+03 9.253617220030631074e+01
8.714416622639781053e+03 9.259006558318458247e+01
8.714616645974474523e+03 9.643619968270915876e+01
8.714816669309169811e+03 9.658241576845506415e+01
8.715016692643865099e+03 1.004145367445240424e+02
8.715216715978558568e+03 9.963877282646694766e+01
8.715416739313253856e+03 9.994393137717202080e+01
8.715616762647949145e+03 9.785915179394264385e+01
8.715816785982640795e+03 9.874835942489815466e+01
8.716016809317337902e+03 9.889777663734264479e+01
8.716216832652033190e+03 9.923361352126659085e+01
8.716416855986724840e+03 1.019657664399532280e+02
8.716616879321421948e+03 9.803858504433455323e+01
8.716816902656115417e+03 9.919558470531687533e+01
8.717016925990810705e+03 1.019601047990283575e+02
8.717216949325505993e+03 1.014467592882647580e+02
8.717416972660199463e+03 1.010012579966112298e+02
8.717616995994894751e+03 1.001342622540283287e+02
8.717817019329588220e+03 1.022758270917860557e+02
8.718017042664283508e+03 9.946308464860618415e+01
8.718217065998978796e+03 9.917807495374164262e+01
8.718417089333672266e+03 9.684723193945619357e+01
8.718617112668367554e+03 9.562754056475820619e+01
8.718817136003061023e+03 9.399693869309740535e+01
8.719017159337756311e+03 9.253125310341906129e+01
8.719217182672453418e+03 9.494193501731844265e+01
8.719417206007145069e+03 9.696830850845304894e+01
8.719617229341840357e+03 9.754385751107979274e+01
8.719817252676535645e+03 9.961960633042663460e+01
8.720017276011229114e+03 9.939386019721101206e+01
8.720217299345924403e+03 1.008590856512420828e+02
8.720417322680619691e+03 9.967015929985902289e+01
8.720617346015313160e+03 1.015959872113709395e+02
8.720817369350006629e+03 1.008864439904173906e+02
8.721017392684703736e+03 9.998983520509088407e+01
8.721217416019397206e+03 1.008942750995529423e+02
8.721417439354092494e+03 9.977923282195867216e+01
8.721617462688787782e+03 9.949648324689229639e+01
8.721817486023479432e+03 9.801732625578453906e+01
8.722017509358176540e+03 9.936854204042079175e+01
8.722217532692870009e+03 9.968400371216833378e+01
8.722417556027563478e+03 1.003871331006358076e+02
8.722617579362260585e+03 9.994396496726152179e+01
8.722817602696952235e+03 9.869138634697304724e+01
8.723017626031649343e+03 9.922235056587018676e+01
8.723217649366344631e+03 1.002506135561592373e+02
8.723417672701036281e+03 1.003996192387478743e+02
8.723617696035733388e+03 1.008694951871800072e+02
8.723817719370426857e+03 9.856283584729885661e+01
8.724017742705120327e+03 9.918784642746177838e+01
8.724217766039817434e+03 9.975954918599055077e+01
8.724417789374510903e+03 1.003411354178309267e+02
8.724617812709204372e+03 1.010672697713320218e+02
8.724817836043899661e+03 9.933588432232977539e+01
8.725017859378594949e+03 1.000895270140962197e+02
8.725217882713290237e+03 1.010617370217918847e+02
8.725417906047983706e+03 9.922340099027343285e+01
8.725617929382678994e+03 9.903700585615919749e+01
8.725817952717372464e+03 9.831657486145743974e+01
8.726017976052067752e+03 9.936060604194010182e+01
8.726217999386763040e+03 9.941783006716053706e+01
8.726418022721456509e+03 1.000661928428865508e+02
8.726618046056151798e+03 9.909695533275862545e+01
8.726818069390845267e+03 9.760640722542514425e+01
8.727018092725540555e+03 1.002846544507639805e+02
8.727218116060235843e+03 1.004341736928307682e+02
8.727418139394931131e+03 1.012766660704958355e+02
8.727618162729624601e+03 1.005451922045582478e+02
8.727818186064318070e+03 9.810675581065929407e+01
8.728018209399015177e+03 9.854507926931658801e+01
8.728218232733708646e+03 9.905156535830690245e+01
8.728418256068402115e+03 9.856610958927355171e+01
8.728618279403099223e+03 9.625550285931400651e+01
8.728818302737790873e+03 9.280486055125834355e+01
8.729018326072487980e+03 9.601952826821023734e+01
8.729218349407181449e+03 9.286824199290451531e+01
8.729418372741874919e+03 9.540129119420242887e+01
8.729618396076572026e+03 9.907695672277037602e+01
8.729818419411263676e+03 9.804472300259429574e+01
8.730018442745958964e+03 9.939167151767991015e+01
8.730218466080656071e+03 9.809994417323794380e+01
8.730418489415347722e+03 1.004767936155886048e+02
8.730618512750043010e+03 9.993239340170404716e+01
8.730818536084738298e+03 1.007031681567943480e+02
8.731018559419431767e+03 9.990788361679737761e+01
