8.479717338044289136e+03 1.016619041030560879e+02
8.479917331377733717e+03 9.865142707812687206e+01
8.480117324711176479e+03 1.003496874129896099e+02
8.480317318044621061e+03 1.008915149126787441e+02
8.480517311378065642e+03 9.948683364757955871e+01
8.480717304711510224e+03 1.011744646754385997e+02
8.480917298044954805e+03 9.764224694372651925e+01
8.481117291378397567e+03 9.909476510516890357e+01
8.481317284711843968e+03 1.007150458245892395e+02
8.481517278045286730e+03 9.812987832312286685e+01
8.481717271378731311e+03 9.886310755441418507e+01
8.481917264712177712e+03 9.854454338502307564e+01
8.482117258045622293e+03 9.994609950518793084e+01
8.482317251379066875e+03 9.966076031669147994e+01
8.482517244712509637e+03 1.005451557261252304e+02
8.482717238045954218e+03 1.002704548247100433e+02
8.482917231379400619e+03 9.857950118514423821e+01
8.483117224712843381e+03 9.978684348220495792e+01
8.483317218046287962e+03 9.923590683308792393e+01
8.483517211379730725e+03 9.896961658988756483e+01
8.483717204713175306e+03 1.000135805153791182e+02
8.483917198046621706e+03 9.841064889740802357e+01
8.484117191380064469e+03 1.005276185687722688e+02
8.484317184713509050e+03 1.008252973595221107e+02
8.484517178046953632e+03 1.006281953693289779e+02
8.484717171380400032e+03 1.017804217461458194e+02
8.484917164713844613e+03 9.997383202138807690e+01
8.485117158047287376e+03 1.006732950547237664e+02
8.485317151380731957e+03 1.008620408000839603e+02
8.485517144714176538e+03 1.018694536069963164e+02
8.485717138047621120e+03 1.005788461002792928e+02
8.485917131381065701e+03 1.003689709517692705e+02
8.486117124714508464e+03 9.874969635672674428e+01
8.486317118047954864e+03 9.890796229086561198e+01
8.486517111381397626e+03 1.011059722817594491e+02
8.486717104714842208e+03 9.885903807019221290e+01
8.486917098048288608e+03 9.897378295618777599e+01
8.487117091381733189e+03 9.979875442481146308e+01
8.487317084715177771e+03 9.958021087533776949e+01
8.487517078048620533e+03 1.012727773717880808e+02
8.487717071382065114e+03 9.960136068877662296e+01
8.487917064715511515e+03 9.835873674242304787e+01
8.488117058048954277e+03 9.883599036863773790e+01
8.488317051382398859e+03 1.002960696009998713e+02
8.488517044715841621e+03 9.975065449597754252e+01
8.488717038049288021e+03 1.001989917692144871e+02
8.488917031382732603e+03 1.008467833248346750e+02
8.489117024716175365e+03 1.001836663584987548e+02
8.489317018049621765e+03 9.812190194691999068e+01
8.489517011383064528e+03 9.960252733445959450e+01
8.489717004716510928e+03 1.011000813458717289e+02
8.489916998049955509e+03 1.002725291112832480e+02
8.490116991383398272e+03 9.926798151862006137e+01
8.490316984716842853e+03 9.939645815529119943e+01
8.490516978050287435e+03 9.972244615306564697e+01
8.490716971383732016e+03 1.005331222709560990e+02
8.490916964717176597e+03 9.989287651703523352e+01
8.491116958050619360e+03 9.931641926581883695e+01
8.491316951384065760e+03 1.015411720939290916e+02
8.491516944717508522e+03 1.015133257493511252e+02
8.491716938050954923e+03 1.014018732122843147e+02
8.491916931384399504e+03 1.001185291713359504e+02
8.492116924717844086e+03 9.900926363443151956e+01
8.492316918051288667e+03 9.961817273835249864e+01
8.492516911384731429e+03 1.004537865246768860e+02
8.492716904718176011e+03 9.984378279607965112e+01
8.492916898051622411e+03 1.003846149199143696e+02
8.493116891385065173e+03 1.004068306024341979e+02
8.493316884718509755e+03 9.859620817003326465e+01
8.493516878051952517e+03 1.000276061012022950e+02
8.493716871385398917e+03 1.000138945534633450e+02
8.493916864718843499e+03 9.885984332321102386e+01
8.494116858052288080e+03 9.793333575131592283e+01
8.494316851385732662e+03 1.006127693895528523e+02
8.494516844719175424e+03 1.003883569483085552e+02
8.494716838052621824e+03 9.871723939162748707e+01
8.494916831386066406e+03 9.729864077165520087e+01
8.495116824719509168e+03 9.858834998862266730e+01
8.495316818052953749e+03 9.766298550899442432e+01
8.495516811386398331e+03 9.600702377696885037e+01
8.495716804719842912e+03 9.617011461043718157e+01
8.495916798053287494e+03 9.532218623126964019e+01
8.496116791386730256e+03 9.738703084243439889e+01
8.496316784720176656e+03 9.339498040302477477e+01
8.496516778053619419e+03 9.041431628244693286e+01
8.496716771387065819e+03 8.501276306134056426e+01
8.496916764720510400e+03 8.058112997872053995e+01
8.497116758053954982e+03 7.118476546541454297e+01
8.497316751387399563e+03 6.239265040769983273e+01
8.497516744720842325e+03 5.163464956858820898e+01
8.497716738054286907e+03 4.974849609226050262e+01
8.497916731387733307e+03 5.261194740129291603e+01
8.498116724721176070e+03 6.167405134447781023e+01
8.498316718054620651e+03 7.135806985880748243e+01
8.498516711388063413e+03 8.050849959164237646e+01
8.498716704721509814e+03 8.629973216365577571e+01
8.498916698054954395e+03 8.959986420183307132e+01
8.499116691388398976e+03 9.370387552383674290e+01
8.499316684721843558e+03 9.510848866751847197e+01
8.499516678055288139e+03 9.605826620410549310e+01
8.499716671388732721e+03 9.530733909326731634e+01
8.499916664722177302e+03 1.001821449530900310e+02
8.500116658055620064e+03 9.779437653047058632e+01
8.500316651389064646e+03 9.837349221588262083e+01
8.500516644722509227e+03 9.823642134443603879e+01
8.500716638055953808e+03 9.985335752236913720e+01
8.500916631389398390e+03 9.752842880819434868e+01
8.501116624722841152e+03 9.975831186539252826e+01
8.501316618056287552e+03 9.989969531279945159e+01
8.501516611389732134e+03 9.849548583580640582e+01
8.501716604723176715e+03 9.865667184163149273e+01
8.501916598056621297e+03 9.963133698032278573e+01
8.502116591390065878e+03 9.923463672068099584e+01
8.502316584723510459e+03 1.000675409539308731e+02
8.502516578056953222e+03 1.000664983048669683e+02
8.502716571390397803e+03 1.006541769426420103e+02
8.502916564723844203e+03 9.920855712082598643e+01
8.503116558057286966e+03 1.001017165157708035e+02
8.503316551390731547e+03 9.725429239122838965e+01
8.503516544724174310e+03 9.928914476124172950e+01
8.503716538057620710e+03 1.011308452186312508e+02
8.503916531391067110e+03 9.973747146257090890e+01
8.504116524724509873e+03 9.962299108434086747e+01
8.504316518057954454e+03 9.866934324964233838e+01
8.504516511391399035e+03 1.012921986100203782e+02
8.504716504724843617e+03 9.934460116232800431e+01
8.504916498058288198e+03 9.945006542303576680e+01
8.505116491391730960e+03 9.928332573501764102e+01
8.505316484725175542e+03 9.986558728508259719e+01
8.505516478058620123e+03 1.016870658670493981e+02
8.505716471392064705e+03 9.963870919535382598e+01
8.505916464725509286e+03 9.960434514670103567e+01
8.506116458058952048e+03 9.831288655546062216e+01
8.506316451392400268e+03 1.008892762332518203e+02
8.506516444725843030e+03 1.004928887001401705e+02
8.506716438059287611e+03 9.936290514977768851e+01
8.506916431392732193e+03 9.946311376858139397e+01
8.507116424726176774e+03 9.996119751255588426e+01
8.507316418059621355e+03 9.930401091742521658e+01
8.507516411393064118e+03 9.844535297003022833e+01
8.507716404726508699e+03 9.981053385326477212e+01
8.507916398059955100e+03 9.789013790032113604e+01
8.508116391393397862e+03 9.891484110759797943e+01
8.508316384726842443e+03 1.011123904091337948e+02
8.508516378060285206e+03 9.889241298503722533e+01
8.508716371393731606e+03 9.885550265405687753e+01
8.508916364727178006e+03 1.009145863148742848e+02
8.509116358060620769e+03 9.891999159571039968e+01
8.509316351394065350e+03 9.966891988313810202e+01
8.509516344727509932e+03 9.862320934925163840e+01
8.509716338060954513e+03 1.005931058071125648e+02
8.509916331394399094e+03 9.819475554549654817e+01
8.510116324727841857e+03 9.937902954868498284e+01
8.510316318061288257e+03 9.862935900840498959e+01
8.510516311394731019e+03 1.001442301962513994e+02
8.510716304728175601e+03 1.008895721312898388e+02
8.510916298061620182e+03 9.949163138759786307e+01
8.511116291395062945e+03 9.964521906867048529e+01
8.511316284728511164e+03 9.924963619380530133e+01
8.511516278061953926e+03 9.991217313018407253e+01
8.511716271395398508e+03 1.001388196535992279e+02
8.511916264728843089e+03 9.994682372258398573e+01
8.512116258062287670e+03 1.000269478604851656e+02
8.512316251395732252e+03 9.922561134671359184e+01
8.512516244729175014e+03 1.005040602162428485e+02
8.512716238062619595e+03 1.006527731263066414e+02
8.512916231396065996e+03 9.713423300987044229e+01
8.513116224729508758e+03 9.748632063675546533e+01
8.513316218062953340e+03 9.384626316341835661e+01
8.513516211396396102e+03 8.825395790052884593e+01
8.513716204729844321e+03 8.677798688995522980e+01
8.513916198063288903e+03 8.503901020447908365e+01
8.514116191396731665e+03 9.141041000900125368e+01
8.514316184730176246e+03 9.496765339076235080e+01
8.514516178063620828e+03 9.786448171656053319e+01
8.514716171397065409e+03 9.695054809622068603e+01
8.514916164730509990e+03 9.862877787698894849e+01
8.515116158063952753e+03 9.887002714253726765e+01
8.515316151397399153e+03 9.902279204071146523e+01
8.515516144730841916e+03 9.924353379138807441e+01
8.515716138064286497e+03 9.947402636283365496e+01
8.515916131397731078e+03 9.845621511282404015e+01
8.516116124731175660e+03 1.006460501807341927e+02
8.516316118064622060e+03 1.003826489742596237e+02
8.516516111398064822e+03 1.002494825811763093e+02
8.516716104731509404e+03 1.008577794014886280e+02
8.516916098064953985e+03 9.868928745376368283e+01
8.517116091398398567e+03 9.747498260492693589e+01
8.517316084731843148e+03 9.728974544160162452e+01
8.517516078065285910e+03 9.833119644644663992e+01
8.517716071398730492e+03 9.872168101947066532e+01
8.517916064732176892e+03 9.695360327882718821e+01
8.518116058065619654e+03 9.750483183534736042e+01
8.518316051399064236e+03 9.720999553299650131e+01
8.518516044732508817e+03 9.847911452323270964e+01
8.518716038065955217e+03 9.831499591739317623e+01
8.518916031399399799e+03 9.864766667193821092e+01
8.519116024732842561e+03 1.001428076832427934e+02
8.519316018066287143e+03 1.015956680214081871e+02
8.519516011399731724e+03 9.947868705879926665e+01
8.519716004733176305e+03 1.006915733553848753e+02
8.519915998066620887e+03 1.001214392018832200e+02
8.520115991400063649e+03 1.001594657932514423e+02
8.520315984733510049e+03 9.988312705479239639e+01
8.520515978066952812e+03 9.894171824432474693e+01
8.520715971400397393e+03 9.895262230618402555e+01
8.520915964733841975e+03 9.962892171578816658e+01
8.521115958067288375e+03 9.825220726303247432e+01
8.521315951400732956e+03 9.966615216993633908e+01
8.521515944734175719e+03 9.908608264817809186e+01
8.521715938067620300e+03 1.008857220693977155e+02
8.521915931401064881e+03 9.938836414572608646e+01
8.522115924734509463e+03 1.009317638314207954e+02
8.522315918067954044e+03 9.710256666448626106e+01
8.522515911401396806e+03 1.010063604917616544e+02
8.522715904734841388e+03 9.950153871777453674e+01
8.522915898068287788e+03 1.009852185788576122e+02
8.523115891401730551e+03 9.910924262474702573e+01
8.523315884735175132e+03 1.005740323200044628e+02
8.523515878068619713e+03 9.897696584494237015e+01
8.523715871402066114e+03 9.918100911036827938e+01
8.523915864735510695e+03 9.973156114028158470e+01
8.524115858068953457e+03 1.000855705791296231e+02
8.524315851402398039e+03 9.879955363190819639e+01
8.524515844735842620e+03 9.759316734694614581e+01
8.524715838069287202e+03 1.001713898170474408e+02
8.524915831402731783e+03 1.003466684300580027e+02
8.525115824736174545e+03 9.921154534968398764e+01
8.525315818069620946e+03 1.016180140724249412e+02
8.525515811403063708e+03 9.988458761056352841e+01
8.525715804736508289e+03 1.006311220787253546e+02
8.525915798069954690e+03 9.847203299925493525e+01
8.526115791403399271e+03 9.880790054225076346e+01
8.526315784736843852e+03 9.932387294484402673e+01
8.526515778070286615e+03 1.010991493285405340e+02
8.526715771403731196e+03 9.855875139047745392e+01
8.526915764737175778e+03 9.986301818295667942e+01
8.527115758070620359e+03 1.000041601231783517e+02
8.527315751404064940e+03 9.770537363927084584e+01
8.527515744737507703e+03 1.020434589368689018e+02
8.527715738070952284e+03 9.799394974795382041e+01
8.527915731404398684e+03 9.954616464622044703e+01
8.528115724737841447e+03 9.968712188173367394e+01
8.528315718071287847e+03 1.005555524095701401e+02
8.528515711404730610e+03 9.876825906571602331e+01
8.528715704738177010e+03 9.834401308897156468e+01
8.528915698071621591e+03 1.002446418338654581e+02
8.529115691405064354e+03 9.912246197842657125e+01
8.529315684738508935e+03 9.851585264260393160e+01
8.529515678071953516e+03 9.917430859508311869e+01
8.529715671405398098e+03 1.007846470730769823e+02
8.529915664738842679e+03 9.843417434583255954e+01
8.530115658072285441e+03 9.812589187179042938e+01
8.530315651405731842e+03 1.006029531224273796e+02
8.530515644739174604e+03 9.910831407549594019e+01
8.530715638072621005e+03 9.728795894229367036e+01
8.530915631406065586e+03 9.912610197631326514e+01
8.531115624739510167e+03 9.917219822043702493e+01
8.531315618072954749e+03 9.769683019729778550e+01
8.531515611406397511e+03 9.960444342554356467e+01
8.531715604739842092e+03 9.964729053256758107e+01
8.531915598073288493e+03 9.980224341708806435e+01
8.532115591406731255e+03 9.940211282799928938e+01
8.532315584740175836e+03 9.982398643129825189e+01
8.532515578073618599e+03 9.930532619773637748e+01
8.532715571407063180e+03 9.799784491385084095e+01
8.532915564740509581e+03 9.913261563588254432e+01
8.533115558073952343e+03 9.968703822859330899e+01
8.533315551407398743e+03 9.923983480725136985e+01
8.533515544740841506e+03 9.829746966944668429e+01
8.533715538074287906e+03 9.845096038309522157e+01
8.533915531407732487e+03 1.000678437326249508e+02
8.534115524741175250e+03 9.991057273484325663e+01
8.534315518074619831e+03 9.867277046497508763e+01
8.534515511408064413e+03 9.878220512901614825e+01
8.534715504741508994e+03 9.845957800310095820e+01
8.534915498074953575e+03 9.890770476570061476e+01
8.535115491408396338e+03 9.785604739721237877e+01
8.535315484741842738e+03 9.849414285770110666e+01
8.535515478075285500e+03 9.790853615963951029e+01
8.535715471408731901e+03 9.731644222888361639e+01
8.535915464742176482e+03 9.749539441145918772e+01
8.536115458075621063e+03 9.549378209658743799e+01
8.536315451409065645e+03 9.603884177935610467e+01
8.536515444742508407e+03 9.571127999018887067e+01
8.536715438075952989e+03 9.859655872774126806e+01
8.536915431409399389e+03 9.819051825584939763e+01
8.537115424742842151e+03 9.702528287903707849e+01
8.537315418076286733e+03 9.553826540119240462e+01
8.537515411409729495e+03 9.677329086353908849e+01
8.537715404743174076e+03 9.354686554683168254e+01
8.537915398076620477e+03 9.448161626672936109e+01
8.538115391410065058e+03 9.477900233455842738e+01
8.538315384743509640e+03 9.539962576615342016e+01
8.538515378076952402e+03 9.377290256391047762e+01
8.538715371410398802e+03 9.349044874749002076e+01
8.538915364743843384e+03 9.409802580993510901e+01
8.539115358077286146e+03 9.076620112780348393e+01
8.539315351410730727e+03 8.904480387240350581e+01
8.539515344744175309e+03 9.082916610846859840e+01
8.539715338077619890e+03 8.670085753856329802e+01
8.539915331411064471e+03 8.445177811478987451e+01
8.540115324744507234e+03 8.200131123114329057e+01
8.540315318077953634e+03 8.128422328154174181e+01
8.540515311411398216e+03 7.478112301641412785e+01
8.540715304744842797e+03 7.036166348644648849e+01
8.540915298078287378e+03 6.274309644202391922e+01
8.541115291411731960e+03 5.454844873205563971e+01
8.541315284745176541e+03 4.813031974266893798e+01
8.541515278078619303e+03 3.988336006787592680e+01
8.541715271412063885e+03 3.261011554611567220e+01
8.541915264745510285e+03 3.262332130900654903e+01
8.542115258078953048e+03 3.933246070312853249e+01
8.542315251412397629e+03 4.511823117168904673e+01
8.542515244745840391e+03 5.573989672929832295e+01
8.542715238079286792e+03 6.124827982434813833e+01
8.542915231412733192e+03 6.948254954404086448e+01
8.543115224746175954e+03 7.586317562954309324e+01
8.543315218079620536e+03 8.084822103779724500e+01
8.543515211413063298e+03 8.263320001738914300e+01
8.543715204746509698e+03 8.408833784419041990e+01
8.543915198079954280e+03 8.546670477412622802e+01
8.544115191413397042e+03 8.946933673968777612e+01
8.544315184746841624e+03 8.898825962274136714e+01
8.544515178080286205e+03 9.043191665687494663e+01
8.544715171413730786e+03 9.313801404352021507e+01
8.544915164747175368e+03 9.221466303294843669e+01
8.545115158080618130e+03 9.588556783420031593e+01
8.545315151414064530e+03 9.457810878478001371e+01
8.545515144747509112e+03 9.504931305122285323e+01
8.545715138080953693e+03 9.521618822594891185e+01
8.545915131414398275e+03 9.954430254354845431e+01
8.546115124747842856e+03 9.599721180509757801e+01
8.546315118081287437e+03 9.498933463630115170e+01
8.546515111414730200e+03 9.585883968285041590e+01
8.546715104748174781e+03 9.852605799739308168e+01
8.546915098081621181e+03 9.823787085167839450e+01
8.547115091415063944e+03 9.665170892677761572e+01
8.547315084748508525e+03 9.736860340519517365e+01
8.547515078081951287e+03 9.579108338066863837e+01
8.547715071415397688e+03 9.821367662807183763e+01
8.547915064748844088e+03 9.800572934913759582e+01
8.548115058082286851e+03 9.756986608222320001e+01
8.548315051415731432e+03 9.844952778913076941e+01
8.548515044749174194e+03 9.897340856199028281e+01
8.548715038082620595e+03 9.819608442182395436e+01
8.548915031416065176e+03 9.801513091316526527e+01
8.549115024749507938e+03 1.004519093661931066e+02
8.549315018082952520e+03 9.725511103494460485e+01
8.549515011416397101e+03 9.873281700102319292e+01
8.549715004749841682e+03 9.960030573795334874e+01
8.549914998083286264e+03 9.937487158330891646e+01
8.550114991416729026e+03 9.776724076253120188e+01
8.550314984750177246e+03 9.940685333958121817e+01
8.550514978083620008e+03 1.003181354616954337e+02
8.550714971417064589e+03 9.971030257411200637e+01
8.550914964750509171e+03 9.796953114360356096e+01
8.551114958083953752e+03 1.003152949184661793e+02
8.551314951417398333e+03 1.004341948292813811e+02
8.551514944750841096e+03 9.972811051635460444e+01
8.551714938084285677e+03 9.991869887834488395e+01
8.551914931417732078e+03 9.747709924174731100e+01
8.552114924751174840e+03 1.008462796401042709e+02
8.552314918084619421e+03 9.933859503197490426e+01
8.552514911418062184e+03 9.893248245513107975e+01
8.552714904751510403e+03 9.972139575917326226e+01
8.552914898084954984e+03 1.012897865194135534e+02
8.553114891418397747e+03 9.902905689196104788e+01
8.553314884751842328e+03 9.994775239053799964e+01
8.553514878085286909e+03 1.001787023860134695e+02
8.553714871418731491e+03 1.001290350081350198e+02
8.553914864752176072e+03 9.725326725260065075e+01
8.554114858085618835e+03 1.000382564830628382e+02
8.554314851419063416e+03 9.844389526586910222e+01
8.554514844752507997e+03 9.956854842396928973e+01
8.554714838085952579e+03 1.010041678793345596e+02
8.554914831419397160e+03 1.011241998667688762e+02
8.555114824752841741e+03 9.909712067505482480e+01
8.555314818086288142e+03 9.953030853791186416e+01
8.555514811419730904e+03 9.839215661399141766e+01
8.555714804753175486e+03 9.944177849091852295e+01
8.555914798086620067e+03 1.001766361615610776e+02
8.556114791420064648e+03 9.965682622740975205e+01
8.556314784753509230e+03 9.908305677321695271e+01
8.556514778086951992e+03 9.907361102165883437e+01
8.556714771420396573e+03 9.999568660257352803e+01
8.556914764753842974e+03 9.956722194426397721e+01
8.557114758087285736e+03 1.007263037864268966e+02
8.557314751420730317e+03 1.001589551103594857e+02
8.557514744754173080e+03 9.983210289982429231e+01
8.557714738087621299e+03 1.005017409480354047e+02
8.557914731421065881e+03 1.003721792060724454e+02
8.558114724754508643e+03 9.838169106707778155e+01
8.558314718087953224e+03 1.014849476658685035e+02
8.558514711421397806e+03 1.016815859118728582e+02
8.558714704754842387e+03 1.007315628962035419e+02
8.558914698088286968e+03 1.007579219659149317e+02
8.559114691421729731e+03 1.004421676034894801e+02
8.559314684755174312e+03 9.998011415104470245e+01
8.559514678088618894e+03 9.956152291582186820e+01
8.559714671422063475e+03 9.706900201379305315e+01
8.559914664755508056e+03 9.963462857503944292e+01
8.560114658088952638e+03 9.704702032741225537e+01
8.560314651422399038e+03 1.006424813497938686e+02
8.560514644755841800e+03 1.000303216561912762e+02
8.560714638089286382e+03 9.933466705370636873e+01
8.560914631422730963e+03 1.017327295495028494e+02
8.561114624756175544e+03 1.010942335932152361e+02
8.561314618089620126e+03 1.007711295900289485e+02
8.561514611423062888e+03 1.004861417205680141e+02
8.561714604756507470e+03 1.009609452998102057e+02
8.561914598089953870e+03 9.840603796761436683e+01
8.562114591423396632e+03 9.955081720417904023e+01
8.562314584756841214e+03 1.008005879937916234e+02
8.562514578090285795e+03 9.821457167919756159e+01
8.562714571423732195e+03 9.779649401203431580e+01
8.562914564757176777e+03 1.002620106004061142e+02
8.563114558090619539e+03 9.950113559198496205e+01
8.563314551424064121e+03 1.016271922796143912e+02
8.563514544757508702e+03 9.906329429719058055e+01
8.563714538090953283e+03 9.758191062860032616e+01
8.563914531424397865e+03 9.879203015489741802e+01
8.564114524757840627e+03 1.003416996084989563e+02
8.564314518091287027e+03 1.007401706941286079e+02
8.564514511424729790e+03 9.949863362719527515e+01
8.564714504758174371e+03 9.862709924591074184e+01
8.564914498091620771e+03 1.003779641715722590e+02
8.565114491425063534e+03 1.018063218604496569e+02
8.565314484758509934e+03 9.866637804627852404e+01
8.565514478091952697e+03 1.001884164263670840e+02
8.565714471425397278e+03 9.940994306776836709e+01
8.565914464758841859e+03 9.970424084458538516e+01
8.566114458092286441e+03 1.012830856812067992e+02
8.566314451425731022e+03 9.986788915992906368e+01
8.566514444759173784e+03 9.894406143188074054e+01
8.566714438092618366e+03 1.017959038584855875e+02
8.566914431426064766e+03 9.904532116840327660e+01
8.567114424759507529e+03 1.013162234070784962e+02
8.567314418092953929e+03 1.002725056177744563e+02
8.567514411426396691e+03 1.023257314283615074e+02
8.567714404759843092e+03 9.957208467374562133e+01
8.567914398093287673e+03 9.933116260358242755e+01
8.568114391426730435e+03 9.943923689749600214e+01
8.568314384760175017e+03 9.885321279648931636e+01
8.568514378093619598e+03 9.950688260668877660e+01
8.568714371427064179e+03 1.009644714706134323e+02
8.568914364760508761e+03 9.968552984220995938e+01
8.569114358093951523e+03 9.897752283646016735e+01
8.569314351427397924e+03 1.014443026045173895e+02
8.569514344760840686e+03 9.914251656018484482e+01
8.569714338094285267e+03 9.763397050423212420e+01
8.569914331427731668e+03 1.007320590050904059e+02
8.570114324761174430e+03 1.004757622244614339e+02
8.570314318094620830e+03 1.003781466014649340e+02
8.570514311428063593e+03 9.859735917907107705e+01
8.570714304761508174e+03 9.945592170824662048e+01
8.570914298094952755e+03 1.001078504258068449e+02
8.571114291428397337e+03 9.994872866195768779e+01
8.571314284761841918e+03 9.973126824942346502e+01
8.571514278095284681e+03 1.002147552547968701e+02
8.571714271428729262e+03 9.761560452438602908e+01
8.571914264762175662e+03 1.014935808583928321e+02
8.572114258095618425e+03 1.004910860541672122e+02
8.572314251429064825e+03 1.002778470896277980e+02
8.572514244762507587e+03 9.977628527842479400e+01
8.572714238095953988e+03 9.936213521140039973e+01
8.572914231429398569e+03 1.006576349450331520e+02
8.573114224762841332e+03 1.015575656267906197e+02
8.573314218096285913e+03 9.995721488618450223e+01
8.573514211429730494e+03 1.004016010442783369e+02
8.573714204763175076e+03 1.000311653256520117e+02
8.573914198096619657e+03 1.009503833024836723e+02
8.574114191430062419e+03 9.981826300561021981e+01
8.574314184763508820e+03 9.990492309456506348e+01
8.574514178096951582e+03 9.900640743990656745e+01
8.574714171430397982e+03 1.009731529686696092e+02
8.574914164763842564e+03 9.916608389317717354e+01
8.575114158097287145e+03 1.007586207370918032e+02
8.575314151430731727e+03 9.990122958980444423e+01
8.575514144764174489e+03 1.004171136785772660e+02
8.575714138097619070e+03 9.993214085374195577e+01
8.575914131431063652e+03 9.895837920793462672e+01
8.576114124764508233e+03 1.023471923704528450e+02
8.576314118097952814e+03 1.000046209730837887e+02
8.576514111431395577e+03 9.863516720718094177e+01
8.576714104764840158e+03 1.019661460053758191e+02
8.576914098098286559e+03 9.881563648805962430e+01
8.577114091431731140e+03 1.011184210438401436e+02
8.577314084765175721e+03 1.002156068989219193e+02
8.577514078098618484e+03 1.014264617898885064e+02
8.577714071432064884e+03 1.002347942788835411e+02
8.577914064765509465e+03 1.000790394380327655e+02
8.578114058098952228e+03 9.876107223240542510e+01
8.578314051432396809e+03 1.004812899395249701e+02
8.578514044765841390e+03 9.942366153613355095e+01
8.578714038099285972e+03 9.864002031645152613e+01
8.578914031432730553e+03 1.030536238847229953e+02
8.579114024766173316e+03 9.768848222841342022e+01
8.579314018099619716e+03 1.012977038602640505e+02
8.579514011433062478e+03 9.871236216119959295e+01
8.579714004766508879e+03 9.853147880774849909e+01
8.579913998099953460e+03 9.994649563863499964e+01
8.580113991433398041e+03 1.005053487798229668e+02
8.580313984766842623e+03 1.002171935311430531e+02
8.580513978100285385e+03 1.004291883311399829e+02
8.580713971433729967e+03 9.948492310822641116e+01
8.580913964767174548e+03 1.015073222423336432e+02
8.581113958100619129e+03 1.007122264807593410e+02
8.581313951434063711e+03 9.687203893701702384e+01
8.581513944767506473e+03 9.881128077161505985e+01
8.581713938100951054e+03 9.507858984957408666e+01
8.581913931434397455e+03 9.600001563608699939e+01
8.582113924767842036e+03 9.626746239129052185e+01
8.582313918101286617e+03 9.657478376248157304e+01
8.582513911434729380e+03 9.797788682825002127e+01
8.582713904768175780e+03 9.983108306502116136e+01
8.582913898101620362e+03 9.821857055239928513e+01
8.583113891435063124e+03 1.005661792700371677e+02
8.583313884768507705e+03 9.981775324328516774e+01
8.583513878101952287e+03 1.001819940464438616e+02
8.583713871435396868e+03 9.993120486952882686e+01
8.583913864768841449e+03 9.904448004599933597e+01
8.584113858102284212e+03 9.963547523261127026e+01
8.584313851435730612e+03 1.002969245318096512e+02
8.584513844769175194e+03 1.002135827960721031e+02
8.584713838102619775e+03 9.864678715206906645e+01
8.584913831436064356e+03 1.010755995433755032e+02
8.585113824769508938e+03 1.007528634657722932e+02
8.585313818102953519e+03 9.836638989976360392e+01
8.585513811436396281e+03 9.891582078001631828e+01
8.585713804769840863e+03 9.898170796054202469e+01
8.585913798103287263e+03 9.963530432821934824e+01
8.586113791436730025e+03 1.007026857716787163e+02
8.586313784770174607e+03 9.922809911282624284e+01
8.586513778103617369e+03 9.977877518683692415e+01
8.586713771437061951e+03 9.910282862160147488e+01
8.586913764770510170e+03 1.002318817695827704e+02
8.587113758103952932e+03 9.941351440181533405e+01
8.587313751437397514e+03 1.002467318008585551e+02
8.587513744770840276e+03 1.009480825268360320e+02
8.587713738104286676e+03 9.889898626381300062e+01
8.587913731437731258e+03 9.977340931396923907e+01
8.588113724771174020e+03 9.878714437833735929e+01
8.588313718104618602e+03 1.016047176234063443e+02
8.588513711438063183e+03 1.008523245294543216e+02
8.588713704771507764e+03 1.015715048941347476e+02
8.588913698104952346e+03 1.003588243514232232e+02
8.589113691438395108e+03 9.980013055629365226e+01
8.589313684771843327e+03 9.995880436217676390e+01
8.589513678105286090e+03 9.964002353138430124e+01
8.589713671438730671e+03 9.908920756129062113e+01
8.589913664772175252e+03 1.001614939978758088e+02
8.590113658105619834e+03 9.829504232013762532e+01
8.590313651439064415e+03 9.941233656250531681e+01
8.590513644772507178e+03 1.000529571287627988e+02
8.590713638105951759e+03 1.010670992384724940e+02
8.590913631439398159e+03 9.983798474127189593e+01
8.591113624772840922e+03 9.916659404914246068e+01
8.591313618106285503e+03 1.000278684800953215e+02
8.591513611439728265e+03 9.863158184723197053e+01
8.591713604773172847e+03 9.958875520609331033e+01
8.591913598106621066e+03 9.928856515056742182e+01
8.592113591440063828e+03 9.983085178166525964e+01
8.592313584773508410e+03 1.012086550615988472e+02
8.592513578106951172e+03 9.925446330910118320e+01
8.592713571440397573e+03 1.002378484691182052e+02
8.592913564773842154e+03 1.022319275749397747e+02
8.593113558107284916e+03 9.920874267957108827e+01
8.593313551440729498e+03 1.001017344868844106e+02
8.593513544774174079e+03 1.005419716826849879e+02
8.593713538107618660e+03 9.964313057291286668e+01
8.593913531441063242e+03 1.006263051979686907e+02
8.594113524774506004e+03 1.011440306790774741e+02
8.594313518107954224e+03 9.990062839785559845e+01
8.594513511441396986e+03 9.882875310720740458e+01
8.594713504774841567e+03 9.876269828790680094e+01
8.594913498108286149e+03 1.008756155710945279e+02
8.595113491441730730e+03 1.004927919042545170e+02
8.595313484775175311e+03 1.004831558714038238e+02
8.595513478108618074e+03 1.020957612415104592e+02
8.595713471442062655e+03 1.006480095660908489e+02
8.595913464775509055e+03 9.937385323067715603e+01
8.596113458108951818e+03 9.999829053501119347e+01
8.596313451442396399e+03 9.901037820933247247e+01
8.596513444775839162e+03 1.002448531075830971e+02
8.596713438109287381e+03 9.948593726082015110e+01
8.596913431442731962e+03 9.945635377703446522e+01
8.597113424776174725e+03 9.943192544251664344e+01
8.597313418109619306e+03 1.017464254071385739e+02
8.597513411443062068e+03 1.004478444136003503e+02
8.597713404776508469e+03 9.964520659844777128e+01
8.597913398109953050e+03 9.864188538977548149e+01
8.598113391443395813e+03 9.942973707047075038e+01
8.598313384776840394e+03 9.973342064683600938e+01
8.598513378110284975e+03 9.833923173378768468e+01
8.598713371443729557e+03 9.821648789609844243e+01
8.598913364777174138e+03 9.785698956139809468e+01
8.599113358110618719e+03 9.883969130379809087e+01
8.599313351444065120e+03 9.960485818357915377e+01
8.599513344777507882e+03 1.005178305458997556e+02
8.599713338110952463e+03 9.869816264621728408e+01
8.599913331444397045e+03 1.000763822845116948e+02
8.600113324777841626e+03 9.997776025491734231e+01
8.600313318111286208e+03 9.965896564650573453e+01
8.600513311444728970e+03 1.008049872984629189e+02
8.600713304778173551e+03 9.838937802758071882e+01
8.600913298111619952e+03 1.003964899903222374e+02
8.601113291445062714e+03 9.943210025303525867e+01
8.601313284778507295e+03 9.918960889767103595e+01
8.601513278111951877e+03 1.001351268699059176e+02
8.601713271445398277e+03 1.003082142381319812e+02
8.601913264778842859e+03 1.005758056036878259e+02
8.602113258112285621e+03 9.900951823149178210e+01
8.602313251445730202e+03 9.911850959752622714e+01
8.602513244779172965e+03 9.917015712308065645e+01
8.602713238112619365e+03 1.017441664749254926e+02
8.602913231446063946e+03 1.000655952602608494e+02
8.603113224779506709e+03 1.006428375606187302e+02
8.603313218112951290e+03 9.967649257527406803e+01
8.603513211446395871e+03 1.004687075985356444e+02
8.603713204779840453e+03 9.910406394181489986e+01
8.603913198113285034e+03 9.955129294624995850e+01
8.604113191446729616e+03 9.959692401858765720e+01
8.604313184780176016e+03 1.013238714521043420e+02
8.604513178113618778e+03 9.933086414921271512e+01
8.604713171447063360e+03 1.004560635992006326e+02
8.604913164780507941e+03 9.952723971154901506e+01
8.605113158113952522e+03 1.010764726637711135e+02
8.605313151447397104e+03 9.938255499495255663e+01
8.605513144780839866e+03 9.902225530577013046e+01
8.605713138114284448e+03 1.020586682114616792e+02
8.605913131447730848e+03 9.954457147029410180e+01
8.606113124781173610e+03 9.900465183517664514e+01
8.606313118114618192e+03 9.950270383715829325e+01
8.606513111448062773e+03 9.863838674521807093e+01
8.606713104781509173e+03 1.021043194658311535e+02
8.606913098114953755e+03 9.856295968417211384e+01
8.607113091448396517e+03 9.971813499071772924e+01
8.607313084781841098e+03 1.001075525304530771e+02
8.607513078115285680e+03 1.006636625177399651e+02
8.607713071448730261e+03 9.920223768400558129e+01
8.607913064782174843e+03 9.880954781993953873e+01
8.608113058115617605e+03 1.010303527341834666e+02
8.608313051449062186e+03 1.000151909858135326e+02
8.608513044782506768e+03 9.993039310923350627e+01
8.608713038115951349e+03 9.668688344085805397e+01
8.608913031449397749e+03 9.987300697075056632e+01
8.609113024782840512e+03 1.002811194337457579e+02
8.609313018116286912e+03 1.001451999992116271e+02
8.609513011449729674e+03 1.000623888206255714e+02
8.609713004783174256e+03 1.000908440250026388e+02
8.609912998116618837e+03 1.013355623661460214e+02
8.610112991450063419e+03 9.763173573602428235e+01
8.610312984783508000e+03 1.002850112847632573e+02
8.610512978116950762e+03 9.854900550430592432e+01
8.610712971450395344e+03 9.926103942871884556e+01
8.610912964783841744e+03 9.691547047207770049e+01
8.611112958117284506e+03 9.447432608665674536e+01
8.611312951450730907e+03 8.776641281364783254e+01
8.611512944784173669e+03 8.809853996563352041e+01
8.611712938117620070e+03 8.988140512115410274e+01
8.611912931451064651e+03 9.517705658895225440e+01
8.612112924784507413e+03 9.841581389131840751e+01
8.612312918117951995e+03 9.904996710654720005e+01
8.612512911451396576e+03 9.984090339895377042e+01
8.612712904784841157e+03 1.009184641352673850e+02
8.612912898118285739e+03 9.913866735835618726e+01
8.613112891451728501e+03 9.914153040566777975e+01
8.613312884785173082e+03 9.986560779711038549e+01
8.613512878118617664e+03 1.001417924112465840e+02
8.613712871452064064e+03 9.994890955458740223e+01
8.613912864785508646e+03 9.880996048475073223e+01
8.614112858118951408e+03 1.004869628596932074e+02
8.614312851452397808e+03 1.010966868851623985e+02
8.614512844785840571e+03 1.012520595149108829e+02
8.614712838119285152e+03 1.009440994217667082e+02
8.614912831452729733e+03 9.827300238145728883e+01
8.615112824786174315e+03 1.014251645029799249e+02
8.615312818119618896e+03 9.883923967188518134e+01
8.615512811453061659e+03 1.014875956983381684e+02
8.615712804786506240e+03 1.009954423199754387e+02
8.615912798119952640e+03 1.017147866469503015e+02
8.616112791453395403e+03 9.917642994882790219e+01
8.616312784786841803e+03 1.006525324362413301e+02
8.616512778120284565e+03 9.905848063918320179e+01
8.616712771453730966e+03 9.920253090760094494e+01
8.616912764787175547e+03 1.004978215476281918e+02
8.617112758120618309e+03 1.011881897046559828e+02
8.617312751454062891e+03 9.900913811197608538e+01
8.617512744787507472e+03 1.003737240433511602e+02
8.617712738120952054e+03 1.005268223653170736e+02
8.617912731454396635e+03 1.010879933211414681e+02
8.618112724787839397e+03 1.023382421966821028e+02
8.618312718121285798e+03 9.942847012320987687e+01
8.618512711454728560e+03 1.001804505075177190e+02
8.618712704788174960e+03 1.016170859112770302e+02
8.618912698121619542e+03 1.013611365812569716e+02
8.619112691455062304e+03 9.969554180544972155e+01
8.619312684788508705e+03 9.795837272036743570e+01
8.619512678121951467e+03 1.003016609287353162e+02
8.619712671455396048e+03 9.925877995919829289e+01
8.619912664788840630e+03 1.000570493126067788e+02
8.620112658122285211e+03 9.903596417193504919e+01
8.620312651455729792e+03 1.003840128148450361e+02
8.620512644789172555e+03 1.014779307667834019e+02
8.620712638122617136e+03 9.803364406907294892e+01
8.620912631456063536e+03 9.714930406924827366e+01
8.621112624789508118e+03 9.224377165829567105e+01
8.621312618122952699e+03 9.174683630498842035e+01
8.621512611456395462e+03 9.190209316937512085e+01
8.621712604789841862e+03 9.662454589513903613e+01
8.621912598123286443e+03 9.803402995333431136e+01
8.622112591456729206e+03 9.865815073286204040e+01
8.622312584790173787e+03 1.003057590847443237e+02
8.622512578123618368e+03 1.001029188375522523e+02
8.622712571457062950e+03 9.987292497439661076e+01
8.622912564790507531e+03 9.691205806147699775e+01
8.623112558123950294e+03 1.003602954048881486e+02
8.623312551457396694e+03 1.012484427719362543e+02
8.623512544790841275e+03 1.021390812003452737e+02
8.623712538124285857e+03 9.943751366841978268e+01
8.623912531457730438e+03 1.004848105711243420e+02
8.624112524791173200e+03 1.008713384347084201e+02
8.624312518124619601e+03 1.011729548566568013e+02
8.624512511458062363e+03 9.924520643738343040e+01
8.624712504791506944e+03 1.014288086667532838e+02
8.624912498124951526e+03 1.003572014739195168e+02
8.625112491458396107e+03 9.932484344971922496e+01
8.625312484791840689e+03 1.001577858781279957e+02
8.625512478125283451e+03 1.012628177748865284e+02
8.625712471458728032e+03 1.001258521430169424e+02
8.625912464792176252e+03 9.918072415715835177e+01
8.626112458125619014e+03 9.971917948095293127e+01
8.626312451459063595e+03 9.991701755216952563e+01
8.626512444792506358e+03 1.000333311644431831e+02
8.626712438125952758e+03 1.016118259192923858e+02
8.626912431459397339e+03 1.010214332911213120e+02
8.627112424792840102e+03 1.007862037841823764e+02
8.627312418126284683e+03 1.002399881836749813e+02
8.627512411459729265e+03 1.007860219159650370e+02
8.627712404793173846e+03 1.017159521217710392e+02
8.627912398126618427e+03 1.003775193302472246e+02
8.628112391460061190e+03 1.009832001668931269e+02
8.628312384793507590e+03 1.011761527282892388e+02
8.628512378126952171e+03 9.927476430102328209e+01
8.628712371460396753e+03 9.830059921214760266e+01
8.628912364793841334e+03 1.005089695912462702e+02
8.629112358127285916e+03 1.013063578809931613e+02
8.629312351460730497e+03 1.006070181587520977e+02
8.629512344794173259e+03 1.003467962464104346e+02
8.629712338127617841e+03 9.686122360961812205e+01
8.629912331461062422e+03 9.916561212611611609e+01
8.630112324794507003e+03 9.945063584510526766e+01
8.630312318127951585e+03 9.924609392413105979e+01
8.630512311461394347e+03 1.012190694502486679e+02
8.630712304794838929e+03 9.915847242640538184e+01
8.630912298128287148e+03 1.015578739972872029e+02
8.631112291461729910e+03 1.010469290445208657e+02
8.631312284795174492e+03 1.002846251814902985e+02
8.631512278128617254e+03 9.914087564043731504e+01
8.631712271462063654e+03 9.882419765418448776e+01
8.631912264795508236e+03 9.996893545152009608e+01
8.632112258128950998e+03 9.928277674120033680e+01
8.632312251462395579e+03 9.825449094464416078e+01
8.632512244795840161e+03 1.019555774777609827e+02
8.632712238129284742e+03 9.960484711320668794e+01
8.632912231462729324e+03 9.892617431837048514e+01
8.633112224796172086e+03 1.009623404298376812e+02
8.633312218129620305e+03 9.852048290542499842e+01
8.633512211463063068e+03 9.922657485169004588e+01
8.633712204796507649e+03 1.013226056605055021e+02
8.633912198129952230e+03 1.001037629309047077e+02
8.634112191463396812e+03 9.841735042531269073e+01
8.634312184796841393e+03 1.004734338819595934e+02
8.634512178130284155e+03 9.790437251727531986e+01
8.634712171463728737e+03 9.917273534380255740e+01
8.634912164797173318e+03 1.021545925312399277e+02
8.635112158130617900e+03 9.715148659063079606e+01
8.635312151464062481e+03 9.914414726373931330e+01
8.635512144797505243e+03 9.942794333688352992e+01
8.635712138130951644e+03 9.905086819303888035e+01
8.635912131464398044e+03 9.922093831643636008e+01
8.636112124797840806e+03 1.011324859016941105e+02
8.636312118131285388e+03 1.001374367338438276e+02
8.636512111464728150e+03 9.898102062123383860e+01
8.636712104798174551e+03 1.001887905276137474e+02
8.636912098131619132e+03 9.913573795713867298e+01
8.637112091465061894e+03 1.014617519448385679e+02
8.637312084798506476e+03 9.803705465119445250e+01
8.637512078131951057e+03 1.002324770165998018e+02
8.637712071465395638e+03 1.000670002022505116e+02
8.637912064798840220e+03 1.005426458877789315e+02
8.638112058132284801e+03 9.890673946342839429e+01
8.638312051465731201e+03 9.922300402340947301e+01
8.638512044799173964e+03 9.833889222178980560e+01
8.638712038132618545e+03 9.917800128665749071e+01
8.638912031466063127e+03 9.926715856950652039e+01
8.639112024799507708e+03 1.003626082792259240e+02
8.639312018132952289e+03 1.008481918669461095e+02
8.639512011466395052e+03 1.003757611559813228e+02
8.639712004799839633e+03 9.873388077949972796e+01
8.639911998133286033e+03 1.000568474654316589e+02
8.640111991466728796e+03 9.861663287526477006e+01
8.640311984800173377e+03 9.972913656967371310e+01
8.640511978133616140e+03 9.772636640367829841e+01
8.640711971467062540e+03 1.005813740699433509e+02
8.640911964800508940e+03 9.963897958008526246e+01
8.641111958133951703e+03 1.005085187418834067e+02
8.641311951467396284e+03 1.010430252705453142e+02
8.641511944800839046e+03 9.877896945419215058e+01
8.641711938134285447e+03 9.925449388938645257e+01
8.641911931467730028e+03 1.000245081471249335e+02
8.642111924801172790e+03 9.835007004952230147e+01
8.642311918134617372e+03 9.975542330152438808e+01
8.642511911468061953e+03 9.937570991111961405e+01
8.642711904801506535e+03 1.009949639537005197e+02
8.642911898134951116e+03 9.999318080270683140e+01
8.643111891468395697e+03 1.002371711248160153e+02
8.643311884801842098e+03 9.989962019223530376e+01
8.643511878135284860e+03 1.002940623854988331e+02
8.643711871468729441e+03 9.869693734947502151e+01
8.643911864802174023e+03 1.011375523425993777e+02
8.644111858135618604e+03 1.013671116874780154e+02
8.644311851469063186e+03 9.862468019317745416e+01
8.644511844802505948e+03 9.939563649318618843e+01
8.644711838135950529e+03 9.893155371786643570e+01
8.644911831469396930e+03 1.011574976940051585e+02
8.645111824802839692e+03 9.840182595762027518e+01
8.645311818136284273e+03 9.971142498279243682e+01
8.645511811469728855e+03 1.000153694407189846e+02
8.645711804803173436e+03 9.860556024012467446e+01
8.645911798136619836e+03 9.841087178300651317e+01
8.646111791470062599e+03 9.894503715038523239e+01
8.646311784803507180e+03 1.004312036314172474e+02
8.646511778136949943e+03 1.005065249258521760e+02
8.646711771470396343e+03 9.949535216817672278e+01
8.646911764803840924e+03 1.003203762395755092e+02
8.647111758137283687e+03 1.005961046607143317e+02
8.647311751470728268e+03 9.974739406993295177e+01
8.647511744804172849e+03 9.960444032299520245e+01
8.647711738137617431e+03 9.940526251500835997e+01
8.647911731471063831e+03 1.003509780415235042e+02
8.648111724804506594e+03 9.798935771934972649e+01
8.648311718137952994e+03 9.822027814148832192e+01
8.648511711471395756e+03 9.847330849131266461e+01
8.648711704804840338e+03 9.971927070597956799e+01
8.648911698138284919e+03 9.914349718961764779e+01
8.649111691471729500e+03 1.018905663810932367e+02
8.649311684805174082e+03 9.976308145490988011e+01
8.649511678138616844e+03 9.988250915185894030e+01
8.649711671472061425e+03 1.005724786093323502e+02
8.649911664805507826e+03 9.907775544360855235e+01
8.650111658138950588e+03 1.006506352373713327e+02
8.650311651472396989e+03 9.904750930490138217e+01
8.650511644805839751e+03 9.975992136072513006e+01
8.650711638139286151e+03 9.994954449785302586e+01
8.650911631472730733e+03 9.997864577533714225e+01
8.651111624806173495e+03 1.013837522952396455e+02
8.651311618139618076e+03 9.712746952062019545e+01
8.651511611473060839e+03 9.962804969810625266e+01
8.651711604806507239e+03 1.010055492639464632e+02
8.651911598139951820e+03 9.978951148996162601e+01
8.652111591473394583e+03 1.011494086564448338e+02
8.652311584806839164e+03 9.958977642850410916e+01
8.652511578140283746e+03 9.720984043002290775e+01
8.652711571473728327e+03 1.007113683249153837e+02
8.652911564807174727e+03 9.973143137305332573e+01
8.653111558140617490e+03 9.880622559597649968e+01
8.653311551474063890e+03 9.946769206056508494e+01
8.653511544807506652e+03 1.007747349421733816e+02
8.653711538140951234e+03 9.858055122173276175e+01
8.653911531474395815e+03 9.978942441776698047e+01
8.654111524807840397e+03 9.690506427076729778e+01
8.654311518141284978e+03 9.941978149448084423e+01
8.654511511474727740e+03 9.826191331960272635e+01
8.654711504808172322e+03 9.844810829593855317e+01
8.654911498141618722e+03 9.801136201414563232e+01
8.655111491475061484e+03 9.786433416658829287e+01
8.655311484808507885e+03 9.798143974150666224e+01
8.655511478141950647e+03 9.790819481074197483e+01
8.655711471475397047e+03 9.999329565312372381e+01
8.655911464808841629e+03 9.896186113254204031e+01
8.656111458142284391e+03 9.845188687301815378e+01
8.656311451475728973e+03 9.921293248728873948e+01
8.656511444809171735e+03 9.815446376844386123e+01
8.656711438142618135e+03 9.840549875733142926e+01
8.656911431476062717e+03 9.824693479542128216e+01
8.657111424809505479e+03 9.923635755063268959e+01
8.657311418142950060e+03 9.903117007621355583e+01
8.657511411476394642e+03 9.776462779764423772e+01
8.657711404809841042e+03 9.617911013193919700e+01
8.657911398143285624e+03 9.591747191112141024e+01
8.658111391476728386e+03 9.689710023704451203e+01
8.658311384810174786e+03 9.599170896355099103e+01
8.658511378143617549e+03 9.787823804427674190e+01
8.658711371477062130e+03 9.660661488632469229e+01
8.658911364810506711e+03 9.338231284087991924e+01
8.659111358143951293e+03 9.461942226673450307e+01
8.659311351477395874e+03 9.403351577747574197e+01
8.659511344810838636e+03 9.429299241453533398e+01
8.659711338144283218e+03 9.149943862645415038e+01
8.659911331477729618e+03 9.161090678356858064e+01
8.660111324811174200e+03 8.849839633978655229e+01
8.660311318144618781e+03 8.415081489126974645e+01
8.660511311478061543e+03 8.212014365957192297e+01
8.660711304811507944e+03 7.607137227759415055e+01
8.660911298144952525e+03 6.956308396659957793e+01
8.661111291478395287e+03 6.236640768847366445e+01
8.661311284811839869e+03 5.362488238897261539e+01
8.661511278145284450e+03 4.475227604415685789e+01
8.661711271478729032e+03 3.869851982969734649e+01
8.661911264812173613e+03 3.634325571893483442e+01
8.662111258145616375e+03 4.191016331524446770e+01
8.662311251479060957e+03 5.153143060522877050e+01
8.662511244812507357e+03 6.001144495105545218e+01
8.662711238145951938e+03 6.800212092866762248e+01
8.662911231479396520e+03 7.404248135126098873e+01
8.663111224812839282e+03 8.111722200709179731e+01
8.663311218146285682e+03 8.426868740228350418e+01
8.663511211479728445e+03 8.528193355739682602e+01
8.663711204813173026e+03 8.787149143631339143e+01
8.663911198146617608e+03 9.131818971681231289e+01
8.664111191480062189e+03 9.235072509805746677e+01
8.664311184813506770e+03 9.337925668758975917e+01
8.664511178146949533e+03 9.380498368141498133e+01
8.664711171480394114e+03 9.461096494788885991e+01
8.664911164813840514e+03 9.398303064491723546e+01
8.665111158147285096e+03 9.598039145760299107e+01
8.665311151480729677e+03 9.420914412556612660e+01
8.665511144814172440e+03 9.682936373281951603e+01
8.665711138147618840e+03 9.863488453175658321e+01
8.665911131481063421e+03 9.628101956504042391e+01
8.666111124814506184e+03 9.547353956245655127e+01
8.666311118147950765e+03 9.791532689618870222e+01
8.666511111481395346e+03 9.867479039756615578e+01
8.666711104814839928e+03 9.773714007509521196e+01
8.666911098148284509e+03 9.720624115881146565e+01
8.667111091481727271e+03 9.749778658594073022e+01
8.667311084815171853e+03 9.873140304477382756e+01
8.667511078148618253e+03 9.867153423480712604e+01
8.667711071482062835e+03 9.869807014712311855e+01
8.667911064815507416e+03 9.928683850229960228e+01
8.668111058148950178e+03 9.930724795059259691e+01
8.668311051482396579e+03 9.882182804930285158e+01
8.668511044815839341e+03 9.902661596939850597e+01
8.668711038149283922e+03 9.794374206929779803e+01
8.668911031482728504e+03 1.003987042379349646e+02
8.669111024816173085e+03 1.001953176937771701e+02
8.669311018149617666e+03 9.956427648571518318e+01
8.669511011483060429e+03 9.922918575383971529e+01
8.669711004816505010e+03 9.660239407490843178e+01
8.669910998149953230e+03 9.805952555512266144e+01
8.670110991483395992e+03 1.005346645280261555e+02
8.670310984816840573e+03 9.864284561767819071e+01
8.670510978150283336e+03 1.008237878137810242e+02
8.670710971483729736e+03 9.841407970276338801e+01
8.670910964817174317e+03 9.779949318213346032e+01
8.671110958150617080e+03 1.012434837019152951e+02
8.671310951484061661e+03 9.838263737693455369e+01
8.671510944817506243e+03 1.020075886586020317e+02
8.671710938150950824e+03 1.011800264118964918e+02
8.671910931484395405e+03 9.953282457341545353e+01
8.672110924817838168e+03 1.013625036935912078e+02
8.672310918151286387e+03 9.768233111582010508e+01
8.672510911484729149e+03 1.003640720598658902e+02
8.672710904818173731e+03 9.916450296660077868e+01
8.672910898151618312e+03 9.910315699278092438e+01
8.673110891485061074e+03 9.907997059712029397e+01
8.673310884818507475e+03 1.002089218062727554e+02
8.673510878151950237e+03 9.921856667070879610e+01
8.673710871485394819e+03 9.919384912269673293e+01
8.673910864818839400e+03 9.854157740284135514e+01
8.674110858152283981e+03 9.193911293326218015e+01
8.674310851485728563e+03 9.021980603404067267e+01
8.674510844819171325e+03 8.854937995969179099e+01
8.674710838152617725e+03 8.377492571411340805e+01
8.674910831486064126e+03 8.589841893838571707e+01
8.675110824819506888e+03 8.703861209074315752e+01
8.675310818152951470e+03 9.068137756304359698e+01
8.675510811486394232e+03 9.440304050781364253e+01
8.675710804819840632e+03 9.589677520446745973e+01
8.675910798153285214e+03 1.005362530892540178e+02
8.676110791486727976e+03 9.797540793416160909e+01
8.676310784820172557e+03 9.948899131164607468e+01
8.676510778153617139e+03 1.011244608837424721e+02
8.676710771487061720e+03 1.001432646760680569e+02
8.676910764820506301e+03 9.954718775765996952e+01
8.677110758153949064e+03 1.025486834293237592e+02
8.677310751487397283e+03 1.012874679511782574e+02
8.677510744820840046e+03 1.006059388104006729e+02
8.677710738154284627e+03 9.883829522084695896e+01
8.677910731487729208e+03 9.897636882084736953e+01
8.678110724821171971e+03 1.005970201848883647e+02
8.678310718154618371e+03 9.950290508106424170e+01
8.678510711488061133e+03 1.001522100755970826e+02
8.678710704821505715e+03 1.006840939417652265e+02
8.678910698154950296e+03 9.949517117783575770e+01
8.679110691488394878e+03 1.004440628742813004e+02
8.679310684821839459e+03 9.955955789485017249e+01
8.679510678155282221e+03 1.000843549308909672e+02
8.679710671488728622e+03 9.859698597618618976e+01
8.679910664822175022e+03 9.941873622763073115e+01
8.680110658155617784e+03 1.000557367152212009e+02
8.680310651489062366e+03 1.005189141446692958e+02
8.680510644822505128e+03 1.025448015491788141e+02
8.680710638155951528e+03 9.933182736909840571e+01
8.680910631489396110e+03 9.998408821376511924e+01
8.681110624822838872e+03 9.896791921280282622e+01
8.681310618156283454e+03 9.925195715422179887e+01
8.681510611489728035e+03 9.989020399297059782e+01
8.681710604823172616e+03 9.690429528022144723e+01
8.681910598156617198e+03 9.752614954058164187e+01
8.682110591490061779e+03 1.001512389032559582e+02
8.682310584823508179e+03 9.545776660810638248e+01
8.682510578156950942e+03 9.228301816045463113e+01
8.682710571490395523e+03 9.155330803857505373e+01
8.682910564823840105e+03 9.397681449365397555e+01
8.683110558157284686e+03 9.474316743850485523e+01
8.683310551490729267e+03 9.875548073334891797e+01
8.683510544824172030e+03 9.824958276360348464e+01
8.683710538157616611e+03 9.856445928765641895e+01
8.683910531491061192e+03 9.854062035009933140e+01
8.684110524824505774e+03 1.007118067691201020e+02
8.684310518157950355e+03 1.004523103856307813e+02
8.684510511491394936e+03 9.907102342011444307e+01
8.684710504824839518e+03 9.884183833149344878e+01
8.684910498158285918e+03 9.989323924761175988e+01
8.685110491491728681e+03 1.006357861413433881e+02
8.685310484825173262e+03 9.918435855072337404e+01
8.685510478158616024e+03 9.915391709213756144e+01
8.685710471492062425e+03 1.002339959660488233e+02
8.685910464825507006e+03 1.003737378707689203e+02
8.686110458158949768e+03 9.980134819151729175e+01
8.686310451492394350e+03 9.998611049356327385e+01
8.686510444825838931e+03 1.004018272921901627e+02
8.686710438159283513e+03 9.992654952499806598e+01
8.686910431492729913e+03 1.016099406459686350e+02
8.687110424826172675e+03 1.012573300687874394e+02
8.687310418159619076e+03 9.949851676881424112e+01
8.687510411493061838e+03 9.696788061445781182e+01
8.687710404826506419e+03 9.304129299530798392e+01
8.687910398159951001e+03 8.355330363939727079e+01
8.688110391493395582e+03 7.668736671673427452e+01
8.688310384826840163e+03 7.033287690512403856e+01
8.688510378160282926e+03 7.529654467367726056e+01
8.688710371493727507e+03 8.237767035772228041e+01
8.688910364827172089e+03 8.998148920833430964e+01
8.689110358160616670e+03 9.575222910844415480e+01
8.689310351494061251e+03 9.755117982612023297e+01
8.689510344827505833e+03 9.932323282329210201e+01
8.689710338160950414e+03 9.963590340261477252e+01
8.689910331494396814e+03 9.987143396095471815e+01
8.690110324827839577e+03 1.002096046932303466e+02
8.690310318161284158e+03 9.964519920465436087e+01
8.690510311494726921e+03 9.934871305785600271e+01
8.690710304828173321e+03 9.961853307940742752e+01
8.690910298161617902e+03 9.945831533432837546e+01
8.691110291495060665e+03 9.825156674118878186e+01
8.691310284828505246e+03 9.956081239591495091e+01
8.691510278161949827e+03 9.915309060633205718e+01
8.691710271495394409e+03 9.793069512050483638e+01
8.691910264828840809e+03 9.667682587416400963e+01
8.692110258162283571e+03 9.884356598479064360e+01
8.692310251495729972e+03 9.873746996389517960e+01
8.692510244829172734e+03 1.008479784067782248e+02
8.692710238162617316e+03 1.003162862531751500e+02
8.692910231496061897e+03 9.903105370786990136e+01
8.693110224829506478e+03 9.861840772377976805e+01
8.693310218162951060e+03 1.017286003520418802e+02
8.693510211496393822e+03 9.847853029829606442e+01
8.693710204829838403e+03 1.006738480699756906e+02
8.693910198163284804e+03 9.862648760697823036e+01
8.694110191496727566e+03 1.002204401932157509e+02
8.694310184830173966e+03 9.991846853252906158e+01
8.694510178163616729e+03 9.807931988003257118e+01
8.694710171497061310e+03 9.969291026863417926e+01
8.694910164830507711e+03 9.969188695684378843e+01
8.695110158163950473e+03 9.966646623636763991e+01
8.695310151497395054e+03 9.863760702419902771e+01
8.695510144830837817e+03 1.001761568771195670e+02
8.695710138164284217e+03 9.965487866816738460e+01
8.695910131497728798e+03 9.983840279594274136e+01
8.696110124831171561e+03 1.022185137488066289e+02
8.696310118164616142e+03 1.005581901128547173e+02
8.696510111498060724e+03 9.960180202699427809e+01
8.696710104831507124e+03 9.978785996729207852e+01
8.696910098164951705e+03 9.961998937773472562e+01
8.697110091498394468e+03 9.971126701366952716e+01
8.697310084831840868e+03 1.008827772221461458e+02
8.697510078165283630e+03 1.008695425746006578e+02
8.697710071498728212e+03 1.017871792091712848e+02
8.697910064832172793e+03 1.005177336648827833e+02
8.698110058165617374e+03 9.949901201611156409e+01
8.698310051499061956e+03 9.906592534873553291e+01
8.698510044832504718e+03 9.921172812395728613e+01
8.698710038165949300e+03 9.928940973762436784e+01
8.698910031499395700e+03 9.872739493863281268e+01
8.699110024832840281e+03 9.919738254548400391e+01
8.699310018166284863e+03 9.817989359738257349e+01
8.699510011499727625e+03 9.992258940406647127e+01
8.699710004833172206e+03 9.747597277918578129e+01
8.699909998166618607e+03 1.002449123214172033e+02
8.700109991500061369e+03 9.862155125715041493e+01
8.700309984833505951e+03 9.904107082445899835e+01
8.700509978166948713e+03 1.002623272843529634e+02
8.700709971500395113e+03 1.014419967337457820e+02
8.700909964833839695e+03 9.992815059335704575e+01
8.701109958167282457e+03 9.815661065024858090e+01
8.701309951500727038e+03 9.938322804178584136e+01
8.701509944834171620e+03 9.938010159377472519e+01
8.701709938167618020e+03 1.004843970712311005e+02
8.701909931501062601e+03 1.008713367888346113e+02
8.702109924834505364e+03 1.001999995933743719e+02
8.702309918167951764e+03 1.004590563517651418e+02
8.702509911501394527e+03 9.940960263947160058e+01
8.702709904834839108e+03 1.000946025646818356e+02
8.702909898168283689e+03 1.014501232494378229e+02
8.703109891501728271e+03 9.896467894900015949e+01
8.703309884835172852e+03 9.848793038738153882e+01
8.703509878168615614e+03 9.949104487175945621e+01
8.703709871502060196e+03 9.946738952862699534e+01
8.703909864835506596e+03 9.855001525252033900e+01
8.704109858168951178e+03 1.009310834247074382e+02
8.704309851502395759e+03 1.009041172630913650e+02
8.704509844835838521e+03 9.996152158694764012e+01
8.704709838169284922e+03 1.000157315474195627e+02
8.704909831502729503e+03 9.978296339338116638e+01
8.705109824836172265e+03 1.020895753361345157e+02
8.705309818169616847e+03 1.004179003083549020e+02
8.705509811503059609e+03 9.932844669787233727e+01
8.705709804836506009e+03 1.004513318242146198e+02
8.705909798169950591e+03 9.767294772107138101e+01
8.706109791503393353e+03 1.008067663071671518e+02
8.706309784836837935e+03 9.965845702313447418e+01
8.706509778170284335e+03 9.806330326125917907e+01
8.706709771503728916e+03 1.002370334374044347e+02
8.706909764837173498e+03 9.915287381774984965e+01
8.707109758170616260e+03 9.927622959477990605e+01
8.707309751504062660e+03 9.812966392450526598e+01
8.707509744837505423e+03 9.848189185059874262e+01
8.707709738170950004e+03 9.853678640292967827e+01
8.707909731504394585e+03 9.893327863273142952e+01
8.708109724837839167e+03 1.003007738004301785e+02
8.708309718171283748e+03 9.841341708740455374e+01
8.708509711504726511e+03 9.975019843299205036e+01
8.708709704838171092e+03 1.006893466098774894e+02
8.708909698171619311e+03 1.009359146013031108e+02
8.709109691505062074e+03 1.005800680702675578e+02
8.709309684838506655e+03 9.880390154774251243e+01
8.709509678171949417e+03 9.887882076548633847e+01
8.709709671505395818e+03 9.905549449132101358e+01
8.709909664838840399e+03 9.904360172942200791e+01
8.710109658172283162e+03 9.667896948149211767e+01
8.710309651505727743e+03 9.928313037246672934e+01
8.710509644839170505e+03 9.710319594427950562e+01
8.710709638172616906e+03 1.004489776474089666e+02
8.710909631506061487e+03 9.993381050548804012e+01
8.711109624839504249e+03 9.855895489378811192e+01
8.711309618172950650e+03 1.001395245941834986e+02
8.711509611506395231e+03 9.918539294315310428e+01
8.711709604839839812e+03 1.005279568958447527e+02
8.711909598173284394e+03 9.917854519315440598e+01
8.712109591506727156e+03 9.982777737065254087e+01
8.712309584840173557e+03 9.945541350635092215e+01
8.712509578173616319e+03 9.944335535283374838e+01
8.712709571507060900e+03 9.900330013849278998e+01
8.712909564840505482e+03 9.661733346329555161e+01
8.713109558173950063e+03 9.747445477225159038e+01
8.713309551507394644e+03 9.743059305927131675e+01
8.713509544840837407e+03 9.768841313407770599e+01
8.713709538174281988e+03 1.003375381801467086e+02
8.713909531507730208e+03 1.014904538755095729e+02
8.714109524841172970e+03 1.001592431780878485e+02
8.714309518174617551e+03 1.009029352328553841e+02
8.714509511508060314e+03 1.006021906284644558e+02
8.714709504841506714e+03 9.923087668915940185e+01
8.714909498174951295e+03 9.972491278438781137e+01
8.715109491508394058e+03 9.955926398131387600e+01
8.715309484841838639e+03 1.008277171629682130e+02
8.715509478175283220e+03 9.963650597133137410e+01
8.715709471508727802e+03 9.960766742900499082e+01
8.715909464842172383e+03 9.929456446570489447e+01
8.716109458175615146e+03 1.003502867543587769e+02
8.716309451509061546e+03 1.021532857968484365e+02
8.716509444842506127e+03 9.984697535044503525e+01
8.716709438175950709e+03 9.865122918462610357e+01
8.716909431509395290e+03 1.026188884689666310e+02
8.717109424842838052e+03 1.008809488922793776e+02
8.717309418176284453e+03 9.896026184767218581e+01
8.717509411509727215e+03 1.026749849498594500e+02
8.717709404843171797e+03 1.008771055835389063e+02
8.717909398176616378e+03 9.708050602863228562e+01
8.718109391510060959e+03 1.001656612977414511e+02
8.718309384843505541e+03 9.999717242265234063e+01
8.718509378176948303e+03 9.997002582075377575e+01
8.718709371510394703e+03 1.027965638208250425e+02
8.718909364843841104e+03 9.889862314693563405e+01
8.719109358177283866e+03 9.934047951141653243e+01
8.719309351510728447e+03 9.827718201128708131e+01
8.719509344844171210e+03 9.945689275664106788e+01
8.719709338177617610e+03 9.947331565366403083e+01
8.719909331511062192e+03 1.006067495433718477e+02
8.720109324844504954e+03 9.943301557397245460e+01
8.720309318177949535e+03 9.998006556092823871e+01
8.720509311511394117e+03 1.012516964635744898e+02
8.720709304844838698e+03 1.008678425917284756e+02
8.720909298178283279e+03 1.005929747254786264e+02
8.721109291511727861e+03 9.972012063194853226e+01
8.721309284845172442e+03 1.007423254795902352e+02
8.721509278178617024e+03 1.010153597889334520e+02
8.721709271512061605e+03 9.908075202643858859e+01
8.721909264845506186e+03 1.021395034948986762e+02
8.722109258178948949e+03 9.953175953200063475e+01
8.722309251512395349e+03 9.986557312823101995e+01
8.722509244845838111e+03 9.931337515254664083e+01
8.722709238179282693e+03 1.006239677930665550e+02
8.722909231512727274e+03 9.961501846952991457e+01
8.723109224846171855e+03 1.012722502431978029e+02
8.723309218179616437e+03 9.911439361375882129e+01
8.723509211513061018e+03 1.011976386258034779e+02
8.723709204846505600e+03 1.006868652469249099e+02
8.723909198179952000e+03 9.964531647657675251e+01
8.724109191513394762e+03 1.004380267961079767e+02
8.724309184846839344e+03 1.010785760244510811e+02
8.724509178180282106e+03 9.980120393418830815e+01
8.724709171513728506e+03 9.988474156663266967e+01
8.724909164847173088e+03 9.859803494139914903e+01
8.725109158180615850e+03 9.998242548859158774e+01
8.725309151514060432e+03 9.896343043467707901e+01
8.725509144847505013e+03 9.946629265602275893e+01
8.725709138180949594e+03 1.009138819858308267e+02
8.725909131514394176e+03 1.005156223012146484e+02
8.726109124847838757e+03 1.001485904067239119e+02
8.726309118181285157e+03 9.912208162038434978e+01
8.726509111514727920e+03 1.001095824258756579e+02
8.726709104848172501e+03 9.927606963185205302e+01
8.726909098181617082e+03 9.931338390068218303e+01
8.727109091515059845e+03 9.980400915491524927e+01
8.727309084848506245e+03 1.013834893913110022e+02
8.727509078181949008e+03 1.011773425959253956e+02
8.727709071515393589e+03 1.011228214080453398e+02
8.727909064848838170e+03 1.007713819521409278e+02
8.728109058182282752e+03 9.883644100827120837e+01
8.728309051515727333e+03 1.023940298243724385e+02
8.728509044849171914e+03 9.980722923817613434e+01
8.728709038182616496e+03 9.990735798050594951e+01
8.728909031516062896e+03 1.009403949519840751e+02
8.729109024849505658e+03 9.986767936867707363e+01
8.729309018182950240e+03 1.010442253456675559e+02
8.729509011516393002e+03 1.006129895640903413e+02
8.729709004849839403e+03 9.922160327214419340e+01
