8.480062186894685510e+03 1.050342750826566913e+02
8.480262188361357403e+03 9.231349289785602252e+01
8.480462189828029295e+03 9.625170564152026031e+01
8.480662191294701188e+03 9.986400823065838495e+01
8.480862192761373080e+03 9.690190081478392869e+01
8.481062194228046792e+03 9.353825740602999872e+01
8.481262195694718685e+03 8.821640129057563229e+01
8.481462197161390577e+03 9.954889278288601417e+01
8.481662198628062470e+03 9.844012970359196402e+01
8.481862200094734362e+03 8.989027523274441478e+01
8.482062201561406255e+03 9.419029862874664616e+01
8.482262203028079966e+03 9.728346199925611870e+01
8.482462204494750040e+03 1.011504745113989117e+02
8.482662205961423751e+03 1.029394647261885893e+02
8.482862207428093825e+03 9.390967658112812444e+01
8.483062208894767537e+03 1.029205578002569155e+02
8.483262210361439429e+03 9.702215724655476947e+01
8.483462211828109503e+03 1.026729015641705161e+02
8.483662213294781395e+03 1.021690150938545543e+02
8.483862214761453288e+03 1.061741732395108500e+02
8.484062216228125180e+03 9.574685654886597774e+01
8.484262217694798892e+03 9.839172129418324175e+01
8.484462219161470784e+03 9.648987073210808774e+01
8.484662220628142677e+03 1.065456261668640252e+02
8.484862222094814570e+03 1.006482683996468666e+02
8.485062223561486462e+03 1.033955603694669776e+02
8.485262225028160174e+03 1.050954271805671709e+02
8.485462226494830247e+03 9.910831379241693639e+01
8.485662227961503959e+03 9.989841406824319847e+01
8.485862229428174032e+03 9.335284199184930287e+01
8.486062230894847744e+03 9.813418941063066825e+01
8.486262232361519636e+03 1.045763503141954942e+02
8.486462233828191529e+03 1.021572659857118737e+02
8.486662235294863422e+03 1.050429974508032700e+02
8.486862236761535314e+03 1.051475916758008964e+02
8.487062238228207207e+03 9.246476013393471760e+01
8.487262239694880918e+03 9.452287671367579946e+01
8.487462241161550992e+03 1.075165512235685981e+02
8.487662242628224703e+03 9.094604094013520523e+01
8.487862244094894777e+03 1.055146528501897905e+02
8.488062245561566669e+03 9.910565475525099544e+01
8.488262247028240381e+03 9.663308596451685162e+01
8.488462248494910455e+03 1.005791618326731651e+02
8.488662249961584166e+03 1.020793298372963136e+02
8.488862251428254240e+03 9.875359686408670257e+01
8.489062252894927951e+03 1.011950598490891764e+02
8.489262254361599844e+03 9.624226667478319541e+01
8.489462255828271736e+03 9.723313338659615113e+01
8.489662257294943629e+03 1.057626532614391408e+02
8.489862258761615522e+03 9.950028459915540680e+01
8.490062260228287414e+03 9.860313696193165356e+01
8.490262261694961126e+03 1.089502945263516551e+02
8.490462263161631199e+03 9.996089976456688930e+01
8.490662264628304911e+03 1.072416452007723109e+02
8.490862266094974984e+03 1.056156711905961743e+02
8.491062267561648696e+03 9.045443211771758740e+01
8.491262269028320588e+03 9.587893259874415719e+01
8.491462270494992481e+03 9.531583917966734987e+01
8.491662271961664374e+03 9.304796110184381064e+01
8.491862273428336266e+03 1.044706367896040007e+02
8.492062274895009978e+03 9.074243587335519123e+01
8.492262276361681870e+03 9.534585441251641669e+01
8.492462277828353763e+03 1.000817199562012405e+02
8.492662279295023836e+03 1.007141097946396684e+02
8.492862280761695729e+03 1.002410902852941206e+02
8.493062282228367621e+03 9.523503692475529192e+01
8.493262283695041333e+03 9.324657327240682037e+01
8.493462285161711407e+03 9.630207099179830266e+01
8.493662286628385118e+03 9.395741453205755533e+01
8.493862288095055192e+03 1.058126401061020374e+02
8.494062289561728903e+03 1.010178733452593178e+02
8.494262291028400796e+03 9.895211764403316579e+01
8.494462292495072688e+03 8.725945461168947759e+01
8.494662293961744581e+03 9.859845553894486159e+01
8.494862295428416473e+03 9.760999203833551974e+01
8.495062296895088366e+03 9.984149431244593131e+01
8.495262298361762078e+03 1.023632599329517632e+02
8.495462299828432151e+03 1.018766200998479974e+02
8.495662301295105863e+03 9.799049727037942148e+01
8.495862302761777755e+03 9.529744273142520683e+01
8.496062304228449648e+03 9.348289615271532682e+01
8.496262305695123359e+03 9.482673569099974031e+01
8.496462307161793433e+03 9.774169428557996753e+01
8.496662308628467144e+03 9.139009182772612405e+01
8.496862310095137218e+03 8.808609534549816544e+01
8.497062311561810930e+03 7.269442351045798034e+01
8.497262313028481003e+03 7.821106011469900920e+01
8.497462314495152896e+03 7.527278662669863252e+01
8.497662315961824788e+03 5.868922975114533358e+01
8.497862317428496681e+03 5.507031321435211879e+01
8.498062318895168573e+03 4.716913164915871448e+01
8.498262320361842285e+03 5.169907986608553330e+01
8.498462321828512358e+03 6.580360969526121551e+01
8.498662323295186070e+03 6.880274328177658560e+01
8.498862324761856144e+03 7.448279592543715921e+01
8.499062326228529855e+03 8.305144491828973230e+01
8.499262327695203567e+03 8.632150683093712473e+01
8.499462329161873640e+03 9.694470580600599874e+01
8.499662330628547352e+03 9.457994122037885631e+01
8.499862332095217425e+03 9.539193894094496784e+01
8.500062333561891137e+03 9.677458931015195276e+01
8.500262335028563029e+03 9.229823522355194143e+01
8.500462336495234922e+03 9.791244302064221472e+01
8.500662337961906815e+03 9.848554755465471544e+01
8.500862339428578707e+03 9.577817969256909691e+01
8.501062340895250600e+03 1.025611974924428722e+02
8.501262342361924311e+03 9.088202944723526855e+01
8.501462343828594385e+03 1.071863724125428661e+02
8.501662345295268096e+03 9.815293754221045219e+01
8.501862346761936351e+03 9.041300320514983468e+01
8.502062348228610063e+03 9.219255706552866059e+01
8.502262349695281955e+03 9.855573495856525312e+01
8.502462351161953848e+03 9.556898217783997040e+01
8.502662352628625740e+03 9.707248188113312892e+01
8.502862354095297633e+03 9.604822725686688045e+01
8.503062355561971344e+03 9.874659391321227986e+01
8.503262357028643237e+03 9.315471287750325757e+01
8.503462358495315129e+03 1.014724726363212284e+02
8.503662359961987022e+03 9.397026123928047525e+01
8.503862361428658915e+03 9.789767238923624859e+01
8.504062362895330807e+03 1.015173331814285831e+02
8.504262364362004519e+03 1.027334831852871844e+02
8.504462365828674592e+03 1.015131747585718358e+02
8.504662367295348304e+03 1.003936670841248429e+02
8.504862368762018377e+03 9.762657570165238496e+01
8.505062370228692089e+03 9.744907657376626275e+01
8.505262371695363981e+03 9.771847256462693565e+01
8.505462373162035874e+03 9.885987150546887392e+01
8.505662374628707767e+03 9.812899575344906111e+01
8.505862376095379659e+03 8.853697707736878897e+01
8.506062377562051552e+03 9.827113240118265480e+01
8.506262379028725263e+03 8.995842865895086504e+01
8.506462380495393518e+03 9.856210514489508512e+01
8.506662381962067229e+03 1.000294308234264946e+02
8.506862383428739122e+03 9.826668894402487808e+01
8.507062384895411014e+03 1.023841027956646030e+02
8.507262386362084726e+03 1.052436202878472074e+02
8.507462387828754800e+03 1.044870675589519351e+02
8.507662389295428511e+03 1.032121688808024373e+02
8.507862390762098585e+03 1.003727577354178209e+02
8.508062392228772296e+03 9.891012579081517231e+01
8.508262393695444189e+03 1.118741169985383976e+02
8.508462395162116081e+03 1.017173238919876042e+02
8.508662396628787974e+03 9.878277702296595919e+01
8.508862398095459866e+03 9.089105270542015091e+01
8.509062399562131759e+03 1.003641421080782408e+02
8.509262401028805471e+03 9.522439377343491174e+01
8.509462402495475544e+03 1.037740305323243746e+02
8.509662403962149256e+03 9.836099653165690881e+01
8.509862405428819329e+03 9.642843643663596254e+01
8.510062406895493041e+03 9.491276906989486406e+01
8.510262408362164933e+03 9.743849791398605475e+01
8.510462409828836826e+03 1.026793982251434301e+02
8.510662411295510537e+03 1.037626803240781044e+02
8.510862412762180611e+03 1.026445910904363927e+02
8.511062414228852504e+03 9.582230553271963913e+01
8.511262415695524396e+03 9.512958946147853112e+01
8.511462417162196289e+03 9.446321747134254565e+01
8.511662418628868181e+03 1.002016778412457683e+02
8.511862420095540074e+03 9.733808732614124892e+01
8.512062421562211966e+03 1.028360047153147292e+02
8.512262423028885678e+03 9.812176315019661388e+01
8.512462424495555751e+03 9.499073370599523969e+01
8.512662425962229463e+03 9.548905587724914312e+01
8.512862427428899537e+03 1.013483353849051980e+02
8.513062428895573248e+03 1.005206462188953083e+02
8.513262430362245141e+03 1.009852794399689486e+02
8.513462431828917033e+03 1.021456254707246671e+02
8.513662433295588926e+03 9.316859755005103239e+01
8.513862434762260818e+03 9.411260416496853054e+01
8.514062436228934530e+03 9.159521187498363304e+01
8.514262437695606422e+03 8.455541070606528820e+01
8.514462439162278315e+03 8.435648038801903681e+01
8.514662440628950208e+03 9.037599725791142191e+01
8.514862442095622100e+03 9.489737134241511285e+01
8.515062443562293993e+03 9.680791371998994066e+01
8.515262445028967704e+03 9.646129515299304558e+01
8.515462446495637778e+03 9.728187028680690673e+01
8.515662447962309670e+03 9.761908473747625692e+01
8.515862449428979744e+03 1.052689061604628478e+02
8.516062450895653456e+03 9.683642878543462018e+01
8.516262452362325348e+03 1.041942496161753411e+02
8.516462453828997241e+03 9.264454209420992470e+01
8.516662455295669133e+03 1.006538255062015850e+02
8.516862456762341026e+03 9.435033733943583911e+01
8.517062458229012918e+03 9.589335010300025885e+01
8.517262459695686630e+03 9.497642406671172921e+01
8.517462461162356703e+03 9.471524769604863536e+01
8.517662462629030415e+03 9.186210369817311516e+01
8.517862464095702308e+03 9.976643520885511407e+01
8.518062465562374200e+03 9.240989626165409732e+01
8.518262467029047912e+03 9.562838054540134181e+01
8.518462468495717985e+03 9.434766603139804886e+01
8.518662469962391697e+03 1.021043773578833651e+02
8.518862471429061770e+03 1.085802234053882955e+02
8.519062472895735482e+03 9.336105430717711329e+01
8.519262474362407374e+03 9.824914494153911448e+01
8.519462475829079267e+03 9.878932466285398561e+01
8.519662477295751160e+03 9.576491962110547718e+01
8.519862478762423052e+03 9.544298404778018607e+01
8.520062480229094945e+03 9.467041649787162783e+01
8.520262481695766837e+03 9.734428447166978060e+01
8.520462483162436911e+03 1.005515701385417628e+02
8.520662484629110622e+03 9.796195459468971478e+01
8.520862486095780696e+03 1.016037385075463533e+02
8.521062487562454407e+03 9.382693488915434443e+01
8.521262489029126300e+03 1.044242275327491001e+02
8.521462490495798193e+03 1.007501347605317221e+02
8.521662491962471904e+03 1.002149659616078594e+02
8.521862493429141978e+03 9.428048658746222088e+01
8.522062494895815689e+03 1.038739795210899928e+02
8.522262496362487582e+03 9.983288743706722812e+01
8.522462497829159474e+03 9.206106298643499031e+01
8.522662499295831367e+03 9.873633950044759899e+01
8.522862500762503259e+03 1.031439073990220123e+02
8.523062502229175152e+03 1.048693886522974736e+02
8.523262503695848864e+03 1.025888950180794836e+02
8.523462505162518937e+03 9.931004848859480205e+01
8.523662506629192649e+03 9.337304985032858440e+01
8.523862508095862722e+03 1.043812151135756494e+02
8.524062509562536434e+03 9.459212637492905174e+01
8.524262511029208326e+03 9.877356955806340011e+01
8.524462512495880219e+03 9.655050349367881779e+01
8.524662513962552111e+03 9.208716194406028421e+01
8.524862515429222185e+03 9.226446245522653555e+01
8.525062516895894078e+03 1.027967229145154704e+02
8.525262518362567789e+03 9.869827287026227225e+01
8.525462519829239682e+03 9.835706800942529071e+01
8.525662521295911574e+03 9.862726648458881584e+01
8.525862522762583467e+03 9.128913890159643074e+01
8.526062524229255359e+03 1.033280203874562346e+02
8.526262525695929071e+03 9.110153410120015849e+01
8.526462527162599145e+03 9.960492476515152305e+01
8.526662528629272856e+03 1.054913885629953825e+02
8.526862530095942930e+03 9.735662010573842906e+01
8.527062531562616641e+03 1.032526491663333701e+02
8.527262533029288534e+03 1.018687991450923249e+02
8.527462534495960426e+03 1.003905171223335628e+02
8.527662535962632319e+03 9.513444638278093635e+01
8.527862537429304211e+03 9.558171326007419566e+01
8.528062538895976104e+03 9.658141444900127226e+01
8.528262540362649816e+03 1.003307037936551183e+02
8.528462541829319889e+03 1.070798635413692637e+02
8.528662543295993601e+03 1.027665384885665389e+02
8.528862544762665493e+03 9.273226932573015802e+01
8.529062546229337386e+03 1.035102804313660840e+02
8.529262547696011097e+03 1.041058316957078915e+02
8.529462549162679352e+03 9.694185734205620975e+01
8.529662550629353063e+03 9.084585420198690997e+01
8.529862552096023137e+03 1.004328749494200110e+02
8.530062553562696849e+03 9.518706927362210024e+01
8.530262555029368741e+03 1.012289919500726540e+02
8.530462556496040634e+03 9.680599473490788398e+01
8.530662557962712526e+03 9.181541569532883784e+01
8.530862559429384419e+03 9.881164078831901065e+01
8.531062560896056311e+03 1.070378844286831850e+02
8.531262562362730023e+03 1.013329350855510995e+02
8.531462563829400096e+03 9.796160830496147298e+01
8.531662565296073808e+03 9.841832768208560367e+01
8.531862566762743882e+03 9.819516787419026116e+01
8.532062568229417593e+03 9.978402831193707812e+01
8.532262569696089486e+03 1.019782322117149675e+02
8.532462571162761378e+03 9.898059918443584593e+01
8.532662572629435090e+03 9.558626023473593136e+01
8.532862574096105163e+03 9.601236295341733751e+01
8.533062575562778875e+03 9.884891326724107330e+01
8.533262577029450767e+03 9.070232812485954810e+01
8.533462578496122660e+03 9.809686670968100941e+01
8.533662579962794553e+03 1.011107859334966435e+02
8.533862581429466445e+03 1.084025223663740860e+02
8.534062582896136519e+03 9.804283373243463018e+01
8.534262584362810230e+03 1.035886578043735113e+02
8.534462585829480304e+03 9.539590319139205121e+01
8.534662587296154015e+03 9.800954717689441509e+01
8.534862588762824089e+03 9.714443479086622801e+01
8.535062590229497800e+03 8.759441673598264799e+01
8.535262591696169693e+03 9.495398202814095612e+01
8.535462593162841586e+03 9.230946127145070079e+01
8.535662594629513478e+03 9.345224452672505322e+01
8.535862596096185371e+03 9.639999967978612005e+01
8.536062597562857263e+03 1.064183514990810124e+02
8.536262599029530975e+03 9.071684240754584039e+01
8.536462600496202867e+03 9.938848491567438259e+01
8.536662601962874760e+03 9.916210012267102059e+01
8.536862603429546652e+03 8.590875957880214742e+01
8.537062604896218545e+03 9.513478241336147789e+01
8.537262606362892257e+03 9.523244419804368022e+01
8.537462607829562330e+03 9.538152697977373862e+01
8.537662609296236042e+03 9.950761021868419220e+01
8.537862610762906115e+03 9.670384217626578049e+01
8.538062612229579827e+03 9.026679134549850403e+01
8.538262613696251719e+03 9.605805319260612407e+01
8.538462615162923612e+03 9.087220338952768373e+01
8.538662616629593686e+03 9.175908948614538474e+01
8.538862618096265578e+03 9.021790787135132916e+01
8.539062619562937471e+03 8.853430336764756703e+01
8.539262621029611182e+03 8.650742504654884613e+01
8.539462622496281256e+03 8.934890437981759703e+01
8.539662623962954967e+03 9.710911422740902310e+01
8.539862625429625041e+03 7.670336352473083252e+01
8.540062626896298752e+03 7.937083306812681371e+01
8.540262628362972464e+03 8.301459128044140812e+01
8.540462629829642538e+03 7.898404875441265460e+01
8.540662631296316249e+03 7.300635673948380600e+01
8.540862632762986323e+03 6.901450711887582656e+01
8.541062634229660034e+03 6.083153914388950056e+01
8.541262635696331927e+03 6.174884321630113249e+01
8.541462637163003819e+03 5.615666926626376210e+01
8.541662638629675712e+03 5.323654339706097005e+01
8.541862640096347604e+03 3.647468902610526698e+01
8.542062641563019497e+03 3.507188928904674441e+01
8.542262643029693209e+03 3.347255204725157540e+01
8.542462644496363282e+03 4.558353494892946856e+01
8.542662645963036994e+03 4.823905189090934442e+01
8.542862647429707067e+03 5.487593944965987447e+01
8.543062648896380779e+03 6.843206837137502418e+01
8.543262650363050852e+03 6.792577471353460794e+01
8.543462651829722745e+03 7.732485867670558832e+01
8.543662653296396456e+03 7.747363261111263455e+01
8.543862654763066530e+03 7.488414149179655510e+01
8.544062656229740242e+03 7.613976937530861733e+01
8.544262657696412134e+03 8.299711798012367581e+01
8.544462659163084027e+03 8.289645804146913122e+01
8.544662660629755919e+03 8.012938797940431357e+01
8.544862662096427812e+03 8.307854419605993712e+01
8.545062663563099704e+03 8.733757010531576270e+01
8.545262665029773416e+03 9.125683619729514362e+01
8.545462666496443489e+03 9.256559350976779399e+01
8.545662667963117201e+03 8.468198015116614386e+01
8.545862669429787275e+03 8.731163401448775119e+01
8.546062670896460986e+03 9.358957067898700188e+01
8.546262672363132879e+03 9.260271683887619076e+01
8.546462673829804771e+03 8.536010205527563244e+01
8.546662675296476664e+03 9.345004143977088518e+01
8.546862676763148556e+03 9.156438440403432821e+01
8.547062678229820449e+03 9.296208691228792986e+01
8.547262679696494160e+03 9.563643195311156830e+01
8.547462681163166053e+03 9.592889346029276965e+01
8.547662682629837946e+03 9.253157204958431237e+01
8.547862684096508019e+03 9.206089327110909437e+01
8.548062685563179912e+03 9.436025364960683248e+01
8.548262687029853623e+03 9.428141123349568886e+01
8.548462688496523697e+03 9.795490519765105830e+01
8.548662689963197408e+03 1.017951801939074699e+02
8.548862691429867482e+03 9.955880913010483368e+01
8.549062692896541193e+03 9.959727920149387614e+01
8.549262694363213086e+03 9.658004305885455665e+01
8.549462695829884979e+03 9.576806432109086131e+01
8.549662697296556871e+03 9.565450865326958763e+01
8.549862698763228764e+03 9.645757155004554306e+01
8.550062700229900656e+03 9.941342223091427854e+01
8.550262701696574368e+03 9.820782817060374725e+01
8.550462703163244441e+03 9.600411559627599445e+01
8.550662704629918153e+03 9.608134944006371825e+01
8.550862706096588227e+03 9.884869276847533115e+01
8.551062707563261938e+03 9.704967468602409042e+01
8.551262709029935650e+03 1.002393704254412938e+02
8.551462710496605723e+03 9.952401796890330843e+01
8.551662711963279435e+03 9.789941181728651998e+01
8.551862713429949508e+03 8.991668761274256383e+01
8.552062714896623220e+03 9.812888356539961876e+01
8.552262716363295112e+03 9.791913903263443331e+01
8.552462717829965186e+03 9.506709039009801643e+01
8.552662719296637079e+03 9.831943514200418122e+01
8.552862720763308971e+03 1.002401799346698255e+02
8.553062722229980864e+03 1.041960347073366790e+02
8.553262723696654575e+03 9.496130656515148871e+01
8.553462725163324649e+03 1.025618409566014577e+02
8.553662726629998360e+03 9.680087265683697240e+01
8.553862728096668434e+03 9.564568476240796713e+01
8.554062729563342145e+03 9.698145134714843607e+01
8.554262731030014038e+03 9.516205179664596869e+01
8.554462732496685931e+03 9.910294247524569755e+01
8.554662733963357823e+03 1.014718090041483123e+02
8.554862735430029716e+03 1.015680079684255901e+02
8.555062736896703427e+03 9.696718502848321464e+01
8.555262738363375320e+03 9.855271358766950129e+01
8.555462739830047212e+03 1.015639631456989207e+02
8.555662741296719105e+03 9.543931534847685327e+01
8.555862742763390997e+03 9.899986168199154690e+01
8.556062744230062890e+03 9.502033025938976607e+01
8.556262745696736602e+03 9.696717590107790841e+01
8.556462747163406675e+03 1.041740495420277739e+02
8.556662748630080387e+03 1.026183417278973025e+02
8.556862750096750460e+03 9.453938847249519029e+01
8.557062751563422353e+03 9.769377660550169651e+01
8.557262753030094245e+03 9.957542427582954758e+01
8.557462754496766138e+03 9.918784036900142098e+01
8.557662755963438030e+03 9.872805041723070474e+01
8.557862757430109923e+03 9.509385022983285296e+01
8.558062758896781816e+03 9.718691898877784752e+01
8.558262760363455527e+03 9.902621119689152351e+01
8.558462761830127420e+03 1.074103616228113083e+02
8.558662763296799312e+03 1.075963251171806121e+02
8.558862764763471205e+03 9.486580645940132683e+01
8.559062766230143097e+03 9.681760451316583271e+01
8.559262767696816809e+03 9.730874885644044525e+01
8.559462769163486882e+03 9.039703377879608581e+01
8.559662770630160594e+03 9.323073459250711892e+01
8.559862772096830668e+03 1.008858811116490131e+02
8.560062773563504379e+03 9.613325307995664559e+01
8.560262775030176272e+03 9.622960222401677299e+01
8.560462776496848164e+03 1.043392539600162081e+02
8.560662777963520057e+03 1.020135094789552852e+02
8.560862779430191949e+03 1.054022968380806731e+02
8.561062780896863842e+03 9.633935159437599793e+01
8.561262782363537553e+03 9.465484369743988680e+01
8.561462783830207627e+03 9.800224285331323415e+01
8.561662785296879520e+03 1.025178067966577800e+02
8.561862786763549593e+03 9.338375159905646683e+01
8.562062788230223305e+03 1.035748304054508822e+02
8.562262789696897016e+03 1.038797962297428228e+02
8.562462791163567090e+03 8.801367366856032959e+01
8.562662792630240801e+03 9.787507294493590848e+01
8.562862794096910875e+03 9.999571654947882848e+01
8.563062795563584586e+03 1.052200268919015542e+02
8.563262797030256479e+03 1.005059118109353733e+02
8.563462798496928372e+03 1.067747990841748447e+02
8.563662799963600264e+03 9.906344318881134825e+01
8.563862801430272157e+03 9.941307778139506013e+01
8.564062802896944049e+03 9.508983589255055335e+01
8.564262804363617761e+03 9.598556993552845995e+01
8.564462805830287834e+03 9.734116979680803183e+01
8.564662807296961546e+03 1.015577778903697066e+02
8.564862808763631620e+03 1.002270001092467595e+02
8.565062810230305331e+03 9.460723709947413340e+01
8.565262811696977224e+03 1.063292366114927745e+02
8.565462813163649116e+03 9.482345221826481918e+01
8.565662814630321009e+03 1.097871733507581098e+02
8.565862816096992901e+03 9.131032657630265703e+01
8.566062817563666613e+03 9.651491745555904345e+01
8.566262819030336686e+03 9.687962282920493351e+01
8.566462820497008579e+03 9.642040460795765000e+01
8.566662821963680472e+03 1.019499680763519649e+02
8.566862823430352364e+03 1.007138993162978409e+02
8.567062824897024257e+03 9.639838186387750341e+01
8.567262826363697968e+03 1.027353323518508574e+02
8.567462827830368042e+03 9.263832188618758323e+01
8.567662829297041753e+03 9.512987687160250516e+01
8.567862830763711827e+03 9.776416975259895992e+01
8.568062832230385538e+03 9.357143829201322660e+01
8.568262833697057431e+03 1.046110858039744897e+02
8.568462835163729324e+03 9.991719491260748498e+01
8.568662836630401216e+03 1.009741220867454814e+02
8.568862838097073109e+03 9.535361108876868741e+01
8.569062839563745001e+03 9.546160097806014733e+01
8.569262841030418713e+03 1.053012042809854734e+02
8.569462842497088786e+03 1.015234676001419842e+02
8.569662843963762498e+03 9.908726455129466615e+01
8.569862845430434390e+03 9.305967806851208479e+01
8.570062846897106283e+03 9.202003847854514618e+01
8.570262848363779995e+03 1.005455386627942289e+02
8.570462849830450068e+03 1.042360082177340246e+02
8.570662851297123780e+03 9.408552636553002912e+01
8.570862852763792034e+03 1.041870199771374814e+02
8.571062854230465746e+03 9.970968295140077942e+01
8.571262855697137638e+03 1.033539634064984938e+02
8.571462857163809531e+03 9.581701953383738157e+01
8.571662858630481423e+03 1.021004920177885396e+02
8.571862860097153316e+03 9.476932455902098695e+01
8.572062861563825209e+03 1.029512350874163786e+02
8.572262863030498920e+03 1.037880255385379513e+02
8.572462864497168994e+03 1.031574894688932460e+02
8.572662865963842705e+03 9.796736758320945171e+01
8.572862867430512779e+03 9.782374607660069898e+01
8.573062868897186490e+03 9.687032544448881310e+01
8.573262870363860202e+03 9.791070368557144832e+01
8.573462871830530275e+03 1.014781583431424679e+02
8.573662873297203987e+03 9.721949641349741000e+01
8.573862874763874061e+03 1.021181639945680786e+02
8.574062876230547772e+03 1.008733363044604943e+02
8.574262877697219665e+03 1.000536458330887797e+02
8.574462879163891557e+03 1.036985125360466924e+02
8.574662880630563450e+03 9.630355859062760260e+01
8.574862882097235342e+03 1.022234640724783787e+02
8.575062883563907235e+03 1.038171737898678089e+02
8.575262885030580946e+03 9.400494862321117751e+01
8.575462886497249201e+03 1.000614656094648609e+02
8.575662887963922913e+03 1.062308023791059099e+02
8.575862889430592986e+03 9.867029222096850560e+01
8.576062890897266698e+03 9.967723223749409556e+01
8.576262892363938590e+03 9.689484820297491297e+01
8.576462893830610483e+03 9.685128132197743867e+01
8.576662895297282375e+03 1.008466808197820370e+02
8.576862896763954268e+03 9.589571372362709667e+01
8.577062898230627980e+03 9.783038958169780130e+01
8.577262899697299872e+03 9.986424325267137192e+01
8.577462901163971765e+03 9.659367409504427826e+01
8.577662902630643657e+03 1.032770033139875210e+02
8.577862904097315550e+03 9.965789571941284919e+01
8.578062905563987442e+03 1.013369020634368383e+02
8.578262907030661154e+03 1.042310421167066892e+02
8.578462908497331227e+03 9.679141278578330798e+01
8.578662909964004939e+03 1.019326556335081477e+02
8.578862911430675013e+03 1.012204425184906285e+02
8.579062912897348724e+03 1.022810028346647186e+02
8.579262914364020617e+03 1.009060889826561009e+02
8.579462915830692509e+03 9.473009540153576324e+01
8.579662917297364402e+03 9.907841687672889464e+01
8.579862918764036294e+03 9.704376808579178260e+01
8.580062920230706368e+03 9.739722285007641744e+01
8.580262921697380079e+03 1.003227731528901785e+02
8.580462923164050153e+03 9.693852839834529789e+01
8.580662924630723865e+03 9.829096000871462024e+01
8.580862926097395757e+03 9.818607917695840115e+01
8.581062927564067650e+03 9.525109819920841403e+01
8.581262929030741361e+03 1.063738822176460559e+02
8.581462930497411435e+03 1.011284779812275048e+02
8.581662931964085146e+03 1.042535469090002920e+02
8.581862933430755220e+03 9.385513972862327137e+01
8.582062934897428931e+03 8.469242676391010605e+01
8.582262936364100824e+03 8.945743781756009128e+01
8.582462937830772717e+03 9.118481214248235744e+01
8.582662939297444609e+03 9.090265362066168109e+01
8.582862940764116502e+03 8.982444487000464051e+01
8.583062942230788394e+03 1.027752670394616956e+02
8.583262943697462106e+03 9.517109817573781072e+01
8.583462945164132179e+03 1.002099351365764619e+02
8.583662946630805891e+03 9.711549282090535939e+01
8.583862948097475964e+03 9.397568319739643528e+01
8.584062949564149676e+03 1.030269059313099547e+02
8.584262951030821569e+03 9.840056852658676689e+01
8.584462952497493461e+03 9.461906820260961126e+01
8.584662953964165354e+03 9.792679649560247412e+01
8.584862955430835427e+03 9.530011458158331550e+01
8.585062956897509139e+03 1.033934383518128328e+02
8.585262958364181031e+03 1.001166167003843697e+02
8.585462959830852924e+03 9.556725603598893315e+01
8.585662961297524816e+03 9.473782249726758664e+01
8.585862962764196709e+03 1.063606385574253039e+02
8.586062964230868602e+03 1.031770198741592282e+02
8.586262965697542313e+03 1.054588556047793446e+02
8.586462967164212387e+03 9.502799308457383631e+01
8.586662968630886098e+03 9.989023316566539279e+01
8.586862970097556172e+03 1.021010309833267797e+02
8.587062971564229883e+03 1.014799194320550981e+02
8.587262973030901776e+03 9.555690721932676013e+01
8.587462974497573668e+03 9.626689437847630870e+01
8.587662975964245561e+03 9.861223892478993491e+01
8.587862977430917454e+03 9.862295294972101090e+01
8.588062978897591165e+03 9.597508531661193842e+01
8.588262980364263058e+03 1.069615909565750087e+02
8.588462981830934950e+03 1.029169566490744927e+02
8.588662983297606843e+03 1.042226821257941225e+02
8.588862984764278735e+03 1.002349923571213566e+02
8.589062986230950628e+03 1.027991891429911391e+02
8.589262987697622520e+03 9.876949079911300089e+01
8.589462989164292594e+03 1.052733354510814650e+02
8.589662990630966306e+03 9.777817119276615188e+01
8.589862992097636379e+03 1.022953738608884038e+02
8.590062993564310091e+03 9.905940232153587033e+01
8.590262995030981983e+03 1.045361069855341043e+02
8.590462996497653876e+03 1.006314446502293265e+02
8.590662997964325768e+03 1.064803813830800010e+02
8.590862999430997661e+03 9.834653697645970283e+01
8.591063000897669554e+03 9.738845712177128178e+01
8.591263002364343265e+03 9.344631136599136312e+01
8.591463003831013339e+03 9.939324374628685632e+01
8.591663005297687050e+03 9.745955889899731517e+01
8.591863006764358943e+03 1.057015977085870304e+02
8.592063008231030835e+03 1.026331484578434896e+02
8.592263009697704547e+03 9.521080811040918945e+01
8.592463011164374620e+03 1.009002356344518034e+02
8.592663012631048332e+03 9.855595712715346224e+01
8.592863014097718406e+03 9.604317035217448506e+01
8.593063015564392117e+03 9.581490997366717011e+01
8.593263017031064010e+03 1.003777960294967357e+02
8.593463018497735902e+03 1.016350711275678265e+02
8.593663019964407795e+03 1.001498588607362450e+02
8.593863021431077868e+03 1.030832421773295096e+02
8.594063022897749761e+03 1.020071914918349165e+02
8.594263024364423472e+03 1.021487370834219917e+02
8.594463025831093546e+03 1.053210535489732109e+02
8.594663027297767258e+03 9.581509420033255253e+01
8.594863028764437331e+03 9.869790443999649199e+01
8.595063030231111043e+03 9.506181467735743240e+01
8.595263031697782935e+03 9.614821795463809906e+01
8.595463033164454828e+03 9.668221176514808235e+01
8.595663034631128539e+03 9.859264637264676878e+01
8.595863036097798613e+03 1.073077895887589222e+02
8.596063037564472324e+03 1.046755607345762513e+02
8.596263039031144217e+03 1.038060530048139185e+02
8.596463040497816110e+03 1.000884659624048680e+02
8.596663041964488002e+03 1.011529155577496510e+02
8.596863043431159895e+03 1.065783719493150414e+02
8.597063044897831787e+03 9.541203006088530003e+01
8.597263046364505499e+03 9.870755249691295319e+01
8.597463047831175572e+03 9.865049318688265600e+01
8.597663049297849284e+03 9.308737172804249838e+01
8.597863050764519357e+03 9.328749634411320812e+01
8.598063052231193069e+03 9.997521000807573444e+01
8.598263053697864962e+03 1.027936539109798417e+02
8.598463055164535035e+03 9.280156499803096892e+01
8.598663056631206928e+03 9.904411422692911060e+01
8.598863058097878820e+03 9.244944338563108488e+01
8.599063059564550713e+03 9.135347873005422059e+01
8.599263061031224424e+03 9.440738417080719103e+01
8.599463062497896317e+03 9.777850119439760590e+01
8.599663063964568209e+03 9.980866505130161670e+01
8.599863065431240102e+03 1.048457084452849557e+02
8.600063066897911995e+03 1.004718524345573627e+02
8.600263068364585706e+03 9.547170269395383002e+01
8.600463069831255780e+03 9.576567214868664735e+01
8.600663071297929491e+03 1.031271848037145418e+02
8.600863072764599565e+03 9.478877778476433491e+01
8.601063074231273276e+03 9.971626396427578243e+01
8.601263075697945169e+03 1.016535960526160380e+02
8.601463077164617061e+03 9.907523718638591959e+01
8.601663078631288954e+03 1.106276844051864146e+02
8.601863080097960847e+03 9.678796305840293712e+01
8.602063081564632739e+03 1.027706416533717828e+02
8.602263083031306451e+03 9.874901704287536575e+01
8.602463084497976524e+03 1.020664650115810446e+02
8.602663085964650236e+03 9.858042568986559218e+01
8.602863087431322128e+03 1.024065737951659543e+02
8.603063088897992202e+03 1.027751060804518914e+02
8.603263090364665914e+03 9.796859717748101559e+01
8.603463091831335987e+03 1.087362158203948894e+02
8.603663093298009699e+03 9.195858113926507826e+01
8.603863094764679772e+03 9.905696049030973427e+01
8.604063096231353484e+03 9.505895999871020763e+01
8.604263097698025376e+03 1.051873347494464355e+02
8.604463099164697269e+03 1.083973306367094125e+02
8.604663100631369161e+03 9.784159133137113429e+01
8.604863102098041054e+03 1.067599077542914188e+02
8.605063103564712947e+03 1.010883896822398498e+02
8.605263105031386658e+03 9.984215819484656151e+01
8.605463106498056732e+03 1.024664231343207774e+02
8.605663107964730443e+03 1.088926446439175493e+02
8.605863109431400517e+03 1.005654641693189859e+02
8.606063110898074228e+03 1.000876166110713399e+02
8.606263112364746121e+03 1.005382923436644234e+02
8.606463113831418013e+03 9.638444765923912882e+01
8.606663115298091725e+03 1.059291417712217793e+02
8.606863116764761799e+03 1.031570136980420358e+02
8.607063118231435510e+03 9.983103572957652716e+01
8.607263119698107403e+03 1.009833018700636984e+02
8.607463121164779295e+03 1.005446586234651818e+02
8.607663122631449369e+03 1.024386610431423890e+02
8.607863124098121261e+03 1.034424122512306496e+02
8.608063125564793154e+03 9.651289617416422573e+01
8.608263127031466865e+03 1.037456589554414990e+02
8.608463128498136939e+03 1.040714499458267284e+02
8.608663129964810651e+03 1.028978741013819587e+02
8.608863131431480724e+03 9.361942366876905908e+01
8.609063132898154436e+03 9.572500409409816768e+01
8.609263134364826328e+03 9.743702969729199026e+01
8.609463135831498221e+03 1.033881404133827573e+02
8.609663137298170113e+03 9.702473140770906923e+01
8.609863138764842006e+03 9.988147474729184694e+01
8.610063140231513898e+03 1.032402532695031709e+02
8.610263141698187610e+03 9.996384342834946324e+01
8.610463143164859503e+03 1.059339791173367473e+02
8.610663144631531395e+03 1.016329552229263413e+02
8.610863146098203288e+03 9.315625059276909781e+01
8.611063147564875180e+03 1.012969927731530788e+02
8.611263149031548892e+03 1.008908752526467794e+02
8.611463150498218965e+03 9.419172725893562870e+01
8.611663151964892677e+03 8.680364284730646318e+01
8.611863153431562750e+03 8.758687125760458514e+01
8.612063154898236462e+03 8.822636445961829565e+01
8.612263156364906536e+03 9.312891982908652722e+01
8.612463157831578428e+03 9.163499465487417694e+01
8.612663159298250321e+03 9.911945877847227848e+01
8.612863160764922213e+03 1.038115594863804176e+02
8.613063162231594106e+03 1.029163891218761648e+02
8.613263163698267817e+03 1.008048402982230982e+02
8.613463165164937891e+03 9.691341946604840984e+01
8.613663166631611602e+03 1.034901729290735375e+02
8.613863168098281676e+03 1.016593154641537637e+02
8.614063169564955388e+03 1.028920778486389906e+02
8.614263171031629099e+03 9.721305066971690678e+01
8.614463172498299173e+03 1.011193539188219432e+02
8.614663173964972884e+03 9.814904130941614824e+01
8.614863175431642958e+03 1.037098814034408463e+02
8.615063176898316669e+03 1.072803057440323187e+02
8.615263178364988562e+03 9.422178179657578312e+01
8.615463179831660455e+03 9.590522774597391731e+01
8.615663181298332347e+03 1.007529645248475703e+02
8.615863182765004240e+03 1.117295027064216697e+02
8.616063184231676132e+03 9.955061788352792007e+01
8.616263185698349844e+03 9.451377171191163029e+01
8.616463187165019917e+03 9.972359737929572532e+01
8.616663188631693629e+03 1.032690482517241435e+02
8.616863190098361883e+03 1.025021876508005931e+02
8.617063191565035595e+03 9.882846644188684593e+01
8.617263193031707488e+03 9.760889588444995013e+01
8.617463194498379380e+03 9.963775212812585380e+01
8.617663195965053092e+03 9.583395322393241145e+01
8.617863197431723165e+03 9.974531514421218503e+01
8.618063198898396877e+03 9.993457340311070425e+01
8.618263200365068769e+03 1.063275623782704002e+02
8.618463201831740662e+03 9.807000029161986276e+01
8.618663203298412554e+03 9.671784653419145172e+01
8.618863204765084447e+03 9.718907380661029549e+01
8.619063206231756340e+03 9.716892874126320123e+01
8.619263207698430051e+03 9.811168311278541410e+01
8.619463209165100125e+03 9.570943728714260601e+01
8.619663210631773836e+03 9.975150850630507193e+01
8.619863212098443910e+03 9.798934712906981304e+01
8.620063213565117621e+03 9.240980855191249077e+01
8.620263215031789514e+03 9.772057070328392570e+01
8.620463216498461406e+03 9.611157696101399495e+01
8.620663217965133299e+03 1.007109327748406002e+02
8.620863219431805192e+03 9.278670777267961967e+01
8.621063220898477084e+03 9.623985664295138065e+01
8.621263222365150796e+03 8.968401409644764044e+01
8.621463223831820869e+03 9.765238253173551186e+01
8.621663225298492762e+03 8.751144435672165400e+01
8.621863226765164654e+03 9.158693737181931738e+01
8.622063228231836547e+03 9.727141189540323296e+01
8.622263229698510258e+03 1.008562047874510910e+02
8.622463231165180332e+03 9.756452233452056078e+01
8.622663232631854044e+03 9.417733256273140796e+01
8.622863234098524117e+03 9.544071268679114439e+01
8.623063235565197829e+03 9.489378592196960938e+01
8.623263237031869721e+03 9.678956641558535523e+01
8.623463238498541614e+03 9.982645166507278134e+01
8.623663239965213506e+03 9.906740848187550341e+01
8.623863241431885399e+03 9.657207201518203021e+01
8.624063242898557291e+03 9.498934020032723424e+01
8.624263244365231003e+03 1.025325013623448172e+02
8.624463245831901077e+03 9.251068296957556925e+01
8.624663247298574788e+03 1.025482922126385006e+02
8.624863248765244862e+03 1.024782265345206440e+02
8.625063250231918573e+03 1.011905340284560992e+02
8.625263251698592285e+03 9.605724544744435889e+01
8.625463253165262358e+03 1.011942634094109508e+02
8.625663254631936070e+03 1.018202603462556226e+02
8.625863256098606143e+03 1.002998453871831117e+02
8.626063257565278036e+03 1.062662218351177614e+02
8.626263259031949929e+03 9.694079357904588790e+01
8.626463260498621821e+03 1.019671673513575882e+02
8.626663261965293714e+03 9.684069225607348130e+01
8.626863263431965606e+03 1.045571190633209255e+02
8.627063264898637499e+03 9.770060304849960175e+01
8.627263266365311210e+03 1.023643518275616060e+02
8.627463267831981284e+03 9.880264833794517187e+01
8.627663269298654996e+03 1.005731500861856347e+02
8.627863270765325069e+03 1.046988968392354877e+02
8.628063272231998781e+03 9.964533597839202628e+01
8.628263273698670673e+03 9.375153256856452799e+01
8.628463275165342566e+03 9.368643352510871125e+01
8.628663276632014458e+03 1.007967798763897633e+02
8.628863278098686351e+03 9.595546138674247061e+01
8.629063279565360062e+03 9.989733862753870142e+01
8.629263281032031955e+03 9.393165949663570302e+01
8.629463282498703848e+03 9.581365576895763070e+01
8.629663283965375740e+03 1.004626291618762366e+02
8.629863285432047633e+03 9.356256699268863031e+01
8.630063286898719525e+03 1.080224461541877758e+02
8.630263288365393237e+03 1.015390808346305818e+02
8.630463289832063310e+03 1.090509162210519492e+02
8.630663291298735203e+03 1.057602754180973790e+02
8.630863292765405276e+03 9.954128397508686987e+01
8.631063294232078988e+03 1.026306504406862246e+02
8.631263295698750881e+03 9.925192637488767389e+01
8.631463297165422773e+03 1.027043372276163637e+02
8.631663298632094666e+03 9.596808486384234982e+01
8.631863300098766558e+03 1.015992505287886303e+02
8.632063301565438451e+03 9.644148042828746270e+01
8.632263303032112162e+03 9.840048078987568658e+01
8.632463304498784055e+03 9.769934147081890785e+01
8.632663305965455947e+03 1.034183523277189636e+02
8.632863307432127840e+03 1.045870051239099894e+02
8.633063308898799733e+03 9.807393531374802365e+01
8.633263310365473444e+03 9.933850972458309059e+01
8.633463311832143518e+03 9.978617782781525136e+01
8.633663313298817229e+03 1.024861131021739311e+02
8.633863314765487303e+03 1.041721566322098198e+02
8.634063316232161014e+03 1.025854963378741473e+02
8.634263317698832907e+03 9.434320426692318051e+01
8.634463319165504799e+03 9.881259799762598561e+01
8.634663320632176692e+03 9.737640017836295669e+01
8.634863322098848585e+03 9.454018927954572860e+01
8.635063323565520477e+03 1.038800099530030110e+02
8.635263325032192370e+03 1.032091926721426063e+02
8.635463326498862443e+03 1.055892831288269775e+02
8.635663327965536155e+03 1.017451319513137094e+02
8.635863329432206228e+03 9.436364461837388262e+01
8.636063330898879940e+03 1.001947320614413428e+02
8.636263332365553651e+03 9.741049973737665368e+01
8.636463333832223725e+03 9.339265543951481163e+01
8.636663335298897437e+03 9.778491182134649762e+01
8.636863336765567510e+03 9.217199060988056658e+01
8.637063338232241222e+03 1.010290302387266621e+02
8.637263339698913114e+03 9.069177191281676187e+01
8.637463341165585007e+03 1.023400741263965301e+02
8.637663342632256899e+03 9.656803966955523322e+01
8.637863344098928792e+03 9.984437967218386234e+01
8.638063345565600684e+03 1.035696929171360949e+02
8.638263347032274396e+03 9.246680774955025583e+01
8.638463348498944470e+03 9.960980323098728206e+01
8.638663349965618181e+03 1.012674310374654425e+02
8.638863351432288255e+03 1.041202444883933254e+02
8.639063352898961966e+03 1.069271248943747992e+02
8.639263354365633859e+03 1.027886195029126952e+02
8.639463355832305751e+03 9.899361854503311520e+01
8.639663357298977644e+03 1.045112029963932372e+02
8.639863358765647718e+03 9.760103129656313570e+01
8.640063360232321429e+03 9.703684104959724266e+01
8.640263361698993322e+03 9.606943825331434539e+01
8.640463363165665214e+03 1.024257879142636796e+02
8.640663364632337107e+03 1.031505145777554873e+02
8.640863366099008999e+03 1.014672381512402239e+02
8.641063367565680892e+03 1.027933001291855675e+02
8.641263369032354603e+03 1.029743633197147830e+02
8.641463370499024677e+03 9.851488577687990755e+01
8.641663371965698389e+03 1.033221016259647200e+02
8.641863373432368462e+03 9.744760629693888632e+01
8.642063374899042174e+03 1.049207373418962561e+02
8.642263376365714066e+03 9.980705400571896746e+01
8.642463377832385959e+03 1.034391280999531233e+02
8.642663379299057851e+03 1.061519634355139203e+02
8.642863380765729744e+03 9.736612725713615646e+01
8.643063382232401636e+03 1.050032317638496551e+02
8.643263383699075348e+03 9.891215067017201079e+01
8.643463385165745422e+03 9.763474804547634278e+01
8.643663386632419133e+03 9.747031589664666740e+01
8.643863388099091026e+03 9.745526872871103308e+01
8.644063389565762918e+03 1.039226276249542877e+02
8.644263391032436630e+03 9.641537396724456244e+01
8.644463392499104884e+03 1.029558258113273723e+02
8.644663393965778596e+03 1.039905366988990920e+02
8.644863395432448669e+03 1.011703644110604614e+02
8.645063396899122381e+03 9.350338373692943605e+01
8.645263398365794274e+03 1.057962789868855111e+02
8.645463399832466166e+03 9.988557196635076707e+01
8.645663401299138059e+03 9.582002102098435614e+01
8.645863402765809951e+03 1.102742635362239696e+02
8.646063404232481844e+03 9.767950878783744884e+01
8.646263405699155555e+03 9.748757468830190476e+01
8.646463407165825629e+03 1.012353487812258805e+02
8.646663408632499340e+03 9.406101303815523806e+01
8.646863410099169414e+03 9.366134759051880110e+01
8.647063411565843126e+03 9.453333453973820610e+01
8.647263413032516837e+03 1.068309537281846389e+02
8.647463414499186911e+03 9.687037741361622523e+01
8.647663415965860622e+03 9.781981134481030438e+01
8.647863417432530696e+03 1.037909415612739679e+02
8.648063418899204407e+03 9.414314599801829786e+01
8.648263420365876300e+03 1.005736974290416299e+02
8.648463421832548192e+03 1.031932285038900687e+02
8.648663423299220085e+03 9.476426778211634883e+01
8.648863424765891978e+03 1.014184818306304408e+02
8.649063426232562051e+03 1.011227561175870449e+02
8.649263427699235763e+03 9.940716983093695092e+01
8.649463429165905836e+03 1.061092603025512346e+02
8.649663430632579548e+03 1.018593657721229562e+02
8.649863432099249621e+03 1.016701124926468225e+02
8.650063433565923333e+03 9.722231835971278713e+01
8.650263435032595225e+03 1.031204992334244963e+02
8.650463436499267118e+03 9.925487942423900734e+01
8.650663437965939011e+03 1.004297990121775115e+02
8.650863439432610903e+03 9.982103040789863257e+01
8.651063440899284615e+03 9.505234299943093390e+01
8.651263442365956507e+03 9.891888069661447958e+01
8.651463443832628400e+03 1.108121584808358620e+02
8.651663445299300292e+03 1.082684368829277730e+02
8.651863446765972185e+03 9.897399494207319037e+01
8.652063448232644078e+03 9.776798456247220770e+01
8.652263449699317789e+03 9.654014248656216068e+01
8.652463451165987863e+03 9.863936446012107240e+01
8.652663452632661574e+03 9.806635240515690555e+01
8.652863454099331648e+03 9.251472343011509736e+01
8.653063455566005359e+03 9.905709249036632968e+01
8.653263457032677252e+03 9.808568579076596450e+01
8.653463458499349144e+03 1.019920411449853930e+02
8.653663459966019218e+03 1.035582074591037554e+02
8.653863461432691111e+03 1.004454425014217520e+02
8.654063462899363003e+03 9.952209957021922548e+01
8.654263464366036715e+03 1.034583020515321863e+02
8.654463465832706788e+03 1.046933203198444602e+02
8.654663467299380500e+03 9.879028540564075911e+01
8.654863468766052392e+03 1.015883298747792622e+02
8.655063470232724285e+03 9.804749557958270145e+01
8.655263471699397996e+03 9.815450710926774036e+01
8.655463473166068070e+03 9.606826605442161338e+01
8.655663474632741782e+03 9.141802505268071855e+01
8.655863476099411855e+03 9.803982184331403005e+01
8.656063477566085567e+03 9.985591568429784104e+01
8.656263479032757459e+03 9.162114515624627131e+01
8.656463480499429352e+03 9.623298898088343378e+01
8.656663481966101244e+03 1.009409184304560227e+02
8.656863483432773137e+03 9.974018138023416213e+01
8.657063484899445029e+03 1.014495233966556924e+02
8.657263486366118741e+03 9.516561257481396296e+01
8.657463487832788815e+03 9.673727670953445568e+01
8.657663489299462526e+03 8.931361740655461290e+01
8.657863490766132600e+03 8.886524836654680826e+01
8.658063492232806311e+03 9.786374286381359866e+01
8.658263493699476385e+03 9.062530876443744887e+01
8.658463495166148277e+03 8.907318860846356756e+01
8.658663496632821989e+03 9.342538261007892686e+01
8.658863498099492062e+03 9.613872498032203850e+01
8.659063499566165774e+03 9.476042742866562207e+01
8.659263501032837667e+03 8.552968711031057580e+01
8.659463502499509559e+03 9.180122839647292210e+01
8.659663503966181452e+03 9.347133290065201550e+01
8.659863505432853344e+03 9.037522239450034078e+01
8.660063506899525237e+03 8.811908812423493487e+01
8.660263508366198948e+03 7.888628405043246516e+01
8.660463509832869022e+03 8.445549302343499676e+01
8.660663511299542733e+03 7.793430220449482704e+01
8.660863512766212807e+03 7.425115236361388327e+01
8.661063514232886519e+03 7.207202250658079379e+01
8.661263515699558411e+03 6.824308336902167582e+01
8.661463517166230304e+03 6.542159026158826407e+01
8.661663518632902196e+03 5.295561768338014019e+01
8.661863520099574089e+03 4.682356337967837590e+01
8.662063521566247800e+03 4.405587817786962290e+01
8.662263523032919693e+03 4.068541412392280421e+01
8.662463524499591585e+03 4.524981344243855119e+01
8.662663525966263478e+03 5.154214676500848924e+01
8.662863527432933552e+03 6.414635616202733104e+01
8.663063528899605444e+03 7.218837628506601334e+01
8.663263530366279156e+03 7.381556092923014489e+01
8.663463531832949229e+03 7.670156829845632274e+01
8.663663533299622941e+03 8.269542311848984184e+01
8.663863534766293014e+03 8.550251958685963416e+01
8.664063536232966726e+03 8.410421163938640632e+01
8.664263537699638619e+03 8.858921849619139266e+01
8.664463539166310511e+03 9.206678529507078679e+01
8.664663540632982404e+03 8.933862279713473242e+01
8.664863542099654296e+03 9.406384704470049485e+01
8.665063543566326189e+03 9.687655130111214419e+01
8.665263545032999900e+03 9.903489071832902368e+01
8.665463546499669974e+03 9.708209892324686052e+01
8.665663547966343685e+03 9.179841113908126715e+01
8.665863549433015578e+03 8.632754224865736603e+01
8.666063550899687471e+03 9.226259221000238142e+01
8.666263552366361182e+03 9.342536840296089906e+01
8.666463553833031256e+03 9.505626729718278511e+01
8.666663555299704967e+03 9.005695577998011458e+01
8.666863556766375041e+03 9.376340268482803708e+01
8.667063558233048752e+03 9.847371243316324296e+01
8.667263559699720645e+03 9.543439093771122828e+01
8.667463561166390718e+03 9.417690457559557160e+01
8.667663562633062611e+03 9.261420252174445977e+01
8.667863564099734504e+03 9.778687651426194805e+01
8.668063565566406396e+03 9.581822115347520707e+01
8.668263567033080108e+03 1.017504805463237005e+02
8.668463568499750181e+03 9.903263178064013061e+01
8.668663569966423893e+03 9.710492002786426724e+01
8.668863571433093966e+03 1.059422580154752893e+02
8.669063572899767678e+03 9.712455935072394198e+01
8.669263574366439570e+03 1.041433687002467110e+02
8.669463575833111463e+03 1.032967994713668958e+02
8.669663577299785175e+03 9.644218702730111659e+01
8.669863578766455248e+03 9.860438340299299398e+01
8.670063580233128960e+03 9.514436423335629911e+01
8.670263581699800852e+03 9.750717910624399565e+01
8.670463583166472745e+03 9.683375701158446702e+01
8.670663584633144637e+03 9.878204107424264180e+01
8.670863586099816530e+03 1.023814784107427585e+02
8.671063587566488422e+03 1.036591207911177861e+02
8.671263589033162134e+03 1.052894553431009541e+02
8.671463590499832208e+03 9.835090072947599538e+01
8.671663591966505919e+03 9.720697814756881883e+01
8.671863593433175993e+03 9.319112621987719081e+01
8.672063594899847885e+03 9.895931964779362033e+01
8.672263596366519778e+03 1.012710756328353767e+02
8.672463597833191670e+03 9.505830548312364670e+01
8.672663599299863563e+03 9.507069835633102173e+01
8.672863600766535455e+03 1.045324923681340579e+02
8.673063602233207348e+03 1.008562354089325623e+02
8.673263603699881060e+03 9.795995367543359578e+01
8.673463605166552952e+03 1.017040178155253614e+02
8.673663606633224845e+03 1.006870618098819392e+02
8.673863608099896737e+03 9.520365626033489548e+01
8.674063609566568630e+03 9.397790140867955699e+01
8.674263611033242341e+03 1.036453856139721097e+02
8.674463612499912415e+03 1.013679336516293006e+02
8.674663613966586126e+03 8.885483500394909129e+01
8.674863615433256200e+03 8.830544578501465480e+01
8.675063616899929912e+03 8.701442120789752721e+01
8.675263618366601804e+03 8.515764101041537515e+01
8.675463619833273697e+03 8.505321323658287724e+01
8.675663621299945589e+03 9.496486379555214796e+01
8.675863622766617482e+03 9.426665843531125688e+01
8.676063624233289374e+03 9.750290690811080196e+01
8.676263625699963086e+03 9.737449732703245786e+01
8.676463627166633160e+03 1.063705428157635993e+02
8.676663628633305052e+03 9.543497094231467770e+01
8.676863630099976945e+03 9.773086918400289846e+01
8.677063631566648837e+03 1.028783411865474449e+02
8.677263633033322549e+03 9.770966511229850937e+01
8.677463634499992622e+03 1.013137522972608480e+02
8.677663635966666334e+03 9.592992675037477568e+01
8.677863637433336407e+03 1.011778983039241524e+02
8.678063638900010119e+03 1.051091452495120819e+02
8.678263640366682012e+03 1.025117222346179489e+02
8.678463641833353904e+03 9.967391405196926257e+01
8.678663643300025797e+03 1.016112791222659695e+02
8.678863644766697689e+03 9.769344334316718914e+01
8.679063646233369582e+03 9.655895331114616909e+01
8.679263647700043293e+03 1.015547580082157566e+02
8.679463649166713367e+03 9.620000268236620400e+01
8.679663650633387078e+03 1.027457887929419371e+02
8.679863652100057152e+03 9.857593571319968362e+01
8.680063653566730864e+03 9.789957168580971825e+01
8.680263655033402756e+03 9.602289567041873397e+01
8.680463656500074649e+03 9.454022793456792328e+01
8.680663657966748360e+03 1.056008524476712296e+02
8.680863659433418434e+03 9.935868049025019388e+01
8.681063660900092145e+03 1.019632942788128531e+02
8.681263662366762219e+03 9.755733078061497565e+01
8.681463663833434111e+03 9.958343957477403308e+01
8.681663665300106004e+03 1.038439889968406789e+02
8.681863666766777897e+03 1.012830249283627069e+02
8.682063668233449789e+03 1.014002381451162051e+02
8.682263669700123501e+03 9.061305994431684496e+01
8.682463671166793574e+03 1.013998928098564392e+02
8.682663672633467286e+03 9.322183847807734480e+01
8.682863674100137359e+03 1.011192824141411251e+02
8.683063675566811071e+03 8.710881035364090508e+01
8.683263677033482963e+03 9.525292292531125327e+01
8.683463678500154856e+03 9.664552092963828045e+01
8.683663679966826749e+03 1.035352723719784507e+02
8.683863681433498641e+03 9.962438977346131708e+01
8.684063682900170534e+03 9.753756383181972467e+01
8.684263684366844245e+03 1.075066806698870892e+02
8.684463685833516138e+03 1.043798714628604358e+02
8.684663687300188030e+03 9.562632223234604112e+01
8.684863688766859923e+03 9.622364987573075723e+01
8.685063690233531815e+03 9.734325333209280018e+01
8.685263691700205527e+03 9.636919524593584185e+01
8.685463693166875601e+03 1.004267775914954512e+02
8.685663694633549312e+03 9.965938193652749533e+01
8.685863696100217567e+03 1.007844386443837266e+02
8.686063697566891278e+03 9.984473326136881610e+01
8.686263699033563171e+03 9.412619705828363692e+01
8.686463700500235063e+03 9.602770572533175653e+01
8.686663701966906956e+03 9.613949177518649947e+01
8.686863703433578848e+03 9.596459074255267296e+01
8.687063704900250741e+03 9.985179183487035459e+01
8.687263706366924453e+03 1.075513078912654947e+02
8.687463707833594526e+03 9.729454321467935074e+01
8.687663709300268238e+03 9.736611481442808724e+01
8.687863710766938311e+03 1.040856324081180730e+02
8.688063712233612023e+03 8.523137366389681802e+01
8.688263713700285734e+03 8.743998950599555542e+01
8.688463715166955808e+03 7.744378822999884449e+01
8.688663716633629519e+03 7.023084812022329970e+01
8.688863718100299593e+03 6.811680918017175657e+01
8.689063719566973305e+03 8.503878163439483728e+01
8.689263721033645197e+03 8.999069486224405523e+01
8.689463722500317090e+03 9.134421638526177389e+01
8.689663723966988982e+03 9.968468398339979331e+01
8.689863725433660875e+03 9.469713632148412330e+01
8.690063726900332767e+03 1.020698835164517391e+02
8.690263728367006479e+03 1.014791935263681779e+02
8.690463729833674734e+03 1.039724564403606735e+02
8.690663731300348445e+03 1.043059178756399916e+02
8.690863732767018519e+03 9.230981353572992987e+01
8.691063734233692230e+03 1.020636014823825519e+02
8.691263735700364123e+03 1.000711237320531524e+02
8.691463737167036015e+03 1.027150795967410772e+02
8.691663738633709727e+03 9.772499741843859056e+01
8.691863740100379800e+03 9.456218133000346882e+01
8.692063741567053512e+03 9.555346563732092591e+01
8.692263743033725405e+03 9.844673821088692023e+01
8.692463744500397297e+03 1.008703424324519204e+02
8.692663745967069190e+03 9.568571749108366475e+01
8.692863747433741082e+03 9.821169594042898154e+01
8.693063748900412975e+03 1.070339877260495314e+02
8.693263750367086686e+03 9.942194290963165315e+01
8.693463751833756760e+03 9.317566519467338537e+01
8.693663753300430471e+03 1.031011430225072729e+02
8.693863754767100545e+03 9.712956583176929826e+01
8.694063756233774257e+03 9.760916079684106705e+01
8.694263757700446149e+03 9.563361230397853774e+01
8.694463759167118042e+03 1.028851324880804867e+02
8.694663760633789934e+03 9.521421178648670036e+01
8.694863762100461827e+03 9.593590664980669658e+01
8.695063763567131900e+03 9.905822231383029930e+01
8.695263765033805612e+03 1.033345650623811025e+02
8.695463766500477504e+03 9.914255949064987306e+01
8.695663767967149397e+03 9.940756096945081310e+01
8.695863769433821290e+03 9.463840385650361497e+01
8.696063770900493182e+03 9.811475245770725451e+01
8.696263772367166894e+03 1.042229568553392909e+02
8.696463773833836967e+03 1.027060080129259205e+02
8.696663775300510679e+03 1.012020129013041441e+02
8.696863776767180752e+03 9.745184136987562340e+01
8.697063778233854464e+03 9.729514861949861881e+01
8.697263779700526356e+03 1.029201117890245598e+02
8.697463781167198249e+03 1.027752381476859824e+02
8.697663782633870142e+03 9.750900113881343145e+01
8.697863784100542034e+03 1.063075228063030693e+02
8.698063785567213927e+03 1.016459309347165032e+02
8.698263787033887638e+03 9.869494691387308194e+01
8.698463788500557712e+03 9.823727909201038244e+01
8.698663789967231423e+03 9.981449144792762240e+01
8.698863791433901497e+03 9.656097185444481568e+01
8.699063792900575208e+03 9.861092494189536239e+01
8.699263794367248920e+03 9.499053500466359878e+01
8.699463795833918994e+03 9.311088716367461871e+01
8.699663797300590886e+03 9.786937252498421458e+01
8.699863798767260960e+03 9.894222504594469569e+01
8.700063800233934671e+03 1.016651738839077126e+02
8.700263801700606564e+03 1.076574552267855154e+02
8.700463803167278456e+03 1.082342488689286313e+02
8.700663804633950349e+03 1.012813569342127948e+02
8.700863806100622242e+03 1.014561678544644394e+02
8.701063807567294134e+03 1.008832812355700952e+02
8.701263809033967846e+03 9.714134310334604550e+01
8.701463810500637919e+03 1.012763444517661640e+02
8.701663811967311631e+03 1.031041536100136398e+02
8.701863813433981704e+03 9.898175431135281599e+01
8.702063814900655416e+03 9.294222477032953122e+01
8.702263816367327308e+03 1.030221303346718713e+02
8.702463817833999201e+03 9.340809236123611470e+01
8.702663819300671094e+03 9.485721005058638866e+01
8.702863820767342986e+03 8.998065714849283836e+01
8.703063822234016698e+03 9.876640584656237820e+01
8.703263823700688590e+03 9.859580757951043495e+01
8.703463825167360483e+03 9.570532017763429167e+01
8.703663826634032375e+03 9.736874560486906205e+01
8.703863828100704268e+03 9.370561625703500397e+01
8.704063829567376160e+03 1.014766547734761701e+02
8.704263831034048053e+03 1.000848803273385670e+02
8.704463832500718127e+03 1.051743947304711213e+02
8.704663833967391838e+03 9.268158572087737923e+01
8.704863835434061912e+03 9.864214557789891558e+01
8.705063836900735623e+03 9.189635962022185822e+01
8.705263838367407516e+03 1.034820026709538041e+02
8.705463839834079408e+03 9.298671084668697517e+01
8.705663841300751301e+03 1.005802862803663089e+02
8.705863842767423193e+03 9.594828605522312159e+01
8.706063844234095086e+03 1.066186364512987979e+02
8.706263845700768798e+03 1.002180839261819045e+02
8.706463847167440690e+03 9.333295451360673667e+01
8.706663848634112583e+03 9.883120168133491745e+01
8.706863850100784475e+03 1.029051223333986940e+02
8.707063851567456368e+03 1.010395120140152869e+02
8.707263853034130079e+03 9.944949180403736477e+01
8.707463854500800153e+03 9.151690478271495977e+01
8.707663855967473864e+03 1.038862752820139690e+02
8.707863857434143938e+03 1.004334796616530383e+02
8.708063858900817650e+03 9.259788192428482034e+01
8.708263860367489542e+03 9.391779069151365889e+01
8.708463861834161435e+03 1.018324023107605427e+02
8.708663863300833327e+03 9.304311389016825729e+01
8.708863864767503401e+03 1.046210446267418632e+02
8.709063866234175293e+03 9.934949873175763457e+01
8.709263867700849005e+03 1.031886645579243975e+02
8.709463869167519078e+03 1.031778485433510610e+02
8.709663870634192790e+03 9.686435579915452365e+01
8.709863872100862864e+03 9.964239713618228222e+01
8.710063873567536575e+03 9.739712493210585365e+01
8.710263875034210287e+03 9.848745691012592829e+01
8.710463876500880360e+03 9.426076011334086502e+01
8.710663877967554072e+03 9.948794116159257328e+01
8.710863879434224145e+03 9.400417924279832960e+01
8.711063880900897857e+03 9.786587307276354863e+01
8.711263882367569749e+03 9.263641758419670680e+01
8.711463883834241642e+03 1.115853329701425594e+02
8.711663885300913535e+03 1.040707011620205407e+02
8.711863886767585427e+03 1.032384392843212737e+02
8.712063888234257320e+03 1.023044467440767562e+02
8.712263889700931031e+03 1.112352977085615890e+02
8.712463891167601105e+03 1.061843636497495140e+02
8.712663892634274816e+03 1.030524969881282260e+02
8.712863894100944890e+03 9.768114936634820822e+01
8.713063895567618601e+03 9.613141293703131396e+01
8.713263897034290494e+03 9.371229102345881756e+01
8.713463898500960568e+03 9.603423773510756689e+01
8.713663899967632460e+03 9.364535640422427321e+01
8.713863901434304353e+03 1.013113707636576635e+02
8.714063902900978064e+03 1.023281946340981818e+02
8.714263904367649957e+03 9.712453659593136024e+01
8.714463905834321849e+03 9.845482136541224349e+01
8.714663907300993742e+03 1.017611160984406382e+02
8.714863908767665635e+03 9.626306862899036787e+01
8.715063910234337527e+03 9.874874961887532265e+01
8.715263911701011239e+03 1.042289386961357991e+02
8.715463913167681312e+03 9.922583586187727178e+01
8.715663914634355024e+03 1.020127858766930871e+02
8.715863916101025097e+03 1.053134709054112363e+02
8.716063917567698809e+03 1.057167433718298639e+02
8.716263919034370701e+03 9.319062614656941435e+01
8.716463920501042594e+03 9.970853380726865112e+01
8.716663921967714487e+03 1.078081497834026834e+02
8.716863923434386379e+03 1.040821950144985806e+02
8.717063924901058272e+03 1.035767007383357310e+02
8.717263926367731983e+03 9.492428786842698685e+01
8.717463927834402057e+03 1.020691389413856029e+02
8.717663929301075768e+03 9.038744107612518519e+01
8.717863930767747661e+03 9.464048100428900057e+01
8.718063932234417734e+03 9.503844598091139062e+01
8.718263933701091446e+03 9.333672676781991129e+01
8.718463935167761520e+03 1.042632719197523983e+02
8.718663936634435231e+03 1.016324053897131847e+02
8.718863938101105305e+03 1.025427701020204267e+02
8.719063939567779016e+03 1.041086056073810653e+02
8.719263941034450909e+03 1.015118409390835552e+02
8.719463942501122801e+03 9.999946653214014702e+01
8.719663943967794694e+03 1.012919865041278342e+02
8.719863945434466586e+03 9.968947239097212787e+01
8.720063946901138479e+03 9.787356033224007490e+01
8.720263948367812191e+03 1.035241968025266459e+02
8.720463949834482264e+03 1.035809050012076824e+02
8.720663951301155976e+03 9.440328578119570579e+01
8.720863952767826049e+03 1.002956570401965024e+02
8.721063954234499761e+03 9.673352231177136673e+01
8.721263955701173472e+03 9.592610080070134870e+01
8.721463957167843546e+03 9.871486657164746248e+01
8.721663958634517257e+03 9.238724057306717441e+01
8.721863960101187331e+03 9.965150693833086848e+01
8.722063961567861043e+03 1.063308237047116336e+02
8.722263963034532935e+03 1.034166536447725946e+02
8.722463964501204828e+03 9.798419462425798088e+01
8.722663965967874901e+03 1.005307770441465749e+02
8.722863967434546794e+03 9.444600347063713741e+01
8.723063968901218686e+03 1.026052294538672385e+02
8.723263970367892398e+03 1.061557298666499065e+02
8.723463971834562471e+03 9.685742081233603074e+01
8.723663973301236183e+03 1.015315564677366638e+02
8.723863974767906257e+03 1.003202911848092214e+02
8.724063976234579968e+03 9.623969883633081679e+01
8.724263977701251861e+03 8.879661488018771820e+01
8.724463979167923753e+03 1.015085337523516102e+02
8.724663980634595646e+03 9.625468258358068852e+01
8.724863982101267538e+03 1.038002602247380821e+02
8.725063983567941250e+03 1.057261834365331623e+02
8.725263985034613142e+03 1.004493400913749639e+02
8.725463986501285035e+03 9.934330116097603991e+01
8.725663987967956928e+03 9.651467292217701299e+01
8.725863989434628820e+03 9.328477035155449926e+01
8.726063990901300713e+03 1.067892632069570595e+02
8.726263992367974424e+03 1.025293959223639035e+02
8.726463993834644498e+03 1.009153020839217163e+02
8.726663995301318209e+03 1.018170353406595012e+02
8.726863996767988283e+03 1.019598250472910337e+02
8.727063998234661995e+03 1.033416457126064074e+02
8.727263999701332068e+03 9.728539498614334491e+01
8.727464001168003961e+03 9.101163827884420243e+01
8.727664002634675853e+03 1.002529384514663917e+02
8.727864004101347746e+03 9.460543040633380940e+01
8.728064005568019638e+03 1.024678786812176412e+02
8.728264007034693350e+03 9.579494192557243082e+01
8.728464008501363423e+03 9.617331650133070298e+01
8.728664009968037135e+03 9.446941893377569954e+01
8.728864011434709028e+03 1.059966442393649970e+02
8.729064012901380920e+03 1.015828207860836727e+02
8.729264014368054632e+03 9.745426668994900865e+01
8.729464015834724705e+03 9.794799896232768788e+01
8.729664017301398417e+03 1.031895188659867415e+02
8.729864018768068490e+03 9.746007162984228955e+01
8.730064020234742202e+03 9.153905511541707085e+01
