8.479745603815885261e+03 9.991018985595900403e+01
8.479945597815976726e+03 1.018430618746532161e+02
8.480145591816064552e+03 9.944752835151638237e+01
8.480345585816156017e+03 1.016329421278441743e+02
8.480545579816243844e+03 1.011881139865956385e+02
8.480745573816337128e+03 9.818963222923004253e+01
8.480945567816426774e+03 9.953914589092092058e+01
8.481145561816516420e+03 9.968912366287715088e+01
8.481345555816606065e+03 9.888331763325859924e+01
8.481545549816695711e+03 9.741868918423689649e+01
8.481745543816785357e+03 9.816465592339024226e+01
8.481945537816876822e+03 1.010123283525880709e+02
8.482145531816964649e+03 1.007173676962248408e+02
8.482345525817057933e+03 9.968935834618262959e+01
8.482545519817145760e+03 9.938709334559234776e+01
8.482745513817237224e+03 9.915620827977011231e+01
8.482945507817326870e+03 1.019034639597471141e+02
8.483145501817416516e+03 9.869473985109085845e+01
8.483345495817506162e+03 1.001314000648876004e+02
8.483545489817593989e+03 1.010536073858261545e+02
8.483745483817685454e+03 9.688991515817191669e+01
8.483945477817775100e+03 9.893658536054202557e+01
8.484145471817866564e+03 9.966003000873915596e+01
8.484345465817956210e+03 1.001634552139901757e+02
8.484545459818045856e+03 9.883144044321311128e+01
8.484745453818135502e+03 1.017664985494635914e+02
8.484945447818226967e+03 1.012390910039464273e+02
8.485145441818314794e+03 1.000034445902524141e+02
8.485345435818406258e+03 9.986806061425841108e+01
8.485545429818494085e+03 9.959437764966351381e+01
8.485745423818587369e+03 9.919178073577114674e+01
8.485945417818677015e+03 9.940616583804465733e+01
8.486145411818766661e+03 1.002538963448143079e+02
8.486345405818856307e+03 9.854229837761015176e+01
8.486545399818945953e+03 9.991165943147665018e+01
8.486745393819035598e+03 9.965161645435713922e+01
8.486945387819127063e+03 1.006554228165311997e+02
8.487145381819214890e+03 9.903042442976369841e+01
8.487345375819306355e+03 1.004218135081773084e+02
8.487545369819396001e+03 1.007319073405035539e+02
8.487745363819485647e+03 1.028357196679197187e+02
8.487945357819577112e+03 1.016237258165055835e+02
8.488145351819664938e+03 1.011147497332934222e+02
8.488345345819756403e+03 9.903760419755741395e+01
8.488545339819844230e+03 9.936893545129315441e+01
8.488745333819935695e+03 9.805918022538422463e+01
8.488945327820025341e+03 9.906119472316372310e+01
8.489145321820114987e+03 1.001227627017976545e+02
8.489345315820206451e+03 1.003247002399680383e+02
8.489545309820296097e+03 1.018347584665834091e+02
8.489745303820385743e+03 9.927447938049975562e+01
8.489945297820477208e+03 1.010035274762979327e+02
8.490145291820565035e+03 9.882011756100688160e+01
8.490345285820656500e+03 1.008657006291653460e+02
8.490545279820744327e+03 1.009637582272511054e+02
8.490745273820835791e+03 1.022505260228521848e+02
8.490945267820927256e+03 9.965490983201353004e+01
8.491145261821016902e+03 1.011652097600905904e+02
8.491345255821106548e+03 1.017564696835018339e+02
8.491545249821196194e+03 9.882838016391941949e+01
8.491745243821285840e+03 1.008566958541780565e+02
8.491945237821375486e+03 9.820716347253370770e+01
8.492145231821465131e+03 9.837486804245193639e+01
8.492345225821554777e+03 9.882979342193715411e+01
8.492545219821644423e+03 1.002010848621957848e+02
8.492745213821735888e+03 1.011192486574982894e+02
8.492945207821827353e+03 9.845112751440731813e+01
8.493145201821915180e+03 9.707844903883376730e+01
8.493345195822006644e+03 9.668181652712290486e+01
8.493545189822094471e+03 9.832145807188143749e+01
8.493745183822185936e+03 9.832847363429767995e+01
8.493945177822275582e+03 1.004415223064961395e+02
8.494145171822365228e+03 9.894396515614373300e+01
8.494345165822456693e+03 9.976022872709249611e+01
8.494545159822546339e+03 9.879623305114596121e+01
8.494745153822635984e+03 9.751545413478395119e+01
8.494945147822727449e+03 9.944012770161459969e+01
8.495145141822815276e+03 9.793515291770442843e+01
8.495345135822906741e+03 9.859682809101110479e+01
8.495545129822994568e+03 9.624238065266544595e+01
8.495745123823086033e+03 9.568976765719152411e+01
8.495945117823175678e+03 9.568778004545600879e+01
8.496145111823267143e+03 9.504350634718281299e+01
8.496345105823356789e+03 9.265706760046882096e+01
8.496545099823444616e+03 8.980425344987192204e+01
8.496745093823536081e+03 8.528957289587162904e+01
8.496945087823625727e+03 7.978478885917847663e+01
8.497145081823715373e+03 7.354781748211702563e+01
8.497345075823805018e+03 6.246346577159312830e+01
8.497545069823894664e+03 5.326011748174667559e+01
8.497745063823986129e+03 4.949078438040855588e+01
8.497945057824077594e+03 5.278076723507276569e+01
8.498145051824165421e+03 6.170787364292171162e+01
8.498345045824256886e+03 7.208838454052647648e+01
8.498545039824344713e+03 7.906844830544727643e+01
8.498745033824436177e+03 8.559049334653172991e+01
8.498945027824525823e+03 8.880412372190829728e+01
8.499145021824615469e+03 9.417968549706688464e+01
8.499345015824705115e+03 9.551199958062240114e+01
8.499545009824796580e+03 9.610329849031762706e+01
8.499745003824886226e+03 9.688084510873821387e+01
8.499944997824977690e+03 9.818945421164218601e+01
8.500144991825065517e+03 9.610231439222016547e+01
8.500344985825156982e+03 9.738127747273726698e+01
8.500544979825244809e+03 9.938838329044581599e+01
8.500744973825334455e+03 9.785436737919059169e+01
8.500944967825425920e+03 9.974144192218540184e+01
8.501144961825513747e+03 9.680982833499587059e+01
8.501344955825607030e+03 9.796933596510552889e+01
8.501544949825694857e+03 1.005715080639181025e+02
8.501744943825786322e+03 9.923383236524468032e+01
8.501944937825875968e+03 9.843580350490510966e+01
8.502144931825965614e+03 9.928026202083859175e+01
8.502344925826055260e+03 1.003708094182780286e+02
8.502544919826144906e+03 9.792919804558496821e+01
8.502744913826234551e+03 9.972476115496297666e+01
8.502944907826327835e+03 9.993182967491128466e+01
8.503144901826415662e+03 1.002708292224273805e+02
8.503344895826507127e+03 9.945442027823705189e+01
8.503544889826594954e+03 1.005095998116831026e+02
8.503744883826686419e+03 9.908278440878756044e+01
8.503944877826776064e+03 9.921297894869607603e+01
8.504144871826865710e+03 1.001487751130289325e+02
8.504344865826955356e+03 9.903662525351568036e+01
8.504544859827045002e+03 1.004725156447488246e+02
8.504744853827136467e+03 9.925502416043025278e+01
8.504944847827226113e+03 1.000684913022678302e+02
8.505144841827315759e+03 1.004647310215310512e+02
8.505344835827405404e+03 9.918087758834249712e+01
8.505544829827495050e+03 9.854956307660187065e+01
8.505744823827584696e+03 9.934208556216862007e+01
8.505944817827676161e+03 9.925035051581293999e+01
8.506144811827763988e+03 1.000286215783781216e+02
8.506344805827857272e+03 9.972090417963751463e+01
8.506544799827945099e+03 9.979534182923829633e+01
8.506744793828036563e+03 9.904378627549755265e+01
8.506944787828126209e+03 1.001192032217725796e+02
8.507144781828215855e+03 1.013763001163440549e+02
8.507344775828305501e+03 9.827475643737244582e+01
8.507544769828395147e+03 9.886502297192048161e+01
8.507744763828484793e+03 9.887587951114552709e+01
8.507944757828576257e+03 1.004946027450891393e+02
8.508144751828665903e+03 9.786183102684080382e+01
8.508344745828757368e+03 9.846322698178400401e+01
8.508544739828845195e+03 9.974472150475358490e+01
8.508744733828936660e+03 9.981534079284510597e+01
8.508944727829026306e+03 1.000397565227368517e+02
8.509144721829114133e+03 1.010705826835969674e+02
8.509344715829205597e+03 1.000161874328436085e+02
8.509544709829293424e+03 1.004593009115700966e+02
8.509744703829386708e+03 1.008465663671510271e+02
8.509944697829476354e+03 9.965570004432973406e+01
8.510144691829566000e+03 9.739575667211286714e+01
8.510344685829655646e+03 1.010882412723407953e+02
8.510544679829745291e+03 9.837397623478584308e+01
8.510744673829834937e+03 1.006023440178418014e+02
8.510944667829926402e+03 9.814267047524515419e+01
8.511144661830014229e+03 9.652120487395491466e+01
8.511344655830105694e+03 9.766246404954350169e+01
8.511544649830195340e+03 9.837044174070166491e+01
8.511744643830286805e+03 1.003817410690931098e+02
8.511944637830376450e+03 9.924590374869032416e+01
8.512144631830466096e+03 9.890441251219867524e+01
8.512344625830555742e+03 1.012305338963089838e+02
8.512544619830645388e+03 9.844845876147823560e+01
8.512744613830735034e+03 9.878262691996663136e+01
8.512944607830826499e+03 9.754106070707415199e+01
8.513144601830914326e+03 9.752970430749921604e+01
8.513344595831005790e+03 9.340623555523703203e+01
8.513544589831095436e+03 8.837763017405572441e+01
8.513744583831185082e+03 8.574334276775543628e+01
8.513944577831276547e+03 8.728741412878643757e+01
8.514144571831364374e+03 9.328631339395469979e+01
8.514344565831455839e+03 9.523464587863770703e+01
8.514544559831543665e+03 9.691448956237765344e+01
8.514744553831635130e+03 9.771879305498974588e+01
8.514944547831726595e+03 9.665861573840015808e+01
8.515144541831816241e+03 9.807530283767124502e+01
8.515344535831905887e+03 9.999397922438427599e+01
8.515544529831995533e+03 9.896528206428311591e+01
8.515744523832085179e+03 1.008410666826839162e+02
8.515944517832176643e+03 9.892814367944657761e+01
8.516144511832264470e+03 9.844588799423210901e+01
8.516344505832355935e+03 9.993827878506900220e+01
8.516544499832443762e+03 9.963950946274326270e+01
8.516744493832537046e+03 9.928634239315884713e+01
8.516944487832626692e+03 9.953519805040437518e+01
8.517144481832716338e+03 9.985900094181693021e+01
8.517344475832805983e+03 9.829472499756596449e+01
8.517544469832893810e+03 9.856123988766444199e+01
8.517744463832985275e+03 9.754798970155513871e+01
8.517944457833074921e+03 9.812706524673050978e+01
8.518144451833164567e+03 9.653610524747726629e+01
8.518344445833256032e+03 9.769370138284853056e+01
8.518544439833345677e+03 9.929101940971327167e+01
8.518744433833435323e+03 9.893209954840550324e+01
8.518944427833526788e+03 9.953290274655725511e+01
8.519144421833614615e+03 9.990020413440110758e+01
8.519344415833706080e+03 9.976647090387901073e+01
8.519544409833793907e+03 9.954921886788727647e+01
8.519744403833885372e+03 9.982790191499907451e+01
8.519944397833975017e+03 9.876662707293765209e+01
8.520144391834066482e+03 1.008278752576320443e+02
8.520344385834156128e+03 9.916019377817546854e+01
8.520544379834245774e+03 9.890320725571596938e+01
8.520744373834335420e+03 9.753810977866541521e+01
8.520944367834426885e+03 1.001050518003019931e+02
8.521144361834514712e+03 9.923201226882636661e+01
8.521344355834606176e+03 1.003641639966701291e+02
8.521544349834694003e+03 9.977060348518135413e+01
8.521744343834785468e+03 9.922952401734747241e+01
8.521944337834876933e+03 9.996192540395925619e+01
8.522144331834964760e+03 1.000533600950283244e+02
8.522344325835056225e+03 9.757161247158376227e+01
8.522544319835144051e+03 1.009338295326131174e+02
8.522744313835235516e+03 9.978933285096239558e+01
8.522944307835325162e+03 9.996838204931545135e+01
8.523144301835414808e+03 9.785885628405370085e+01
8.523344295835504454e+03 1.007278851096115204e+02
8.523544289835595919e+03 1.003869414640975606e+02
8.523744283835685565e+03 1.014018862450428458e+02
8.523944277835777029e+03 9.798740641938751139e+01
8.524144271835864856e+03 1.001000497174935475e+02
8.524344265835956321e+03 1.001680153504446764e+02
8.524544259836044148e+03 1.018138786137206324e+02
8.524744253836135613e+03 9.879892193171372128e+01
8.524944247836225259e+03 1.004098287560155995e+02
8.525144241836314905e+03 9.958230735684395540e+01
8.525344235836406369e+03 1.004492039466745581e+02
8.525544229836496015e+03 9.797544450317457176e+01
8.525744223836585661e+03 9.796228785115644655e+01
8.525944217836677126e+03 9.941449886234539690e+01
8.526144211836764953e+03 9.864228837964230934e+01
8.526344205836854599e+03 9.937776065437896023e+01
8.526544199836944244e+03 1.005939678804482185e+02
8.526744193837033890e+03 1.001511512676203779e+02
8.526944187837127174e+03 9.947609187012329812e+01
8.527144181837215001e+03 9.783231335256814987e+01
8.527344175837306466e+03 9.958488204278799572e+01
8.527544169837394293e+03 9.912857709146834395e+01
8.527744163837485758e+03 1.010126000612209225e+02
8.527944157837575403e+03 9.975835697161440407e+01
8.528144151837665049e+03 9.853128862467175964e+01
8.528344145837754695e+03 9.919624029584511504e+01
8.528544139837844341e+03 9.742022885343139649e+01
8.528744133837935806e+03 9.856972436812736760e+01
8.528944127838027271e+03 1.001284791774789227e+02
8.529144121838115097e+03 1.000973811323950002e+02
8.529344115838206562e+03 1.017852059415014878e+02
8.529544109838294389e+03 1.011913472298193000e+02
8.529744103838385854e+03 9.771910194602931199e+01
8.529944097838475500e+03 1.004950016509313286e+02
8.530144091838565146e+03 1.002003548705013003e+02
8.530344085838656611e+03 9.957206592368042664e+01
8.530544079838744437e+03 9.986422136029982255e+01
8.530744073838835902e+03 1.001662977780336377e+02
8.530944067838925548e+03 9.884857933444116895e+01
8.531144061839015194e+03 1.004842444181350345e+02
8.531344055839104840e+03 9.947499456948165175e+01
8.531544049839194486e+03 9.849196034412157985e+01
8.531744043839284132e+03 9.938796765843294168e+01
8.531944037839375596e+03 9.817333164583914140e+01
8.532144031839465242e+03 1.003529946785079403e+02
8.532344025839556707e+03 9.966255142373512399e+01
8.532544019839644534e+03 9.936629865443292431e+01
8.532744013839735999e+03 9.906557392191511724e+01
8.532944007839825645e+03 9.984437806818601757e+01
8.533144001839915290e+03 9.778744445114095640e+01
8.533343995840004936e+03 9.836800981779549602e+01
8.533543989840094582e+03 9.909895892594842337e+01
8.533743983840186047e+03 9.976885713373467013e+01
8.533943977840277512e+03 9.878986506538190326e+01
8.534143971840365339e+03 9.852818791096554207e+01
8.534343965840456804e+03 9.938485652866974362e+01
8.534543959840544630e+03 1.002771352372025717e+02
8.534743953840634276e+03 9.759197896207807332e+01
8.534943947840725741e+03 9.873324868056437253e+01
8.535143941840813568e+03 9.959233447861996069e+01
8.535343935840905033e+03 9.752658509457445746e+01
8.535543929840994679e+03 9.920083363932396026e+01
8.535743923841086144e+03 9.796443951017555207e+01
8.535943917841175789e+03 9.815903003149433914e+01
8.536143911841265435e+03 9.598690654439614889e+01
8.536343905841355081e+03 9.791910509991883771e+01
8.536543899841444727e+03 9.775835021649106693e+01
8.536743893841534373e+03 9.610705312045085691e+01
8.536943887841625838e+03 9.627912007302006714e+01
8.537143881841713664e+03 9.672993515299289413e+01
8.537343875841806948e+03 9.480999353986531730e+01
8.537543869841894775e+03 9.654475730292357127e+01
8.537743863841986240e+03 9.658793388037165073e+01
8.537943857842075886e+03 9.473969029102514128e+01
8.538143851842165532e+03 9.310813400790117100e+01
8.538343845842255178e+03 9.285986904673197273e+01
8.538543839842344823e+03 9.282000987678796378e+01
8.538743833842434469e+03 9.352120673559939235e+01
8.538943827842525934e+03 8.985099664830137556e+01
8.539143821842615580e+03 8.952070436613483650e+01
8.539343815842705226e+03 8.967061272812576078e+01
8.539543809842794872e+03 8.784582461688016508e+01
8.539743803842884518e+03 8.556450616354797489e+01
8.539943797842975982e+03 8.342109081849564234e+01
8.540143791843063809e+03 8.253622818784640458e+01
8.540343785843155274e+03 7.944917616824926654e+01
8.540543779843243101e+03 7.531223608140483350e+01
8.540743773843336385e+03 6.951524188095829970e+01
8.540943767843426031e+03 6.356697209780300994e+01
8.541143761843515676e+03 5.632541819391001781e+01
8.541343755843605322e+03 4.661797965236129926e+01
8.541543749843694968e+03 3.881968119741394929e+01
8.541743743843784614e+03 3.473803863802790204e+01
8.541943737843876079e+03 3.386515430142133454e+01
8.542143731843963906e+03 3.950492063264899656e+01
8.542343725844057190e+03 4.889805300078062800e+01
8.542543719844145016e+03 5.616133252658848107e+01
8.542743713844236481e+03 6.384764257548594202e+01
8.542943707844326127e+03 7.187062389065798129e+01
8.543143701844413954e+03 7.314975921817583071e+01
8.543343695844505419e+03 7.882405348861352934e+01
8.543543689844593246e+03 8.494361546373679062e+01
8.543743683844684710e+03 8.432044808573441230e+01
8.543943677844774356e+03 8.920601051953842386e+01
8.544143671844865821e+03 8.905423999172542437e+01
8.544343665844955467e+03 8.899076334479234163e+01
8.544543659845045113e+03 9.013975432398463283e+01
8.544743653845134759e+03 9.198342320805309669e+01
8.544943647845226224e+03 9.243421652956469359e+01
8.545143641845314050e+03 9.386157173819536581e+01
8.545343635845405515e+03 9.451469172483000136e+01
8.545543629845493342e+03 9.361366693917793214e+01
8.545743623845586626e+03 9.505958964450489646e+01
8.545943617845676272e+03 9.711030292950609066e+01
8.546143611845765918e+03 9.772521086296342219e+01
8.546343605845855564e+03 9.623350903871570949e+01
8.546543599845945209e+03 9.622378881921176230e+01
8.546743593846034855e+03 9.562472741900745632e+01
8.546943587846126320e+03 9.766248995589698723e+01
8.547143581846214147e+03 9.738344773158998180e+01
8.547343575846303793e+03 9.781609807064661766e+01
8.547543569846395258e+03 9.677202758592723342e+01
8.547743563846484903e+03 9.667843492981072018e+01
8.547943557846576368e+03 9.639025738944174293e+01
8.548143551846664195e+03 9.783884025835756404e+01
8.548343545846755660e+03 9.778944012304430089e+01
8.548543539846843487e+03 9.902688646555374419e+01
8.548743533846934952e+03 9.692097835502913483e+01
8.548943527847024598e+03 9.840974625216243510e+01
8.549143521847114243e+03 9.675275748100308704e+01
8.549343515847205708e+03 9.867236263495699689e+01
8.549543509847295354e+03 9.616858378360532811e+01
8.549743503847385000e+03 9.921577608800198789e+01
8.549943497847476465e+03 9.867313019381650463e+01
8.550143491847564292e+03 9.863827885612967350e+01
8.550343485847655757e+03 9.923862365883098846e+01
8.550543479847743583e+03 9.803446068642594469e+01
8.550743473847835048e+03 9.888094522458338531e+01
8.550943467847926513e+03 9.912087056255724349e+01
8.551143461848016159e+03 9.788517892962735800e+01
8.551343455848105805e+03 9.777419465907522067e+01
8.551543449848195451e+03 1.007892231293725018e+02
8.551743443848285096e+03 1.012696875941240648e+02
8.551943437848374742e+03 9.905846513275687926e+01
8.552143431848464388e+03 9.783037227614869380e+01
8.552343425848554034e+03 9.758884966547698525e+01
8.552543419848643680e+03 9.947887692160271911e+01
8.552743413848735145e+03 1.004014698930709670e+02
8.552943407848826610e+03 9.743839937221680714e+01
8.553143401848914436e+03 1.003180671338844121e+02
8.553343395849005901e+03 9.825099850544418700e+01
8.553543389849093728e+03 9.879293892446914072e+01
8.553743383849185193e+03 9.819844032110894716e+01
8.553943377849274839e+03 9.858615733160978323e+01
8.554143371849364485e+03 9.672265123149526289e+01
8.554343365849455950e+03 1.007794615109210241e+02
8.554543359849545595e+03 1.004062178046825551e+02
8.554743353849635241e+03 1.001987623821094502e+02
8.554943347849726706e+03 9.914183021697435549e+01
8.555143341849814533e+03 9.928251881579375038e+01
8.555343335849905998e+03 9.974284125511925936e+01
8.555543329849993825e+03 9.854144034420377807e+01
8.555743323850085289e+03 1.011374736678832420e+02
8.555943317850174935e+03 9.895436486689777666e+01
8.556143311850264581e+03 9.907890600688904215e+01
8.556343305850356046e+03 9.937050489753714544e+01
8.556543299850443873e+03 9.822835464083591717e+01
8.556743293850535338e+03 1.002956081799018335e+02
8.556943287850624984e+03 1.003618005127838160e+02
8.557143281850714629e+03 9.958902317277544114e+01
8.557343275850804275e+03 1.009449226511845410e+02
8.557543269850893921e+03 9.953534979732006605e+01
8.557743263850985386e+03 1.010977044174070869e+02
8.557943257851076851e+03 9.875649383156320482e+01
8.558143251851164678e+03 9.804232102737199739e+01
8.558343245851256142e+03 1.005467831473803244e+02
8.558543239851343969e+03 1.004484424897855774e+02
8.558743233851435434e+03 1.022097608285690740e+02
8.558943227851525080e+03 9.854689107606733955e+01
8.559143221851614726e+03 9.839330904557364477e+01
8.559343215851704372e+03 9.925294617346675352e+01
8.559543209851795837e+03 9.861975945289347578e+01
8.559743203851885482e+03 9.747639630370065333e+01
8.559943197851976947e+03 9.930043061692346384e+01
8.560143191852064774e+03 1.005785152523514228e+02
8.560343185852154420e+03 1.013085684675042870e+02
8.560543179852244066e+03 9.995449052953199498e+01
8.560743173852333712e+03 9.891536103023231874e+01
8.560943167852425177e+03 9.984526674750122766e+01
8.561143161852513003e+03 9.975860723976173006e+01
8.561343155852606287e+03 1.000131632336940299e+02
8.561543149852694114e+03 1.016132894185028306e+02
8.561743143852785579e+03 9.857246033411669828e+01
8.561943137852875225e+03 9.954060765888657158e+01
8.562143131852964871e+03 1.005614409488042327e+02
8.562343125853054516e+03 9.981667095289037661e+01
8.562543119853144162e+03 1.006279880136937379e+02
8.562743113853233808e+03 9.960653866861440520e+01
8.562943107853327092e+03 1.000043444992660113e+02
8.563143101853414919e+03 1.008306618557002849e+02
8.563343095853506384e+03 9.833578996060624888e+01
8.563543089853594211e+03 9.729099749733168778e+01
8.563743083853685675e+03 9.941340196699185583e+01
8.563943077853775321e+03 1.020712286978420025e+02
8.564143071853864967e+03 1.002756100764232627e+02
8.564343065853954613e+03 9.822869514592044027e+01
8.564543059854042440e+03 9.948842181344032554e+01
8.564743053854135724e+03 1.008997220170809186e+02
8.564943047854225370e+03 9.876944813431363457e+01
8.565143041854315015e+03 9.817484623539213828e+01
8.565343035854404661e+03 1.025396932261866993e+02
8.565543029854494307e+03 9.868880382659587269e+01
8.565743023854583953e+03 1.007099700948374732e+02
8.565943017854675418e+03 1.010487276578593026e+02
8.566143011854763245e+03 9.938234362869316385e+01
8.566343005854856528e+03 1.008097329968563258e+02
8.566542999854944355e+03 9.949200891107028610e+01
8.566742993855035820e+03 1.018048793044993801e+02
8.566942987855125466e+03 1.014449043334500402e+02
8.567142981855215112e+03 9.987138217404920226e+01
8.567342975855304758e+03 1.007671076347723016e+02
8.567542969855394404e+03 9.981908849850505305e+01
8.567742963855484049e+03 1.024572572672217632e+02
8.567942957855575514e+03 1.002020519609237965e+02
8.568142951855665160e+03 9.975058929211650138e+01
8.568342945855756625e+03 9.944142118955568321e+01
8.568542939855844452e+03 1.000551433273706010e+02
8.568742933855934098e+03 1.015713005785078025e+02
8.568942927856025563e+03 1.001732449774289364e+02
8.569142921856113389e+03 9.808497854427668017e+01
8.569342915856204854e+03 9.937588406005660602e+01
8.569542909856292681e+03 9.809503721195571302e+01
8.569742903856385965e+03 9.783386900153159615e+01
8.569942897856475611e+03 1.001965793938800431e+02
8.570142891856565257e+03 9.963399353854181584e+01
8.570342885856654902e+03 1.007039365105379574e+02
8.570542879856744548e+03 9.756973142297793800e+01
8.570742873856834194e+03 1.006940655353393481e+02
8.570942867856925659e+03 1.011337686720210627e+02
8.571142861857013486e+03 1.000603937135528838e+02
8.571342855857104951e+03 9.931238591416688166e+01
8.571542849857194597e+03 1.008781441044941403e+02
8.571742843857286061e+03 9.880973478925395170e+01
8.571942837857375707e+03 9.941025396956565885e+01
8.572142831857465353e+03 9.994193712193977319e+01
8.572342825857554999e+03 1.004584078701613379e+02
8.572542819857644645e+03 9.865764761910017455e+01
8.572742813857734291e+03 9.955667805329362352e+01
8.572942807857823937e+03 1.007196614616775179e+02
8.573142801857913582e+03 9.965854257453243292e+01
8.573342795858005047e+03 9.997770421408648645e+01
8.573542789858094693e+03 1.006382989874891791e+02
8.573742783858184339e+03 1.007172328640442061e+02
8.573942777858275804e+03 9.886853505705830969e+01
8.574142771858363631e+03 1.000219054276125377e+02
8.574342765858455095e+03 1.012306954963910073e+02
8.574542759858542922e+03 9.773225965816233440e+01
8.574742753858634387e+03 1.009835856307473563e+02
8.574942747858725852e+03 1.002309943782405668e+02
8.575142741858815498e+03 9.961845182496226414e+01
8.575342735858905144e+03 1.000442845931465428e+02
8.575542729858994790e+03 1.008139263149593603e+02
8.575742723859084435e+03 9.789608221682873079e+01
8.575942717859175900e+03 9.954092104267625984e+01
8.576142711859263727e+03 9.964197169377133889e+01
8.576342705859355192e+03 1.014201330505827627e+02
8.576542699859443019e+03 9.892992295712311090e+01
8.576742693859536303e+03 1.002008256407397226e+02
8.576942687859625948e+03 1.003555083088961055e+02
8.577142681859715594e+03 1.003403034503761404e+02
8.577342675859805240e+03 9.999489856379339869e+01
8.577542669859893067e+03 1.002817499788853013e+02
8.577742663859984532e+03 9.910086844993861632e+01
8.577942657860074178e+03 1.000003492539919705e+02
8.578142651860163824e+03 1.002436584746145911e+02
8.578342645860255288e+03 9.919255827043839702e+01
8.578542639860344934e+03 9.997735653818548940e+01
8.578742633860434580e+03 9.989177622681143021e+01
8.578942627860526045e+03 9.997587487856807797e+01
8.579142621860613872e+03 1.006216484402111888e+02
8.579342615860705337e+03 9.926474782843209255e+01
8.579542609860793164e+03 1.008033465096620205e+02
8.579742603860884628e+03 1.008726825110198320e+02
8.579942597860974274e+03 9.948637496131571822e+01
8.580142591861065739e+03 1.018421333479499680e+02
8.580342585861155385e+03 1.018335708161321094e+02
8.580542579861245031e+03 9.979255647823539732e+01
8.580742573861334677e+03 9.940051881956497937e+01
8.580942567861426141e+03 1.007389053013339577e+02
8.581142561861513968e+03 9.926079986531853194e+01
8.581342555861605433e+03 9.768864086651699097e+01
8.581542549861693260e+03 9.889653433525889170e+01
8.581742543861784725e+03 9.572640394552075804e+01
8.581942537861876190e+03 9.376863144142664908e+01
8.582142531861964017e+03 9.496998759990341910e+01
8.582342525862055481e+03 9.609745035104006661e+01
8.582542519862143308e+03 9.907689301118067249e+01
8.582742513862234773e+03 9.962304804268370617e+01
8.582942507862324419e+03 9.901800141242236464e+01
8.583142501862414065e+03 9.998316848713632510e+01
8.583342495862503711e+03 9.880455025948334935e+01
8.583542489862595176e+03 9.835632006102255787e+01
8.583742483862684821e+03 1.004011062975558843e+02
8.583942477862776286e+03 9.893527350061251013e+01
8.584142471862864113e+03 9.962876014972029282e+01
8.584342465862955578e+03 1.013027258266880466e+02
8.584542459863043405e+03 9.961218568043703669e+01
8.584742453863134870e+03 9.981386281198436450e+01
8.584942447863224515e+03 9.929237798689919714e+01
8.585142441863314161e+03 9.938614199474602628e+01
8.585342435863405626e+03 1.008419047825985189e+02
8.585542429863495272e+03 1.014316786372835821e+02
8.585742423863584918e+03 1.014141168865447469e+02
8.585942417863674564e+03 9.846855168126889168e+01
8.586142411863764210e+03 1.001616394833270220e+02
8.586342405863853855e+03 9.919441797548105910e+01
8.586542399863943501e+03 1.003290961294788133e+02
8.586742393864033147e+03 9.988544531437257490e+01
8.586942387864126431e+03 9.962378187331167112e+01
8.587142381864214258e+03 1.007555803774711194e+02
8.587342375864305723e+03 1.002528985339798737e+02
8.587542369864393550e+03 1.004109619827762430e+02
8.587742363864485014e+03 9.813665854127027899e+01
8.587942357864574660e+03 9.682237124559222252e+01
8.588142351864664306e+03 1.005012400271246662e+02
8.588342345864753952e+03 1.007526326802831420e+02
8.588542339864843598e+03 9.850721980380500042e+01
8.588742333864935063e+03 1.013899648772160447e+02
8.588942327865026527e+03 9.862207087166936503e+01
8.589142321865114354e+03 1.014419367796824218e+02
8.589342315865205819e+03 1.009803031007083121e+02
8.589542309865293646e+03 1.002614667871987422e+02
8.589742303865385111e+03 9.823783656305080569e+01
8.589942297865474757e+03 1.017257319949762575e+02
8.590142291865562584e+03 1.016424975835869020e+02
8.590342285865655867e+03 9.944098020312929975e+01
8.590542279865743694e+03 1.005168260623586036e+02
8.590742273865835159e+03 9.997149528294072240e+01
8.590942267865924805e+03 1.019430079905277466e+02
8.591142261866014451e+03 1.000516215798234043e+02
8.591342255866104097e+03 9.948691924051037461e+01
8.591542249866193742e+03 9.951412878954546670e+01
8.591742243866283388e+03 1.006478923822126177e+02
8.591942237866374853e+03 9.927996930910040874e+01
8.592142231866464499e+03 9.957510276190745913e+01
8.592342225866555964e+03 1.009767509457390702e+02
8.592542219866643791e+03 9.823733134892614771e+01
8.592742213866735256e+03 1.006630626000423945e+02
8.592942207866824901e+03 1.010993198536718580e+02
8.593142201866914547e+03 1.016116666134824129e+02
8.593342195867004193e+03 1.024546960624483347e+02
8.593542189867093839e+03 1.009197505502732355e+02
8.593742183867185304e+03 1.000025763903008169e+02
8.593942177867276769e+03 1.000850782997477353e+02
8.594142171867364596e+03 9.987604095677819771e+01
8.594342165867454241e+03 1.021580309082549292e+02
8.594542159867543887e+03 9.902961584043990229e+01
8.594742153867633533e+03 9.977515053860427940e+01
8.594942147867724998e+03 9.865100803806106455e+01
8.595142141867812825e+03 1.016324702651165097e+02
8.595342135867904290e+03 9.955409657139531987e+01
8.595542129867993935e+03 1.001710669520305146e+02
8.595742123868085400e+03 1.001684632817053426e+02
8.595942117868175046e+03 9.816949846106631128e+01
8.596142111868264692e+03 1.007922099194260568e+02
8.596342105868354338e+03 9.913008669288456076e+01
8.596542099868443984e+03 1.012538840978529038e+02
8.596742093868533630e+03 9.920094052577194077e+01
8.596942087868625094e+03 9.947963872193072632e+01
8.597142081868712921e+03 9.780200551304855594e+01
8.597342075868806205e+03 1.012440267877196476e+02
8.597542069868894032e+03 9.852862709175929012e+01
8.597742063868985497e+03 9.911644936855236665e+01
8.597942057869075143e+03 9.712087511493281511e+01
8.598142051869164789e+03 9.743916687554838063e+01
8.598342045869254434e+03 9.827235148591441316e+01
8.598542039869342261e+03 9.949923381282987123e+01
8.598742033869433726e+03 9.793803094619859451e+01
8.598942027869525191e+03 9.938196737470985909e+01
8.599142021869614837e+03 9.897393209373305467e+01
8.599342015869704483e+03 9.946507637594167761e+01
8.599542009869794128e+03 1.013938544221160925e+02
8.599742003869883774e+03 1.009481676650354558e+02
8.599941997869975239e+03 1.013137653466038159e+02
8.600141991870063066e+03 9.847725306242897148e+01
8.600341985870154531e+03 1.016405185939677978e+02
8.600541979870242358e+03 1.019231271502861915e+02
8.600741973870335642e+03 9.988485645716654915e+01
8.600941967870425287e+03 1.006932274184321159e+02
8.601141961870514933e+03 9.994779974092170960e+01
8.601341955870604579e+03 1.001064379840337750e+02
8.601541949870694225e+03 9.922431819769172989e+01
8.601741943870783871e+03 9.979851072283028657e+01
8.601941937870875336e+03 1.004038641425231901e+02
8.602141931870963163e+03 1.002408401666766906e+02
8.602341925871056446e+03 9.924983124683542712e+01
8.602541919871144273e+03 9.964952785950096370e+01
8.602741913871233919e+03 9.817115416648783821e+01
8.602941907871325384e+03 1.016998720892977701e+02
8.603141901871413211e+03 1.030574601376478512e+02
8.603341895871504676e+03 1.022256540160562253e+02
8.603541889871592502e+03 1.009970078040731778e+02
8.603741883871683967e+03 1.005779695932659763e+02
8.603941877871773613e+03 9.982739514155829852e+01
8.604141871871865078e+03 9.943635986032296614e+01
8.604341865871954724e+03 1.001199570905761362e+02
8.604541859872044370e+03 1.004435905795239705e+02
8.604741853872134016e+03 1.019678464241090978e+02
8.604941847872225480e+03 1.000081519251240678e+02
8.605141841872313307e+03 1.008740600781073198e+02
8.605341835872404772e+03 9.901258641208056588e+01
8.605541829872492599e+03 9.978630764394020503e+01
8.605741823872585883e+03 9.992390066441943475e+01
8.605941817872675529e+03 9.968758949313084372e+01
8.606141811872765174e+03 1.003038697237064127e+02
8.606341805872854820e+03 1.001612778038369242e+02
8.606541799872944466e+03 9.838818495079665638e+01
8.606741793873034112e+03 1.000716062569211431e+02
8.606941787873125577e+03 9.849475138779592953e+01
8.607141781873213404e+03 1.004549546861932043e+02
8.607341775873303050e+03 9.868564606777192694e+01
8.607541769873394514e+03 9.913978708763799830e+01
8.607741763873484160e+03 9.983081697885081951e+01
8.607941757873575625e+03 9.970322085520066935e+01
8.608141751873663452e+03 1.008145277549892569e+02
8.608341745873754917e+03 9.992584484515766974e+01
8.608541739873842744e+03 1.006258998211207540e+02
8.608741733873934209e+03 9.954708704910775907e+01
8.608941727874023854e+03 9.919442068484480046e+01
8.609141721874115319e+03 9.968423296527838318e+01
8.609341715874204965e+03 1.001254334648062922e+02
8.609541709874294611e+03 1.004842480804674381e+02
8.609741703874384257e+03 1.019323135809558920e+02
8.609941697874475722e+03 1.018995612564187212e+02
8.610141691874563548e+03 9.982741478665650448e+01
8.610341685874655013e+03 1.003762654919712247e+02
8.610541679874742840e+03 9.955896189410947272e+01
8.610741673874834305e+03 9.861447150029044906e+01
8.610941667874925770e+03 9.801880196679205426e+01
8.611141661875015416e+03 9.530575694574335444e+01
8.611341655875105062e+03 8.849084730523014741e+01
8.611541649875192888e+03 8.838423495781712802e+01
8.611741643875284353e+03 8.839833491835349832e+01
8.611941637875373999e+03 9.319813273340895421e+01
8.612141631875463645e+03 9.664730489826536086e+01
8.612341625875553291e+03 9.881430928475843700e+01
8.612541619875642937e+03 9.950183425313760210e+01
8.612741613875734402e+03 1.003364037673607925e+02
8.612941607875825866e+03 9.976543837669026971e+01
8.613141601875913693e+03 1.008368244610656461e+02
8.613341595876005158e+03 9.971840475943091064e+01
8.613541589876092985e+03 9.738710384543244913e+01
8.613741583876184450e+03 9.866907736288179365e+01
8.613941577876274096e+03 9.955591275281730645e+01
8.614141571876363741e+03 1.001490512674418483e+02
8.614341565876455206e+03 1.017146789093720827e+02
8.614541559876544852e+03 9.996812146773395114e+01
8.614741553876634498e+03 9.775817576535975206e+01
8.614941547876725963e+03 9.996198859897064892e+01
8.615141541876813790e+03 1.007868072785515210e+02
8.615341535876905255e+03 1.002948407548762617e+02
8.615541529876993081e+03 1.010497111945483795e+02
8.615741523877082727e+03 1.005995947159751722e+02
8.615941517877174192e+03 9.780650658213957627e+01
8.616141511877263838e+03 1.009030219731410369e+02
8.616341505877355303e+03 9.911669250853489643e+01
8.616541499877443130e+03 1.015010993736110976e+02
8.616741493877534595e+03 9.979940117662718535e+01
8.616941487877624240e+03 1.001505488784900422e+02
8.617141481877713886e+03 9.926277118365780439e+01
8.617341475877803532e+03 9.970134391652135264e+01
8.617541469877893178e+03 9.854404139120340744e+01
8.617741463877984643e+03 9.970331951288790151e+01
8.617941457878076108e+03 9.871111418427010165e+01
8.618141451878163934e+03 9.854104303926951047e+01
8.618341445878255399e+03 9.961960360460716402e+01
8.618541439878343226e+03 1.000825283633392360e+02
8.618741433878434691e+03 9.976591749163542033e+01
8.618941427878524337e+03 1.012652512369324000e+02
8.619141421878613983e+03 1.010426902704490857e+02
8.619341415878703629e+03 9.895642377188448791e+01
8.619541409878795093e+03 1.011670526856738519e+02
8.619741403878884739e+03 9.958224719608611508e+01
8.619941397878974385e+03 9.873840702586024065e+01
8.620141391879064031e+03 1.005829246097437846e+02
8.620341385879153677e+03 9.853888489444558729e+01
8.620541379879243323e+03 9.995865104597832840e+01
8.620741373879332968e+03 9.794260607181543321e+01
8.620941367879424433e+03 9.463977950669207928e+01
8.621141361879514079e+03 9.279062891836467486e+01
8.621341355879605544e+03 9.008451339027682536e+01
8.621541349879693371e+03 9.235427062517712216e+01
8.621741343879784836e+03 9.564899573418678358e+01
8.621941337879874482e+03 9.881842324966702051e+01
8.622141331879964127e+03 9.972556892250091209e+01
8.622341325880053773e+03 1.005499959544534789e+02
8.622541319880143419e+03 9.932371690152193366e+01
8.622741313880233065e+03 1.016838191573570356e+02
8.622941307880326349e+03 1.010818510828399326e+02
8.623141301880414176e+03 9.827873666994184987e+01
8.623341295880505641e+03 9.945625320219494370e+01
8.623541289880593467e+03 9.863587200696255763e+01
8.623741283880684932e+03 1.004280952607608697e+02
8.623941277880774578e+03 1.003315306413526997e+02
8.624141271880862405e+03 1.016104735519087541e+02
8.624341265880953870e+03 9.785883869243026822e+01
8.624541259881041697e+03 9.961586823919608946e+01
8.624741253881134980e+03 9.977613068959098541e+01
8.624941247881224626e+03 9.967208797997511738e+01
8.625141241881314272e+03 1.012085544631916179e+02
8.625341235881403918e+03 9.892947996763419383e+01
8.625541229881493564e+03 1.001691881691204173e+02
8.625741223881583210e+03 1.003832730118995613e+02
8.625941217881674675e+03 1.005427818316367308e+02
8.626141211881762501e+03 9.927532689877139660e+01
8.626341205881855785e+03 1.017002583414279684e+02
8.626541199881943612e+03 9.981301729535442746e+01
8.626741193882035077e+03 1.022335613184735621e+02
8.626941187882124723e+03 9.996937856397050837e+01
8.627141181882214369e+03 9.913005323492130572e+01
8.627341175882304015e+03 1.012174705367678627e+02
8.627541169882393660e+03 9.910794566376492298e+01
8.627741163882483306e+03 1.010570034832953041e+02
8.627941157882574771e+03 1.004023176813323204e+02
8.628141151882664417e+03 9.951424153876749301e+01
8.628341145882754063e+03 1.012369141719241838e+02
8.628541139882843709e+03 1.006273272744765421e+02
8.628741133882933354e+03 9.887945215226103812e+01
8.628941127883024819e+03 1.002402010096633660e+02
8.629141121883112646e+03 9.996164327725725229e+01
8.629341115883204111e+03 1.006203131448916110e+02
8.629541109883291938e+03 1.000398532692554312e+02
8.629741103883385222e+03 1.000697447365719199e+02
8.629941097883474868e+03 9.987058960761213200e+01
8.630141091883564513e+03 1.013982120130807942e+02
8.630341085883654159e+03 1.013549841552497952e+02
8.630541079883743805e+03 9.917560098480186070e+01
8.630741073883833451e+03 1.018481831583075348e+02
8.630941067883924916e+03 9.905790153734341175e+01
8.631141061884012743e+03 9.916234961693891137e+01
8.631341055884104208e+03 9.955324179233552684e+01
8.631541049884193853e+03 1.012455303896711030e+02
8.631741043884285318e+03 1.009770348023713211e+02
8.631941037884374964e+03 9.822098428126511749e+01
8.632141031884464610e+03 1.006260204684083561e+02
8.632341025884554256e+03 9.871971259088410022e+01
8.632541019884643902e+03 9.860582475871359520e+01
8.632741013884733547e+03 1.007666377993829911e+02
8.632941007884823193e+03 9.890446928245235370e+01
8.633141001884914658e+03 9.995291900065873847e+01
8.633340995885004304e+03 1.004022829167208215e+02
8.633540989885093950e+03 9.881737767269383710e+01
8.633740983885183596e+03 9.979030185478758597e+01
8.633940977885275061e+03 1.011081987036849483e+02
8.634140971885362887e+03 1.003257066267445765e+02
8.634340965885454352e+03 9.851238459265957204e+01
8.634540959885542179e+03 9.842811764768192972e+01
8.634740953885633644e+03 9.908359340593446518e+01
8.634940947885725109e+03 1.019303870704957262e+02
8.635140941885814755e+03 9.919554610229255331e+01
8.635340935885904400e+03 1.002163792597440732e+02
8.635540929885994046e+03 9.820320130480091336e+01
8.635740923886083692e+03 1.014809694221806780e+02
8.635940917886175157e+03 9.933344902396282805e+01
8.636140911886262984e+03 1.001270792643715026e+02
8.636340905886354449e+03 1.004223900448504168e+02
8.636540899886442276e+03 9.989336851516512183e+01
8.636740893886535559e+03 9.924349340215907489e+01
8.636940887886625205e+03 1.004502315183825658e+02
8.637140881886713032e+03 9.963294402533547611e+01
8.637340875886804497e+03 1.013354541513025850e+02
8.637540869886892324e+03 9.907887776942847324e+01
8.637740863886983789e+03 1.008932386987839323e+02
8.637940857887073435e+03 9.981985389061783565e+01
8.638140851887163080e+03 9.942851696073509515e+01
8.638340845887254545e+03 1.014977715630708701e+02
8.638540839887344191e+03 9.960534922415133963e+01
8.638740833887433837e+03 9.816492682232289724e+01
8.638940827887525302e+03 1.001020591174636394e+02
8.639140821887613129e+03 1.005262953653258080e+02
8.639340815887704593e+03 1.003039721858953612e+02
8.639540809887792420e+03 1.005123869213945227e+02
8.639740803887883885e+03 1.003255180566883666e+02
8.639940797887973531e+03 1.009078037699801484e+02
8.640140791888064996e+03 9.847476297017706770e+01
8.640340785888154642e+03 9.756914172547449482e+01
8.640540779888244288e+03 1.000845527355345581e+02
8.640740773888333933e+03 9.848409469568480290e+01
8.640940767888425398e+03 1.005203050861535985e+02
8.641140761888513225e+03 9.966310165819265876e+01
8.641340755888602871e+03 1.009066611364955151e+02
8.641540749888692517e+03 1.002162231405240078e+02
8.641740743888783982e+03 9.889336619364603109e+01
8.641940737888875447e+03 9.998713601269541584e+01
8.642140731888963273e+03 1.016028722542171039e+02
8.642340725889054738e+03 1.004057827076223077e+02
8.642540719889142565e+03 1.004992502675085007e+02
8.642740713889234030e+03 9.781202208173532142e+01
8.642940707889323676e+03 1.006504026341973770e+02
8.643140701889413322e+03 9.997721504844625429e+01
8.643340695889502967e+03 9.923299332817323659e+01
8.643540689889594432e+03 9.918353513064573690e+01
8.643740683889684078e+03 1.002809940269165310e+02
8.643940677889775543e+03 1.000020712652587349e+02
8.644140671889863370e+03 9.753779988815720969e+01
8.644340665889954835e+03 9.999516976888780562e+01
8.644540659890042662e+03 9.848069275133093470e+01
8.644740653890134126e+03 1.004794687304789278e+02
8.644940647890223772e+03 1.005588682515414547e+02
8.645140641890315237e+03 1.009000781673748008e+02
8.645340635890404883e+03 1.005727881515376509e+02
8.645540629890492710e+03 1.006553597131804025e+02
8.645740623890584175e+03 9.823108801361129849e+01
8.645940617890673821e+03 1.001606721337255124e+02
8.646140611890763466e+03 1.005143622618692802e+02
8.646340605890853112e+03 9.949263349457835659e+01
8.646540599890942758e+03 1.014395651647328833e+02
8.646740593891032404e+03 9.991909370917581157e+01
8.646940587891125688e+03 1.000237501247415395e+02
8.647140581891213515e+03 9.977772230978750656e+01
8.647340575891304979e+03 9.938569975527737199e+01
8.647540569891392806e+03 1.002076606948773758e+02
8.647740563891484271e+03 9.865421067665410249e+01
8.647940557891573917e+03 9.907056011297670750e+01
8.648140551891663563e+03 9.954679342646464590e+01
8.648340545891753209e+03 9.918771744971037663e+01
8.648540539891842855e+03 9.785266394395544864e+01
8.648740533891934319e+03 1.006482985407647703e+02
8.648940527892025784e+03 9.937039906644136522e+01
8.649140521892113611e+03 9.712818553517817577e+01
8.649340515892205076e+03 1.007019852593362259e+02
8.649540509892292903e+03 9.998140470395000534e+01
8.649740503892382549e+03 9.938186402596130620e+01
8.649940497892474013e+03 9.989284308749830643e+01
8.650140491892561840e+03 9.927406392444284222e+01
8.650340485892655124e+03 9.810407458873865494e+01
8.650540479892742951e+03 1.001141057550363342e+02
8.650740473892834416e+03 9.763525891259736511e+01
8.650940467892924062e+03 1.004064182160327050e+02
8.651140461893013708e+03 9.854715217816094253e+01
8.651340455893103353e+03 9.847716284486699578e+01
8.651540449893192999e+03 1.008464026248065153e+02
8.651740443893282645e+03 9.911923891989631841e+01
8.651940437893374110e+03 9.760340898184040270e+01
8.652140431893463756e+03 9.955811709404397902e+01
8.652340425893555221e+03 1.002346150142889059e+02
8.652540419893643048e+03 9.975543431306449804e+01
8.652740413893734512e+03 1.006673020531680010e+02
8.652940407893824158e+03 9.997420449717583324e+01
8.653140401893913804e+03 9.989202126293342587e+01
8.653340395894003450e+03 9.942743237195259098e+01
8.653540389894093096e+03 9.887962551589998839e+01
8.653740383894184561e+03 9.904657610283094016e+01
8.653940377894274206e+03 9.942896046869483939e+01
8.654140371894363852e+03 9.984663636340117421e+01
8.654340365894453498e+03 1.008049344302129100e+02
8.654540359894543144e+03 1.001226701750161823e+02
8.654740353894632790e+03 9.963266067459770170e+01
8.654940347894724255e+03 1.003740675271412783e+02
8.655140341894812082e+03 9.949734615031007934e+01
8.655340335894903546e+03 9.867935444591167027e+01
8.655540329894993192e+03 9.728791800290397873e+01
8.655740323895084657e+03 1.012467487340708061e+02
8.655940317895174303e+03 1.005279636744261040e+02
8.656140311895263949e+03 9.727201641392515796e+01
8.656340305895353595e+03 9.779880675596436390e+01
8.656540299895443241e+03 9.810952236366091483e+01
8.656740293895532886e+03 9.770837548095413183e+01
8.656940287895624351e+03 9.626541632633143308e+01
8.657140281895713997e+03 9.859717634078802462e+01
8.657340275895805462e+03 9.827495581064627572e+01
8.657540269895893289e+03 9.841429129687521993e+01
8.657740263895984754e+03 9.709587534853577040e+01
8.657940257896074399e+03 9.903927034580721056e+01
8.658140251896164045e+03 9.652970836609189575e+01
8.658340245896253691e+03 9.430857866754065810e+01
8.658540239896341518e+03 9.612513532485517942e+01
8.658740233896432983e+03 9.467988570896187639e+01
8.658940227896524448e+03 9.399647077954038821e+01
8.659140221896614094e+03 9.441916247258426154e+01
8.659340215896703739e+03 9.509427875975954692e+01
8.659540209896793385e+03 9.312616374518120210e+01
8.659740203896883031e+03 9.111228321674515485e+01
8.659940197896974496e+03 8.964119547423663903e+01
8.660140191897062323e+03 8.886314455240703580e+01
8.660340185897153788e+03 8.641303103666655261e+01
8.660540179897241615e+03 8.204699432627089095e+01
8.660740173897334898e+03 7.468212637804732879e+01
8.660940167897424544e+03 7.223025000748052094e+01
8.661140161897514190e+03 6.387892419808031974e+01
8.661340155897603836e+03 5.237132550653024055e+01
8.661540149897693482e+03 4.536126057252327826e+01
8.661740143897783128e+03 3.781465005240940513e+01
8.661940137897874592e+03 3.834278733743404644e+01
8.662140131897962419e+03 4.075183856898060242e+01
8.662340125898055703e+03 5.044538832376581894e+01
8.662540119898143530e+03 5.974617056176196428e+01
8.662740113898233176e+03 6.871926741137519912e+01
8.662940107898324641e+03 7.594594078858014541e+01
8.663140101898412468e+03 7.886268906693963743e+01
8.663340095898503932e+03 8.465902609918197186e+01
8.663540089898591759e+03 8.844634360054043043e+01
8.663740083898683224e+03 8.995667060504644041e+01
8.663940077898772870e+03 9.313083749806342837e+01
8.664140071898864335e+03 9.236288508569428757e+01
8.664340065898953981e+03 9.261545484509785808e+01
8.664540059899043627e+03 9.463893991681958084e+01
8.664740053899133272e+03 9.432882903861801083e+01
8.664940047899224737e+03 9.528419172371697243e+01
8.665140041899312564e+03 9.562518229349575449e+01
8.665340035899404029e+03 9.526945802506439520e+01
8.665540029899491856e+03 9.744688175720629886e+01
8.665740023899585140e+03 9.673123985663893620e+01
8.665940017899674785e+03 9.986945625158101336e+01
8.666140011899764431e+03 9.620696686554076393e+01
8.666340005899854077e+03 9.598125477787800719e+01
8.666539999899943723e+03 9.875966071920021250e+01
8.666739993900033369e+03 9.837881964570881621e+01
8.666939987900123015e+03 9.847600209339404387e+01
8.667139981900212661e+03 9.922494076879077340e+01
8.667339975900302306e+03 9.703479735706147835e+01
8.667539969900393771e+03 9.749541544958189832e+01
8.667739963900483417e+03 9.940212184283308261e+01
8.667939957900574882e+03 1.003363656514074762e+02
8.668139951900662709e+03 1.001643968461678327e+02
8.668339945900754174e+03 9.889948980473722884e+01
8.668539939900842000e+03 9.896200119780998250e+01
8.668739933900933465e+03 9.877069100372294486e+01
8.668939927901023111e+03 9.932685944312738968e+01
8.669139921901114576e+03 1.003644419776539536e+02
8.669339915901204222e+03 1.005987062396965968e+02
8.669539909901293868e+03 9.912279455276822659e+01
8.669739903901383514e+03 9.978859044451859006e+01
8.669939897901474978e+03 9.886924674641281285e+01
8.670139891901562805e+03 1.005498721689299089e+02
8.670339885901654270e+03 9.802663671674282853e+01
8.670539879901742097e+03 9.954452037659517316e+01
8.670739873901833562e+03 9.722518917457222187e+01
8.670939867901925027e+03 9.785849327105384532e+01
8.671139861902012854e+03 9.937485326818121223e+01
8.671339855902104318e+03 9.873636332261594362e+01
8.671539849902192145e+03 9.948793683383385655e+01
8.671739843902283610e+03 9.913260010499391228e+01
8.671939837902373256e+03 9.845716645162636382e+01
8.672139831902462902e+03 1.004050830512395720e+02
8.672339825902552548e+03 9.803866997620846746e+01
8.672539819902642193e+03 9.690370269879069554e+01
8.672739813902733658e+03 9.983188158456268013e+01
8.672939807902825123e+03 9.780657842199336471e+01
8.673139801902912950e+03 1.009313642905552229e+02
8.673339795903004415e+03 9.971498753763481204e+01
8.673539789903092242e+03 1.004562916722435091e+02
8.673739783903183707e+03 9.837633870775675859e+01
8.673939777903273352e+03 9.624665549973653356e+01
8.674139771903362998e+03 9.674142869269155653e+01
8.674339765903454463e+03 9.080865294784490516e+01
8.674539759903544109e+03 8.865310740851299443e+01
8.674739753903633755e+03 8.485782255681665731e+01
8.674939747903725220e+03 8.692764286130565665e+01
8.675139741903813047e+03 8.612155929528253751e+01
8.675339735903902692e+03 9.016735370542947692e+01
8.675539729903992338e+03 9.463943072161744396e+01
8.675739723904081984e+03 9.717521320779931671e+01
8.675939717904173449e+03 9.973227704535126747e+01
8.676139711904263095e+03 9.970901937943810367e+01
8.676339705904354560e+03 9.995053517421708023e+01
8.676539699904442386e+03 1.012439408140361650e+02
8.676739693904533851e+03 9.874707755926442587e+01
8.676939687904623497e+03 9.892674098885692047e+01
8.677139681904713143e+03 9.775277698628694623e+01
8.677339675904802789e+03 9.966857560847302011e+01
8.677539669904892435e+03 9.916360776724185655e+01
8.677739663904983900e+03 9.971100954092509028e+01
8.677939657905075364e+03 9.988809048074169539e+01
8.678139651905163191e+03 9.969646180397283786e+01
8.678339645905254656e+03 9.976251191977424071e+01
8.678539639905342483e+03 9.841117021684425481e+01
8.678739633905433948e+03 9.901541645814133119e+01
8.678939627905523594e+03 1.009715590413047721e+02
8.679139621905613240e+03 9.892667511428206240e+01
8.679339615905702885e+03 9.788816203593151499e+01
8.679539609905792531e+03 1.013775959759495180e+02
8.679739603905883996e+03 9.976013397183169218e+01
8.679939597905973642e+03 9.837869370446621531e+01
8.680139591906063288e+03 9.867287978179081165e+01
8.680339585906152934e+03 9.931773968675263120e+01
8.680539579906242579e+03 1.012163288100399967e+02
8.680739573906332225e+03 1.002252447436723486e+02
8.680939567906423690e+03 9.973251875183079562e+01
8.681139561906513336e+03 1.019098755809406498e+02
8.681339555906604801e+03 1.001285462950562533e+02
8.681539549906692628e+03 9.914388709259866062e+01
8.681739543906784093e+03 1.008015248572454112e+02
8.681939537906873738e+03 9.770975517082803208e+01
8.682139531906963384e+03 9.704556807458240542e+01
8.682339525907053030e+03 9.727671097206901152e+01
8.682539519907142676e+03 9.261978593924827408e+01
8.682739513907232322e+03 9.101499172806171600e+01
8.682939507907325606e+03 9.306811675721914412e+01
8.683139501907413432e+03 9.604788540950887921e+01
8.683339495907504897e+03 9.848370605960404589e+01
8.683539489907592724e+03 1.003410215118458524e+02
8.683739483907682370e+03 9.781261696510433978e+01
8.683939477907773835e+03 1.004015038642264699e+02
8.684139471907861662e+03 1.007698835682897567e+02
8.684339465907953127e+03 9.920261845998240346e+01
8.684539459908040953e+03 9.895195385172250724e+01
8.684739453908134237e+03 9.778933246678474234e+01
8.684939447908223883e+03 9.847496872526645006e+01
8.685139441908313529e+03 9.983988171505764342e+01
8.685339435908403175e+03 9.751338037732102748e+01
8.685539429908492821e+03 1.000212846363160963e+02
8.685739423908582467e+03 1.008166900956861554e+02
8.685939417908673931e+03 1.007756762858213193e+02
8.686139411908761758e+03 1.007554369219472079e+02
8.686339405908855042e+03 1.013629975681008375e+02
8.686539399908942869e+03 9.952986010693547314e+01
8.686739393909034334e+03 9.980035998459270274e+01
8.686939387909123980e+03 9.676388312359851795e+01
8.687139381909213625e+03 9.926033116770432230e+01
8.687339375909303271e+03 9.926301344966097417e+01
8.687539369909392917e+03 9.398058726675971286e+01
8.687739363909482563e+03 9.141820308738226686e+01
8.687939357909574028e+03 8.410259010981677363e+01
8.688139351909663674e+03 7.600519071901004509e+01
8.688339345909753320e+03 7.045452325256258064e+01
8.688539339909842965e+03 7.474545501541550152e+01
8.688739333909932611e+03 8.336099188892104905e+01
8.688939327910024076e+03 9.151089187306232020e+01
8.689139321910111903e+03 9.493120932904369624e+01
8.689339315910203368e+03 9.845995480540105405e+01
8.689539309910291195e+03 9.950286680555805674e+01
8.689739303910384479e+03 9.795306810705179146e+01
8.689939297910474124e+03 1.005355641384301322e+02
8.690139291910563770e+03 9.859623061970023628e+01
8.690339285910653416e+03 9.981702247648766502e+01
8.690539279910743062e+03 1.005649859725152595e+02
8.690739273910832708e+03 9.983387087173824170e+01
8.690939267910924173e+03 9.917929991344435336e+01
8.691139261911011999e+03 1.004059075322564922e+02
8.691339255911103464e+03 9.909237277232324459e+01
8.691539249911193110e+03 1.009695151117650056e+02
8.691739243911284575e+03 9.890338831330618063e+01
8.691939237911374221e+03 9.747405265705199895e+01
8.692139231911463867e+03 9.840572804238391313e+01
8.692339225911553513e+03 9.994096061295773836e+01
8.692539219911641339e+03 9.911808826669989969e+01
8.692739213911732804e+03 9.801091745096564978e+01
8.692939207911822450e+03 9.999663957463513952e+01
8.693139201911913915e+03 1.004028761446972453e+02
8.693339195912003561e+03 9.934749250526110131e+01
8.693539189912093207e+03 1.008307638610789354e+02
8.693739183912182853e+03 1.002753627013879196e+02
8.693939177912274317e+03 9.905299147124142678e+01
8.694139171912362144e+03 9.988301645352902369e+01
8.694339165912453609e+03 9.935548779933718322e+01
8.694539159912541436e+03 9.935391046162558837e+01
8.694739153912632901e+03 1.006295030434271354e+02
8.694939147912724366e+03 9.897094717646608331e+01
8.695139141912814011e+03 9.926116532885177435e+01
8.695339135912903657e+03 1.007150185897827726e+02
8.695539129912993303e+03 9.947916435386973433e+01
8.695739123913082949e+03 1.011201925644227799e+02
8.695939117913174414e+03 9.983652518364488060e+01
8.696139111913262241e+03 1.005898539471114219e+02
8.696339105913353706e+03 1.010882581419317603e+02
8.696539099913441532e+03 1.008069324307071213e+02
8.696739093913532997e+03 9.947407384133840935e+01
8.696939087913624462e+03 9.987372037404877290e+01
8.697139081913712289e+03 9.869668018378270347e+01
8.697339075913803754e+03 1.010884019181271043e+02
8.697539069913891581e+03 9.858890594661529860e+01
8.697739063913983045e+03 1.003408277364830639e+02
8.697939057914072691e+03 9.973134510101193939e+01
8.698139051914162337e+03 1.003626072313890205e+02
8.698339045914253802e+03 1.010043309704984011e+02
8.698539039914343448e+03 9.954777857716334211e+01
8.698739033914433094e+03 9.974460238746709706e+01
8.698939027914524559e+03 1.004491424469799199e+02
8.699139021914612385e+03 9.952786146190146610e+01
8.699339015914703850e+03 9.874284432827791136e+01
8.699539009914791677e+03 9.909933833285428761e+01
8.699739003914883142e+03 9.925059062734970894e+01
8.699938997914972788e+03 9.996949804950112650e+01
8.700138991915064253e+03 9.919501909483877000e+01
8.700338985915153899e+03 9.897917666097855260e+01
8.700538979915243544e+03 9.976507162126726769e+01
8.700738973915333190e+03 9.867048065691223258e+01
8.700938967915422836e+03 9.871250280815547740e+01
8.701138961915512482e+03 9.947778310896245557e+01
8.701338955915602128e+03 9.906490887325159633e+01
8.701538949915691774e+03 9.917987297412365422e+01
8.701738943915783238e+03 9.908157987996995075e+01
8.701938937915874703e+03 9.906350438614579446e+01
8.702138931915962530e+03 9.920981804119081460e+01
8.702338925916053995e+03 9.978202855985773567e+01
8.702538919916141822e+03 1.007258039010884829e+02
8.702738913916233287e+03 1.003590367754395629e+02
8.702938907916322933e+03 1.006982258068477449e+02
8.703138901916412578e+03 1.002061578998777804e+02
8.703338895916502224e+03 9.947398124703980216e+01
8.703538889916593689e+03 9.979871033506911715e+01
8.703738883916683335e+03 1.005006952991253257e+02
8.703938877916774800e+03 1.001128374522173914e+02
8.704138871916862627e+03 1.002932256562130249e+02
8.704338865916954092e+03 9.905884041937184747e+01
8.704538859917041918e+03 1.004094711129657753e+02
8.704738853917133383e+03 1.016150355206828380e+02
8.704938847917223029e+03 1.012145216605264011e+02
8.705138841917312675e+03 9.891990591990669657e+01
8.705338835917404140e+03 9.960921847228000559e+01
8.705538829917491967e+03 9.937767526576011790e+01
8.705738823917583431e+03 1.004779291097536316e+02
8.705938817917673077e+03 1.008096867529273766e+02
8.706138811917762723e+03 1.004323563974799782e+02
8.706338805917852369e+03 9.999292573286831498e+01
8.706538799917942015e+03 9.918078034507684038e+01
8.706738793918031661e+03 1.010014295998756779e+02
8.706938787918124945e+03 9.891383661183897402e+01
8.707138781918212771e+03 9.976078379737718649e+01
8.707338775918304236e+03 9.869985710500239406e+01
8.707538769918392063e+03 9.913575101449737303e+01
8.707738763918483528e+03 9.829802385543892740e+01
8.707938757918573174e+03 9.908063973882757125e+01
8.708138751918662820e+03 9.996027127443424831e+01
8.708338745918752466e+03 1.019631511322617712e+02
8.708538739918842111e+03 1.011040663984424413e+02
8.708738733918933576e+03 1.003577319419185443e+02
8.708938727919025041e+03 1.012139863925083887e+02
8.709138721919112868e+03 9.979907370468497163e+01
8.709338715919202514e+03 9.800289053531524530e+01
8.709538709919292160e+03 9.926523299995049854e+01
8.709738703919381805e+03 9.905877494820350648e+01
8.709938697919473270e+03 9.722702765686911164e+01
8.710138691919561097e+03 9.742624938358518705e+01
8.710338685919654381e+03 9.938621879224830025e+01
8.710538679919742208e+03 9.687062832057451089e+01
8.710738673919833673e+03 1.007405765068578063e+02
8.710938667919923319e+03 9.901889070385759339e+01
8.711138661920012964e+03 9.947372572124933754e+01
8.711338655920102610e+03 9.922926953894449298e+01
8.711538649920192256e+03 9.939124853977922669e+01
8.711738643920281902e+03 9.802603471197554086e+01
8.711938637920373367e+03 1.004715323145212551e+02
8.712138631920463013e+03 9.904549464258759883e+01
8.712338625920554477e+03 9.933934109236504639e+01
8.712538619920642304e+03 9.903481981131814393e+01
8.712738613920733769e+03 9.813353074401013032e+01
8.712938607920823415e+03 9.774324383505212666e+01
8.713138601920913061e+03 9.915847678812696131e+01
8.713338595921002707e+03 9.924341734630782241e+01
8.713538589921092353e+03 1.003833072006195266e+02
8.713738583921183817e+03 9.893367003929616033e+01
8.713938577921273463e+03 1.017340589627403347e+02
8.714138571921363109e+03 9.882307181788127082e+01
8.714338565921452755e+03 1.010270715099133270e+02
8.714538559921542401e+03 9.937317826120779785e+01
8.714738553921632047e+03 9.953277849793521170e+01
8.714938547921723512e+03 9.905973935255347840e+01
8.715138541921811338e+03 9.983760967034307043e+01
8.715338535921902803e+03 9.949108209977504202e+01
8.715538529921992449e+03 9.941043981054018275e+01
8.715738523922083914e+03 1.011186094051994218e+02
8.715938517922173560e+03 1.007071042857598542e+02
8.716138511922263206e+03 1.012153274199314410e+02
8.716338505922352851e+03 9.829594905906935765e+01
8.716538499922442497e+03 9.923540611285652346e+01
8.716738493922532143e+03 9.903651442154416884e+01
8.716938487922623608e+03 1.000053825506027891e+02
8.717138481922713254e+03 1.015634084829497397e+02
8.717338475922804719e+03 1.012963065085002938e+02
8.717538469922892546e+03 9.983425755975531501e+01
8.717738463922984010e+03 9.827487852022068182e+01
8.717938457923073656e+03 9.784543787330183306e+01
8.718138451923161483e+03 9.919108169601467750e+01
8.718338445923252948e+03 1.006901894809902274e+02
8.718538439923340775e+03 9.981089985468622672e+01
8.718738433923432240e+03 1.004186128142257672e+02
8.718938427923523705e+03 1.004393958947092216e+02
8.719138421923613350e+03 9.920991984139944009e+01
8.719338415923702996e+03 9.934355379886793003e+01
8.719538409923792642e+03 9.879732504069275478e+01
8.719738403923882288e+03 9.958065459684391385e+01
8.719938397923973753e+03 9.946908105258158628e+01
8.720138391924061580e+03 9.865082265481653678e+01
8.720338385924153044e+03 9.945772827965532770e+01
8.720538379924240871e+03 9.804862536570720977e+01
8.720738373924334155e+03 1.013185683662060086e+02
8.720938367924423801e+03 9.892326924624303786e+01
8.721138361924513447e+03 1.006628078788174179e+02
8.721338355924603093e+03 1.012567720636903630e+02
8.721538349924692739e+03 1.010438685101430991e+02
8.721738343924782384e+03 1.008722948904983525e+02
8.721938337924873849e+03 9.821658875396886401e+01
8.722138331924961676e+03 1.006492867341393804e+02
8.722338325925053141e+03 1.004613154468305822e+02
8.722538319925142787e+03 1.013575229174610683e+02
8.722738313925232433e+03 1.013026747097832185e+02
8.722938307925323898e+03 1.000399094364347263e+02
8.723138301925411724e+03 1.001552664475069321e+02
8.723338295925503189e+03 1.002913811767018757e+02
8.723538289925591016e+03 9.901287344623624165e+01
8.723738283925682481e+03 9.977195616727928495e+01
8.723938277925772127e+03 1.012542446135684031e+02
8.724138271925863592e+03 1.033104083272366154e+02
8.724338265925953237e+03 1.006000194907312846e+02
8.724538259926042883e+03 1.004979728285933049e+02
8.724738253926132529e+03 9.958928919447043882e+01
8.724938247926223994e+03 1.008241565621502076e+02
8.725138241926311821e+03 9.868249492880507034e+01
8.725338235926403286e+03 9.993481030645669705e+01
8.725538229926491113e+03 1.006570046120693149e+02
8.725738223926584396e+03 9.950570863972090763e+01
8.725938217926674042e+03 9.832791493902348634e+01
8.726138211926763688e+03 1.012645328551282375e+02
8.726338205926853334e+03 9.975947688656761159e+01
8.726538199926941161e+03 1.000870684131603809e+02
8.726738193927032626e+03 1.008657889353914499e+02
8.726938187927122272e+03 9.948154702030068108e+01
8.727138181927211917e+03 9.995242682012246860e+01
8.727338175927301563e+03 1.015303852624639376e+02
8.727538169927393028e+03 9.993286245491893283e+01
8.727738163927482674e+03 9.908562729226197519e+01
8.727938157927574139e+03 9.921369935818219687e+01
8.728138151927661966e+03 9.842917672228827541e+01
8.728338145927753430e+03 9.845063483616242195e+01
8.728538139927841257e+03 9.964098525299615972e+01
8.728738133927932722e+03 9.946363943809450348e+01
8.728938127928022368e+03 1.005746663650785990e+02
8.729138121928113833e+03 9.919562659151628736e+01
8.729338115928203479e+03 1.003130690686644044e+02
8.729538109928293125e+03 1.002893414744723515e+02
8.729738103928382770e+03 1.015597167334996129e+02
