8.479434685509855626e+03 9.930844568053645105e+01
8.479634672176967797e+03 9.900579841636880474e+01
8.479834658844076330e+03 9.956738992191831983e+01
8.480034645511190320e+03 9.929542561191263417e+01
8.480234632178298853e+03 1.009074734138306866e+02
8.480434618845411023e+03 9.778948196145097427e+01
8.480634605512523194e+03 9.805532800695198148e+01
8.480834592179633546e+03 9.850558759445532075e+01
8.481034578846743898e+03 9.545109237552267700e+01
8.481234565513854250e+03 9.444408653207037219e+01
8.481434552180966421e+03 9.386273519374134366e+01
8.481634538848078591e+03 9.494724314971372792e+01
8.481834525515187124e+03 9.546748862192129081e+01
8.482034512182301114e+03 9.672350204829719189e+01
8.482234498849409647e+03 9.684113703832666431e+01
8.482434485516521818e+03 9.847850785066590618e+01
8.482634472183633989e+03 9.886721825465365043e+01
8.482834458850744340e+03 9.801848458041828849e+01
8.483034445517854692e+03 9.947926005183920495e+01
8.483234432184965044e+03 1.012703923509332498e+02
8.483434418852077215e+03 9.925824496383184226e+01
8.483634405519187567e+03 9.815465746238714928e+01
8.483834392186299738e+03 9.994408251242526831e+01
8.484034378853410090e+03 9.839567095113673645e+01
8.484234365520520441e+03 1.002335089968220387e+02
8.484434352187632612e+03 9.846840801891612216e+01
8.484634338854744783e+03 9.891357112187458256e+01
8.484834325521853316e+03 1.019321094551353184e+02
8.485034312188967306e+03 1.011529101896256293e+02
8.485234298856075839e+03 9.974637610307887314e+01
8.485434285523188009e+03 1.002123156550612322e+02
8.485634272190300180e+03 1.014968316938325046e+02
8.485834258857410532e+03 9.955542887776276473e+01
8.486034245524520884e+03 9.991486275563384822e+01
8.486234232191631236e+03 9.978550214628671711e+01
8.486434218858743407e+03 9.982159072869085037e+01
8.486634205525855577e+03 9.867660472959110507e+01
8.486834192192964110e+03 1.023654085808014287e+02
8.487034178860078100e+03 1.013013087132740111e+02
8.487234165527186633e+03 1.012577328106569468e+02
8.487434152194298804e+03 9.898177903313015236e+01
8.487634138861410975e+03 9.855903420524717262e+01
8.487834125528521326e+03 9.900542664604127197e+01
8.488034112195631678e+03 9.863197308174599698e+01
8.488234098862743849e+03 9.850630393102910887e+01
8.488434085529854201e+03 9.982435793184939143e+01
8.488634072196966372e+03 9.894908395156038239e+01
8.488834058864076724e+03 9.929862938529650762e+01
8.489034045531187076e+03 9.983786161659385527e+01
8.489234032198297427e+03 9.808693639147146826e+01
8.489434018865409598e+03 9.901460846859855280e+01
8.489634005532521769e+03 9.811736672057335795e+01
8.489833992199630302e+03 9.868318002997038718e+01
8.490033978866744292e+03 1.007284280815809439e+02
8.490233965533852825e+03 1.009112771447361609e+02
8.490433952200964995e+03 9.866914624690750202e+01
8.490633938868075347e+03 9.757244371637661118e+01
8.490833925535187518e+03 9.811178252878752915e+01
8.491033912202297870e+03 9.919070152871017854e+01
8.491233898869408222e+03 9.958756706286347082e+01
8.491433885536520393e+03 9.948122805678217162e+01
8.491633872203632563e+03 9.763704048351408460e+01
8.491833858870741096e+03 1.000710588859446375e+02
8.492033845537855086e+03 9.727481283877787632e+01
8.492233832204963619e+03 9.976149703048795914e+01
8.492433818872075790e+03 9.894459770147949484e+01
8.492633805539187961e+03 9.894158092291183948e+01
8.492833792206298313e+03 1.006082783316488047e+02
8.493033778873408664e+03 9.969937278748456322e+01
8.493233765540520835e+03 9.772263629961769027e+01
8.493433752207631187e+03 9.694826780153681511e+01
8.493633738874743358e+03 9.802893456205956113e+01
8.493833725541853710e+03 9.781820308576666889e+01
8.494033712208965881e+03 9.705560881773219251e+01
8.494233698876074413e+03 9.782555895154807502e+01
8.494433685543186584e+03 9.481942564302786991e+01
8.494633672210298755e+03 9.620363760664082520e+01
8.494833658877407288e+03 9.612136947737492676e+01
8.495033645544521278e+03 9.680578761301998725e+01
8.495233632211629811e+03 9.267373399627365416e+01
8.495433618878741981e+03 9.119301670114563763e+01
8.495633605545852333e+03 9.219572659487279509e+01
8.495833592212964504e+03 8.847671927532833536e+01
8.496033578880074856e+03 8.546317846287229258e+01
8.496233565547185208e+03 8.110810991371305079e+01
8.496433552214297379e+03 7.140625802388890975e+01
8.496633538881409550e+03 6.902593159766328768e+01
8.496833525548518082e+03 6.389351553337013456e+01
8.497033512215632072e+03 5.363863361536590446e+01
8.497233498882740605e+03 5.195277863068407953e+01
8.497433485549852776e+03 4.861852020060040047e+01
8.497633472216964947e+03 5.020620411894689283e+01
8.497833458884075299e+03 5.725731299431172516e+01
8.498033445551185650e+03 6.213527452323518929e+01
8.498233432218297821e+03 6.943205007020921471e+01
8.498433418885408173e+03 7.645268672801883270e+01
8.498633405552520344e+03 7.980981426114506405e+01
8.498833392219630696e+03 8.537835721445783577e+01
8.499033378886742867e+03 8.988148418464588474e+01
8.499233365553851399e+03 9.070603440414447505e+01
8.499433352220965389e+03 9.379476503713880220e+01
8.499633338888075741e+03 9.365912031769038038e+01
8.499833325555184274e+03 9.462937352357496934e+01
8.500033312222298264e+03 9.723766164927928912e+01
8.500233298889406797e+03 9.715425962346573385e+01
8.500433285556518967e+03 9.547813465161355850e+01
8.500633272223629319e+03 9.472207539778514729e+01
8.500833258890741490e+03 9.458875217549362446e+01
8.501033245557851842e+03 9.568215052329844639e+01
8.501233232224962194e+03 9.222573139651242968e+01
8.501433218892074365e+03 9.175675245230740984e+01
8.501633205559186536e+03 9.267878215862843660e+01
8.501833192226295068e+03 9.224338700490416443e+01
8.502033178893409058e+03 9.422835109709221513e+01
8.502233165560517591e+03 9.302251305915065416e+01
8.502433152227629762e+03 9.717315575020933238e+01
8.502633138894741933e+03 9.757720391829145967e+01
8.502833125561852285e+03 9.799391828049439823e+01
8.503033112228962636e+03 1.001779125912607498e+02
8.503233098896074807e+03 9.885703295581662076e+01
8.503433085563185159e+03 9.996004607090281979e+01
8.503633072230297330e+03 9.685311382908514588e+01
8.503833058897407682e+03 9.940246301930282868e+01
8.504033045564519853e+03 9.923995043586465670e+01
8.504233032231628385e+03 1.007516689947911459e+02
8.504433018898742375e+03 9.826598287270796561e+01
8.504633005565852727e+03 9.890333778354363403e+01
8.504832992232963079e+03 9.933727932279828110e+01
8.505032978900075250e+03 9.995421771083816509e+01
8.505232965567183783e+03 9.976701651091397594e+01
8.505432952234295954e+03 1.000227293425339639e+02
8.505632938901406305e+03 9.844545478831192042e+01
8.505832925568518476e+03 1.000101905712349293e+02
8.506032912235628828e+03 9.911910166025178626e+01
8.506232898902739180e+03 9.792693788588296400e+01
8.506432885569851351e+03 9.799985756685319416e+01
8.506632872236963522e+03 9.843308080746734845e+01
8.506832858904072054e+03 1.014819205718396944e+02
8.507032845571186044e+03 9.824975309153005298e+01
8.507232832238294577e+03 1.010465675430746444e+02
8.507432818905406748e+03 9.925639736008766079e+01
8.507632805572518919e+03 9.719617919723924615e+01
8.507832792239629271e+03 9.920534211478921804e+01
8.508032778906739622e+03 9.956625551657801054e+01
8.508232765573851793e+03 9.978097303375442095e+01
8.508432752240962145e+03 9.751047877004909026e+01
8.508632738908074316e+03 9.918647070078399963e+01
8.508832725575184668e+03 9.922406362558861304e+01
8.509032712242296839e+03 1.002250053416330218e+02
8.509232698909405372e+03 9.844356565582529583e+01
8.509432685576519361e+03 9.962272866212720146e+01
8.509632672243629713e+03 9.794906402260238565e+01
8.509832658910740065e+03 9.951636926029132724e+01
8.510032645577852236e+03 9.920695457374293369e+01
8.510232632244962588e+03 1.000160779645379279e+02
8.510432618912072940e+03 1.010074253515653595e+02
8.510632605579183291e+03 9.802694992590753031e+01
8.510832592246295462e+03 1.009166639543485502e+02
8.511032578913405814e+03 9.829612089884835768e+01
8.511232565580516166e+03 9.895814109925443347e+01
8.511432552247628337e+03 9.907703905187385374e+01
8.511632538914740508e+03 9.834547973287703826e+01
8.511832525581849040e+03 1.007732483385592133e+02
8.512032512248963030e+03 9.985915188932236219e+01
8.512232498916071563e+03 1.006495881713612874e+02
8.512432485583183734e+03 1.013042183599651622e+02
8.512632472250295905e+03 1.005214595986478940e+02
8.512832458917406257e+03 9.539870972074285760e+01
8.513032445584516609e+03 9.399652775102629221e+01
8.513232432251628779e+03 8.791043847487630103e+01
8.513432418918739131e+03 8.860746663398084877e+01
8.513632405585851302e+03 8.893707922797260323e+01
8.513832392252961654e+03 9.127064505852783327e+01
8.514032378920073825e+03 9.284849568866592051e+01
8.514232365587182358e+03 9.445136978646782211e+01
8.514432352254296347e+03 9.304086422138422563e+01
8.514632338921406699e+03 9.609201866411724779e+01
8.514832325588517051e+03 9.657578535195831648e+01
8.515032312255627403e+03 9.801673157241124557e+01
8.515232298922739574e+03 9.871025907406011868e+01
8.515432285589849926e+03 9.967851129317584480e+01
8.515632272256962096e+03 9.546151429566386071e+01
8.515832258924072448e+03 9.769136279200581896e+01
8.516032245591182800e+03 1.004702683646100780e+02
8.516232232258293152e+03 1.004458247427431559e+02
8.516432218925405323e+03 9.734407375021601183e+01
8.516632205592517494e+03 9.797008396144292419e+01
8.516832192259626026e+03 1.000009047615647972e+02
8.517032178926740016e+03 9.914782932860742903e+01
8.517232165593848549e+03 9.868685871669252663e+01
8.517432152260960720e+03 1.004846657911441525e+02
8.517632138928072891e+03 9.880483167115082210e+01
8.517832125595183243e+03 9.912715280075110513e+01
8.518032112262293595e+03 9.815223411325909808e+01
8.518232098929405765e+03 9.892182866946896524e+01
8.518432085596516117e+03 9.921615827359866557e+01
8.518632072263628288e+03 9.999073146053949301e+01
8.518832058930738640e+03 9.842993235242292371e+01
8.519032045597850811e+03 9.865443552990824116e+01
8.519232032264959344e+03 1.001197511972503946e+02
8.519432018932073333e+03 9.918278256709878349e+01
8.519632005599183685e+03 9.733562647240592014e+01
8.519831992266294037e+03 9.972893456691268455e+01
8.520031978933404389e+03 9.923266643954181632e+01
8.520231965600516560e+03 9.801372962941393041e+01
8.520431952267626912e+03 1.014456379408681812e+02
8.520631938934739082e+03 9.937976811319894921e+01
8.520831925601849434e+03 9.672363526598009287e+01
8.521031912268961605e+03 1.003263884287244707e+02
8.521231898936070138e+03 9.911720212001148411e+01
8.521431885603182309e+03 9.946533807340273370e+01
8.521631872270294480e+03 9.829857021340195899e+01
8.521831858937403013e+03 9.873083626593196982e+01
8.522031845604517002e+03 9.755459388834229628e+01
8.522231832271625535e+03 1.011357248121932741e+02
8.522431818938737706e+03 9.883242377907903631e+01
8.522631805605849877e+03 1.000422436397600023e+02
8.522831792272960229e+03 9.830727215728505541e+01
8.523031778940070581e+03 9.807031167410484329e+01
8.523231765607182751e+03 9.735281769290153875e+01
8.523431752274293103e+03 9.775636529294229149e+01
8.523631738941405274e+03 9.946061562019478686e+01
8.523831725608515626e+03 9.969627073501867187e+01
8.524031712275627797e+03 9.851874132998617029e+01
8.524231698942736330e+03 9.750889156880040787e+01
8.524431685609850319e+03 9.939811119547273677e+01
8.524631672276960671e+03 9.888115269257757234e+01
8.524831658944071023e+03 9.871409393023489542e+01
8.525031645611181375e+03 9.852325383486812882e+01
8.525231632278293546e+03 9.768397757458849640e+01
8.525431618945403898e+03 9.748082474245200046e+01
8.525631605612516069e+03 9.640453040017156638e+01
8.525831592279626420e+03 9.795502966114878518e+01
8.526031578946738591e+03 9.539624914487176000e+01
8.526231565613847124e+03 9.483010690532537978e+01
8.526431552280961114e+03 9.295257869233117276e+01
8.526631538948071466e+03 9.457207254707950028e+01
8.526831525615179999e+03 9.329710354703121311e+01
8.527031512282293988e+03 9.421514258638792683e+01
8.527231498949402521e+03 9.724624089770811963e+01
8.527431485616514692e+03 9.743887430762400470e+01
8.527631472283626863e+03 9.733553196592885115e+01
8.527831458950737215e+03 9.869476870773947041e+01
8.528031445617847567e+03 9.731922747903479376e+01
8.528231432284959737e+03 9.684330348978637915e+01
8.528431418952070089e+03 9.661908783283014657e+01
8.528631405619182260e+03 9.887542177914593822e+01
8.528831392286292612e+03 9.790088605593278714e+01
8.529031378953404783e+03 9.720869378236542957e+01
8.529231365620513316e+03 9.612791334663124587e+01
8.529431352287627305e+03 9.739220615427747418e+01
8.529631338954737657e+03 1.000160819650702280e+02
8.529831325621848009e+03 9.756062454230114156e+01
8.530031312288958361e+03 9.755166081915480447e+01
8.530231298956070532e+03 9.955385784589090292e+01
8.530431285623180884e+03 9.844432976405731495e+01
8.530631272290293055e+03 9.797858805704949248e+01
8.530831258957403406e+03 9.783355428214800042e+01
8.531031245624515577e+03 9.652064182674716619e+01
8.531231232291624110e+03 9.612131300361467368e+01
8.531431218958738100e+03 9.760589915162651664e+01
8.531631205625848452e+03 9.668906430630009652e+01
8.531831192292958804e+03 9.732915189722689320e+01
8.532031178960070974e+03 9.719782507805246041e+01
8.532231165627179507e+03 9.638295350127842198e+01
8.532431152294291678e+03 9.640607379175212088e+01
8.532631138961403849e+03 9.617340076315963415e+01
8.532831125628514201e+03 9.627285963899556975e+01
8.533031112295624553e+03 9.623921249353722374e+01
8.533231098962736723e+03 9.574879237692614709e+01
8.533431085629847075e+03 9.445849480701758694e+01
8.533631072296959246e+03 9.668363405479978212e+01
8.533831058964069598e+03 9.422131741857729992e+01
8.534031045631181769e+03 9.496502225190657498e+01
8.534231032298290302e+03 9.494526661879764617e+01
8.534431018965402473e+03 9.516897447198191173e+01
8.534631005632514643e+03 9.344641901470778578e+01
8.534830992299624995e+03 9.271726640825578158e+01
8.535030978966735347e+03 9.365350850878161282e+01
8.535230965633847518e+03 9.100071860329857998e+01
8.535430952300957870e+03 9.312728558118568856e+01
8.535630938968070041e+03 9.070016110316646518e+01
8.535830925635180392e+03 9.254207512553712434e+01
8.536030912302292563e+03 9.105565395231447212e+01
8.536230898969401096e+03 9.037500503787850903e+01
8.536430885636515086e+03 9.147650273199296578e+01
8.536630872303625438e+03 9.159631392721456677e+01
8.536830858970735790e+03 9.205537380784519996e+01
8.537030845637847960e+03 8.668474866451522587e+01
8.537230832304958312e+03 9.035008775733443542e+01
8.537430818972068664e+03 8.784740564552431863e+01
8.537630805639180835e+03 8.747834563183609191e+01
8.537830792306291187e+03 8.854763078500380402e+01
8.538030778973401539e+03 8.560797612203697327e+01
8.538230765640513710e+03 8.535822578238921210e+01
8.538430752307624061e+03 8.420234840347649197e+01
8.538630738974736232e+03 8.107408898313080670e+01
8.538830725641846584e+03 7.908497704673672501e+01
8.539030712308958755e+03 7.768171082899540636e+01
8.539230698976067288e+03 7.584899403967048670e+01
8.539430685643179459e+03 7.359529108565691047e+01
8.539630672310291629e+03 7.179910356975658203e+01
8.539830658977401981e+03 7.065232256741715844e+01
8.540030645644512333e+03 6.768912827023874001e+01
8.540230632311624504e+03 6.320195285759401571e+01
8.540430618978734856e+03 6.061504854076243021e+01
8.540630605645847027e+03 5.871725700898006295e+01
8.540830592312957378e+03 5.435817868925277452e+01
8.541030578980069549e+03 4.720910225345207323e+01
8.541230565647178082e+03 4.090571886903735788e+01
8.541430552314292072e+03 3.987545679760567197e+01
8.541630538981402424e+03 3.646805452582737672e+01
8.541830525648512776e+03 3.958339162780092124e+01
8.542030512315624946e+03 4.799681456233238208e+01
8.542230498982735298e+03 5.376944404072535377e+01
8.542430485649845650e+03 5.681644422746497725e+01
8.542630472316959640e+03 6.161824514224644389e+01
8.542830458984068173e+03 6.501367770571501126e+01
8.543030445651178525e+03 6.982432930437759921e+01
8.543230432318290696e+03 6.900640033796538830e+01
8.543430418985401047e+03 7.155645913760238841e+01
8.543630405652513218e+03 7.378020477317996040e+01
8.543830392319623570e+03 7.819724385495911179e+01
8.544030378986735741e+03 7.588342764473713942e+01
8.544230365653844274e+03 8.014919898586114755e+01
8.544430352320956445e+03 8.214582762661261484e+01
8.544630338988068615e+03 8.240735908298201196e+01
8.544830325655178967e+03 8.281617495552734454e+01
8.545030312322289319e+03 8.407632432153869217e+01
8.545230298989401490e+03 8.443017817099098465e+01
8.545430285656511842e+03 8.756977655185426102e+01
8.545630272323624013e+03 8.846223183974410631e+01
8.545830258990734364e+03 8.972926785656196103e+01
8.546030245657846535e+03 9.104894152935126783e+01
8.546230232324955068e+03 8.914136199828358542e+01
8.546430218992069058e+03 9.022996975396226560e+01
8.546630205659179410e+03 9.033130690486760273e+01
8.546830192326289762e+03 9.189048553057682511e+01
8.547030178993401933e+03 9.232060862734756768e+01
8.547230165660512284e+03 9.400121356692081065e+01
8.547430152327622636e+03 9.371839733436733866e+01
8.547630138994736626e+03 9.468302449321484460e+01
8.547830125661845159e+03 9.443349133564477427e+01
8.548030112328957330e+03 9.399521254583768837e+01
8.548230098996067682e+03 9.744209847435990923e+01
8.548430085663178033e+03 9.631535455843483362e+01
8.548630072330290204e+03 9.289524890580939598e+01
8.548830058997400556e+03 9.789441399509975383e+01
8.549030045664512727e+03 9.439381897151213252e+01
8.549230032331621260e+03 9.538289428537603953e+01
8.549430018998733431e+03 9.407855422444724525e+01
8.549630005665845601e+03 9.626998521964324596e+01
8.549829992332955953e+03 9.622290188650727316e+01
8.550029979000066305e+03 9.688028278254188308e+01
8.550229965667178476e+03 9.758638664352957903e+01
8.550429952334288828e+03 9.713607796309601383e+01
8.550629939001400999e+03 9.586889682101775634e+01
8.550829925668511351e+03 9.774346621257843992e+01
8.551029912335623521e+03 9.649008187769500466e+01
8.551229899002732054e+03 9.738890154207976479e+01
8.551429885669846044e+03 9.878742881718592628e+01
8.551629872336956396e+03 9.766579137268676902e+01
8.551829859004066748e+03 9.775624375683263168e+01
8.552029845671178919e+03 9.707130154132619282e+01
8.552229832338289270e+03 9.773594389941052896e+01
8.552429819005399622e+03 9.721028946751030730e+01
8.552629805672513612e+03 9.674122779135056760e+01
8.552829792339622145e+03 9.638763337570834722e+01
8.553029779006734316e+03 9.768933711317755808e+01
8.553229765673844668e+03 9.865607456484615057e+01
8.553429752340956838e+03 9.802750366758061773e+01
8.553629739008067190e+03 9.751195183896055596e+01
8.553829725675177542e+03 9.894227727978881148e+01
8.554029712342289713e+03 9.897873352920015577e+01
8.554229699009398246e+03 9.865261070712055869e+01
8.554429685676510417e+03 9.893211539664267207e+01
8.554629672343622588e+03 9.743765677034514283e+01
8.554829659010732939e+03 9.714515582440958497e+01
8.555029645677843291e+03 9.786270879284306545e+01
8.555229632344955462e+03 9.818042353335550843e+01
8.555429619012065814e+03 9.992804059455649224e+01
8.555629605679177985e+03 9.710712491963202808e+01
8.555829592346288337e+03 9.441172969220083644e+01
8.556029579013400507e+03 8.981280871119895437e+01
8.556229565680509040e+03 9.023861221712176928e+01
8.556429552347623030e+03 9.098319463083080905e+01
8.556629539014733382e+03 9.445815414607538685e+01
8.556829525681843734e+03 9.694274495089265997e+01
8.557029512348955905e+03 9.821799334461678654e+01
8.557229499016066256e+03 9.737799577914177007e+01
8.557429485683176608e+03 9.817485446851169684e+01
8.557629472350290598e+03 9.815941113956401409e+01
8.557829459017399131e+03 9.909048804898240803e+01
8.558029445684511302e+03 1.002401532264676405e+02
8.558229432351621654e+03 9.902822020411889525e+01
8.558429419018733824e+03 9.903883623830638783e+01
8.558629405685844176e+03 9.958587973663811965e+01
8.558829392352954528e+03 9.722864852307293404e+01
8.559029379020066699e+03 9.921916402638677823e+01
8.559229365687175232e+03 9.890242949389650562e+01
8.559429352354287403e+03 9.852662817762532654e+01
8.559629339021399574e+03 9.805463625182437681e+01
8.559829325688509925e+03 9.881169625986235872e+01
8.560029312355620277e+03 1.011582421167940566e+02
8.560229299022732448e+03 9.880321460344408990e+01
8.560429285689842800e+03 1.003701849287139112e+02
8.560629272356954971e+03 9.789568313462952176e+01
8.560829259024065323e+03 9.891200064296774030e+01
8.561029245691177493e+03 9.852411271269843951e+01
8.561229232358286026e+03 9.925337830125286587e+01
8.561429219025400016e+03 9.880145742589398594e+01
8.561629205692510368e+03 9.886015852453978425e+01
8.561829192359620720e+03 9.972231187556792520e+01
8.562029179026732891e+03 9.817121063897646138e+01
8.562229165693843242e+03 1.016427702465182819e+02
8.562429152360953594e+03 1.001880213223483338e+02
8.562629139028067584e+03 1.000590063001542660e+02
8.562829125695176117e+03 1.007610408144645646e+02
8.563029112362288288e+03 9.791212810132846300e+01
8.563229099029398640e+03 1.001430555645119256e+02
8.563429085696510811e+03 9.968814434942467528e+01
8.563629072363621162e+03 1.014064065805733463e+02
8.563829059030731514e+03 9.872595905435065333e+01
8.564029045697843685e+03 9.792461922224161697e+01
8.564229032364954037e+03 1.004637143019785412e+02
8.564429019032064389e+03 9.718192182573065452e+01
8.564629005699176560e+03 9.980023799673764984e+01
8.564828992366286911e+03 9.773527898407054693e+01
8.565028979033397263e+03 9.853501773187116441e+01
8.565228965700509434e+03 1.003635874098709309e+02
8.565428952367619786e+03 1.000077357581086375e+02
8.565628939034731957e+03 9.894985642847008478e+01
8.565828925701842309e+03 1.003206107318622315e+02
8.566028912368954479e+03 9.781421677531518810e+01
8.566228899036063012e+03 9.888011840402181463e+01
8.566428885703177002e+03 1.001845827786999052e+02
8.566628872370287354e+03 9.999599942032590150e+01
8.566828859037397706e+03 9.832243481792839646e+01
8.567028845704509877e+03 9.756827277695988698e+01
8.567228832371620229e+03 9.754763980153695968e+01
8.567428819038730580e+03 9.980445722126503938e+01
8.567628805705844570e+03 9.671956688973484972e+01
8.567828792372953103e+03 9.917210606580150056e+01
8.568028779040065274e+03 9.954076090090640605e+01
8.568228765707175626e+03 9.932385724540125693e+01
8.568428752374287797e+03 9.984987401528424300e+01
8.568628739041398148e+03 1.006297291974478583e+02
8.568828725708508500e+03 9.943283923955517878e+01
8.569028712375620671e+03 9.960681873279131082e+01
8.569228699042731023e+03 9.796042028877127450e+01
8.569428685709841375e+03 9.910855455407951808e+01
8.569628672376955365e+03 9.881603212383858192e+01
8.569828659044063897e+03 9.845956819806471572e+01
8.570028645711174249e+03 1.003734580559099925e+02
8.570228632378286420e+03 1.000706359035891353e+02
8.570428619045396772e+03 9.815783455214888420e+01
8.570628605712508943e+03 9.770843926532823787e+01
8.570828592379619295e+03 9.944972886308283933e+01
8.571028579046731465e+03 9.827033548989447809e+01
8.571228565713839998e+03 9.877813142830970605e+01
8.571428552380953988e+03 9.785431326082891701e+01
8.571628539048064340e+03 9.942499584108497857e+01
8.571828525715174692e+03 1.004131982726068202e+02
8.572028512382286863e+03 1.003942522405359909e+02
8.572228499049397215e+03 9.702226902507769069e+01
8.572428485716507566e+03 1.009204723594498034e+02
8.572628472383621556e+03 9.951370153420123188e+01
8.572828459050730089e+03 1.017014921714055475e+02
8.573028445717842260e+03 9.902263784814986991e+01
8.573228432384952612e+03 9.903989237484742603e+01
8.573428419052064783e+03 1.020185392201946399e+02
8.573628405719175134e+03 9.960542897118158123e+01
8.573828392386285486e+03 1.006862419235812922e+02
8.574028379053397657e+03 9.890276175129507408e+01
8.574228365720508009e+03 1.000649207000117400e+02
8.574428352387618361e+03 9.745159651272636836e+01
8.574628339054732351e+03 9.770057566578293518e+01
8.574828325721840883e+03 9.872035053038281660e+01
8.575028312388953054e+03 1.003241579015764415e+02
8.575228299056063406e+03 9.892848891441330750e+01
8.575428285723173758e+03 9.995409967925307626e+01
8.575628272390285929e+03 1.010945686583565220e+02
8.575828259057396281e+03 9.935781939718296485e+01
8.576028245724508452e+03 9.998035899375742019e+01
8.576228232391616984e+03 9.942801943623304339e+01
8.576428219058730974e+03 1.011594889065027161e+02
8.576628205725841326e+03 9.957231542259256685e+01
8.576828192392951678e+03 9.798992100696010255e+01
8.577028179060063849e+03 1.010580223417525900e+02
8.577228165727174201e+03 9.868529610054541479e+01
8.577428152394284552e+03 1.010220112939986166e+02
8.577628139061398542e+03 9.997748049225867817e+01
8.577828125728507075e+03 9.945491818843551357e+01
8.578028112395619246e+03 9.876475568360109492e+01
8.578228099062727779e+03 9.990925820829652082e+01
8.578428085729841769e+03 1.000523528427132476e+02
8.578628072396952120e+03 9.800563221097029043e+01
8.578828059064062472e+03 1.002294347996948574e+02
8.579028045731174643e+03 9.980127966664458938e+01
8.579228032398284995e+03 9.917090419750192609e+01
8.579428019065395347e+03 9.957369040934388238e+01
8.579628005732509337e+03 9.959364928448842136e+01
8.579827992399617870e+03 9.935220827060591375e+01
8.580027979066730040e+03 9.799337334196137306e+01
8.580227965733840392e+03 9.970815961913898207e+01
8.580427952400952563e+03 1.005363575242016339e+02
8.580627939068062915e+03 9.823253771822584213e+01
8.580827925735173267e+03 1.001379248345878921e+02
8.581027912402285438e+03 9.660938636649052569e+01
8.581227899069393970e+03 9.651528749281706610e+01
8.581427885736507960e+03 9.263350442914786242e+01
8.581627872403618312e+03 9.099388015938153274e+01
8.581827859070728664e+03 9.526312824372803334e+01
8.582027845737840835e+03 9.465326670482838267e+01
8.582227832404951187e+03 9.789882940315303017e+01
8.582427819072061538e+03 9.884289190304733097e+01
8.582627805739175528e+03 9.729098331243092446e+01
8.582827792406284061e+03 9.751954706531344641e+01
8.583027779073396232e+03 9.921343280995984060e+01
8.583227765740504765e+03 9.925836182281587128e+01
8.583427752407618755e+03 9.971624514016589558e+01
8.583627739074729107e+03 9.872046730075823007e+01
8.583827725741839458e+03 9.774963314507894552e+01
8.584027712408951629e+03 9.723441223969268776e+01
8.584227699076061981e+03 9.837740363391640130e+01
8.584427685743172333e+03 9.657316775131452857e+01
8.584627672410286323e+03 9.745887114977928434e+01
8.584827659077394856e+03 9.995453307277557542e+01
8.585027645744507026e+03 9.967726352550799618e+01
8.585227632411617378e+03 1.001138735942262343e+02
8.585427619078729549e+03 1.003045741244094700e+02
8.585627605745839901e+03 1.000226135375046681e+02
8.585827592412952072e+03 1.001355257331860997e+02
8.586027579080062424e+03 9.939850806372116665e+01
8.586227565747170956e+03 9.872071796289935719e+01
8.586427552414284946e+03 9.927576431759074183e+01
8.586627539081395298e+03 1.012787500397998315e+02
8.586827525748505650e+03 1.007091504879671788e+02
8.587027512415617821e+03 1.001999152692064712e+02
8.587227499082728173e+03 9.903003241998729322e+01
8.587427485749838524e+03 9.815332654817711955e+01
8.587627472416952514e+03 1.001089853995523384e+02
8.587827459084061047e+03 9.946918661121887340e+01
8.588027445751173218e+03 1.013347478026723820e+02
8.588227432418281751e+03 1.007708084529588461e+02
8.588427419085395741e+03 1.007218795636556479e+02
8.588627405752506093e+03 1.011462000861958472e+02
8.588827392419616444e+03 9.918468020134992003e+01
8.589027379086728615e+03 9.908868641801575450e+01
8.589227365753838967e+03 9.991936589949121128e+01
8.589427352420949319e+03 1.005145483372864277e+02
8.589627339088063309e+03 9.911554330959941694e+01
8.589827325755171842e+03 9.956887160980571139e+01
8.590027312422284012e+03 9.856063075776447135e+01
8.590227299089394364e+03 1.008965192147308869e+02
8.590427285756506535e+03 1.005547950018994641e+02
8.590627272423616887e+03 1.021882811028916365e+02
8.590827259090729058e+03 1.022810607392843991e+02
8.591027245757839410e+03 1.002516513934666449e+02
8.591227232424949761e+03 9.872453378765661114e+01
8.591427219092061932e+03 1.010182235586887032e+02
8.591627205759172284e+03 9.840567860582150672e+01
8.591827192426282636e+03 9.777236431504482539e+01
8.592027179093394807e+03 9.777674187783421189e+01
8.592227165760505159e+03 9.794153733770237125e+01
8.592427152427615511e+03 9.848901836641283580e+01
8.592627139094729500e+03 9.616330729145551004e+01
8.592827125761838033e+03 9.861007625481410344e+01
8.593027112428950204e+03 1.002090828269142264e+02
8.593227099096058737e+03 9.818194971591732667e+01
8.593427085763172727e+03 9.869064458345643231e+01
8.593627072430283079e+03 9.810069513964772625e+01
8.593827059097393430e+03 9.967630777861272406e+01
8.594027045764505601e+03 1.008052573301938395e+02
8.594227032431615953e+03 1.011003635565873395e+02
8.594427019098726305e+03 1.017218307713120993e+02
8.594627005765840295e+03 9.791789474451550745e+01
8.594826992432948828e+03 9.958857625436097294e+01
8.595026979100060998e+03 9.822098211523298517e+01
8.595226965767171350e+03 9.897798762762290892e+01
8.595426952434283521e+03 9.631427340056721675e+01
8.595626939101393873e+03 9.833792284956261653e+01
8.595826925768506044e+03 9.749048985620997598e+01
8.596026912435616396e+03 9.743932256930565927e+01
8.596226899102726748e+03 9.955541663716303447e+01
8.596426885769838918e+03 9.687459269003973361e+01
8.596626872436951089e+03 9.823669319995813964e+01
8.596826859104059622e+03 9.813368290365495739e+01
8.597026845771171793e+03 9.800287607833615766e+01
8.597226832438282145e+03 9.553461649906689956e+01
8.597426819105392497e+03 9.528156485180750224e+01
8.597626805772506486e+03 9.229810594186422179e+01
8.597826792439615019e+03 9.074028145588573580e+01
8.598026779106727190e+03 8.969114792263839320e+01
8.598226765773835723e+03 8.840340915958651635e+01
8.598426752440949713e+03 8.912357671949858684e+01
8.598626739108060065e+03 9.133337992216176815e+01
8.598826725775170416e+03 9.747526103890625393e+01
8.599026712442282587e+03 9.957125350679913822e+01
8.599226699109392939e+03 9.960622416799991186e+01
8.599426685776503291e+03 9.958332613601903915e+01
8.599626672443617281e+03 9.855980523391539805e+01
8.599826659110725814e+03 9.993001264808873430e+01
8.600026645777837984e+03 9.906102773941250916e+01
8.600226632444948336e+03 9.969035052739165792e+01
8.600426619112060507e+03 1.003413853127594564e+02
8.600626605779170859e+03 9.806421266382562862e+01
8.600826592446283030e+03 1.002021978000505555e+02
8.601026579113393382e+03 9.955662718710317449e+01
8.601226565780503734e+03 1.009442009735251702e+02
8.601426552447615904e+03 1.004620205459554541e+02
8.601626539114728075e+03 1.000138530405618980e+02
8.601826525781836608e+03 1.012074609695999357e+02
8.602026512448950598e+03 9.887877481426536974e+01
8.602226499116059131e+03 1.001999509994440132e+02
8.602426485783169483e+03 1.021182315653421711e+02
8.602626472450281653e+03 9.901067439615526666e+01
8.602826459117392005e+03 9.882683625241071468e+01
8.603026445784504176e+03 1.002537012769447387e+02
8.603226432451612709e+03 1.016204117000461480e+02
8.603426419118726699e+03 1.000313736793038260e+02
8.603626405785837051e+03 9.953532518555957154e+01
8.603826392452947402e+03 1.009882717452885998e+02
8.604026379120059573e+03 9.990236165385594802e+01
8.604226365787169925e+03 9.770404740641345143e+01
8.604426352454280277e+03 9.928088118244650673e+01
8.604626339121394267e+03 1.013949628743109344e+02
8.604826325788502800e+03 9.997617747999009907e+01
8.605026312455614971e+03 1.000951646163751718e+02
8.605226299122725322e+03 1.000598470327709322e+02
8.605426285789837493e+03 9.815771164101127511e+01
8.605626272456947845e+03 9.881520711780849808e+01
8.605826259124060016e+03 9.771984551782172446e+01
8.606026245791170368e+03 9.879163258890291388e+01
8.606226232458280720e+03 9.923049000550716414e+01
8.606426219125392890e+03 9.729000593523228702e+01
8.606626205792505061e+03 9.741443745883688621e+01
8.606826192459613594e+03 9.825831999183795062e+01
8.607026179126727584e+03 1.003134923043747193e+02
8.607226165793836117e+03 9.896612858055829065e+01
8.607426152460948288e+03 9.896062875016950500e+01
8.607626139128058639e+03 1.008187379162900328e+02
8.607826125795168991e+03 9.767081342913799347e+01
8.608026112462281162e+03 9.986167853906067648e+01
8.608226099129389695e+03 9.945681551948126753e+01
8.608426085796503685e+03 9.818805056292497113e+01
8.608626072463614037e+03 1.008329955197613828e+02
8.608826059130724389e+03 9.920639219599081571e+01
8.609026045797836559e+03 9.988587400717548803e+01
8.609226032464946911e+03 9.947526112771349460e+01
8.609426019132057263e+03 9.940982114818108073e+01
8.609626005799171253e+03 9.978670797992974428e+01
8.609825992466279786e+03 1.015073018572614671e+02
8.610025979133391957e+03 1.007292613196184021e+02
8.610225965800502308e+03 9.829126185804832971e+01
8.610425952467614479e+03 9.833296166516892356e+01
8.610625939134724831e+03 9.879525179469384000e+01
8.610825925801837002e+03 9.462936604011856900e+01
8.611025912468947354e+03 8.819571610738397283e+01
8.611225899136057706e+03 8.721575468470526005e+01
8.611425885803169876e+03 8.988161960103438730e+01
8.611625872470282047e+03 9.206832710461668512e+01
8.611825859137390580e+03 9.734999528027969973e+01
8.612025845804504570e+03 9.807320899257605618e+01
8.612225832471613103e+03 9.980000233428255285e+01
8.612425819138725274e+03 9.702680111281195252e+01
8.612625805805835626e+03 9.985461732736165175e+01
8.612825792472947796e+03 9.989656639555362005e+01
8.613025779140058148e+03 1.009523357950261016e+02
8.613225765807166681e+03 9.927811104150249832e+01
8.613425752474280671e+03 9.821184198714929892e+01
8.613625739141391023e+03 9.874106003468487813e+01
8.613825725808501375e+03 1.000388320539090330e+02
8.614025712475613545e+03 9.741417192439904227e+01
8.614225699142723897e+03 9.950125255006534530e+01
8.614425685809834249e+03 1.004530210905724203e+02
8.614625672476948239e+03 1.005346481447125342e+02
8.614825659144056772e+03 1.003334979483799003e+02
8.615025645811168943e+03 9.779300822834356666e+01
8.615225632478279294e+03 1.007514660840563607e+02
8.615425619145391465e+03 9.710753364295266010e+01
8.615625605812501817e+03 9.736742426009533347e+01
8.615825592479613988e+03 9.712061543705191013e+01
8.616025579146724340e+03 9.870451437892990043e+01
8.616225565813834692e+03 9.808562360263900359e+01
8.616425552480946862e+03 9.913209717878376637e+01
8.616625539148059033e+03 9.873850561170725371e+01
8.616825525815167566e+03 1.007245114287372587e+02
8.617025512482281556e+03 1.000861356628620484e+02
8.617225499149390089e+03 9.902951651386497645e+01
8.617425485816502260e+03 1.006487112819702503e+02
8.617625472483612612e+03 1.001422473862629943e+02
8.617825459150724782e+03 9.838333904887524284e+01
8.618025445817835134e+03 9.833796984531970509e+01
8.618225432484945486e+03 1.006895211310799141e+02
8.618425419152057657e+03 9.955055902005253188e+01
8.618625405819168009e+03 9.990967561456645285e+01
8.618825392486278361e+03 1.005807670762578141e+02
8.619025379153390531e+03 9.916874103378043515e+01
8.619225365820500883e+03 9.943781606411731389e+01
8.619425352487611235e+03 9.850253097141850844e+01
8.619625339154725225e+03 1.003575062547572401e+02
8.619825325821833758e+03 9.900155700598469366e+01
8.620025312488945929e+03 1.002409451186692166e+02
8.620225299156056280e+03 9.866310113093248901e+01
8.620425285823168451e+03 9.632693479684020588e+01
8.620625272490278803e+03 9.414792011355469015e+01
8.620825259157390974e+03 9.020135926276022076e+01
8.621025245824501326e+03 8.880033857489446802e+01
8.621225232491611678e+03 9.235139265591094215e+01
8.621425219158723849e+03 9.467286296331350570e+01
8.621625205825836019e+03 9.720440926040183172e+01
8.621825192492944552e+03 1.022891099880818899e+02
8.622025179160058542e+03 1.005914725811943811e+02
8.622225165827167075e+03 9.922763504344897001e+01
8.622425152494279246e+03 1.011895794526861181e+02
8.622625139161389598e+03 1.020112347449694141e+02
8.622825125828501768e+03 9.845551253710519291e+01
8.623025112495612120e+03 9.862132745382761811e+01
8.623225099162722472e+03 9.999351945784151496e+01
8.623425085829834643e+03 1.011750378031073012e+02
8.623625072496946814e+03 9.773663357258953965e+01
8.623825059164055347e+03 1.009240610121789530e+02
8.624025045831167517e+03 9.796356094561897976e+01
8.624225032498277869e+03 1.005958138772198680e+02
8.624425019165388221e+03 9.860936349760078201e+01
8.624625005832502211e+03 1.002651355242697520e+02
8.624824992499610744e+03 9.903775462658511231e+01
8.625024979166722915e+03 9.916780443001736955e+01
8.625224965833833267e+03 1.003405807266191090e+02
8.625424952500945437e+03 9.853693916609688586e+01
8.625624939168055789e+03 9.931075590839958522e+01
8.625824925835167960e+03 9.846744418372882990e+01
8.626024912502278312e+03 1.002788918660396860e+02
8.626224899169388664e+03 1.007279457224467762e+02
8.626424885836500835e+03 9.775037525395954674e+01
8.626624872503613005e+03 1.007407573165326795e+02
8.626824859170721538e+03 1.002858240535483105e+02
8.627024845837833709e+03 1.016152493038901241e+02
8.627224832504944061e+03 9.953988133904971392e+01
8.627424819172056232e+03 9.899982635477230986e+01
8.627624805839166584e+03 1.000485006707933451e+02
8.627824792506278754e+03 1.015101342058734417e+02
8.628024779173389106e+03 9.844468774258621124e+01
8.628224765840499458e+03 9.973849395169912668e+01
8.628424752507611629e+03 1.000736930240762064e+02
8.628624739174723800e+03 9.816420179546940972e+01
8.628824725841832333e+03 1.000120551410354324e+02
8.629024712508946322e+03 9.997952959947913598e+01
8.629224699176054855e+03 9.930020795157565772e+01
8.629424685843165207e+03 9.800727304080940883e+01
8.629624672510279197e+03 9.901243010004991163e+01
8.629824659177387730e+03 1.005725047032106403e+02
8.630024645844499901e+03 1.015367679171963005e+02
8.630224632511610253e+03 1.005321855859524760e+02
8.630424619178722423e+03 9.906218937131151847e+01
8.630624605845832775e+03 1.017371841903099750e+02
8.630824592512944946e+03 1.000132806548468949e+02
8.631024579180055298e+03 9.890792810887592168e+01
8.631224565847165650e+03 9.998448958608112491e+01
8.631424552514277821e+03 9.977885014068158398e+01
8.631624539181389991e+03 9.789912481919351706e+01
8.631824525848498524e+03 9.743061476497337026e+01
8.632024512515610695e+03 1.007648632531606125e+02
8.632224499182721047e+03 9.803376581676729984e+01
8.632424485849833218e+03 9.774110804686220888e+01
8.632624472516943570e+03 9.886017063948384020e+01
8.632824459184055740e+03 9.957179179936782987e+01
8.633024445851166092e+03 9.899648361316702960e+01
8.633224432518276444e+03 1.005935167322255239e+02
8.633424419185388615e+03 9.998207187727649625e+01
8.633624405852500786e+03 9.978689191328493280e+01
8.633824392519609319e+03 9.831242155687448303e+01
8.634024379186723309e+03 9.987430128085134129e+01
8.634224365853831841e+03 1.001352649321669048e+02
8.634424352520944012e+03 1.001587123068934346e+02
8.634624339188056183e+03 9.985296872109439903e+01
8.634824325855164716e+03 9.900242249726457544e+01
8.635024312522276887e+03 9.900304089674544628e+01
8.635224299189387239e+03 1.007280771359689311e+02
8.635424285856499409e+03 1.004753818399467633e+02
8.635624272523609761e+03 9.938955653164040882e+01
8.635824259190721932e+03 9.850703288540607616e+01
8.636024245857832284e+03 9.853444865153998933e+01
8.636224232524942636e+03 9.810203446329012422e+01
8.636424219192054807e+03 9.952960948432310317e+01
8.636624205859166977e+03 9.791879788184760969e+01
8.636824192526275510e+03 1.005091397918989458e+02
8.637024179193387681e+03 9.912821895152802654e+01
8.637224165860498033e+03 9.856459772636441130e+01
8.637424152527610204e+03 9.915325730230799195e+01
8.637624139194720556e+03 9.849066263090048778e+01
8.637824125861832727e+03 9.699426668935898022e+01
8.638024112528943078e+03 1.020429538762794834e+02
8.638224099196053430e+03 9.992507860285591903e+01
8.638424085863165601e+03 1.020848052056775117e+02
8.638624072530277772e+03 9.990095967513737207e+01
8.638824059197386305e+03 9.882322958145802261e+01
8.639024045864500295e+03 9.976695641297985162e+01
8.639224032531608827e+03 9.988146131487495438e+01
8.639424019198720998e+03 9.982839179087430637e+01
8.639624005865833169e+03 1.014528090528993829e+02
8.639823992532943521e+03 9.977772301367660646e+01
8.640023979200053873e+03 1.003365279785973740e+02
8.640223965867164225e+03 9.918148772187504392e+01
8.640423952534276395e+03 9.984992796669799020e+01
8.640623939201386747e+03 9.809027809893834160e+01
8.640823925868498918e+03 1.005774382065128520e+02
8.641023912535609270e+03 9.919400370184168025e+01
8.641223899202719622e+03 9.977941022789374870e+01
8.641423885869831793e+03 9.945415276557379514e+01
8.641623872536943963e+03 9.823430042580233135e+01
8.641823859204052496e+03 9.969521395856018842e+01
8.642023845871164667e+03 9.998316129920617357e+01
8.642223832538275019e+03 1.009494654754188190e+02
8.642423819205387190e+03 9.891946685783356941e+01
8.642623805872497542e+03 1.013207122083133243e+02
8.642823792539609713e+03 9.726234536041009449e+01
8.643023779206720064e+03 1.001600390638249394e+02
8.643223765873830416e+03 9.754260189604298148e+01
8.643423752540942587e+03 9.936190945383975759e+01
8.643623739208054758e+03 1.008235454495144268e+02
8.643823725875163291e+03 1.004390960001198607e+02
8.644023712542277281e+03 9.863950794800727806e+01
8.644223699209385813e+03 9.836968900548494332e+01
8.644423685876497984e+03 9.932135428975291802e+01
8.644623672543610155e+03 9.948427432364211143e+01
8.644823659210720507e+03 9.923229914359190218e+01
8.645023645877830859e+03 9.933381309226449218e+01
8.645223632544943030e+03 9.805118111864064190e+01
8.645423619212053381e+03 1.002430317732120244e+02
8.645623605879163733e+03 9.910084105434359003e+01
8.645823592546275904e+03 9.878863283977376852e+01
8.646023579213386256e+03 9.901641793287562621e+01
8.646223565880496608e+03 9.881191910780638921e+01
8.646423552547606960e+03 9.949039683891611219e+01
8.646623539214720950e+03 9.886527092104164183e+01
8.646823525881829482e+03 9.820161398314404266e+01
8.647023512548941653e+03 9.969281136569303214e+01
8.647223499216052005e+03 9.688532732351229981e+01
8.647423485883164176e+03 9.580818043191931110e+01
8.647623472550274528e+03 9.396510859389609038e+01
8.647823459217386699e+03 9.494408293939474675e+01
8.648023445884497050e+03 9.578282317694063863e+01
8.648223432551607402e+03 9.429229185724243223e+01
8.648423419218719573e+03 9.714770070775253430e+01
8.648623405885831744e+03 9.622585776583252937e+01
8.648823392552940277e+03 9.752905185988539927e+01
8.649023379220054267e+03 9.817272922205100372e+01
8.649223365887162799e+03 9.890160431923017370e+01
8.649423352554274970e+03 9.968433736753902963e+01
8.649623339221387141e+03 9.935171043258058887e+01
8.649823325888497493e+03 1.005134834777700092e+02
8.650023312555607845e+03 9.994211540566661256e+01
8.650223299222720016e+03 9.721038976374043727e+01
8.650423285889830368e+03 9.855126246468381623e+01
8.650623272556942538e+03 9.864750674567116562e+01
8.650823259224052890e+03 9.841812124632141945e+01
8.651023245891163242e+03 1.015323876099607929e+02
8.651223232558273594e+03 1.001221027637394911e+02
8.651423219225383946e+03 9.777133382349855140e+01
8.651623205892497936e+03 9.938268774330569499e+01
8.651823192559606468e+03 9.614371838174628238e+01
8.652023179226718639e+03 9.839516395068538657e+01
8.652223165893828991e+03 9.836695269556066989e+01
8.652423152560941162e+03 9.929289561614375259e+01
8.652623139228051514e+03 9.761270326095579719e+01
8.652823125895163685e+03 9.739882225165656848e+01
8.653023112562274036e+03 9.826904723294906319e+01
8.653223099229384388e+03 9.757777740120675958e+01
8.653423085896496559e+03 9.611351056248918212e+01
8.653623072563608730e+03 9.729077992229163385e+01
8.653823059230717263e+03 9.606800390368238141e+01
8.654023045897831253e+03 9.727990635576921363e+01
8.654223032564939786e+03 9.779626034504178733e+01
8.654423019232051956e+03 9.934194174317812553e+01
8.654623005899164127e+03 9.622792788764544980e+01
8.654822992566274479e+03 9.684042398864437473e+01
8.655022979233384831e+03 9.570041974531213214e+01
8.655222965900497002e+03 9.550391217623428020e+01
8.655422952567607354e+03 9.550458290260104377e+01
8.655622939234719524e+03 9.736494740991042818e+01
8.655822925901829876e+03 9.475059980525392689e+01
8.656022912568942047e+03 9.714014842704821717e+01
8.656222899236050580e+03 9.609107021511721314e+01
8.656422885903160932e+03 9.543549855180775410e+01
8.656622872570274922e+03 9.315512126891920275e+01
8.656822859237383454e+03 9.476112160308717591e+01
8.657022845904495625e+03 9.600628023628414098e+01
8.657222832571605977e+03 9.330082714214319140e+01
8.657422819238718148e+03 9.067153005806480337e+01
8.657622805905828500e+03 9.286676191339145703e+01
8.657822792572940671e+03 9.227839335866538306e+01
8.658022779240051022e+03 9.091772371582597145e+01
8.658222765907161374e+03 9.073917108478522664e+01
8.658422752574273545e+03 8.979535567644576588e+01
8.658622739241385716e+03 8.704094779906127144e+01
8.658822725908494249e+03 8.716354333000008126e+01
8.659022712575608239e+03 8.443059398590133924e+01
8.659222699242716772e+03 8.462957356831263667e+01
8.659422685909828942e+03 8.058634188351474847e+01
8.659622672576941113e+03 7.858205136743796970e+01
8.659822659244051465e+03 7.502290298666179069e+01
8.660022645911161817e+03 7.463422038562917749e+01
8.660222632578273988e+03 7.123380080775120859e+01
8.660422619245384340e+03 6.543806433057530114e+01
8.660622605912496510e+03 6.182466362704587937e+01
8.660822592579606862e+03 5.707919767548165169e+01
8.661022579246719033e+03 5.182669762476712805e+01
8.661222565913827566e+03 4.596636148762227236e+01
8.661422552580939737e+03 3.942312738858085197e+01
8.661622539248051908e+03 3.798919325018038506e+01
8.661822525915160440e+03 4.208317288580391846e+01
8.662022512582272611e+03 4.994969373292209980e+01
8.662222499249382963e+03 5.455338665485324157e+01
8.662422485916495134e+03 5.959724553658524826e+01
8.662622472583605486e+03 6.394740215463581023e+01
8.662822459250717657e+03 6.959824004114840079e+01
8.663022445917828009e+03 7.464791630746954354e+01
8.663222432584938360e+03 7.456572909309822705e+01
8.663422419252050531e+03 7.876078223921423671e+01
8.663622405919162702e+03 8.036378646018467009e+01
8.663822392586271235e+03 8.091031312646124718e+01
8.664022379253385225e+03 8.340387026043967467e+01
8.664222365920493758e+03 8.229138122749563422e+01
8.664422352587605928e+03 8.540782576444155438e+01
8.664622339254718099e+03 8.586814280391321574e+01
8.664822325921828451e+03 8.721809383981000963e+01
8.665022312588938803e+03 8.829340284652812443e+01
8.665222299256050974e+03 9.103414071140559827e+01
8.665422285923161326e+03 9.155120212252823819e+01
8.665622272590273496e+03 9.200253404184975636e+01
8.665822259257383848e+03 9.363396238427596074e+01
8.666022245924496019e+03 9.516425408338710668e+01
8.666222232591604552e+03 9.471873184082329544e+01
8.666422219258716723e+03 9.201868209540462828e+01
8.666622205925828894e+03 9.492820042015581805e+01
8.666822192592939246e+03 9.234496392983861313e+01
8.667022179260049597e+03 9.416053740406718475e+01
8.667222165927159949e+03 9.476899217051270341e+01
8.667422152594272120e+03 9.528625766977198452e+01
8.667622139261382472e+03 9.701829877288513160e+01
8.667822125928494643e+03 9.569951650252231445e+01
8.668022112595604995e+03 9.756544951478292660e+01
8.668222099262715346e+03 9.715981659614675436e+01
8.668422085929827517e+03 9.699777104822454987e+01
8.668622072596939688e+03 9.793747324505281426e+01
8.668822059264048221e+03 9.723871767922589981e+01
8.669022045931162211e+03 9.708382592779716447e+01
8.669222032598270744e+03 9.539096223970338428e+01
8.669422019265382914e+03 9.738502403416346453e+01
8.669622005932495085e+03 9.985737216212757517e+01
8.669821992599605437e+03 9.638766965615980098e+01
8.670021979266715789e+03 9.692007902101488526e+01
8.670221965933827960e+03 9.768289045578347896e+01
8.670421952600938312e+03 9.861231334065855947e+01
8.670621939268050482e+03 9.630550557251027044e+01
8.670821925935159015e+03 9.801175184502149307e+01
8.671021912602273005e+03 9.811282565479694995e+01
8.671221899269381538e+03 9.611469475235307414e+01
8.671421885936493709e+03 9.762083282358334202e+01
8.671621872603605880e+03 9.768228328723496645e+01
8.671821859270716232e+03 9.671585043214804500e+01
8.672021845937826583e+03 9.956321467389383884e+01
8.672221832604938754e+03 9.803483669987339510e+01
8.672421819272049106e+03 9.931011408931784956e+01
8.672621805939159458e+03 1.000752404474139894e+02
8.672821792606271629e+03 9.894489959128986811e+01
8.673021779273381981e+03 9.827087300144144422e+01
8.673221765940492332e+03 9.677981061998269752e+01
8.673421752607604503e+03 9.944922111414112464e+01
8.673621739274716674e+03 9.594883131106891483e+01
8.673821725941825207e+03 9.219980786873530576e+01
8.674021712608939197e+03 8.989295879992253901e+01
8.674221699276047730e+03 8.845980543681018560e+01
8.674421685943159900e+03 8.864375664735102589e+01
8.674621672610272071e+03 9.099781206033418357e+01
8.674821659277382423e+03 9.466778312755380398e+01
8.675021645944492775e+03 9.665380398058992739e+01
8.675221632611604946e+03 9.621256000197668357e+01
8.675421619278715298e+03 9.742912859361139510e+01
8.675621605945827469e+03 9.862240515546852748e+01
8.675821592612936001e+03 9.794433590605680706e+01
8.676021579280049991e+03 9.903061223730048823e+01
8.676221565947158524e+03 1.003328877700192123e+02
8.676421552614270695e+03 9.970677863785151374e+01
8.676621539281382866e+03 9.949798886504606799e+01
8.676821525948493218e+03 9.949828486518958925e+01
8.677021512615603569e+03 1.018118054039169493e+02
8.677221499282715740e+03 9.975401606054940373e+01
8.677421485949826092e+03 9.880662746623994508e+01
8.677621472616938263e+03 1.002495034945853263e+02
8.677821459284048615e+03 9.901037990291000312e+01
8.678021445951158967e+03 9.917826925613131550e+01
8.678221432618269318e+03 9.811397412732122802e+01
8.678421419285381489e+03 9.865304027012044230e+01
8.678621405952493660e+03 9.615955077682899343e+01
8.678821392619602193e+03 9.561921066954616322e+01
8.679021379286716183e+03 9.574529549786987559e+01
8.679221365953824716e+03 9.611655457530207514e+01
8.679421352620936887e+03 9.536536957615668086e+01
8.679621339288049057e+03 9.411785521237970897e+01
8.679821325955159409e+03 9.488383380210045459e+01
8.680021312622269761e+03 9.632584091109579560e+01
8.680221299289381932e+03 9.777460167350842823e+01
8.680421285956492284e+03 9.700947869064525264e+01
8.680621272623604455e+03 9.944742853212132161e+01
8.680821259290712987e+03 9.879685590054720024e+01
8.681021245957826977e+03 9.954818185974515643e+01
8.681221232624935510e+03 1.003541793099325758e+02
8.681421219292047681e+03 1.005532073705910676e+02
8.681621205959159852e+03 9.993400121330142838e+01
8.681821192626270204e+03 1.000902884881008248e+02
8.682021179293380555e+03 9.851974387153985901e+01
8.682221165960492726e+03 9.704729135656717176e+01
8.682421152627603078e+03 9.981330310740851530e+01
8.682621139294715249e+03 9.645442856671783716e+01
8.682821125961825601e+03 9.780386947941005360e+01
8.683021112628937772e+03 1.003309399937780029e+02
8.683221099296046305e+03 9.980061788998830252e+01
8.683421085963158475e+03 9.923342270948565158e+01
8.683621072630270646e+03 9.665910102069963727e+01
8.683821059297379179e+03 9.830038831362372775e+01
8.684021045964493169e+03 9.959230078381230555e+01
8.684221032631601702e+03 9.783496703280900419e+01
8.684421019298713873e+03 9.884431327903547526e+01
8.684621005965826043e+03 1.011378755917654928e+02
8.684820992632936395e+03 1.006813547540611751e+02
8.685020979300046747e+03 1.025743652262585925e+02
8.685220965967158918e+03 9.898542640662076053e+01
8.685420952634269270e+03 9.872766233752359710e+01
8.685620939301381441e+03 9.846909884196976748e+01
8.685820925968489973e+03 9.730529206470869497e+01
8.686020912635603963e+03 9.776960250685269216e+01
8.686220899302712496e+03 9.792056810791508781e+01
8.686420885969824667e+03 9.789951701827803277e+01
8.686620872636936838e+03 9.802800623992796147e+01
8.686820859304047190e+03 9.900674117492310700e+01
8.687020845971157541e+03 9.816917336071320221e+01
8.687220832638269712e+03 9.660890293008574758e+01
8.687420819305380064e+03 9.387950851758431270e+01
8.687620805972492235e+03 8.899307670334160036e+01
8.687820792639602587e+03 8.142160497150605636e+01
8.688020779306714758e+03 7.961717056499391276e+01
8.688220765973823291e+03 8.031547957545517136e+01
8.688420752640937280e+03 8.663347288495796761e+01
8.688620739308047632e+03 9.096247743539406372e+01
8.688820725975156165e+03 9.942657876618694957e+01
8.689020712642270155e+03 9.655376753850949001e+01
8.689220699309378688e+03 9.777603298455028380e+01
8.689420685976490859e+03 9.835651339745750477e+01
8.689620672643603029e+03 1.000063844277052851e+02
8.689820659310713381e+03 9.917855190093078477e+01
8.690020645977823733e+03 9.902195841644038410e+01
8.690220632644934085e+03 1.005231360415466781e+02
8.690420619312046256e+03 9.911258151260007310e+01
8.690620605979158427e+03 9.791391178335798884e+01
8.690820592646266959e+03 1.002204834019428148e+02
8.691020579313380949e+03 1.013824649148476595e+02
8.691220565980489482e+03 9.931735792917261563e+01
8.691420552647601653e+03 1.009483577141348576e+02
8.691620539314713824e+03 9.944824742351185876e+01
8.691820525981824176e+03 1.013395329299294048e+02
8.692020512648934528e+03 9.829294084808637422e+01
8.692220499316046698e+03 9.833860779455066847e+01
8.692420485983157050e+03 9.634823596475362706e+01
8.692620472650269221e+03 1.011153540377784026e+02
8.692820459317379573e+03 9.949828000547333318e+01
8.693020445984491744e+03 9.934325865417314105e+01
8.693220432651600277e+03 1.000257293487109536e+02
8.693420419318714266e+03 9.860141084856654459e+01
8.693620405985824618e+03 9.833818028899125352e+01
8.693820392652934970e+03 9.708654768815489433e+01
8.694020379320047141e+03 9.703066965331068161e+01
8.694220365987155674e+03 9.599159595476318430e+01
8.694420352654267845e+03 1.005013501184796638e+02
8.694620339321380015e+03 1.000040027371162523e+02
8.694820325988490367e+03 1.012564597717446873e+02
8.695020312655600719e+03 9.751651948517827861e+01
8.695220299322711071e+03 9.809858945199142966e+01
8.695420285989823242e+03 1.007433051912693003e+02
8.695620272656935413e+03 1.000099177234601626e+02
8.695820259324043946e+03 1.012835545927538021e+02
8.696020245991157935e+03 9.949532186335667916e+01
8.696220232658266468e+03 1.020845913970240133e+02
8.696420219325378639e+03 9.847630460765955718e+01
8.696620205992490810e+03 9.980229802388039673e+01
8.696820192659601162e+03 9.975520503996446564e+01
8.697020179326711514e+03 1.010911362667519313e+02
8.697220165993823684e+03 9.939531144514970151e+01
8.697420152660934036e+03 9.944267432714917732e+01
8.697620139328046207e+03 1.004663936088407041e+02
8.697820125995156559e+03 1.009009876106327113e+02
8.698020112662268730e+03 9.981779377659475472e+01
8.698220099329377263e+03 9.872096265982897023e+01
8.698420085996491252e+03 9.697404347652285139e+01
8.698620072663601604e+03 9.428093151417054685e+01
8.698820059330711956e+03 9.327337182107248736e+01
8.699020045997824127e+03 9.455686035644414744e+01
8.699220032664934479e+03 9.647008741583425717e+01
8.699420019332044831e+03 9.828274983422261357e+01
8.699620005999157001e+03 1.001486271151433840e+02
8.699819992666267353e+03 9.790457908607969273e+01
8.700019979333377705e+03 9.762941613830865606e+01
8.700219966000488057e+03 9.947194191028738430e+01
8.700419952667600228e+03 9.921673035149338205e+01
8.700619939334712399e+03 9.894824606446289295e+01
8.700819926001820932e+03 1.003575931794058675e+02
8.701019912668934921e+03 9.848439079410619001e+01
8.701219899336043454e+03 9.944846749257732199e+01
8.701419886003155625e+03 1.000328399233877263e+02
8.701619872670267796e+03 9.959624116301884555e+01
8.701819859337378148e+03 9.909600555800028587e+01
8.702019846004488500e+03 1.006944388668354122e+02
8.702219832671600670e+03 1.006930787015110695e+02
8.702419819338711022e+03 9.843472065588159126e+01
8.702619806005823193e+03 9.915376236579975000e+01
8.702819792672933545e+03 9.799620371868992663e+01
8.703019779340045716e+03 9.894590163323252341e+01
8.703219766007154249e+03 1.009346486444356543e+02
8.703419752674268238e+03 9.788045933158547030e+01
8.703619739341378590e+03 1.006705887038920935e+02
8.703819726008488942e+03 9.952831459155923710e+01
8.704019712675601113e+03 1.003988086886054845e+02
8.704219699342711465e+03 9.971476835491999680e+01
8.704419686009821817e+03 1.006413035572014536e+02
8.704619672676935807e+03 1.008073516186552609e+02
8.704819659344044339e+03 9.967368150589280162e+01
8.705019646011154691e+03 1.017638927126922681e+02
8.705219632678265043e+03 1.028077431762185228e+02
8.705419619345377214e+03 1.001199026540024590e+02
8.705619606012489385e+03 9.941280920629777995e+01
8.705819592679597918e+03 9.915320751435130830e+01
8.706019579346711907e+03 9.921932099659981930e+01
8.706219566013820440e+03 9.923207493347703689e+01
8.706419552680932611e+03 9.862002688408506401e+01
8.706619539348044782e+03 9.939788001476291868e+01
8.706819526015155134e+03 9.764757814710962691e+01
8.707019512682265486e+03 1.009309860001346948e+02
8.707219499349377656e+03 1.006914266620736385e+02
8.707419486016488008e+03 9.845178660255731984e+01
8.707619472683600179e+03 9.896003301700103805e+01
8.707819459350710531e+03 1.003712134837036132e+02
8.708019446017822702e+03 1.005228164149042129e+02
8.708219432684931235e+03 1.000901037232627573e+02
8.708419419352045225e+03 9.955838009250184939e+01
8.708619406019155576e+03 9.909645078313046440e+01
8.708819392686265928e+03 1.001269228695180544e+02
8.709019379353378099e+03 9.900092509856234813e+01
8.709219366020488451e+03 9.881041583185228205e+01
8.709419352687598803e+03 9.406258098837210468e+01
8.709619339354712793e+03 8.997082372458247335e+01
8.709819326021821325e+03 8.910737647923438942e+01
8.710019312688933496e+03 9.178367810412908057e+01
8.710219299356042029e+03 9.440888412000117569e+01
8.710419286023154200e+03 9.744551068016504303e+01
8.710619272690266371e+03 9.996064103938846301e+01
8.710819259357374904e+03 1.007761508360064084e+02
8.711019246024488893e+03 9.979855112611623724e+01
8.711219232691597426e+03 1.005375050337778049e+02
8.711419219358709597e+03 9.783862410510000984e+01
8.711619206025821768e+03 1.008020174221751546e+02
8.711819192692932120e+03 9.744654604352462002e+01
8.712019179360042472e+03 9.593710817614368125e+01
8.712219166027154643e+03 9.439386980346544931e+01
8.712419152694264994e+03 9.138870226968852251e+01
8.712619139361377165e+03 9.461810886156830236e+01
8.712819126028487517e+03 9.376589833202186242e+01
8.713019112695599688e+03 9.753160049680684551e+01
8.713219099362708221e+03 9.817027616952172764e+01
8.713419086029822211e+03 9.756781253657561592e+01
8.713619072696932562e+03 9.837366529933346726e+01
8.713819059364042914e+03 9.938414422181995178e+01
8.714019046031155085e+03 1.007650214472908345e+02
8.714219032698265437e+03 9.937068414618322265e+01
8.714419019365375789e+03 1.013078546583905677e+02
8.714619006032487960e+03 9.776698113324306405e+01
8.714818992699598311e+03 9.992990753752303590e+01
8.715018979366710482e+03 9.852296165701176278e+01
8.715218966033819015e+03 1.000239819659041274e+02
8.715418952700933005e+03 9.952608754899011956e+01
8.715618939368043357e+03 9.937795982618874291e+01
8.715818926035151890e+03 1.009071854350023045e+02
8.716018912702265879e+03 1.000020146957390494e+02
8.716218899369374412e+03 1.000072931499478415e+02
8.716418886036486583e+03 9.741168182475591664e+01
8.716618872703598754e+03 9.703254429110000956e+01
8.716818859370709106e+03 9.814859423751460099e+01
8.717018846037819458e+03 9.347819073266676071e+01
8.717218832704931629e+03 9.334853415374499264e+01
8.717418819372041980e+03 9.454074364589769175e+01
8.717618806039154151e+03 9.623934597886203335e+01
8.717818792706264503e+03 1.004753959803145591e+02
8.718018779373376674e+03 1.004344019712045224e+02
8.718218766040485207e+03 1.018092797547378439e+02
8.718418752707599197e+03 1.005905236732670716e+02
8.718618739374709548e+03 9.833384004224615182e+01
8.718818726041819900e+03 1.006029754164733419e+02
8.719018712708932071e+03 1.001881865865707937e+02
8.719218699376042423e+03 9.789385775830719183e+01
8.719418686043152775e+03 9.974759906004010190e+01
8.719618672710264946e+03 9.962979950486801783e+01
8.719818659377375297e+03 1.014493141337775057e+02
8.720018646044487468e+03 9.922430648137836329e+01
8.720218632711596001e+03 9.954054430171329670e+01
8.720418619378709991e+03 9.959167401701422762e+01
8.720618606045820343e+03 1.001987403014313998e+02
8.720818592712930695e+03 9.955260532253136319e+01
8.721018579380042866e+03 1.002039206934358759e+02
8.721218566047151398e+03 1.023487898832265017e+02
8.721418552714263569e+03 9.961225312630561746e+01
8.721618539381375740e+03 9.965294050472226672e+01
8.721818526048486092e+03 1.014616404907994109e+02
8.722018512715596444e+03 9.900693331117120977e+01
8.722218499382708615e+03 9.949795189067876322e+01
8.722418486049818966e+03 1.000057490915800855e+02
8.722618472716931137e+03 9.894796324890779715e+01
8.722818459384041489e+03 9.810280906041310800e+01
8.723018446051153660e+03 1.024237202242336480e+02
8.723218432718262193e+03 9.958329314037987956e+01
8.723418419385376183e+03 9.737444383396363889e+01
8.723618406052486534e+03 9.934823234707081951e+01
8.723818392719596886e+03 1.004549938417257806e+02
8.724018379386709057e+03 9.840100737365206385e+01
8.724218366053819409e+03 1.016558265435876649e+02
8.724418352720929761e+03 9.823821837387741596e+01
8.724618339388041932e+03 9.879988952368900357e+01
8.724818326055152284e+03 1.012962759414212428e+02
8.725018312722264454e+03 9.872806104812963213e+01
8.725218299389372987e+03 9.996611554500721297e+01
8.725418286056486977e+03 9.988683533138615189e+01
8.725618272723597329e+03 1.000046343917934450e+02
8.725818259390707681e+03 1.010301777719209468e+02
8.726018246057819852e+03 1.008686173382743050e+02
8.726218232724930203e+03 9.954912878517447439e+01
8.726418219392040555e+03 9.925861817661829889e+01
8.726618206059152726e+03 9.825076497767823014e+01
8.726818192726263078e+03 9.733121634126202082e+01
8.727018179393373430e+03 9.708324957556429524e+01
8.727218166060485601e+03 9.331687352417411319e+01
8.727418152727595952e+03 9.363851548571358308e+01
8.727618139394708123e+03 9.354886776981864216e+01
8.727818126061818475e+03 9.895405103830537996e+01
8.728018112728930646e+03 9.690699200270013591e+01
8.728218099396039179e+03 9.683530474726481430e+01
8.728418086063153169e+03 9.560318125565090952e+01
8.728618072730263520e+03 1.016365806452082836e+02
8.728818059397373872e+03 9.819935624436236310e+01
8.729018046064486043e+03 1.013866555220412664e+02
8.729218032731596395e+03 9.974427725678287970e+01
8.729418019398706747e+03 1.015128738042907344e+02
