8.478586784424816869e+03 1.037233589047539510e+02
8.478786751094263309e+03 1.031132359530640343e+02
8.478986717763704291e+03 1.028331343573244254e+02
8.479186684433148912e+03 1.006239015015425906e+02
8.479386651102591713e+03 9.989022873737033592e+01
8.479586617772036334e+03 1.003883646582779221e+02
8.479786584441482773e+03 9.487536728734779956e+01
8.479986551110925575e+03 9.712077795778195366e+01
8.480186517780368376e+03 9.335890332525906388e+01
8.480386484449811178e+03 9.055197644731994444e+01
8.480586451119255798e+03 8.614420867328851728e+01
8.480786417788702238e+03 8.775425449881177542e+01
8.480986384458145039e+03 9.232042278272081148e+01
8.481186351127589660e+03 9.517996377036566003e+01
8.481386317797030642e+03 9.992912092060200280e+01
8.481586284466475263e+03 9.707944554804832649e+01
8.481786251135921702e+03 9.486735818639145634e+01
8.481986217805364504e+03 9.915500720877501806e+01
8.482186184474809124e+03 9.833595319423528736e+01
8.482386151144251926e+03 9.544193784628004096e+01
8.482586117813696546e+03 9.958051186963835733e+01
8.482786084483141167e+03 9.723997240669305597e+01
8.482986051152583968e+03 9.590706421385277736e+01
8.483186017822028589e+03 9.691429499679072990e+01
8.483385984491471390e+03 9.814421137321672006e+01
8.483585951160916011e+03 1.000904415712731179e+02
8.483785917830362450e+03 9.979433179622716921e+01
8.483985884499803433e+03 9.959218781230850936e+01
8.484185851169248053e+03 1.001220928663673959e+02
8.484385817838690855e+03 9.819999123319672663e+01
8.484585784508135475e+03 9.891994764083437985e+01
8.484785751177581915e+03 1.011203213822380320e+02
8.484985717847024716e+03 1.028540775221337782e+02
8.485185684516469337e+03 9.735307083035554854e+01
8.485385651185910319e+03 1.003025668340528682e+02
8.485585617855356759e+03 9.919749027071752323e+01
8.485785584524801379e+03 9.799946192129618794e+01
8.485985551194244181e+03 9.901965990204560342e+01
8.486185517863688801e+03 1.015329993559750790e+02
8.486385484533131603e+03 1.000636819698151214e+02
8.486585451202576223e+03 9.828420586360374500e+01
8.486785417872020844e+03 9.888654873981455751e+01
8.486985384541463645e+03 1.000466869280597990e+02
8.487185351210908266e+03 9.884428327842964279e+01
8.487385317880351067e+03 9.942580987825482453e+01
8.487585284549797507e+03 9.919618883505582119e+01
8.487785251219242127e+03 9.556554681031161635e+01
8.487985217888683110e+03 9.823879425473110416e+01
8.488185184558127730e+03 1.001010240774088800e+02
8.488385151227570532e+03 9.918597684752246835e+01
8.488585117897016971e+03 9.766242565529323372e+01
8.488785084566461592e+03 9.921737402401069517e+01
8.488985051235904393e+03 9.862492566089505885e+01
8.489185017905347195e+03 1.006836588541732169e+02
8.489384984574789996e+03 9.973423943635538080e+01
8.489584951244236436e+03 1.011448840871601931e+02
8.489784917913681056e+03 9.870878393595843647e+01
8.489984884583123858e+03 1.002708880041467552e+02
8.490184851252568478e+03 9.976803795481703219e+01
8.490384817922011280e+03 9.945061421814122582e+01
8.490584784591455900e+03 9.708921153344785182e+01
8.490784751260900521e+03 9.571207886516580743e+01
8.490984717930343322e+03 9.411262554559617399e+01
8.491184684599787943e+03 9.548680871708694440e+01
8.491384651269230744e+03 9.761650600616333406e+01
8.491584617938677184e+03 9.726635341074349128e+01
8.491784584608119985e+03 9.947635904022406805e+01
8.491984551277562787e+03 9.662005342305144495e+01
8.492184517947007407e+03 9.611091575108233087e+01
8.492384484616450209e+03 9.763018958803985470e+01
8.492584451285896648e+03 9.577960956855375230e+01
8.492784417955341269e+03 9.297309755960768030e+01
8.492984384624782251e+03 9.419782154110960448e+01
8.493184351294226872e+03 9.663435216270620742e+01
8.493384317963669673e+03 9.595844074231986554e+01
8.493584284633116113e+03 9.851542941113014251e+01
8.493784251302560733e+03 9.617332515649179925e+01
8.493984217972003535e+03 9.280378801093712582e+01
8.494184184641448155e+03 9.307994500103325208e+01
8.494384151310889138e+03 9.068574675354886949e+01
8.494584117980335577e+03 8.816809230155470800e+01
8.494784084649780198e+03 8.744782397425197473e+01
8.494984051319222999e+03 8.621134271665580684e+01
8.495184017988667620e+03 7.803333954152941487e+01
8.495383984658110421e+03 7.449688024125217112e+01
8.495583951327555042e+03 6.881246454265027523e+01
8.495783917996999662e+03 5.627929125106253139e+01
8.495983884666442464e+03 5.485968455572644586e+01
8.496183851335887084e+03 5.014472852749419474e+01
8.496383818005331705e+03 4.319250521107068153e+01
8.496583784674776325e+03 4.184362713669904821e+01
8.496783751344220946e+03 4.444438693785074435e+01
8.496983718013661928e+03 5.158992332563177996e+01
8.497183684683106549e+03 6.002829394420152198e+01
8.497383651352551169e+03 6.511848827005458418e+01
8.497583618021995790e+03 7.133494221408800229e+01
8.497783584691440410e+03 7.492805053663704484e+01
8.497983551360883212e+03 7.960806641293100938e+01
8.498183518030326013e+03 8.905359794084253622e+01
8.498383484699770634e+03 8.948052021324974703e+01
8.498583451369215254e+03 8.760191496827968649e+01
8.498783418038659875e+03 9.182843985057465375e+01
8.498983384708102676e+03 9.623078464007203081e+01
8.499183351377547297e+03 9.506902414564072501e+01
8.499383318046991917e+03 9.382200317540628021e+01
8.499583284716434719e+03 8.969990553926976418e+01
8.499783251385879339e+03 9.387320910629715343e+01
8.499983218055322141e+03 9.255711138791811265e+01
8.500183184724766761e+03 9.774817029105210509e+01
8.500383151394211382e+03 9.346427471277503685e+01
8.500583118063656002e+03 9.150137515074091255e+01
8.500783084733098804e+03 9.414258868196863261e+01
8.500983051402541605e+03 9.188643979677257789e+01
8.501183018071986226e+03 9.598690268873629350e+01
8.501382984741430846e+03 9.474813210887012360e+01
8.501582951410875467e+03 9.944183503641190214e+01
8.501782918080320087e+03 9.901038161543131366e+01
8.501982884749762889e+03 9.811158380767599851e+01
8.502182851419205690e+03 9.841355749976690959e+01
8.502382818088650311e+03 9.685383493218260753e+01
8.502582784758094931e+03 9.843060467015563120e+01
8.502782751427539552e+03 9.958428843885693027e+01
8.502982718096982353e+03 1.012775816528416186e+02
8.503182684766426974e+03 9.889191205623825454e+01
8.503382651435869775e+03 9.859523704374063868e+01
8.503582618105314396e+03 9.827304372534921129e+01
8.503782584774759016e+03 9.802098579979538329e+01
8.503982551444201818e+03 1.015286854821642777e+02
8.504182518113646438e+03 9.976870473739133161e+01
8.504382484783091058e+03 9.717684865524623206e+01
8.504582451452535679e+03 9.946158364000673657e+01
8.504782418121978480e+03 1.002115154233581507e+02
8.504982384791421282e+03 9.826118890407455808e+01
8.505182351460865902e+03 1.005527489242496131e+02
8.505382318130310523e+03 9.837121594788385437e+01
8.505582284799755143e+03 9.776301896367644417e+01
8.505782251469199764e+03 9.753603947946474761e+01
8.505982218138640746e+03 9.829874681401334158e+01
8.506182184808085367e+03 9.896869011429174634e+01
8.506382151477529987e+03 9.941219508165640661e+01
8.506582118146974608e+03 9.791126089077710049e+01
8.506782084816419228e+03 9.805703314536454229e+01
8.506982051485862030e+03 9.909377170079862651e+01
8.507182018155306650e+03 9.623918414428709411e+01
8.507381984824749452e+03 1.018960230114189756e+02
8.507581951494194072e+03 9.808727391681316021e+01
8.507781918163638693e+03 9.783768493870877592e+01
8.507981884833081494e+03 1.004595828122596401e+02
8.508181851502527934e+03 9.796227175497132578e+01
8.508381818171970735e+03 9.746094208952941074e+01
8.508581784841413537e+03 9.910433308341663405e+01
8.508781751510858157e+03 9.792530214423457835e+01
8.508981718180300959e+03 9.800336904226877266e+01
8.509181684849747398e+03 9.829733020147017442e+01
8.509381651519190200e+03 1.015385367559629515e+02
8.509581618188634820e+03 9.768694059608689884e+01
8.509781584858077622e+03 9.880907086148452834e+01
8.509981551527520423e+03 1.006479324415605987e+02
8.510181518196966863e+03 9.939426251695985570e+01
8.510381484866409664e+03 9.835229005564690397e+01
8.510581451535854285e+03 1.028360999923932724e+02
8.510781418205298905e+03 1.014665412727561886e+02
8.510981384874741707e+03 9.751920599607973372e+01
8.511181351544186327e+03 9.985077204309388321e+01
8.511381318213629129e+03 9.860107606706893080e+01
8.511581284883073749e+03 9.862836250232598445e+01
8.511781251552518370e+03 1.001881812633752560e+02
8.511981218221961171e+03 9.385259211376860833e+01
8.512181184891407611e+03 9.027819740907854396e+01
8.512381151560848593e+03 8.412373965009886945e+01
8.512581118230293214e+03 8.073350714203370160e+01
8.512781084899737834e+03 8.200424069751193201e+01
8.512981051569180636e+03 8.358703305639150472e+01
8.513181018238627075e+03 8.429344728398831421e+01
8.513380984908069877e+03 9.077474366826578489e+01
8.513580951577514497e+03 9.451737618509595507e+01
8.513780918246957299e+03 9.074847464864002689e+01
8.513980884916400100e+03 9.138074695815106452e+01
8.514180851585846540e+03 9.932460538046500176e+01
8.514380818255289341e+03 9.891575557789174411e+01
8.514580784924733962e+03 9.623176785542247558e+01
8.514780751594178582e+03 1.011196488324803653e+02
8.514980718263619565e+03 1.022913774925184214e+02
8.515180684933066004e+03 1.011349643826018507e+02
8.515380651602508806e+03 9.678479605431610366e+01
8.515580618271953426e+03 9.996979190259852999e+01
8.515780584941398047e+03 1.012188129952395315e+02
8.515980551610840848e+03 9.970029696304916911e+01
8.516180518280287288e+03 9.431772271350040171e+01
8.516380484949728270e+03 9.698019102610115283e+01
8.516580451619172891e+03 9.408616892860294456e+01
8.516780418288617511e+03 8.946010292627696003e+01
8.516980384958060313e+03 9.160576817640217939e+01
8.517180351627506752e+03 9.200377102072002344e+01
8.517380318296949554e+03 9.224411316763583102e+01
8.517580284966392355e+03 9.977753566474751779e+01
8.517780251635836976e+03 9.441610132824699519e+01
8.517980218305281596e+03 9.581661362329310805e+01
8.518180184974726217e+03 9.996158539364802209e+01
8.518380151644169018e+03 9.745044923685901495e+01
8.518580118313613639e+03 1.004534246612309687e+02
8.518780084983058259e+03 1.009558254817296614e+02
8.518980051652501061e+03 1.019251066614500161e+02
8.519180018321945681e+03 9.402768660599630834e+01
8.519379984991388483e+03 1.011128739320311780e+02
8.519579951660833103e+03 9.631245772382136749e+01
8.519779918330277724e+03 9.512552927266268910e+01
8.519979884999722344e+03 9.709108405995372948e+01
8.520179851669165146e+03 9.995884883699471857e+01
8.520379818338607947e+03 1.006098562442279700e+02
8.520579785008052568e+03 9.833975808016239739e+01
8.520779751677497188e+03 9.916632387625728029e+01
8.520979718346941809e+03 9.517920311533697486e+01
8.521179685016386429e+03 9.940042446961444966e+01
8.521379651685827412e+03 9.858237190236793879e+01
8.521579618355272032e+03 1.012755012341958576e+02
8.521779585024716653e+03 9.853959202695959618e+01
8.521979551694161273e+03 9.902101294620322847e+01
8.522179518363605894e+03 9.986698614211063330e+01
8.522379485033048695e+03 9.478637038768395939e+01
8.522579451702493316e+03 1.040060666702803616e+02
8.522779418371936117e+03 9.914106602920720945e+01
8.522979385041380738e+03 1.008586681250476431e+02
8.523179351710825358e+03 9.905765936723489062e+01
8.523379318380268160e+03 9.834558262330564560e+01
8.523579285049712780e+03 9.913451323029877926e+01
8.523779251719157401e+03 9.901782023320782855e+01
8.523979218388600202e+03 9.779381425585222587e+01
8.524179185058044823e+03 9.887890585983802794e+01
8.524379151727487624e+03 9.627614175394649010e+01
8.524579118396932245e+03 9.896526361027834184e+01
8.524779085066376865e+03 9.087272281785308792e+01
8.524979051735821486e+03 9.290242289313424351e+01
8.525179018405266106e+03 9.514222172160251034e+01
8.525378985074707089e+03 9.188601949947420167e+01
8.525578951744151709e+03 9.153456274008182447e+01
8.525778918413596330e+03 9.153102706454281190e+01
8.525978885083040950e+03 9.248372610774072200e+01
8.526178851752485571e+03 9.066378865692529132e+01
8.526378818421928372e+03 9.740775100045884471e+01
8.526578785091371174e+03 9.613559997882130403e+01
8.526778751760815794e+03 9.629503980473297986e+01
8.526978718430260415e+03 9.952504023344731365e+01
8.527178685099705035e+03 9.721475105695685670e+01
8.527378651769147837e+03 9.921687502878044995e+01
8.527578618438592457e+03 1.004206628540835169e+02
8.527778585108037078e+03 9.641599089023939939e+01
8.527978551777479879e+03 9.762754946104871578e+01
8.528178518446924500e+03 9.585546125179631360e+01
8.528378485116367301e+03 9.418642911559732056e+01
8.528578451785811922e+03 1.004441664415597586e+02
8.528778418455258361e+03 9.785559101042079533e+01
8.528978385124701163e+03 9.699577944482878422e+01
8.529178351794143964e+03 9.653744817250320409e+01
8.529378318463586766e+03 9.760879621382561311e+01
8.529578285133031386e+03 9.209768385900849808e+01
8.529778251802477826e+03 9.449617595791596614e+01
8.529978218471920627e+03 9.509660456869599443e+01
8.530178185141365248e+03 9.219638558246923310e+01
8.530378151810808049e+03 9.578937876408599550e+01
8.530578118480250851e+03 9.655180788477998988e+01
8.530778085149697290e+03 9.763294331191792708e+01
8.530978051819140092e+03 9.836886149337473739e+01
8.531178018488584712e+03 9.652516250668638520e+01
8.531377985158027514e+03 9.761492505580420698e+01
8.531577951827472134e+03 9.456473382544501760e+01
8.531777918496916755e+03 9.644020989381698428e+01
8.531977885166359556e+03 9.706226502177905502e+01
8.532177851835804177e+03 9.355554628190488131e+01
8.532377818505246978e+03 9.889286889335475905e+01
8.532577785174691599e+03 9.663815749472608729e+01
8.532777751844138038e+03 9.700304437053597439e+01
8.532977718513579021e+03 9.475719823932185193e+01
8.533177685183023641e+03 9.516935599063592122e+01
8.533377651852466443e+03 9.058911058513236014e+01
8.533577618521911063e+03 9.177355083203093500e+01
8.533777585191357502e+03 8.899208893944290821e+01
8.533977551860800304e+03 9.640360380309864752e+01
8.534177518530244924e+03 9.220398276305193974e+01
8.534377485199685907e+03 9.496766072757043275e+01
8.534577451869130527e+03 8.758689359953329756e+01
8.534777418538576967e+03 8.787405635985462027e+01
8.534977385208019768e+03 9.017053234271942586e+01
8.535177351877464389e+03 8.980093873454468678e+01
8.535377318546907190e+03 9.227027736347572784e+01
8.535577285216349992e+03 8.886605238638999538e+01
8.535777251885796431e+03 8.840847059854046108e+01
8.535977218555239233e+03 8.689367373538829042e+01
8.536177185224683853e+03 8.846744691406178163e+01
8.536377151894126655e+03 8.440507615835811350e+01
8.536577118563571275e+03 8.444863166000739341e+01
8.536777085233017715e+03 8.074457829277419307e+01
8.536977051902458697e+03 8.070025569925881825e+01
8.537177018571903318e+03 8.177637220231414972e+01
8.537376985241346119e+03 8.002033622988959394e+01
8.537576951910790740e+03 8.581520196489661600e+01
8.537776918580237179e+03 7.991464564942997129e+01
8.537976885249679981e+03 7.288595802375355959e+01
8.538176851919122782e+03 7.473615427906183584e+01
8.538376818588565584e+03 7.156585483367604184e+01
8.538576785258010204e+03 7.010424495704570802e+01
8.538776751927456644e+03 6.815965564987986625e+01
8.538976718596899445e+03 6.519841436987066174e+01
8.539176685266344066e+03 6.495310357593025685e+01
8.539376651935786867e+03 5.944531117050043889e+01
8.539576618605231488e+03 5.514056612693448756e+01
8.539776585274676108e+03 5.190456454014248777e+01
8.539976551944118910e+03 5.074213312125227304e+01
8.540176518613563530e+03 4.194573697156725700e+01
8.540376485283006332e+03 3.600307909646333115e+01
8.540576451952452771e+03 3.135808339077786755e+01
8.540776418621895573e+03 3.320712935408175071e+01
8.540976385291338374e+03 3.723867663602995037e+01
8.541176351960782995e+03 3.964948023024973622e+01
8.541376318630225796e+03 4.725083139158932966e+01
8.541576285299672236e+03 5.122362255944927512e+01
8.541776251969116856e+03 5.330788203392224744e+01
8.541976218638559658e+03 6.243490705997327694e+01
8.542176185308002459e+03 5.978572431661314823e+01
8.542376151977445261e+03 6.783280314926660992e+01
8.542576118646891700e+03 6.970262698795799849e+01
8.542776085316336321e+03 6.859526224875124001e+01
8.542976051985779122e+03 7.242392949533221724e+01
8.543176018655223743e+03 7.491294319364142495e+01
8.543375985324664725e+03 7.949102140638949265e+01
8.543575951994111165e+03 7.740604523246372537e+01
8.543775918663555785e+03 7.818106871213994680e+01
8.543975885332998587e+03 8.101041350069969837e+01
8.544175852002443207e+03 8.362019362112887677e+01
8.544375818671886009e+03 8.223129427136052527e+01
8.544575785341332448e+03 8.607655345633669697e+01
8.544775752010775250e+03 8.254956223088852596e+01
8.544975718680218051e+03 8.654723809089783515e+01
8.545175685349662672e+03 8.712681865368718093e+01
8.545375652019105473e+03 8.804727936687736189e+01
8.545575618688551913e+03 8.778018419846267761e+01
8.545775585357996533e+03 9.178825693182257339e+01
8.545975552027437516e+03 8.699788192734131087e+01
8.546175518696882136e+03 8.781699981827544832e+01
8.546375485366324938e+03 8.896125390806605537e+01
8.546575452035771377e+03 9.056625756719083142e+01
8.546775418705215998e+03 9.268869015660290245e+01
8.546975385374658799e+03 9.454285178515848997e+01
8.547175352044101601e+03 9.418580502818166167e+01
8.547375318713544402e+03 9.190538390219805365e+01
8.547575285382990842e+03 9.335756717774707170e+01
8.547775252052435462e+03 9.293363037491086232e+01
8.547975218721878264e+03 9.496035862857286247e+01
8.548175185391322884e+03 9.276136881493793851e+01
8.548375152060765686e+03 9.494810735232837828e+01
8.548575118730210306e+03 9.339980442049225928e+01
8.548775085399654927e+03 9.647457833375739256e+01
8.548975052069097728e+03 9.761678278827164945e+01
8.549175018738542349e+03 9.424025389312015477e+01
8.549374985407986969e+03 9.526997545877826212e+01
8.549574952077431590e+03 9.560751163110310813e+01
8.549774918746874391e+03 9.321922830486417411e+01
8.549974885416317193e+03 9.845570067429639494e+01
8.550174852085761813e+03 9.867449006725145466e+01
8.550374818755206434e+03 9.390814332055124680e+01
8.550574785424651054e+03 1.009241919452557994e+02
8.550774752094095675e+03 9.751313690020585057e+01
8.550974718763538476e+03 9.874312946495879828e+01
8.551174685432981278e+03 9.798000303788596455e+01
8.551374652102425898e+03 9.692686169678228225e+01
8.551574618771870519e+03 9.752143700417215655e+01
8.551774585441315139e+03 9.754051283745110368e+01
8.551974552110757941e+03 9.547485884645800525e+01
8.552174518780202561e+03 9.455460086730300873e+01
8.552374485449645363e+03 9.493958172956000396e+01
8.552574452119089983e+03 9.625021258568212090e+01
8.552774418788534604e+03 9.682880168036733437e+01
8.552974385457977405e+03 9.862611724515090827e+01
8.553174352127422026e+03 1.025458237565577519e+02
8.553374318796866646e+03 1.017207569048728999e+02
8.553574285466311267e+03 9.588038847754145877e+01
8.553774252135754068e+03 1.004548192092593411e+02
8.553974218805196870e+03 9.806100779496911457e+01
8.554174185474641490e+03 9.622188354194877036e+01
8.554374152144086111e+03 9.457199657233360313e+01
8.554574118813530731e+03 9.851671184450047747e+01
8.554774085482975352e+03 9.500912979265825697e+01
8.554974052152416334e+03 9.393607955418724487e+01
8.555174018821860955e+03 9.399871240135598782e+01
8.555373985491305575e+03 9.368527271742543405e+01
8.555573952160750196e+03 9.171705899592463140e+01
8.555773918830194816e+03 9.485997528239292365e+01
8.555973885499637618e+03 9.620397659879850494e+01
8.556173852169082238e+03 9.737931504838522301e+01
8.556373818838525040e+03 9.619183714786302630e+01
8.556573785507969660e+03 9.489651199037528784e+01
8.556773752177414281e+03 9.814012207249047037e+01
8.556973718846857082e+03 1.009851571635465461e+02
8.557173685516301703e+03 9.721145741507835680e+01
8.557373652185746323e+03 9.566609035373311087e+01
8.557573618855189125e+03 1.022882885082719895e+02
8.557773585524633745e+03 1.015991042941988240e+02
8.557973552194076547e+03 1.003784695982821518e+02
8.558173518863521167e+03 9.871777671782896846e+01
8.558373485532965788e+03 9.667888402023041294e+01
8.558573452202410408e+03 9.846144453726573431e+01
8.558773418871853210e+03 9.929551452938154910e+01
8.558973385541296011e+03 1.011146245719054377e+02
8.559173352210740632e+03 9.648045563141003811e+01
8.559373318880185252e+03 9.926409757175559889e+01
8.559573285549629873e+03 9.429310127486721171e+01
8.559773252219074493e+03 9.872346868397927722e+01
8.559973218888517295e+03 9.513474546163453738e+01
8.560173185557961915e+03 9.654935441363022619e+01
8.560373152227404717e+03 9.952568052069266002e+01
8.560573118896849337e+03 1.006653039715860558e+02
8.560773085566293958e+03 9.549594552509628897e+01
8.560973052235736759e+03 9.950521953404377484e+01
8.561173018905183199e+03 9.867943437478925262e+01
8.561372985574624181e+03 9.946761889819192959e+01
8.561572952244068802e+03 9.856048454289657457e+01
8.561772918913513422e+03 1.000149448862625263e+02
8.561972885582956224e+03 9.408437147317557958e+01
8.562172852252402663e+03 9.967669045779720705e+01
8.562372818921845465e+03 9.991130180958941764e+01
8.562572785591290085e+03 1.006727662721089303e+02
8.562772752260732886e+03 9.720961628403031796e+01
8.562972718930175688e+03 1.001874307807078850e+02
8.563172685599622127e+03 9.584868904365409037e+01
8.563372652269064929e+03 9.691351176846431770e+01
8.563572618938509549e+03 9.386905472676534146e+01
8.563772585607954170e+03 1.013191935565049135e+02
8.563972552277395152e+03 1.018563342885423708e+02
8.564172518946841592e+03 1.034546032636724959e+02
8.564372485616284393e+03 9.787672055936712923e+01
8.564572452285729014e+03 9.734013485389934317e+01
8.564772418955173634e+03 9.875201971523790689e+01
8.564972385624616436e+03 1.003643847493827934e+02
8.565172352294062875e+03 9.948189954183740724e+01
8.565372318963503858e+03 9.608581295740412997e+01
8.565572285632948478e+03 9.807063069931935217e+01
8.565772252302393099e+03 1.014452128704895557e+02
8.565972218971835900e+03 1.024348419621516797e+02
8.566172185641282340e+03 9.828730442983864179e+01
8.566372152310725141e+03 9.898529971276616379e+01
8.566572118980167943e+03 9.902745191487636589e+01
8.566772085649612563e+03 9.726859533313913175e+01
8.566972052319055365e+03 9.807204655474922106e+01
8.567172018988501804e+03 9.882538552265370413e+01
8.567371985657944606e+03 9.829815844107854161e+01
8.567571952327389226e+03 9.944953232148522204e+01
8.567771918996833847e+03 9.682513769081170096e+01
8.567971885666274829e+03 1.010753157781904576e+02
8.568171852335721269e+03 1.024665074545932129e+02
8.568371819005164070e+03 9.969460788847491983e+01
8.568571785674608691e+03 1.040244775192497428e+02
8.568771752344053311e+03 9.961552857234990199e+01
8.568971719013496113e+03 9.793950088588599101e+01
8.569171685682940733e+03 9.973136728307301269e+01
8.569371652352383535e+03 9.913961183236581576e+01
8.569571619021828155e+03 9.958733628530431758e+01
8.569771585691272776e+03 9.891174192582444391e+01
8.569971552360715577e+03 9.849037257871995621e+01
8.570171519030162017e+03 9.612032748911559565e+01
8.570371485699604818e+03 9.526158835863361674e+01
8.570571452369047620e+03 1.019884518261297188e+02
8.570771419038492240e+03 9.684902864391354171e+01
8.570971385707936861e+03 1.019993693287488981e+02
8.571171352377381481e+03 9.895950616657763987e+01
8.571371319046824283e+03 9.667201679347185461e+01
8.571571285716268903e+03 9.967183184522031070e+01
8.571771252385711705e+03 1.002474296791207422e+02
8.571971219055156325e+03 9.943607691069448151e+01
8.572171185724600946e+03 9.838151262159624366e+01
8.572371152394043747e+03 1.028292939899258158e+02
8.572571119063488368e+03 9.911554751540475650e+01
8.572771085732932988e+03 9.941350526380203689e+01
8.572971052402375790e+03 9.905935884386212820e+01
8.573171019071820410e+03 9.957315102858667899e+01
8.573370985741263212e+03 9.648209693460007941e+01
8.573570952410707832e+03 9.726080781588532886e+01
8.573770919080152453e+03 9.837107765983422780e+01
8.573970885749597073e+03 1.020100080554182966e+02
8.574170852419041694e+03 9.867630780391706935e+01
8.574370819088482676e+03 9.857456027895526063e+01
8.574570785757927297e+03 1.008161814859748375e+02
8.574770752427371917e+03 9.913200912010357513e+01
8.574970719096816538e+03 9.999501053439263387e+01
8.575170685766261158e+03 9.879580296550061291e+01
8.575370652435703960e+03 1.005119609435465549e+02
8.575570619105146761e+03 9.831321066136132458e+01
8.575770585774591382e+03 9.948365712728049459e+01
8.575970552444036002e+03 9.908936441513971261e+01
8.576170519113480623e+03 9.658448132889941462e+01
8.576370485782923424e+03 9.780910297033206291e+01
8.576570452452368045e+03 1.012283072684887770e+02
8.576770419121812665e+03 1.003241060358617176e+02
8.576970385791255467e+03 1.010784889732321119e+02
8.577170352460700087e+03 1.002671677573531355e+02
8.577370319130142889e+03 1.008930283889877870e+02
8.577570285799587509e+03 1.012360005009733328e+02
8.577770252469032130e+03 9.883754334170289724e+01
8.577970219138476750e+03 9.662958388171927027e+01
8.578170185807919552e+03 1.009016309702224561e+02
8.578370152477362353e+03 9.661076606884361695e+01
8.578570119146806974e+03 1.018744464818025364e+02
8.578770085816251594e+03 9.777715840172479034e+01
8.578970052485696215e+03 9.929210343209774692e+01
8.579170019155140835e+03 9.839761096499300663e+01
8.579369985824583637e+03 9.555237279463325706e+01
8.579569952494026438e+03 1.044481071921192950e+02
8.579769919163471059e+03 9.741091904448366279e+01
8.579969885832915679e+03 9.629261955645554849e+01
8.580169852502360300e+03 9.385232590192323698e+01
8.580369819171803101e+03 9.117705627073070218e+01
8.580569785841247722e+03 9.403617251904778129e+01
8.580769752510690523e+03 8.399987023189416391e+01
8.580969719180135144e+03 9.014352428759191582e+01
8.581169685849579764e+03 8.969231524964763480e+01
8.581369652519022566e+03 9.525243204223694704e+01
8.581569619188467186e+03 9.673887623677352110e+01
8.581769585857913626e+03 9.435265545134132026e+01
8.581969552527356427e+03 9.740537719636176917e+01
8.582169519196799229e+03 1.028997850820257298e+02
8.582369485866242030e+03 9.963101793595888012e+01
8.582569452535686651e+03 1.016981853498820954e+02
8.582769419205133090e+03 9.955594955713615946e+01
8.582969385874575892e+03 9.534453337617587465e+01
8.583169352544020512e+03 9.109977292352097322e+01
8.583369319213461495e+03 9.329906894563475817e+01
8.583569285882906115e+03 9.615064289527661856e+01
8.583769252552352555e+03 9.362779370933742484e+01
8.583969219221795356e+03 1.003827968149877279e+02
8.584169185891239977e+03 9.873436183236734109e+01
8.584369152560682778e+03 1.007356136637573059e+02
8.584569119230127399e+03 9.710348061566168099e+01
8.584769085899572019e+03 9.779441032321618366e+01
8.584969052569014821e+03 1.011203609982016189e+02
8.585169019238459441e+03 9.926789245005959117e+01
8.585368985907902243e+03 9.525853366952894419e+01
8.585568952577346863e+03 9.753414507858387594e+01
8.585768919246793303e+03 1.013578863403773482e+02
8.585968885916234285e+03 9.990199872782626755e+01
8.586168852585678906e+03 9.834194614339449458e+01
8.586368819255121707e+03 9.613846417200089434e+01
8.586568785924566328e+03 1.013838118134602979e+02
8.586768752594012767e+03 9.597884371060661124e+01
8.586968719263455569e+03 9.969516351110654284e+01
8.587168685932898370e+03 9.844842019708377734e+01
8.587368652602341172e+03 9.696555227514900821e+01
8.587568619271785792e+03 9.882088887294069934e+01
8.587768585941232232e+03 9.658179778861436660e+01
8.587968552610675033e+03 1.017918615594712861e+02
8.588168519280119654e+03 1.013589837823246427e+02
8.588368485949562455e+03 1.001689140760004761e+02
8.588568452619005257e+03 9.699989139065650079e+01
8.588768419288451696e+03 1.032707264587002811e+02
8.588968385957894498e+03 9.813522411279440405e+01
8.589168352627339118e+03 9.821978951061983310e+01
8.589368319296781920e+03 9.898022224015340953e+01
8.589568285966226540e+03 9.512616877499887380e+01
8.589768252635671161e+03 9.936019349284730140e+01
8.589968219305113962e+03 9.925432702093605997e+01
8.590168185974558583e+03 9.853430570723104154e+01
8.590368152644001384e+03 1.007639108052841408e+02
8.590568119313446005e+03 9.635631472441846768e+01
8.590768085982892444e+03 9.658530067597196478e+01
8.590968052652335246e+03 1.008314828852484055e+02
8.591168019321778047e+03 9.853454070617888760e+01
8.591367985991220849e+03 9.527258489927031349e+01
8.591567952660665469e+03 9.661937882330060745e+01
8.591767919330111908e+03 9.440573755931139033e+01
8.591967885999554710e+03 9.505836220973205286e+01
8.592167852668999330e+03 9.709567558256847519e+01
8.592367819338440313e+03 1.018254304929619281e+02
8.592567786007886752e+03 1.031163972593305687e+02
8.592767752677331373e+03 1.015918851876422480e+02
8.592967719346774174e+03 1.016959959415458883e+02
8.593167686016218795e+03 9.922334937760889773e+01
8.593367652685661596e+03 9.640474750125807191e+01
8.593567619355108036e+03 9.962911660982291551e+01
8.593767586024550837e+03 9.895065232700150659e+01
8.593967552693993639e+03 9.873320639757029937e+01
8.594167519363438259e+03 9.886437601866722957e+01
8.594367486032881061e+03 9.381250365085494991e+01
8.594567452702327500e+03 9.723265628598741728e+01
8.594767419371772121e+03 9.852439274523717927e+01
8.594967386041213103e+03 1.006778953269318180e+02
8.595167352710657724e+03 9.708834966426604751e+01
8.595367319380100525e+03 9.592564823258750550e+01
8.595567286049546965e+03 9.842015421780263296e+01
8.595767252718991585e+03 9.604069413502597286e+01
8.595967219388434387e+03 9.776280986992490796e+01
8.596167186057879007e+03 9.723280855165810976e+01
8.596367152727319990e+03 1.039384109652879431e+02
8.596567119396766429e+03 9.700270250473262479e+01
8.596767086066211050e+03 9.575882646791025365e+01
8.596967052735653851e+03 9.117552117496791197e+01
8.597167019405098472e+03 8.762782257563644350e+01
8.597366986074541273e+03 8.753268861301596360e+01
8.597566952743985894e+03 9.071715887138056189e+01
8.597766919413430514e+03 9.271769665433595264e+01
8.597966886082873316e+03 9.631398103876742312e+01
8.598166852752317936e+03 9.509933338420793802e+01
8.598366819421760738e+03 1.006533869259495049e+02
8.598566786091207177e+03 9.929069992569992564e+01
8.598766752760649979e+03 1.020961868758943041e+02
8.598966719430092780e+03 9.800405398749288111e+01
8.599166686099537401e+03 9.853047352478978382e+01
8.599366652768980202e+03 9.551203075710165535e+01
8.599566619438426642e+03 9.527930171411350102e+01
8.599766586107871262e+03 9.777306490722321541e+01
8.599966552777314064e+03 1.001393785086448531e+02
8.600166519446756865e+03 9.866926475706718236e+01
8.600366486116199667e+03 9.771106026738398498e+01
8.600566452785646106e+03 1.011327675029552040e+02
8.600766419455090727e+03 1.005314629734158416e+02
8.600966386124533528e+03 9.812524102705172879e+01
8.601166352793978149e+03 1.003671763511583634e+02
8.601366319463419131e+03 9.665437054649996185e+01
8.601566286132865571e+03 9.954020169913883365e+01
8.601766252802310191e+03 1.020754396505521129e+02
8.601966219471752993e+03 1.020147336441166885e+02
8.602166186141197613e+03 1.038682828402252625e+02
8.602366152810640415e+03 9.720795263779702111e+01
8.602566119480086854e+03 9.850960682453958839e+01
8.602766086149529656e+03 1.021140295061283183e+02
8.602966052818972457e+03 1.017107745787710087e+02
8.603166019488417078e+03 1.006077606079973634e+02
8.603365986157861698e+03 1.015966924282978141e+02
8.603565952827306319e+03 1.023688736170137048e+02
8.603765919496750939e+03 9.957457302041657954e+01
8.603965886166191922e+03 9.724228879493175270e+01
8.604165852835636542e+03 9.830730399841870337e+01
8.604365819505081163e+03 9.661788856519464730e+01
8.604565786174525783e+03 9.845739461688276606e+01
8.604765752843970404e+03 9.365588512150723943e+01
8.604965719513413205e+03 9.627453274422306606e+01
8.605165686182857826e+03 1.002588633751564089e+02
8.605365652852300627e+03 9.530701358331701556e+01
8.605565619521745248e+03 9.619345356756866749e+01
8.605765586191189868e+03 9.594284049428983963e+01
8.605965552860632670e+03 9.790944894693515721e+01
8.606165519530077290e+03 9.867665198223647849e+01
8.606365486199521911e+03 9.615751102564402686e+01
8.606565452868964712e+03 9.894746288778290477e+01
8.606765419538409333e+03 9.730283365332856249e+01
8.606965386207852134e+03 9.561383656932449071e+01
8.607165352877296755e+03 9.895285751808066266e+01
8.607365319546741375e+03 1.003471764136684641e+02
8.607565286216185996e+03 1.022345708558192001e+02
8.607765252885630616e+03 9.644755372316873832e+01
8.607965219555071599e+03 9.809329974963615939e+01
8.608165186224516219e+03 1.002163622550580158e+02
8.608365152893960840e+03 9.857370385092011134e+01
8.608565119563405460e+03 9.780779093352165887e+01
8.608765086232850081e+03 9.896431392394111981e+01
8.608965052902292882e+03 9.697762277030737721e+01
8.609165019571735684e+03 9.984985948746100348e+01
8.609364986241180304e+03 1.020682086103489041e+02
8.609564952910624925e+03 9.904635317877999512e+01
8.609764919580069545e+03 9.541807194279317628e+01
8.609964886249512347e+03 9.011235918271083278e+01
8.610164852918956967e+03 8.508785233558342043e+01
8.610364819588401588e+03 7.982307745929951182e+01
8.610564786257844389e+03 8.299663818751773192e+01
8.610764752927289010e+03 8.934175895336366580e+01
8.610964719596731811e+03 9.601125304957197670e+01
8.611164686266176432e+03 9.904976528764373711e+01
8.611364652935621052e+03 9.557401934084876416e+01
8.611564619605065673e+03 9.663433421499996712e+01
8.611764586274508474e+03 1.000644065975387349e+02
8.611964552943951276e+03 1.010047065487413391e+02
8.612164519613395896e+03 1.010241750127265306e+02
8.612364486282840517e+03 9.961713605561655527e+01
8.612564452952285137e+03 9.812254392069334585e+01
8.612764419621729758e+03 9.953604924824634281e+01
8.612964386291170740e+03 9.746154652234895366e+01
8.613164352960615361e+03 9.708935576156524405e+01
8.613364319630059981e+03 1.005324765145430064e+02
8.613564286299504602e+03 9.884656200327322040e+01
8.613764252968949222e+03 1.008742255131153485e+02
8.613964219638392024e+03 1.009817670594162706e+02
8.614164186307838463e+03 1.004662878775853585e+02
8.614364152977279446e+03 9.867291406311763069e+01
8.614564119646724066e+03 9.568564252130498460e+01
8.614764086316168687e+03 9.774013102759573712e+01
8.614964052985611488e+03 9.591958914203247843e+01
8.615164019655057928e+03 9.471282474817439834e+01
8.615363986324500729e+03 1.013180484096423015e+02
8.615563952993943531e+03 1.008480080111499859e+02
8.615763919663388151e+03 1.021025110726040452e+02
8.615963886332830953e+03 9.948012292857676186e+01
8.616163853002277392e+03 1.021749967708301625e+02
8.616363819671720194e+03 1.009885700321578241e+02
8.616563786341164814e+03 9.868714235510374522e+01
8.616763753010609435e+03 1.037616488043848051e+02
8.616963719680050417e+03 9.755544223070090482e+01
8.617163686349496857e+03 9.745269916386030218e+01
8.617363653018939658e+03 9.986670776223839141e+01
8.617563619688384279e+03 9.572169016941109021e+01
8.617763586357828899e+03 9.865050297421007031e+01
8.617963553027271701e+03 9.781148647897411763e+01
8.618163519696716321e+03 1.044499311002593345e+02
8.618363486366159123e+03 9.729393994947548663e+01
8.618563453035603743e+03 9.916403351775518615e+01
8.618763419705048364e+03 1.007666800466737698e+02
8.618963386374491165e+03 9.824069323709279900e+01
8.619163353043937605e+03 9.814301164674702704e+01
8.619363319713380406e+03 1.006556772402954181e+02
8.619563286382823208e+03 9.566688291887922446e+01
8.619763253052267828e+03 9.570167352211596778e+01
8.619963219721710630e+03 8.359407924988741456e+01
8.620163186391157069e+03 8.878236483721951799e+01
8.620363153060599871e+03 8.655999676728669101e+01
8.620563119730044491e+03 9.305842077479742613e+01
8.620763086399487293e+03 9.655667134042600708e+01
8.620963053068930094e+03 9.691905971151302879e+01
8.621163019738376533e+03 9.983710866786134375e+01
8.621362986407819335e+03 1.008413691706884521e+02
8.621562953077263955e+03 1.017047263753522941e+02
8.621762919746708576e+03 9.759846813337397009e+01
8.621962886416151377e+03 9.829620743164340979e+01
8.622162853085595998e+03 1.020551466546364026e+02
8.622362819755038799e+03 9.876198547872704125e+01
8.622562786424483420e+03 1.023542286352578401e+02
8.622762753093928040e+03 9.785812389667742650e+01
8.622962719763370842e+03 1.000650953582966167e+02
8.623162686432817281e+03 9.900894930609159417e+01
8.623362653102258264e+03 1.029560456509073418e+02
8.623562619771702884e+03 9.606660322617777581e+01
8.623762586441147505e+03 9.550532748373228742e+01
8.623962553110590306e+03 9.815166303621710142e+01
8.624162519780036746e+03 1.040692289486681403e+02
8.624362486449479547e+03 9.964178014483320567e+01
8.624562453118924168e+03 9.797691908166841301e+01
8.624762419788366969e+03 9.963685841330234894e+01
8.624962386457811590e+03 9.612756912724699987e+01
8.625162353127256210e+03 1.015604055400446413e+02
8.625362319796699012e+03 9.893342376950901951e+01
8.625562286466143632e+03 1.019430349241650333e+02
8.625762253135588253e+03 1.001267874384719789e+02
8.625962219805031054e+03 1.019895949035745133e+02
8.626162186474475675e+03 1.060185913436768317e+02
8.626362153143918476e+03 1.016995289071216177e+02
8.626562119813363097e+03 9.949109398660557702e+01
8.626762086482807717e+03 9.750484319181204285e+01
8.626962053152252338e+03 9.647848158171298394e+01
8.627162019821695139e+03 1.046053639056410276e+02
8.627361986491137941e+03 9.946654496299116488e+01
8.627561953160582561e+03 1.013592683008256756e+02
8.627761919830027182e+03 9.792174295202285350e+01
8.627961886499471802e+03 1.027257227121953491e+02
8.628161853168916423e+03 1.013630313756854946e+02
8.628361819838359224e+03 1.008660658270207193e+02
8.628561786507802026e+03 9.973189129303909795e+01
8.628761753177246646e+03 1.031864945513610934e+02
8.628961719846691267e+03 9.733401542903634152e+01
8.629161686516135887e+03 1.024249504245783839e+02
8.629361653185578689e+03 1.004774430870408963e+02
8.629561619855023309e+03 1.004420369846581593e+02
8.629761586524466111e+03 9.857725407609824231e+01
8.629961553193910731e+03 1.006145155186180915e+02
8.630161519863355352e+03 9.840038607401594106e+01
8.630361486532798153e+03 1.002716827782868165e+02
8.630561453202242774e+03 9.922501551207618320e+01
8.630761419871687394e+03 9.527870390696584479e+01
8.630961386541132015e+03 9.629992289013354423e+01
8.631161353210574816e+03 9.676376872515906769e+01
8.631361319880017618e+03 9.779558909567123237e+01
8.631561286549462238e+03 1.008148500160172460e+02
8.631761253218906859e+03 9.903491432572141662e+01
8.631961219888351479e+03 9.506185077730860655e+01
8.632161186557796100e+03 9.914882039454975882e+01
8.632361153227237082e+03 9.614731000272480799e+01
8.632561119896681703e+03 9.854721293143813909e+01
8.632761086566126323e+03 9.776588727035708359e+01
8.632961053235570944e+03 9.914447452443741327e+01
8.633161019905015564e+03 9.962021671130341360e+01
8.633360986574458366e+03 9.929639070313088212e+01
8.633560953243902986e+03 1.031841941638529363e+02
8.633760919913345788e+03 9.992769163790582354e+01
8.633960886582790408e+03 1.005059456349241174e+02
8.634160853252235029e+03 9.967437167403626574e+01
8.634360819921677830e+03 9.863658902808826667e+01
8.634560786591122451e+03 9.896732727692823062e+01
8.634760753260567071e+03 1.019643053826576278e+02
8.634960719930009873e+03 9.792404209568944395e+01
8.635160686599454493e+03 9.619653050507164949e+01
8.635360653268897295e+03 9.419249659432463773e+01
8.635560619938341915e+03 9.947426804227744412e+01
8.635760586607788355e+03 9.916609139042859056e+01
8.635960553277231156e+03 9.689728606582318093e+01
8.636160519946675777e+03 1.009132404239575465e+02
8.636360486616116759e+03 1.013386257931361740e+02
8.636560453285561380e+03 1.002833980811052470e+02
8.636760419955007819e+03 9.894813134848573100e+01
8.636960386624450621e+03 1.010424916722066371e+02
8.637160353293895241e+03 1.034562628524491856e+02
8.637360319963338043e+03 1.029861605135985911e+02
8.637560286632780844e+03 9.842262390473351275e+01
8.637760253302227284e+03 9.929240358403583855e+01
8.637960219971670085e+03 1.014617160436195178e+02
8.638160186641114706e+03 9.782107595051871840e+01
8.638360153310557507e+03 1.009354329772192642e+02
8.638560119980002128e+03 1.022232844316676221e+02
8.638760086649446748e+03 1.004646371637879128e+02
8.638960053318889550e+03 1.031530978381350678e+02
8.639160019988334170e+03 1.002162446134862535e+02
8.639359986657776972e+03 9.824965628175225163e+01
8.639559953327221592e+03 1.002438141053653595e+02
8.639759919996668032e+03 1.005133108283954613e+02
8.639959886666110833e+03 1.001582516726850400e+02
8.640159853335553635e+03 1.001181160964082437e+02
8.640359820004996436e+03 1.003319400677507787e+02
8.640559786674441057e+03 9.848831230190477015e+01
8.640759753343887496e+03 9.781736091866670790e+01
8.640959720013330298e+03 9.912929673775586537e+01
8.641159686682774918e+03 1.000518005774150794e+02
8.641359653352215901e+03 9.746610314527514163e+01
8.641559620021660521e+03 9.821939945655675785e+01
8.641759586691106961e+03 9.882678515843829814e+01
8.641959553360549762e+03 1.004304666466180436e+02
8.642159520029994383e+03 1.016966151052140361e+02
8.642359486699437184e+03 9.804111343501001841e+01
8.642559453368881805e+03 9.980013843696902143e+01
8.642759420038326425e+03 9.680439287868107101e+01
8.642959386707769227e+03 9.768747983931659462e+01
8.643159353377213847e+03 9.579830106652043753e+01
8.643359320046656649e+03 9.918675514238940139e+01
8.643559286716101269e+03 1.010176315287566524e+02
8.643759253385547709e+03 9.904049002252077116e+01
8.643959220054988691e+03 9.949717721670405979e+01
8.644159186724433312e+03 9.916386119455354731e+01
8.644359153393876113e+03 1.009719718027663191e+02
8.644559120063320734e+03 1.004693130974931705e+02
8.644759086732767173e+03 1.020771820163717223e+02
8.644959053402209975e+03 9.984058614220705863e+01
8.645159020071654595e+03 9.592151052211698925e+01
8.645358986741095578e+03 9.988717619148043525e+01
8.645558953410540198e+03 9.747936658436640300e+01
8.645758920079986638e+03 9.932677297059333910e+01
8.645958886749429439e+03 9.645407539946370434e+01
8.646158853418874060e+03 9.723702855376699006e+01
8.646358820088316861e+03 1.012925350583690260e+02
8.646558786757761482e+03 9.391854270858625853e+01
8.646758753427206102e+03 9.535938366023610513e+01
8.646958720096648904e+03 9.202029626731371081e+01
8.647158686766093524e+03 9.045120435649883461e+01
8.647358653435536326e+03 9.717691597492625988e+01
8.647558620104982765e+03 9.728248350825207069e+01
8.647758586774427386e+03 9.714327007100126821e+01
8.647958553443868368e+03 9.766475246772228047e+01
8.648158520113312989e+03 9.914108500247724010e+01
8.648358486782755790e+03 9.787130304492410460e+01
8.648558453452202230e+03 9.852862799254629067e+01
8.648758420121646850e+03 1.014391990100096592e+02
8.648958386791089652e+03 1.016368905368098581e+02
8.649158353460532453e+03 9.532505750837570702e+01
8.649358320129975255e+03 1.035189240825677217e+02
8.649558286799421694e+03 1.002011321339635970e+02
8.649758253468866315e+03 9.688367010944048729e+01
8.649958220138309116e+03 9.580776092672152799e+01
8.650158186807753737e+03 9.805220622575957634e+01
8.650358153477196538e+03 9.966967140321541763e+01
8.650558120146641158e+03 9.150189369343712542e+01
8.650758086816085779e+03 9.671493531076551164e+01
8.650958053485528580e+03 1.012236145285186808e+02
8.651158020154973201e+03 9.952694211009557534e+01
8.651357986824416002e+03 9.871852707719355635e+01
8.651557953493862442e+03 9.669628813489561026e+01
8.651757920163305243e+03 9.407586127456494296e+01
8.651957886832748045e+03 9.657000309613394506e+01
8.652157853502192665e+03 9.717497546553511256e+01
8.652357820171635467e+03 9.346205234596986600e+01
8.652557786841081906e+03 9.368565240214562095e+01
8.652757753510526527e+03 9.325279398345905690e+01
8.652957720179967509e+03 9.380104512790128979e+01
8.653157686849412130e+03 9.357372317211599011e+01
8.653357653518854931e+03 9.369443541847971346e+01
8.653557620188301371e+03 9.544873677117394095e+01
8.653757586857745991e+03 9.490470913910537831e+01
8.653957553527188793e+03 9.345058286830301597e+01
8.654157520196633413e+03 9.392595739444476521e+01
8.654357486866074396e+03 9.390620946604114749e+01
8.654557453535520835e+03 9.384011029718492125e+01
8.654757420204965456e+03 9.246860210053664275e+01
8.654957386874408257e+03 9.646230808019419101e+01
8.655157353543852878e+03 9.133896384814508451e+01
8.655357320213295679e+03 9.576342001957370087e+01
8.655557286882740300e+03 9.118723961168124958e+01
8.655757253552184920e+03 8.865107359680371246e+01
8.655957220221627722e+03 9.284728755836432867e+01
8.656157186891072342e+03 9.145489675800791929e+01
8.656357153560515144e+03 8.932939112473600574e+01
8.656557120229961583e+03 8.812509703929887905e+01
8.656757086899406204e+03 9.096384605194171513e+01
8.656957053568847186e+03 8.845988655290253178e+01
8.657157020238291807e+03 8.745343233718421061e+01
8.657356986907736427e+03 8.531371858868455149e+01
8.657556953577181048e+03 8.521109725983373551e+01
8.657756920246625668e+03 8.851780809429030228e+01
8.657956886916068470e+03 8.484848014014556838e+01
8.658156853585511271e+03 8.461482520049912637e+01
8.658356820254955892e+03 8.180440436834497575e+01
8.658556786924400512e+03 7.501181479374997707e+01
8.658756753593845133e+03 7.354957505400149387e+01
8.658956720263287934e+03 7.477670156270146151e+01
8.659156686932732555e+03 6.987877439189409756e+01
8.659356653602177175e+03 6.885966128790811069e+01
8.659556620271619977e+03 6.271822849787475462e+01
8.659756586941064597e+03 5.261721219684937267e+01
8.659956553610507399e+03 4.896355004271825351e+01
8.660156520279952019e+03 4.647369207282960701e+01
8.660356486949396640e+03 3.714282859596944775e+01
8.660556453618841260e+03 3.633517458035579750e+01
8.660756420288284062e+03 3.497977501190498373e+01
8.660956386957726863e+03 3.815167615351806774e+01
8.661156353627171484e+03 4.412184146138612562e+01
8.661356320296616104e+03 5.350718777947883353e+01
8.661556286966060725e+03 5.315769349551246137e+01
8.661756253635505345e+03 6.268829562557953494e+01
8.661956220304948147e+03 6.463336210782817659e+01
8.662156186974390948e+03 7.090323099818340324e+01
8.662356153643835569e+03 7.216181598206557624e+01
8.662556120313280189e+03 7.364955082375323059e+01
8.662756086982724810e+03 7.455987643172733215e+01
8.662956053652167611e+03 7.775352248139773792e+01
8.663156020321612232e+03 7.856292872292365814e+01
8.663355986991055033e+03 7.964810388777186745e+01
8.663555953660499654e+03 8.284569183909896140e+01
8.663755920329944274e+03 8.351920357076254220e+01
8.663955886999387076e+03 8.684187014230835189e+01
8.664155853668831696e+03 8.513151480448706820e+01
8.664355820338276317e+03 8.695465997471977460e+01
8.664555787007720937e+03 8.790523735294839014e+01
8.664755753677163739e+03 8.864511849546362043e+01
8.664955720346606540e+03 9.262606540729970561e+01
8.665155687016051161e+03 8.941053540556862345e+01
8.665355653685495781e+03 9.084870019622653103e+01
8.665555620354940402e+03 9.101960565466114872e+01
8.665755587024385022e+03 9.228239281368276181e+01
8.665955553693826005e+03 8.812353826332604001e+01
8.666155520363270625e+03 8.954128909807586467e+01
8.666355487032715246e+03 9.484292607933276997e+01
8.666555453702159866e+03 9.405847016985627818e+01
8.666755420371604487e+03 9.333469140503966344e+01
8.666955387041047288e+03 9.413646676868542329e+01
8.667155353710491909e+03 9.319362251575850564e+01
8.667355320379934710e+03 9.456189990105157506e+01
8.667555287049379331e+03 9.551801186467673688e+01
8.667755253718823951e+03 9.625005150636634710e+01
8.667955220388266753e+03 9.358953538711011788e+01
8.668155187057713192e+03 9.716940205127770014e+01
8.668355153727155994e+03 9.562684650460083446e+01
8.668555120396598795e+03 9.443466233658824649e+01
8.668755087066043416e+03 9.514249312084638177e+01
8.668955053735486217e+03 9.584272156394609965e+01
8.669155020404932657e+03 9.691845869889694143e+01
8.669354987074375458e+03 9.467745003840045115e+01
8.669554953743820079e+03 9.784745177527865678e+01
8.669754920413262880e+03 9.488603585093024151e+01
8.669954887082705682e+03 9.750444964208314502e+01
8.670154853752152121e+03 9.532278232161087317e+01
8.670354820421594923e+03 9.040248254161811303e+01
8.670554787091039543e+03 9.529607469216729498e+01
8.670754753760484164e+03 9.767677831280322209e+01
8.670954720429926965e+03 9.559364344659552160e+01
8.671154687099371586e+03 9.657366332255517705e+01
8.671354653768814387e+03 9.900571919605484084e+01
8.671554620438259008e+03 1.005575203306003118e+02
8.671754587107703628e+03 9.920092272234529673e+01
8.671954553777146430e+03 9.982385303705953561e+01
8.672154520446592869e+03 9.722139066412961483e+01
8.672354487116033852e+03 9.470852511027723608e+01
8.672554453785478472e+03 9.568974199933704483e+01
8.672754420454923093e+03 9.194365757016312557e+01
8.672954387124365894e+03 8.643951547659314372e+01
8.673154353793812334e+03 8.181274295966298382e+01
8.673354320463255135e+03 7.915373205016209113e+01
8.673554287132699756e+03 8.093519984723464233e+01
8.673754253802142557e+03 7.776821291204883835e+01
8.673954220471585359e+03 7.890185544826698560e+01
8.674154187141031798e+03 8.776825797747191871e+01
8.674354153810474600e+03 9.287896253669117641e+01
8.674554120479919220e+03 9.649352639439550217e+01
8.674754087149363841e+03 9.401198338095871065e+01
8.674954053818804823e+03 1.006387169487472448e+02
8.675154020488251263e+03 9.647972491398220996e+01
8.675353987157694064e+03 9.926243219257429473e+01
8.675553953827138685e+03 1.003656948167950702e+02
8.675753920496583305e+03 9.536879469115530128e+01
8.675953887166026107e+03 9.861636869617333900e+01
8.676153853835472546e+03 1.007276038561679030e+02
8.676353820504913529e+03 1.006446846714178491e+02
8.676553787174358149e+03 1.002389673687997771e+02
8.676753753843802770e+03 1.033582961672928775e+02
8.676953720513245571e+03 1.004568390410883723e+02
8.677153687182692011e+03 1.054911793928740593e+02
8.677353653852134812e+03 9.516328269647728177e+01
8.677553620521577614e+03 9.942624678630508583e+01
8.677753587191022234e+03 9.713177154808116143e+01
8.677953553860466855e+03 9.226407440072564725e+01
8.678153520529911475e+03 9.297517248851906402e+01
8.678353487199354277e+03 9.226110019024547171e+01
8.678553453868798897e+03 9.383646265092629335e+01
8.678753420538241699e+03 8.973508267328368504e+01
8.678953387207686319e+03 9.556723049174414086e+01
8.679153353877130940e+03 9.407414247395189477e+01
8.679353320546573741e+03 9.493383721646429763e+01
8.679553287216018362e+03 9.728705067120640138e+01
8.679753253885462982e+03 9.814026920093880335e+01
8.679953220554907602e+03 1.002234204842507665e+02
8.680153187224350404e+03 9.896497033018309253e+01
8.680353153893793205e+03 9.995284068576916070e+01
8.680553120563237826e+03 1.044387886469518776e+02
8.680753087232682446e+03 9.956002952098086212e+01
8.680953053902127067e+03 9.607824529746159214e+01
8.681153020571571687e+03 9.375201039543341608e+01
8.681352987241012670e+03 8.878733468023948205e+01
8.681552953910457290e+03 8.862527612731310001e+01
8.681752920579901911e+03 8.977341989763102958e+01
8.681952887249346531e+03 9.210255998757385498e+01
8.682152853918791152e+03 9.475721979908624348e+01
8.682352820588233953e+03 9.823314909536946971e+01
8.682552787257678574e+03 1.002817062134538730e+02
8.682752753927121375e+03 9.925561993618374856e+01
8.682952720596565996e+03 1.007038354731525800e+02
8.683152687266010616e+03 1.017929137157193935e+02
8.683352653935453418e+03 9.660947773418460827e+01
8.683552620604898038e+03 9.808086323575683707e+01
8.683752587274342659e+03 9.871959321980540381e+01
8.683952553943785460e+03 1.008070179299082127e+02
8.684152520613230081e+03 9.608025236279841863e+01
8.684352487282672882e+03 9.637435964523946552e+01
8.684552453952117503e+03 9.749185887492076574e+01
8.684752420621562123e+03 9.952194863402306169e+01
8.684952387291006744e+03 9.463976423097460611e+01
8.685152353960451364e+03 9.732636331564120269e+01
8.685352320629892347e+03 9.883580548999427151e+01
8.685552287299336967e+03 9.981444497654358372e+01
8.685752253968781588e+03 9.969178856974473035e+01
8.685952220638226208e+03 9.667043765557238544e+01
8.686152187307670829e+03 9.787775716601184683e+01
8.686352153977113630e+03 9.543770507331532826e+01
8.686552120646556432e+03 8.438840620942747250e+01
8.686752087316001052e+03 7.543502352086304086e+01
8.686952053985445673e+03 6.228288726771299366e+01
8.687152020654890293e+03 6.158471633519524602e+01
8.687351987324333095e+03 6.757286085994299185e+01
8.687551953993777715e+03 7.030917574259626690e+01
8.687751920663222336e+03 8.498138493473510380e+01
8.687951887332665137e+03 8.910559248638894303e+01
8.688151854002109758e+03 9.359607496005020266e+01
8.688351820671552559e+03 9.639779777807392236e+01
8.688551787340997180e+03 9.593033640307245946e+01
8.688751754010443619e+03 1.027622323245014400e+02
8.688951720679886421e+03 9.958786409249391625e+01
8.689151687349329222e+03 9.750144493116853539e+01
8.689351654018772024e+03 9.894167816540198146e+01
8.689551620688216644e+03 9.926267159612548596e+01
8.689751587357663084e+03 9.873678672162273529e+01
8.689951554027105885e+03 1.013603233217291830e+02
8.690151520696550506e+03 9.932708344710168546e+01
8.690351487365993307e+03 1.005958821490797988e+02
8.690551454035436109e+03 9.898289347015064266e+01
8.690751420704882548e+03 1.000547037725320081e+02
8.690951387374325350e+03 9.700093102629992359e+01
8.691151354043769970e+03 9.856598393866613605e+01
8.691351320713212772e+03 9.448096531112322793e+01
8.691551287382657392e+03 9.884123874588060232e+01
8.691751254052102013e+03 9.919375723402299627e+01
8.691951220721544814e+03 9.781161863479944429e+01
8.692151187390989435e+03 9.886441471818591253e+01
8.692351154060432236e+03 1.008322880014823966e+02
8.692551120729876857e+03 1.008957991099395173e+02
8.692751087399323296e+03 1.000217118893952204e+02
8.692951054068764279e+03 9.872381814668665356e+01
8.693151020738208899e+03 1.005592756040013143e+02
8.693350987407651701e+03 9.699739571950658501e+01
8.693550954077096321e+03 9.608411285627575182e+01
8.693750920746542761e+03 9.825208469343714057e+01
8.693950887415985562e+03 9.977158321372786531e+01
8.694150854085430183e+03 1.035176750780029948e+02
8.694350820754871165e+03 9.861559636629728232e+01
8.694550787424315786e+03 9.593226321218759267e+01
8.694750754093762225e+03 1.002470068873428346e+02
8.694950720763205027e+03 9.548298510106384640e+01
8.695150687432649647e+03 9.772176938783042033e+01
8.695350654102092449e+03 1.015670218722844993e+02
8.695550620771535250e+03 9.962963984099282300e+01
8.695750587440981690e+03 9.908273585170805120e+01
8.695950554110424491e+03 9.965275251050316285e+01
8.696150520779869112e+03 1.020771227913106713e+02
8.696350487449311913e+03 1.003032644530456565e+02
8.696550454118756534e+03 9.669236164182552784e+01
8.696750420788202973e+03 1.012050636196051983e+02
8.696950387457643956e+03 1.031033004434623450e+02
8.697150354127088576e+03 1.005048141566014266e+02
8.697350320796531378e+03 9.363992222386633557e+01
8.697550287465975998e+03 9.699145129250435104e+01
8.697750254135422438e+03 9.064696512548709961e+01
8.697950220804865239e+03 8.893426496111766255e+01
8.698150187474308041e+03 9.398025474246863098e+01
8.698350154143750842e+03 9.684036454521101689e+01
8.698550120813195463e+03 9.362305464280055389e+01
8.698750087482641902e+03 1.030670140975841491e+02
8.698950054152084704e+03 9.805078801230338570e+01
8.699150020821529324e+03 9.880178399400567457e+01
8.699349987490972126e+03 9.517106397173512278e+01
8.699549954160416746e+03 9.527192125543797374e+01
8.699749920829861367e+03 9.714018675223361754e+01
8.699949887499304168e+03 9.551872816879814820e+01
8.700149854168748789e+03 9.955612998204721009e+01
8.700349820838191590e+03 9.926668048417215573e+01
8.700549787507638030e+03 9.543861674553470209e+01
8.700749754177080831e+03 1.009677235458070612e+02
8.700949720846523633e+03 1.013006940089888701e+02
8.701149687515968253e+03 9.883725977163030052e+01
8.701349654185411055e+03 9.977124328322314284e+01
8.701549620854857494e+03 9.897299763678992690e+01
8.701749587524302115e+03 9.900885670236392855e+01
8.701949554193744916e+03 1.008909064969595306e+02
8.702149520863187718e+03 9.882712971839515603e+01
8.702349487532630519e+03 1.018000009016954550e+02
8.702549454202076959e+03 1.010770428933383869e+02
8.702749420871521579e+03 9.650599467102195206e+01
8.702949387540964381e+03 1.016777774570972639e+02
8.703149354210409001e+03 9.955064270961635486e+01
8.703349320879849984e+03 9.663770561873434417e+01
8.703549287549296423e+03 1.007701174180548094e+02
8.703749254218741044e+03 9.781170848785117755e+01
8.703949220888183845e+03 9.643297872736603438e+01
8.704149187557628466e+03 1.010579280557346777e+02
8.704349154227071267e+03 9.782559065931424414e+01
8.704549120896515888e+03 1.006331812934237320e+02
8.704749087565960508e+03 9.866042652305281990e+01
8.704949054235403310e+03 9.874091300681251937e+01
8.705149020904847930e+03 9.922848724545522714e+01
8.705348987574290732e+03 9.928020379641996840e+01
8.705548954243737171e+03 1.001037243902994760e+02
8.705748920913181792e+03 1.009987697849482373e+02
8.705948887582622774e+03 1.011837732260422484e+02
8.706148854252067395e+03 9.667167981382965536e+01
8.706348820921510196e+03 9.632008788113742526e+01
8.706548787590956636e+03 9.701264483731372934e+01
8.706748754260401256e+03 9.696040314403052207e+01
8.706948720929844058e+03 1.005021287251398263e+02
8.707148687599286859e+03 1.002035117258184442e+02
8.707348654268729661e+03 9.930647490400950517e+01
8.707548620938176100e+03 1.004039441388634515e+02
8.707748587607620721e+03 1.021773620227706516e+02
8.707948554277063522e+03 9.732416650593013685e+01
8.708148520946508143e+03 9.586316673218247786e+01
8.708348487615950944e+03 9.506160817997356105e+01
8.708548454285395565e+03 8.643052452316710799e+01
8.708748420954840185e+03 8.683752710062393021e+01
8.708948387624282987e+03 8.709357666243752760e+01
8.709148354293727607e+03 9.284058038710742267e+01
8.709348320963170409e+03 9.540378686696450927e+01
8.709548287632616848e+03 9.819706256008649348e+01
8.709748254302059649e+03 9.430325425114756399e+01
8.709948220971502451e+03 9.675839094902875104e+01
8.710148187640947071e+03 1.030635478411993660e+02
8.710348154310391692e+03 1.004655519012175375e+02
8.710548120979836312e+03 9.890540584681376401e+01
8.710748087649280933e+03 9.662318799176048856e+01
8.710948054318723734e+03 9.421802921636935935e+01
8.711148020988166536e+03 9.425543642397542499e+01
8.711347987657611156e+03 8.871020220890284236e+01
8.711547954327055777e+03 8.872888377769740487e+01
8.711747920996500397e+03 8.691063878733940840e+01
8.711947887665943199e+03 8.776004057441322459e+01
8.712147854335387819e+03 9.673824609429428278e+01
8.712347821004830621e+03 9.823109405138158934e+01
8.712547787674275241e+03 1.001857299621128874e+02
8.712747754343719862e+03 9.847729441995262789e+01
8.712947721013162663e+03 1.015998875471741911e+02
8.713147687682607284e+03 1.025295668204601043e+02
8.713347654352051904e+03 1.007464860209984181e+02
8.713547621021496525e+03 1.010636211774379802e+02
8.713747587690939326e+03 9.511017389992372273e+01
8.713947554360382128e+03 1.004818807735189097e+02
8.714147521029826748e+03 9.959175446690039735e+01
8.714347487699271369e+03 1.018284689542066701e+02
8.714547454368715989e+03 9.908626179990183402e+01
8.714747421038160610e+03 1.004216084183886295e+02
8.714947387707601592e+03 1.009439547603797251e+02
8.715147354377046213e+03 9.725533550706369113e+01
8.715347321046490833e+03 9.774106028620197151e+01
8.715547287715935454e+03 9.633937701965167832e+01
8.715747254385380074e+03 9.509863596287144105e+01
8.715947221054822876e+03 9.305282127150110227e+01
8.716147187724267496e+03 8.996227318545082596e+01
8.716347154393710298e+03 9.051756531876517897e+01
8.716547121063154918e+03 8.895514335918298343e+01
8.716747087732599539e+03 9.575936311239448173e+01
8.716947054402042340e+03 9.819059468587074946e+01
8.717147021071486961e+03 9.924414749925514911e+01
8.717346987740931581e+03 9.564625549552418704e+01
8.717546954410374383e+03 9.903334986936860673e+01
8.717746921079819003e+03 9.631041193577790693e+01
8.717946887749261805e+03 9.829617377552703772e+01
8.718146854418706425e+03 9.867941521663584581e+01
8.718346821088151046e+03 9.825073731638153163e+01
8.718546787757595666e+03 9.833266878876395367e+01
8.718746754427038468e+03 1.026657534546526875e+02
8.718946721096481269e+03 1.010297826482285757e+02
8.719146687765925890e+03 1.006874297812699979e+02
8.719346654435370510e+03 1.042843384918616891e+02
8.719546621104815131e+03 1.024308107303366313e+02
8.719746587774259751e+03 9.771662609021437618e+01
8.719946554443702553e+03 9.860294734548584472e+01
8.720146521113145354e+03 9.967121438971743430e+01
8.720346487782589975e+03 9.680979343147934912e+01
8.720546454452034595e+03 9.781320094283087485e+01
8.720746421121479216e+03 1.034120668495620237e+02
8.720946387790922017e+03 9.538773826714316328e+01
8.721146354460368457e+03 9.893736343670205713e+01
8.721346321129809439e+03 9.845432954898086564e+01
8.721546287799254060e+03 9.957624712346790830e+01
8.721746254468698680e+03 1.021365700500545586e+02
8.721946221138141482e+03 1.028674589869789884e+02
8.722146187807587921e+03 1.046749455670335465e+02
8.722346154477030723e+03 1.004232683440542502e+02
8.722546121146475343e+03 1.001745711039296509e+02
8.722746087815918145e+03 9.782460798291275239e+01
8.722946054485360946e+03 1.001976244624693777e+02
8.723146021154807386e+03 9.845660982840647080e+01
8.723345987824250187e+03 9.958825155737062573e+01
8.723545954493694808e+03 1.003118682957906884e+02
8.723745921163139428e+03 9.729940421284807428e+01
8.723945887832580411e+03 9.895068852089977440e+01
8.724145854502026850e+03 9.755113930855043236e+01
8.724345821171469652e+03 9.664066856828428342e+01
8.724545787840914272e+03 9.766318957956605118e+01
8.724745754510358893e+03 9.733400295541538583e+01
8.724945721179801694e+03 1.012877796332037548e+02
8.725145687849248134e+03 9.865005360219643649e+01
8.725345654518689116e+03 9.961595606156605243e+01
8.725545621188133737e+03 9.895548497968768231e+01
8.725745587857578357e+03 9.742292463536415426e+01
8.725945554527021159e+03 9.607107422052393986e+01
8.726145521196467598e+03 9.481918119428669911e+01
8.726345487865910400e+03 9.658234290959661905e+01
8.726545454535353201e+03 9.437340825586221627e+01
8.726745421204797822e+03 9.297857833063092414e+01
8.726945387874240623e+03 9.892038386493115354e+01
8.727145354543687063e+03 9.378731212024983677e+01
8.727345321213129864e+03 9.717824098642786623e+01
8.727545287882574485e+03 1.002051417177942199e+02
8.727745254552019105e+03 9.903872637970445680e+01
8.727945221221460088e+03 1.009488228643498928e+02
8.728145187890906527e+03 9.952315680067307824e+01
8.728345154560349329e+03 9.767562101245920303e+01
8.728545121229793949e+03 1.008956360298342219e+02
