8.478643308526634428e+03 9.808232466956083329e+01
8.478843276529194554e+03 1.014236373902783583e+02
8.479043244531752862e+03 1.033748458719509387e+02
8.479243212534312988e+03 1.003130362000193117e+02
8.479443180536871296e+03 9.973797640073340176e+01
8.479643148539431422e+03 9.804455178881796940e+01
8.479843116541991549e+03 9.808001987898269647e+01
8.480043084544551675e+03 9.843185481887095989e+01
8.480243052547111802e+03 9.477225727546797884e+01
8.480443020549670109e+03 9.022995431536368471e+01
8.480642988552230236e+03 8.799634608730850971e+01
8.480842956554790362e+03 9.109943779421686827e+01
8.481042924557348670e+03 9.001679437015653207e+01
8.481242892559908796e+03 9.725366876637978919e+01
8.481442860562468923e+03 9.770916649866762782e+01
8.481642828565029049e+03 1.041462675278053638e+02
8.481842796567589176e+03 9.500873359375482607e+01
8.482042764570147483e+03 9.976517627475951144e+01
8.482242732572707610e+03 9.824496496197647843e+01
8.482442700575265917e+03 1.014410338271485301e+02
8.482642668577826043e+03 1.034229861426920110e+02
8.482842636580387989e+03 9.649950663795416972e+01
8.483042604582946296e+03 1.017791875060564024e+02
8.483242572585506423e+03 9.931933728290059094e+01
8.483442540588062911e+03 9.941226947428110350e+01
8.483642508590623038e+03 1.000304775506062782e+02
8.483842476593183164e+03 9.653714654735856016e+01
8.484042444595743291e+03 9.958060893410799963e+01
8.484242412598303417e+03 1.000542607841843505e+02
8.484442380600861725e+03 1.028034014653236738e+02
8.484642348603421851e+03 1.023749124971782294e+02
8.484842316605981978e+03 9.730593368718542990e+01
8.485042284608540285e+03 1.002131139528426758e+02
8.485242252611100412e+03 9.804512590625647306e+01
8.485442220613660538e+03 1.011158528290418843e+02
8.485642188616220665e+03 9.720305194458940434e+01
8.485842156618780791e+03 1.002532883663609340e+02
8.486042124621339099e+03 1.014701350590596434e+02
8.486242092623899225e+03 9.999351477622941786e+01
8.486442060626457533e+03 1.027739615739704107e+02
8.486642028629017659e+03 9.994911461841630285e+01
8.486841996631579605e+03 9.918850410358491843e+01
8.487041964634137912e+03 1.019360970898834751e+02
8.487241932636698039e+03 1.019303943907237482e+02
8.487441900639256346e+03 1.034842720661759756e+02
8.487641868641816473e+03 1.028415399812600981e+02
8.487841836644374780e+03 9.669813978698458357e+01
8.488041804646934906e+03 1.003306621308298219e+02
8.488241772649495033e+03 9.894739533328493053e+01
8.488441740652053340e+03 1.008885993634637686e+02
8.488641708654613467e+03 9.653815125531346553e+01
8.488841676657173593e+03 1.011630239794824888e+02
8.489041644659731901e+03 1.002777533163055352e+02
8.489241612662292027e+03 9.913489487371612086e+01
8.489441580664852154e+03 9.945973325710667723e+01
8.489641548667412280e+03 9.619901080704558183e+01
8.489841516669972407e+03 9.825194726520460620e+01
8.490041484672530714e+03 9.883407227076233426e+01
8.490241452675090841e+03 9.801110164340005326e+01
8.490441420677649148e+03 9.721328478391589556e+01
8.490641388680209275e+03 9.987033928918313563e+01
8.490841356682771220e+03 9.659641516940945394e+01
8.491041324685329528e+03 9.793079990820122305e+01
8.491241292687889654e+03 9.550005571166167329e+01
8.491441260690447962e+03 9.669255624108228631e+01
8.491641228693008088e+03 9.908817618765843349e+01
8.491841196695568215e+03 9.541768956372064281e+01
8.492041164698128341e+03 9.714819172024277805e+01
8.492241132700688468e+03 9.457818298497107889e+01
8.492441100703244956e+03 9.862417843593574673e+01
8.492641068705805083e+03 9.700318206626084816e+01
8.492841036708365209e+03 9.548763428990233137e+01
8.493041004710923517e+03 9.574406531866836190e+01
8.493240972713483643e+03 9.482845400098267419e+01
8.493440940716043769e+03 9.751338749084332846e+01
8.493640908718603896e+03 9.916010220342191417e+01
8.493840876721164022e+03 9.395214871635866416e+01
8.494040844723722330e+03 9.282056882638718776e+01
8.494240812726282456e+03 9.168887786892103975e+01
8.494440780728840764e+03 8.866959593051579702e+01
8.494640748731400890e+03 8.800601308972139236e+01
8.494840716733962836e+03 8.636265319974093302e+01
8.495040684736521143e+03 8.618677396350602748e+01
8.495240652739081270e+03 8.060470971309086963e+01
8.495440620741639577e+03 7.495854174392533764e+01
8.495640588744199704e+03 6.885308081949725079e+01
8.495840556746759830e+03 6.651286689021030440e+01
8.496040524749319957e+03 5.965020924036895167e+01
8.496240492751880083e+03 5.118668244669826350e+01
8.496440460754438391e+03 4.673594003870137925e+01
8.496640428756998517e+03 3.599125008179490948e+01
8.496840396759556825e+03 4.465133377081880894e+01
8.497040364762115132e+03 5.067459818115709425e+01
8.497240332764675259e+03 6.089003818969447224e+01
8.497440300767235385e+03 6.336877039680476997e+01
8.497640268769795512e+03 7.646312560657867152e+01
8.497840236772355638e+03 7.936991106917724892e+01
8.498040204774913946e+03 7.928561702471699846e+01
8.498240172777474072e+03 8.396137073960312591e+01
8.498440140780032380e+03 8.735046754218308251e+01
8.498640108782592506e+03 9.151997485163218471e+01
8.498840076785154451e+03 9.147047628671522546e+01
8.499040044787712759e+03 9.119234646850306092e+01
8.499240012790272885e+03 9.370399450107946393e+01
8.499439980792831193e+03 9.431205437499521338e+01
8.499639948795391319e+03 9.237619168923531277e+01
8.499839916797951446e+03 9.567037110295036939e+01
8.500039884800509753e+03 9.132152418166866426e+01
8.500239852803071699e+03 9.134534181428715272e+01
8.500439820805630006e+03 9.674697737036721890e+01
8.500639788808190133e+03 9.319999500565195660e+01
8.500839756810750259e+03 9.418545342160118139e+01
8.501039724813308567e+03 9.472080547661636274e+01
8.501239692815868693e+03 9.142985572823985763e+01
8.501439660818427001e+03 9.657127583673373294e+01
8.501639628820987127e+03 9.564610425445519581e+01
8.501839596823547254e+03 9.533748731595608206e+01
8.502039564826105561e+03 9.732898340308724983e+01
8.502239532828665688e+03 1.004825274701129558e+02
8.502439500831223995e+03 9.694469397642978947e+01
8.502639468833784122e+03 9.735649086592948720e+01
8.502839436836346067e+03 1.034833771431992204e+02
8.503039404838904375e+03 1.009174593372504205e+02
8.503239372841464501e+03 9.800521152001223868e+01
8.503439340844022809e+03 9.919876379479518391e+01
8.503639308846582935e+03 1.021109297805403031e+02
8.503839276849143062e+03 9.782279453810211578e+01
8.504039244851701369e+03 9.605297446217117852e+01
8.504239212854263315e+03 9.841300858944067897e+01
8.504439180856821622e+03 1.004317950916588842e+02
8.504639148859381748e+03 1.012145019729159969e+02
8.504839116861941875e+03 9.918118983722705195e+01
8.505039084864500182e+03 9.758474036713211319e+01
8.505239052867060309e+03 1.003529823814264432e+02
8.505439020869620435e+03 1.011788154125145383e+02
8.505638988872180562e+03 9.780490040185573264e+01
8.505838956874738869e+03 9.832948025332549946e+01
8.506038924877297177e+03 9.765961005767977099e+01
8.506238892879857303e+03 9.641062281061668671e+01
8.506438860882415611e+03 1.022605795261760306e+02
8.506638828884975737e+03 9.987932095485312800e+01
8.506838796887537683e+03 1.011714283659625693e+02
8.507038764890095990e+03 1.010394392046651859e+02
8.507238732892656117e+03 9.986018735139174396e+01
8.507438700895214424e+03 1.016772452958124262e+02
8.507638668897774551e+03 9.723022190211793259e+01
8.507838636900334677e+03 9.979716205692056974e+01
8.508038604902892985e+03 9.857030781607792846e+01
8.508238572905454930e+03 9.804073618462548723e+01
8.508438540908013238e+03 1.021749082734043554e+02
8.508638508910573364e+03 9.947226200370546678e+01
8.508838476913133491e+03 1.002657814673942767e+02
8.509038444915691798e+03 9.682868519731283641e+01
8.509238412918251925e+03 9.765987767511199991e+01
8.509438380920812051e+03 1.013717989567648488e+02
8.509638348923372178e+03 1.010648743296706016e+02
8.509838316925932304e+03 9.788211876577423709e+01
8.510038284928490611e+03 9.880900268464205283e+01
8.510238252931050738e+03 1.014247093663813217e+02
8.510438220933607226e+03 9.800233706844217352e+01
8.510638188936167353e+03 1.007803870605224148e+02
8.510838156938729298e+03 9.878496517722462045e+01
8.511038124941287606e+03 9.878695129220315607e+01
8.511238092943847732e+03 9.870211847010048700e+01
8.511438060946406040e+03 9.595017784636767999e+01
8.511638028948966166e+03 9.960461919221781102e+01
8.511837996951526293e+03 9.293927619718992617e+01
8.512037964954084600e+03 9.566721260043061648e+01
8.512237932956646546e+03 8.588803899052768998e+01
8.512437900959204853e+03 8.824985177036933237e+01
8.512637868961764980e+03 7.869530443683129306e+01
8.512837836964325106e+03 8.542040785185449181e+01
8.513037804966883414e+03 8.449270186522913662e+01
8.513237772969443540e+03 9.281227438968483057e+01
8.513437740972003667e+03 9.108090585109940207e+01
8.513637708974563793e+03 8.867896175547346616e+01
8.513837676977123920e+03 9.385151915114690269e+01
8.514037644979682227e+03 9.296900329619097647e+01
8.514237612982242354e+03 9.327660436265507826e+01
8.514437580984800661e+03 9.884238582436512388e+01
8.514637548987360788e+03 1.009730301289455383e+02
8.514837516989920914e+03 1.018454572082299023e+02
8.515037484992479222e+03 9.874151693669099927e+01
8.515237452995039348e+03 9.858522609177788354e+01
8.515437420997597656e+03 9.846996464143771277e+01
8.515637389000157782e+03 9.858987765500894795e+01
8.515837357002717908e+03 1.011696965750902137e+02
8.516037325005276216e+03 9.672876537539123376e+01
8.516237293007838161e+03 9.919254825671933418e+01
8.516437261010396469e+03 9.840872363276518797e+01
8.516637229012956595e+03 9.439455443164283110e+01
8.516837197015516722e+03 8.896317757258189829e+01
8.517037165018075029e+03 9.144700378072310798e+01
8.517237133020635156e+03 9.409235060689719887e+01
8.517437101023195282e+03 9.681892662963043961e+01
8.517637069025755409e+03 9.303474464103030073e+01
8.517837037028315535e+03 9.873380142668827375e+01
8.518037005030873843e+03 9.952401184132214951e+01
8.518236973033433969e+03 9.860323904109523596e+01
8.518436941035992277e+03 1.059755387658395165e+02
8.518636909038552403e+03 1.009440686142482093e+02
8.518836877041114349e+03 9.889721719430757219e+01
8.519036845043672656e+03 9.919630912466631401e+01
8.519236813046232783e+03 1.015716641231941821e+02
8.519436781048789271e+03 1.023692559935515618e+02
8.519636749051349398e+03 9.974952460072222493e+01
8.519836717053909524e+03 9.587894925092626863e+01
8.520036685056467832e+03 9.626821608475111702e+01
8.520236653059029777e+03 9.650994042525786654e+01
8.520436621061588085e+03 1.022157729573234803e+02
8.520636589064148211e+03 1.000875568667078568e+02
8.520836557066708338e+03 9.669709894799989058e+01
8.521036525069266645e+03 9.697952083321652594e+01
8.521236493071826771e+03 1.022539536309151629e+02
8.521436461074386898e+03 9.919012972062988354e+01
8.521636429076947024e+03 9.674415583060822144e+01
8.521836397079507151e+03 9.714995939712197526e+01
8.522036365082065458e+03 1.007775830772647510e+02
8.522236333084625585e+03 9.798816530719902573e+01
8.522436301087183892e+03 9.510694517992507713e+01
8.522636269089744019e+03 9.759986200786950405e+01
8.522836237092305964e+03 1.026654730091300536e+02
8.523036205094864272e+03 1.004640840234788470e+02
8.523236173097424398e+03 9.861838138333551740e+01
8.523436141099982706e+03 1.013025443904658687e+02
8.523636109102542832e+03 9.865967666977356032e+01
8.523836077105101140e+03 9.761325905181911367e+01
8.524036045107659447e+03 1.002969076428792903e+02
8.524236013110221393e+03 9.659490110753996817e+01
8.524435981112779700e+03 9.627656259964932417e+01
8.524635949115339827e+03 9.798560657344059166e+01
8.524835917117899953e+03 9.412905989731247303e+01
8.525035885120458261e+03 9.311815532675051088e+01
8.525235853123018387e+03 9.814919547408371159e+01
8.525435821125578514e+03 9.303892369721842215e+01
8.525635789128138640e+03 9.277366717132298390e+01
8.525835757130698767e+03 9.151215650780373778e+01
8.526035725133257074e+03 9.457478329706401610e+01
8.526235693135817201e+03 9.764171859003786835e+01
8.526435661138375508e+03 9.603067098631534293e+01
8.526635629140935634e+03 9.610555339192831070e+01
8.526835597143497580e+03 9.201825193832739558e+01
8.527035565146055887e+03 9.588059828130542428e+01
8.527235533148616014e+03 9.915573956446540649e+01
8.527435501151174321e+03 9.189746404548576209e+01
8.527635469153734448e+03 9.820204910720782721e+01
8.527835437156294574e+03 9.751089816051209880e+01
8.528035405158852882e+03 9.968594484460707861e+01
8.528235373161414827e+03 9.899992497169243677e+01
8.528435341163971316e+03 9.970170401156826756e+01
8.528635309166531442e+03 9.812096911723962478e+01
8.528835277169091569e+03 9.828819128649166714e+01
8.529035245171649876e+03 9.757961846760977664e+01
8.529235213174210003e+03 9.787122090688157527e+01
8.529435181176770129e+03 9.748027058437612880e+01
8.529635149179330256e+03 9.554978367292559938e+01
8.529835117181890382e+03 9.020673034638056720e+01
8.530035085184448690e+03 9.300675047390122074e+01
8.530235053187008816e+03 9.759184217874820888e+01
8.530435021189567124e+03 9.646088433063992795e+01
8.530634989192127250e+03 9.345710382350820566e+01
8.530834957194689196e+03 9.796162428427456348e+01
8.531034925197247503e+03 9.592145569690718787e+01
8.531234893199807630e+03 9.726338276392077375e+01
8.531434861202365937e+03 9.456640197247125457e+01
8.531634829204926064e+03 9.699136092082045479e+01
8.531834797207486190e+03 9.391865141492790769e+01
8.532034765210044498e+03 9.520335183343435403e+01
8.532234733212606443e+03 9.858270101152149323e+01
8.532434701215164750e+03 9.472641048364454264e+01
8.532634669217724877e+03 9.745131844165986479e+01
8.532834637220283184e+03 9.212913041606721265e+01
8.533034605222841492e+03 9.802041295188655567e+01
8.533234573225401618e+03 9.364548348838950176e+01
8.533434541227959926e+03 9.399203552287823982e+01
8.533634509230521871e+03 9.375162953079681927e+01
8.533834477233081998e+03 9.300617573242536196e+01
8.534034445235640305e+03 8.979327333491752938e+01
8.534234413238200432e+03 9.219725599442014641e+01
8.534434381240758739e+03 9.131008863218963256e+01
8.534634349243318866e+03 8.921539166435853474e+01
8.534834317245880811e+03 8.548591150327126797e+01
8.535034285248439119e+03 8.681937443130793497e+01
8.535234253250999245e+03 8.920394165164577771e+01
8.535434221253557553e+03 9.194394243657613686e+01
8.535634189256117679e+03 8.841650433987425117e+01
8.535834157258677806e+03 8.896484306767116834e+01
8.536034125261236113e+03 8.907026623544878419e+01
8.536234093263798059e+03 8.789034417941184074e+01
8.536434061266356366e+03 8.686468328285739915e+01
8.536634029268916493e+03 8.786759132957534746e+01
8.536833997271476619e+03 8.400025768334451470e+01
8.537033965274034927e+03 8.548194536303252278e+01
8.537233933276595053e+03 8.100359503254652793e+01
8.537433901279151542e+03 7.907076749239574553e+01
8.537633869281713487e+03 8.222263274074632022e+01
8.537833837284273613e+03 7.745035075041774064e+01
8.538033805286831921e+03 7.651559334802959711e+01
8.538233773289392047e+03 7.469577299486806510e+01
8.538433741291950355e+03 7.257158105994757591e+01
8.538633709294510481e+03 7.023091432322441108e+01
8.538833677297072427e+03 7.302692087487243100e+01
8.539033645299630734e+03 6.655553043932631851e+01
8.539233613302190861e+03 6.386799056438378841e+01
8.539433581304749168e+03 6.564612468748894969e+01
8.539633549307309295e+03 5.734371089772739083e+01
8.539833517309869421e+03 4.888684296873734780e+01
8.540033485312427729e+03 4.708795537844168422e+01
8.540233453314989674e+03 4.158925262095329600e+01
8.540433421317547982e+03 3.708736410513758841e+01
8.540633389320108108e+03 3.447705057826274810e+01
8.540833357322668235e+03 3.383891753568408944e+01
8.541033325325226542e+03 4.018354919143392578e+01
8.541233293327786669e+03 4.459477790485533433e+01
8.541433261330344976e+03 5.377269840738761530e+01
8.541633229332906922e+03 5.449997141524503519e+01
8.541833197335465229e+03 5.698662925799397527e+01
8.542033165338023537e+03 5.996520084122139593e+01
8.542233133340583663e+03 6.640132234581766113e+01
8.542433101343141971e+03 6.771162788035942981e+01
8.542633069345702097e+03 7.046392937337679996e+01
8.542833037348264043e+03 6.945709707401148592e+01
8.543033005350822350e+03 6.935442678667632777e+01
8.543232973353382476e+03 7.637362687287594554e+01
8.543432941355940784e+03 7.857943175023996218e+01
8.543632909358500910e+03 7.754160278431862707e+01
8.543832877361061037e+03 8.201890155600358412e+01
8.544032845363619344e+03 7.808750343999247434e+01
8.544232813366181290e+03 8.395591022868961772e+01
8.544432781368739597e+03 8.419054363376957895e+01
8.544632749371299724e+03 8.471006581942859270e+01
8.544832717373859850e+03 8.624075715521681218e+01
8.545032685376418158e+03 8.738187846244336754e+01
8.545232653378978284e+03 8.675711346592970585e+01
8.545432621381536592e+03 8.621072845775701410e+01
8.545632589384098537e+03 8.948011431634589030e+01
8.545832557386658664e+03 9.230120807488398782e+01
8.546032525389216971e+03 8.754969018997032038e+01
8.546232493391777098e+03 8.995572382526640354e+01
8.546432461394333586e+03 8.732514641425913737e+01
8.546632429396893713e+03 9.122646967553870923e+01
8.546832397399455658e+03 8.933404454143816054e+01
8.547032365402013966e+03 8.903877051940352771e+01
8.547232333404574092e+03 9.067101734723632944e+01
8.547432301407132400e+03 9.261154953879857032e+01
8.547632269409692526e+03 9.482022797316798801e+01
8.547832237412252653e+03 9.247275977447162632e+01
8.548032205414810960e+03 9.382837185136322944e+01
8.548232173417372906e+03 9.351724116210344562e+01
8.548432141419931213e+03 9.471330927590304327e+01
8.548632109422491340e+03 9.186191157623426307e+01
8.548832077425051466e+03 9.434725918713400006e+01
8.549032045427609773e+03 9.412155507562850687e+01
8.549232013430169900e+03 9.485432760036536592e+01
8.549431981432728207e+03 9.518539363214486571e+01
8.549631949435290153e+03 9.721240693722121762e+01
8.549831917437850279e+03 9.354157293059083145e+01
8.550031885440408587e+03 9.697087159604205908e+01
8.550231853442968713e+03 9.672278808612422552e+01
8.550431821445527021e+03 9.626175993515940377e+01
8.550631789448087147e+03 9.708328947403677489e+01
8.550831757450647274e+03 9.990152867788516744e+01
8.551031725453205581e+03 1.002140679583235254e+02
8.551231693455765708e+03 9.501626972488868716e+01
8.551431661458324015e+03 9.544769829094185809e+01
8.551631629460884142e+03 9.616916981435423395e+01
8.551831597463444268e+03 9.684923694687755358e+01
8.552031565466002576e+03 9.905458480281083666e+01
8.552231533468564521e+03 1.008886630866039553e+02
8.552431501471122829e+03 9.716392667013749929e+01
8.552631469473682955e+03 9.862136478650684523e+01
8.552831437476243082e+03 1.014874625962279708e+02
8.553031405478801389e+03 9.472158602216411794e+01
8.553231373481361516e+03 9.973703227321256293e+01
8.553431341483919823e+03 9.444897025471266261e+01
8.553631309486481769e+03 9.705106270173739347e+01
8.553831277489041895e+03 9.377050801952397308e+01
8.554031245491600203e+03 9.563267670080198002e+01
8.554231213494160329e+03 9.884880984698834538e+01
8.554431181496718636e+03 9.505805320905118094e+01
8.554631149499278763e+03 9.586411308351274840e+01
8.554831117501840708e+03 9.584677368603746572e+01
8.555031085504399016e+03 9.440894834717174433e+01
8.555231053506959142e+03 8.813331180426571621e+01
8.555431021509515631e+03 9.112458846020753356e+01
8.555630989512075757e+03 9.004777954293027165e+01
8.555830957514635884e+03 9.335479148313969233e+01
8.556030925517194191e+03 9.829734706988492121e+01
8.556230893519756137e+03 9.660951079074236247e+01
8.556430861522314444e+03 1.007519852435475514e+02
8.556630829524874571e+03 9.769385842018125743e+01
8.556830797527434697e+03 1.007054963610622593e+02
8.557030765529993005e+03 9.777027474221638670e+01
8.557230733532553131e+03 1.004237618437670534e+02
8.557430701535111439e+03 1.001080877823838620e+02
8.557630669537673384e+03 9.901412290739301625e+01
8.557830637540233511e+03 9.761938491299750353e+01
8.558030605542791818e+03 9.704339277206378256e+01
8.558230573545351945e+03 9.917248887004429037e+01
8.558430541547910252e+03 1.011987914831472750e+02
8.558630509550470379e+03 9.595187962254078684e+01
8.558830477553032324e+03 9.772086691101286249e+01
8.559030445555590632e+03 9.938311689177542974e+01
8.559230413558150758e+03 9.462785349141746849e+01
8.559430381560709066e+03 9.839099442409650464e+01
8.559630349563269192e+03 9.850494898865559890e+01
8.559830317565827499e+03 9.823317866071521109e+01
8.560030285568385807e+03 1.008414900513580932e+02
8.560230253570947752e+03 9.768037233518955986e+01
8.560430221573506060e+03 1.007530993347841104e+02
8.560630189576066186e+03 1.001827601888243180e+02
8.560830157578626313e+03 9.732076569708769398e+01
8.561030125581184620e+03 9.803820271512661577e+01
8.561230093583744747e+03 9.774856766694486510e+01
8.561430061586303054e+03 9.845658256473497261e+01
8.561630029588865000e+03 9.922394440059716203e+01
8.561829997591425126e+03 9.844148628431265990e+01
8.562029965593983434e+03 9.795227776446157009e+01
8.562229933596543560e+03 9.790329463440882307e+01
8.562429901599101868e+03 9.734145157601875553e+01
8.562629869601661994e+03 9.776477507948372647e+01
8.562829837604223940e+03 1.013719136882452574e+02
8.563029805606782247e+03 9.732005413433590491e+01
8.563229773609342374e+03 9.579922840010831919e+01
8.563429741611900681e+03 9.936395562096244305e+01
8.563629709614460808e+03 1.001219402470887729e+02
8.563829677617020934e+03 9.939974006372888482e+01
8.564029645619579242e+03 1.016300635272428536e+02
8.564229613622141187e+03 9.860933666919781615e+01
8.564429581624697676e+03 1.028194903681180392e+02
8.564629549627257802e+03 1.002094563148300210e+02
8.564829517629817929e+03 9.752305743405017324e+01
8.565029485632376236e+03 9.645503352194674562e+01
8.565229453634936363e+03 1.003264257562032356e+02
8.565429421637494670e+03 9.423817041105189674e+01
8.565629389640056615e+03 9.868637512869280215e+01
8.565829357642616742e+03 9.996277487090563341e+01
8.566029325645175049e+03 1.016826592527842621e+02
8.566229293647735176e+03 9.765236411742993994e+01
8.566429261650293483e+03 9.721211500086050705e+01
8.566629229652853610e+03 9.969244745283349118e+01
8.566829197655415555e+03 9.667568283988235578e+01
8.567029165657973863e+03 9.927658207070660978e+01
8.567229133660533989e+03 1.004809607775537330e+02
8.567429101663092297e+03 1.013698690282480186e+02
8.567629069665652423e+03 1.030716759180303654e+02
8.567829037668212550e+03 1.009514667947454427e+02
8.568029005670770857e+03 9.640134144588058973e+01
8.568228973673332803e+03 1.004871825786518826e+02
8.568428941675891110e+03 9.664428370130100632e+01
8.568628909678451237e+03 1.009906692535170976e+02
8.568828877681009544e+03 9.646269518507084229e+01
8.569028845683567852e+03 9.771148364236387351e+01
8.569228813686127978e+03 1.036876517569472043e+02
8.569428781688686286e+03 1.006245088660807880e+02
8.569628749691248231e+03 9.526394253425701208e+01
8.569828717693808358e+03 9.957307911458647709e+01
8.570028685696366665e+03 9.543599041293317953e+01
8.570228653698926792e+03 9.630696635914164005e+01
8.570428621701485099e+03 9.800948252443330944e+01
8.570628589704045226e+03 9.754508224507105751e+01
8.570828557706605352e+03 9.613430599706038038e+01
8.571028525709165478e+03 9.614050143627878242e+01
8.571228493711725605e+03 9.985539986334039497e+01
8.571428461714283912e+03 9.591261568791360048e+01
8.571628429716844039e+03 9.823805020764631024e+01
8.571828397719404165e+03 1.022371290040150171e+02
8.572028365721962473e+03 9.982819603297659228e+01
8.572228333724524418e+03 1.027322841449869202e+02
8.572428301727082726e+03 1.000635173227996688e+02
8.572628269729642852e+03 1.001659502349598370e+02
8.572828237732202979e+03 9.790225303693540582e+01
8.573028205734761286e+03 9.793106040311921845e+01
8.573228173737321413e+03 9.881121750884625499e+01
8.573428141739877901e+03 1.016604002750198816e+02
8.573628109742439847e+03 9.814621863935958856e+01
8.573828077744999973e+03 9.536019975224984080e+01
8.574028045747558281e+03 1.038823898848479814e+02
8.574228013750118407e+03 9.720164044583358987e+01
8.574427981752676715e+03 1.004406231869854622e+02
8.574627949755236841e+03 9.889748838874875503e+01
8.574827917757796968e+03 9.715550552283423258e+01
8.575027885760357094e+03 1.037588560726124030e+02
8.575227853762917221e+03 1.005254042120528766e+02
8.575427821765475528e+03 9.976158809780756087e+01
8.575627789768035655e+03 1.007916621965805604e+02
8.575827757770595781e+03 9.798682189863043845e+01
8.576027725773154089e+03 9.677156080711937136e+01
8.576227693775716034e+03 9.770006695405196240e+01
8.576427661778274341e+03 9.983109585901280525e+01
8.576627629780834468e+03 1.007101891193751015e+02
8.576827597783394594e+03 9.964258478708528344e+01
8.577027565785952902e+03 9.942479446736965087e+01
8.577227533788513028e+03 9.946521436794205329e+01
8.577427501791071336e+03 9.830552021915769956e+01
8.577627469793633281e+03 1.016551594345234832e+02
8.577827437796193408e+03 9.768143460904434505e+01
8.578027405798749896e+03 9.961851946086616749e+01
8.578227373801310023e+03 9.763876456092179978e+01
8.578427341803868330e+03 9.810297403639127367e+01
8.578627309806428457e+03 9.908125346881698192e+01
8.578827277808988583e+03 1.052271283174616059e+02
8.579027245811548710e+03 1.019521497533672516e+02
8.579227213814108836e+03 1.015001093875231106e+02
8.579427181816667144e+03 9.978160945913506907e+01
8.579627149819227270e+03 1.014080260816585053e+02
8.579827117821787397e+03 9.686797647289330371e+01
8.580027085824345704e+03 9.977679887456625352e+01
8.580227053826907650e+03 1.008259987854643924e+02
8.580427021829465957e+03 9.491028313314288312e+01
8.580626989832026084e+03 8.732917007743633064e+01
8.580826957834586210e+03 8.475280392673430185e+01
8.581026925837144518e+03 8.822720720942689354e+01
8.581226893839704644e+03 9.418363653508397704e+01
8.581426861842262952e+03 9.295362983134756973e+01
8.581626829844824897e+03 9.873760049403247763e+01
8.581826797847385023e+03 9.693599842365146912e+01
8.582026765849943331e+03 9.519829905767979028e+01
8.582226733852503457e+03 1.001419196419180366e+02
8.582426701855059946e+03 1.006624267031459965e+02
8.582626669857620072e+03 1.009027741217949057e+02
8.582826637860180199e+03 9.889677399654256362e+01
8.583026605862740325e+03 9.318110222999487746e+01
8.583226573865300452e+03 9.672306512684482982e+01
8.583426541867858759e+03 8.870646367760686246e+01
8.583626509870418886e+03 9.536855774780934780e+01
8.583826477872979012e+03 9.696780994603641091e+01
8.584026445875537320e+03 9.901053677699192690e+01
8.584226413878099265e+03 1.008153065327408626e+02
8.584426381880657573e+03 9.937527863855856936e+01
8.584626349883217699e+03 9.619150288999341569e+01
8.584826317885777826e+03 1.002407612183071279e+02
8.585026285888336133e+03 1.012616694138088747e+02
8.585226253890896260e+03 1.023923227440315600e+02
8.585426221893454567e+03 1.007091517286218760e+02
8.585626189896016513e+03 1.019200046131508941e+02
8.585826157898576639e+03 1.015090589555467773e+02
8.586026125901134947e+03 9.897660210654602508e+01
8.586226093903695073e+03 1.010112702302521228e+02
8.586426061906253381e+03 9.882689262162753607e+01
8.586626029908813507e+03 9.801605417378378604e+01
8.586825997911373634e+03 9.892183581189432573e+01
8.587025965913931941e+03 1.009332210526940514e+02
8.587225933916492068e+03 9.464760371152419793e+01
8.587425901919050375e+03 9.576281743254378398e+01
8.587625869921610501e+03 9.830166302246016130e+01
8.587825837924170628e+03 9.858615028075377040e+01
8.588025805926728935e+03 9.957086904171967490e+01
8.588225773929290881e+03 1.006011131236179494e+02
8.588425741931849188e+03 1.008065358875427080e+02
8.588625709934409315e+03 1.012881598241493606e+02
8.588825677936969441e+03 1.017339492478812844e+02
8.589025645939527749e+03 9.897819714253078871e+01
8.589225613942087875e+03 9.787836470554063339e+01
8.589425581944646183e+03 1.009354129771887045e+02
8.589625549947208128e+03 9.996406514670044885e+01
8.589825517949768255e+03 1.017074557261080798e+02
8.590025485952326562e+03 9.973207460907423183e+01
8.590225453954886689e+03 1.004954396218099930e+02
8.590425421957444996e+03 1.026773982816958011e+02
8.590625389960005123e+03 1.016809712327967219e+02
8.590825357962565249e+03 9.668119146329451041e+01
8.591025325965125376e+03 1.005045274874072874e+02
8.591225293967685502e+03 9.646819541921045982e+01
8.591425261970241991e+03 9.582472512581955471e+01
8.591625229972802117e+03 9.530124618006151138e+01
8.591825197975362244e+03 9.449095840669096447e+01
8.592025165977920551e+03 9.555569613920276595e+01
8.592225133980482497e+03 1.009307749329501149e+02
8.592425101983040804e+03 1.019699973798739165e+02
8.592625069985600931e+03 9.988424195441615439e+01
8.592825037988161057e+03 1.046696256678109620e+02
8.593025005990719364e+03 1.008786791587954639e+02
8.593224973993279491e+03 9.849332366656201998e+01
8.593424941995837798e+03 9.990854059044032454e+01
8.593624909998399744e+03 9.767154613830206245e+01
8.593824878000959870e+03 9.986818498934383115e+01
8.594024846003518178e+03 9.633967998851508696e+01
8.594224814006078304e+03 1.001899362949478558e+02
8.594424782008636612e+03 1.003414054313020358e+02
8.594624750011196738e+03 9.655799733666152918e+01
8.594824718013756865e+03 9.974302579754798614e+01
8.595024686016316991e+03 9.743890626559809220e+01
8.595224654018877118e+03 1.009876692903757487e+02
8.595424622021435425e+03 9.745873412327615881e+01
8.595624590023995552e+03 9.661926768349132999e+01
8.595824558026555678e+03 9.805365836166129156e+01
8.596024526029112167e+03 9.834775936216129821e+01
8.596224494031674112e+03 9.995801705176182850e+01
8.596424462034232420e+03 9.977544632251117207e+01
8.596624430036792546e+03 9.885537284068938391e+01
8.596824398039352673e+03 9.210121395813699507e+01
8.597024366041910980e+03 9.515969957310338145e+01
8.597224334044471107e+03 8.972506786653150357e+01
8.597424302047029414e+03 9.079183961410805637e+01
8.597624270049591360e+03 8.758382798744059983e+01
8.597824238052151486e+03 9.231304221042086056e+01
8.598024206054709794e+03 9.626259446747702953e+01
8.598224174057269920e+03 9.973272182792729268e+01
8.598424142059828228e+03 9.815956113739350997e+01
8.598624110062388354e+03 9.984915301008605582e+01
8.598824078064948480e+03 9.930326375734431110e+01
8.599024046067508607e+03 9.666229186171476329e+01
8.599224014070068733e+03 9.743706487739132172e+01
8.599423982072627041e+03 1.001802339632075132e+02
8.599623950075187167e+03 1.012860311675357110e+02
8.599823918077747294e+03 9.790804481000766657e+01
8.600023886080305601e+03 9.972619382337813931e+01
8.600223854082867547e+03 1.008578094841568600e+02
8.600423822085424035e+03 9.689456760034104832e+01
8.600623790087984162e+03 1.012127812319245947e+02
8.600823758090544288e+03 9.910492839388457753e+01
8.601023726093102596e+03 9.959784079667279855e+01
8.601223694095662722e+03 9.851782900311519597e+01
8.601423662098221030e+03 9.727520536952833652e+01
8.601623630100782975e+03 9.795560689261350262e+01
8.601823598103343102e+03 9.888752284735498677e+01
8.602023566105901409e+03 1.009775200212620945e+02
8.602223534108461536e+03 9.900545554487806044e+01
8.602423502111019843e+03 1.029463788213750348e+02
8.602623470113579970e+03 1.028304787033703320e+02
8.602823438116140096e+03 9.506414165377147185e+01
8.603023406118700223e+03 9.836784876621888429e+01
8.603223374121260349e+03 1.052741062712651114e+02
8.603423342123818657e+03 1.012919545134728168e+02
8.603623310126378783e+03 1.025403336103366030e+02
8.603823278128938910e+03 1.001391296967436233e+02
8.604023246131497217e+03 9.814626101856526930e+01
8.604223214134059162e+03 1.003010147020710150e+02
8.604423182136617470e+03 1.001430556594509227e+02
8.604623150139177596e+03 9.586823098841263402e+01
8.604823118141737723e+03 9.499939805613358601e+01
8.605023086144294211e+03 9.809596941627756905e+01
8.605223054146854338e+03 9.420511545469976511e+01
8.605423022149412645e+03 9.338330191760199739e+01
8.605622990151974591e+03 9.708118931465295987e+01
8.605822958154534717e+03 9.869009416315485339e+01
8.606022926157093025e+03 9.854175194500641055e+01
8.606222894159653151e+03 1.000324837824472297e+02
8.606422862162211459e+03 9.725551636276586009e+01
8.606622830164771585e+03 9.658324820195632299e+01
8.606822798167331712e+03 9.395454558267933010e+01
8.607022766169891838e+03 9.779473533289205989e+01
8.607222734172451965e+03 9.932316153779625267e+01
8.607422702175010272e+03 9.608516423232588011e+01
8.607622670177570399e+03 1.010965119087334898e+02
8.607822638180130525e+03 1.002640568677656745e+02
8.608022606182688833e+03 9.795072920479276490e+01
8.608222574185248959e+03 9.873260125193218073e+01
8.608422542187809086e+03 1.012970418128399075e+02
8.608622510190369212e+03 9.771549708670039536e+01
8.608822478192929339e+03 9.782009815969215083e+01
8.609022446195487646e+03 9.672950794558988719e+01
8.609222414198047773e+03 9.758851739213567100e+01
8.609422382200604261e+03 9.980016445551962079e+01
8.609622350203166206e+03 9.869266822516709681e+01
8.609822318205726333e+03 9.156965858158554283e+01
8.610022286208284640e+03 9.307327435320642905e+01
8.610222254210844767e+03 8.389224279234528581e+01
8.610422222213403074e+03 8.377259982925180282e+01
8.610622190215963201e+03 8.202526769601239209e+01
8.610822158218523327e+03 9.203496923613217007e+01
8.611022126221083454e+03 9.654150072415322370e+01
8.611222094223643580e+03 9.752265870256236724e+01
8.611422062226201888e+03 9.671916508818624436e+01
8.611622030228762014e+03 9.876054743465053321e+01
8.611821998231322141e+03 1.004635226202547642e+02
8.612021966233880448e+03 9.969351006946537552e+01
8.612221934236440575e+03 9.733707990396430887e+01
8.612421902239000701e+03 9.569715171917241037e+01
8.612621870241560828e+03 9.907970556260541173e+01
8.612821838244120954e+03 9.777931359408491119e+01
8.613021806246679262e+03 1.020485799541345386e+02
8.613221774249239388e+03 9.858949578091372246e+01
8.613421742251797696e+03 9.892250440393917188e+01
8.613621710254359641e+03 1.023718813957617755e+02
8.613821678256919768e+03 1.004096087598293821e+02
8.614021646259476256e+03 1.021148235790782905e+02
8.614221614262036383e+03 1.024565413379630030e+02
8.614421582264594690e+03 9.932343009990185578e+01
8.614621550267154817e+03 9.899623488443455699e+01
8.614821518269714943e+03 9.438106079462380649e+01
8.615021486272275069e+03 9.326027585172442969e+01
8.615221454274835196e+03 1.007278501901445225e+02
8.615421422277393503e+03 1.015127600757569439e+02
8.615621390279953630e+03 9.651806882637710316e+01
8.615821358282513756e+03 1.005384087611370489e+02
8.616021326285072064e+03 9.613370611305835212e+01
8.616221294287632190e+03 9.958529980205442200e+01
8.616421262290192317e+03 9.633184873643205037e+01
8.616621230292752443e+03 9.641118529178267238e+01
8.616821198295312570e+03 9.989756302046519920e+01
8.617021166297870877e+03 9.970147192345626763e+01
8.617221134300431004e+03 9.863088602410213923e+01
8.617421102302989311e+03 1.016872070173241127e+02
8.617621070305551257e+03 1.014014098269839650e+02
8.617821038308111383e+03 9.964255029031598099e+01
8.618021006310669691e+03 9.945657020544338422e+01
8.618220974313229817e+03 9.812475197475090738e+01
8.618420942315786306e+03 9.850660954651382895e+01
8.618620910318346432e+03 1.009639864473369499e+02
8.618820878320906559e+03 9.889811982360426157e+01
8.619020846323466685e+03 1.005956475165601205e+02
8.619220814326026812e+03 9.701931189508613329e+01
8.619420782328585119e+03 1.007297921539301342e+02
8.619620750331145246e+03 9.430429590199938161e+01
8.619820718333705372e+03 9.188890963529736666e+01
8.620020686336263680e+03 8.336577338197365350e+01
8.620220654338823806e+03 8.919393117971823415e+01
8.620420622341383933e+03 8.687992235512672323e+01
8.620620590343944059e+03 9.220971937877936853e+01
8.620820558346504185e+03 9.382427314030762489e+01
8.621020526349062493e+03 9.587264691481007617e+01
8.621220494351622619e+03 9.814251540414046815e+01
8.621420462354180927e+03 1.018291582622817941e+02
8.621620430356742872e+03 1.017091927115323955e+02
8.621820398359302999e+03 1.006618734705879774e+02
8.622020366361861306e+03 9.922492423738788148e+01
8.622220334364421433e+03 9.963404000514714198e+01
8.622420302366979740e+03 1.004725471842439788e+02
8.622620270369539867e+03 1.007831642831128818e+02
8.622820238372099993e+03 1.023513244858928601e+02
8.623020206374658301e+03 1.007421651978272337e+02
8.623220174377218427e+03 1.017483637803346141e+02
8.623420142379776735e+03 9.976594705813569419e+01
8.623620110382336861e+03 1.006612579380577444e+02
8.623820078384896988e+03 1.000314590663174954e+02
8.624020046387455295e+03 1.017347205438942126e+02
8.624220014390015422e+03 1.010407711559662829e+02
8.624419982392575548e+03 9.936662136813006896e+01
8.624619950395135675e+03 9.861321702254998911e+01
8.624819918397695801e+03 9.672330290133874087e+01
8.625019886400254109e+03 9.960325852518870704e+01
8.625219854402814235e+03 9.949036280259872456e+01
8.625419822405372543e+03 1.010241863834303047e+02
8.625619790407934488e+03 1.014946971398010476e+02
8.625819758410494615e+03 9.871842391112197390e+01
8.626019726413052922e+03 9.919685792112404954e+01
8.626219694415613048e+03 9.695800573405779232e+01
8.626419662418171356e+03 9.913786757561203444e+01
8.626619630420731482e+03 9.901645094229652955e+01
8.626819598423291609e+03 1.003339488749769828e+02
8.627019566425851735e+03 9.945673905886066279e+01
8.627219534428411862e+03 1.001660984782617163e+02
8.627419502430968350e+03 9.720974887239984241e+01
8.627619470433528477e+03 9.778239575546633944e+01
8.627819438436088603e+03 9.968734814553751278e+01
8.628019406438646911e+03 9.578142424817227152e+01
8.628219374441207037e+03 9.980066786170694115e+01
8.628419342443767164e+03 1.001216800714345680e+02
8.628619310446327290e+03 1.036272691657885332e+02
8.628819278448887417e+03 1.002628119019155974e+02
8.629019246451445724e+03 9.670835798754913526e+01
8.629219214454005851e+03 9.883943466710971393e+01
8.629419182456564158e+03 9.894970921959655641e+01
8.629619150459126104e+03 1.015106873235821467e+02
8.629819118461686230e+03 1.020341582143464052e+02
8.630019086464244538e+03 1.002036539383048108e+02
8.630219054466804664e+03 9.863730678173186561e+01
8.630419022469362972e+03 1.008649913822093822e+02
8.630618990471923098e+03 9.904051944885246428e+01
8.630818958474483225e+03 9.721446898385222823e+01
8.631018926477043351e+03 9.300218936764528621e+01
8.631218894479603478e+03 9.475110610623052310e+01
8.631418862482161785e+03 9.701264465590348607e+01
8.631618830484721911e+03 1.015191259484584521e+02
8.631818798487282038e+03 9.900699352301707279e+01
8.632018766489838526e+03 9.701607822762949240e+01
8.632218734492398653e+03 9.844289346040457644e+01
8.632418702494958779e+03 9.929378544010674545e+01
8.632618670497518906e+03 9.783141564213264019e+01
8.632818638500079032e+03 9.658691525761783225e+01
8.633018606502637340e+03 1.009668807962527524e+02
8.633218574505197466e+03 1.042315843902513137e+02
8.633418542507755774e+03 9.676811414595918848e+01
8.633618510510317719e+03 1.010968385651753181e+02
8.633818478512877846e+03 9.861554150266597674e+01
8.634018446515436153e+03 1.011151120414797049e+02
8.634218414517996280e+03 9.761604175287902763e+01
8.634418382520554587e+03 9.823001966588569189e+01
8.634618350523114714e+03 1.014905878438805757e+02
8.634818318525674840e+03 9.649303427145507328e+01
8.635018286528234967e+03 9.463662933086034457e+01
8.635218254530795093e+03 9.879365588938794929e+01
8.635418222533353401e+03 9.686854918890831811e+01
8.635618190535913527e+03 9.763256457486544093e+01
8.635818158538473654e+03 9.783515477693937612e+01
8.636018126541031961e+03 1.034408457461902771e+02
8.636218094543592088e+03 9.602495263923677271e+01
8.636418062546150395e+03 9.912709415997555595e+01
8.636618030548710522e+03 1.008691900600525315e+02
8.636817998551270648e+03 9.605695892090601262e+01
8.637017966553828956e+03 9.949284281768161975e+01
8.637217934556389082e+03 1.009368847056309022e+02
8.637417902558947389e+03 9.921356688880996444e+01
8.637617870561509335e+03 9.997323974193621154e+01
8.637817838564069461e+03 1.035908606758411281e+02
8.638017806566627769e+03 1.016386757720493819e+02
8.638217774569187895e+03 1.020439671204111391e+02
8.638417742571746203e+03 1.001655633599082194e+02
8.638617710574306329e+03 1.032253092657855262e+02
8.638817678576866456e+03 9.822795838011261083e+01
8.639017646579426582e+03 9.955471483633853325e+01
8.639217614581986709e+03 9.638309682592249317e+01
8.639417582584545016e+03 9.777019242166498714e+01
8.639617550587105143e+03 9.830719828565932517e+01
8.639817518589665269e+03 1.005569072603471028e+02
8.640017486592223577e+03 9.753988202899502369e+01
8.640217454594783703e+03 1.018691919867685840e+02
8.640417422597343830e+03 9.677410518232667869e+01
8.640617390599903956e+03 1.024430963261024772e+02
8.640817358602464083e+03 1.021272319903076635e+02
8.641017326605020571e+03 9.948328914967697756e+01
8.641217294607580698e+03 9.866419037996543295e+01
8.641417262610139005e+03 9.803461078732708245e+01
8.641617230612700951e+03 9.659441192945647003e+01
8.641817198615261077e+03 9.503780708473385630e+01
8.642017166617819385e+03 1.001177671008626504e+02
8.642217134620379511e+03 9.509155935145879823e+01
8.642417102622937819e+03 9.519762823776063954e+01
8.642617070625497945e+03 9.926170394115101203e+01
8.642817038628058071e+03 9.910534424815449484e+01
8.643017006630618198e+03 9.752115283645591148e+01
8.643216974633178324e+03 9.793803782570675764e+01
8.643416942635736632e+03 9.995267661182103325e+01
8.643616910638296758e+03 9.886240154763181920e+01
8.643816878640856885e+03 1.005227306539724310e+02
8.644016846643415192e+03 9.908842919238912827e+01
8.644216814645975319e+03 9.957975023497164102e+01
8.644416782648535445e+03 9.831735045044854360e+01
8.644616750651095572e+03 9.736468087255127557e+01
8.644816718653655698e+03 1.029568745037434354e+02
8.645016686656214006e+03 1.003945345150587798e+02
8.645216654658774132e+03 9.545250546972529548e+01
8.645416622661330621e+03 9.859139043579349959e+01
8.645616590663890747e+03 1.020644154897991740e+02
8.645816558666452693e+03 1.025516852161174199e+02
8.646016526669011000e+03 9.968132600147902167e+01
8.646216494671571127e+03 9.700789896204432239e+01
8.646416462674129434e+03 9.999277865757584038e+01
8.646616430676689561e+03 9.268646363869997629e+01
8.646816398679249687e+03 9.631222726362148023e+01
8.647016366681809814e+03 9.193463536379277912e+01
8.647216334684369940e+03 9.348459762200057810e+01
8.647416302686928248e+03 9.494569445764172144e+01
8.647616270689488374e+03 9.854610187861004533e+01
8.647816238692048501e+03 9.657510699417345279e+01
8.648016206694606808e+03 9.758781557550776142e+01
8.648216174697166934e+03 9.587145788003915925e+01
8.648416142699727061e+03 9.828228354817908041e+01
8.648616110702287187e+03 9.325966679419720151e+01
8.648816078704847314e+03 9.416650528399019038e+01
8.649016046707405621e+03 9.747644959891188421e+01
8.649216014709965748e+03 9.682518223918368960e+01
8.649415982712524055e+03 9.803772484085733652e+01
8.649615950715084182e+03 9.919055861703981236e+01
8.649815918717646127e+03 1.023642180516313402e+02
8.650015886720202616e+03 9.566793961172965055e+01
8.650215854722762742e+03 1.002366927708648490e+02
8.650415822725321050e+03 9.728383932137451495e+01
8.650615790727881176e+03 9.361316607231832165e+01
8.650815758730441303e+03 9.943879649221949535e+01
8.651015726733001429e+03 9.865032689807235045e+01
8.651215694735561556e+03 9.830919346596269293e+01
8.651415662738119863e+03 9.729745229814243146e+01
8.651615630740679990e+03 9.484087174487299876e+01
8.651815598743240116e+03 9.288769225423773435e+01
8.652015566745798424e+03 9.514656950692091186e+01
8.652215534748358550e+03 9.724254361576871020e+01
8.652415502750918677e+03 9.803306842021447665e+01
8.652615470753478803e+03 9.284077363925685233e+01
8.652815438756038930e+03 9.525065318536829295e+01
8.653015406758597237e+03 9.429717214227819966e+01
8.653215374761157364e+03 9.404425869759644740e+01
8.653415342763715671e+03 9.699748241199155530e+01
8.653615310766275798e+03 9.503475618565170180e+01
8.653815278768837743e+03 9.454908536161516963e+01
8.654015246771396050e+03 9.754951614888059908e+01
8.654215214773956177e+03 9.786040107798133647e+01
8.654415182776512665e+03 8.926159286612853805e+01
8.654615150779072792e+03 9.594185075205358260e+01
8.654815118781632918e+03 9.334078854377882806e+01
8.655015086784193045e+03 9.189620602225140544e+01
8.655215054786753171e+03 9.203445805613390007e+01
8.655415022789311479e+03 9.318982226555871762e+01
8.655614990791871605e+03 9.526687450985012617e+01
8.655814958794431732e+03 9.119673590049929146e+01
8.656014926796990039e+03 9.369764125761992091e+01
8.656214894799550166e+03 8.688093835154033684e+01
8.656414862802110292e+03 9.063950855816511876e+01
8.656614830804670419e+03 8.878575559235207493e+01
8.656814798807230545e+03 8.659344074065238317e+01
8.657014766809788853e+03 8.683827077537402772e+01
8.657214734812348979e+03 8.357167431612892017e+01
8.657414702814907287e+03 8.749013952958304685e+01
8.657614670817467413e+03 8.435698237788822951e+01
8.657814638820029359e+03 8.399102472366728023e+01
8.658014606822587666e+03 8.207197812839268636e+01
8.658214574825147793e+03 8.274745277519349429e+01
8.658414542827706100e+03 7.554508674141884228e+01
8.658614510830266227e+03 7.807676393280668492e+01
8.658814478832826353e+03 7.269314827658352840e+01
8.659014446835384661e+03 6.919459964664500262e+01
8.659214414837944787e+03 7.094189275843463349e+01
8.659414382840503094e+03 6.584308331679446269e+01
8.659614350843063221e+03 6.402950771612687220e+01
8.659814318845623347e+03 5.722767967985240745e+01
8.660014286848181655e+03 5.327141068391305367e+01
8.660214254850741781e+03 4.832123080107661650e+01
8.660414222853301908e+03 4.290091298437583589e+01
8.660614190855862034e+03 3.599773686733761480e+01
8.660814158858422161e+03 3.700925008568757590e+01
8.661014126860980468e+03 3.430575005960012192e+01
8.661214094863540595e+03 4.452369625061418645e+01
8.661414062866098902e+03 4.869195798212559367e+01
8.661614030868659029e+03 5.559122335195335296e+01
8.661813998871220974e+03 6.113485290074328304e+01
8.662013966873779282e+03 6.502742220264701700e+01
8.662213934876339408e+03 7.035062884346451995e+01
8.662413902878897716e+03 7.243896265390766587e+01
8.662613870881457842e+03 7.324360596604913098e+01
8.662813838884017969e+03 7.515749237366486568e+01
8.663013806886578095e+03 7.923664168473561631e+01
8.663213774889138222e+03 8.007843629767542382e+01
8.663413742891694710e+03 8.232850591935017803e+01
8.663613710894254837e+03 8.614465007338355917e+01
8.663813678896814963e+03 8.414650341320738391e+01
8.664013646899373271e+03 8.605885579064032243e+01
8.664213614901933397e+03 8.911997246296931507e+01
8.664413582904493524e+03 8.933321996857735314e+01
8.664613550907053650e+03 8.657971547406120294e+01
8.664813518909613776e+03 8.692821232478381432e+01
8.665013486912172084e+03 9.059196530054238394e+01
8.665213454914732210e+03 9.308992608762224563e+01
8.665413422917290518e+03 8.867659244016277853e+01
8.665613390919850644e+03 8.823232094343754284e+01
8.665813358922412590e+03 8.790903627486517280e+01
8.666013326924970897e+03 8.784160635078336554e+01
8.666213294927531024e+03 9.182441099317294686e+01
8.666413262930089331e+03 9.166749047513245330e+01
8.666613230932649458e+03 9.262885818532896565e+01
8.666813198935209584e+03 9.106518575123156722e+01
8.667013166937769711e+03 9.469503299304186328e+01
8.667213134940329837e+03 9.632691687468708608e+01
8.667413102942888145e+03 9.580296191772295344e+01
8.667613070945448271e+03 9.152887968530909291e+01
8.667813038948008398e+03 9.249921123985546956e+01
8.668013006950564886e+03 9.371843640069097603e+01
8.668212974953125013e+03 9.190866116668293273e+01
8.668412942955685139e+03 9.477073274018908933e+01
8.668612910958245266e+03 9.597278917894611538e+01
8.668812878960805392e+03 9.580866527595362925e+01
8.669012846963363700e+03 9.912678629643771444e+01
8.669212814965923826e+03 9.795283742483044875e+01
8.669412782968482134e+03 9.563464063822875971e+01
8.669612750971042260e+03 9.576096168473451087e+01
8.669812718973604206e+03 9.924011153445658806e+01
8.670012686976162513e+03 9.543652172926539379e+01
8.670212654978722639e+03 9.375759125336679745e+01
8.670412622981280947e+03 9.143232710001726105e+01
8.670612590983841073e+03 9.635064492371940048e+01
8.670812558986401200e+03 9.546224373656282580e+01
8.671012526988961326e+03 9.842460777134762395e+01
8.671212494991521453e+03 9.629899124286106371e+01
8.671412462994079760e+03 9.511401491675414377e+01
8.671612430996639887e+03 9.982485122242052000e+01
8.671812398999200013e+03 9.679127210650329971e+01
8.672012367001758321e+03 1.003744070868958573e+02
8.672212335004318447e+03 9.938449862139319180e+01
8.672412303006876755e+03 9.892673083529234646e+01
8.672612271009436881e+03 9.636652499729707699e+01
8.672812239011997008e+03 9.535988095190336367e+01
8.673012207014555315e+03 9.211137338930676322e+01
8.673212175017115442e+03 8.142955122955967795e+01
8.673412143019673749e+03 7.909949074703956740e+01
8.673612111022233876e+03 7.788929780372976097e+01
8.673812079024795821e+03 8.154515516107886697e+01
8.674012047027354129e+03 8.212914393879276531e+01
8.674212015029914255e+03 9.262624586202075250e+01
8.674411983032472563e+03 9.273444897849029189e+01
8.674611951035032689e+03 9.312392489448183142e+01
8.674811919037592816e+03 9.846120851966057330e+01
8.675011887040152942e+03 9.932771259444488976e+01
8.675211855042713069e+03 9.625465225637958611e+01
8.675411823045271376e+03 9.831431355527905680e+01
8.675611791047831503e+03 9.537295748507838766e+01
8.675811759050391629e+03 9.935790487907672741e+01
8.676011727052949936e+03 9.974453216970195513e+01
8.676211695055510063e+03 1.018761714602473063e+02
8.676411663058070189e+03 9.774124032815981877e+01
8.676611631060630316e+03 1.016690641118536433e+02
8.676811599063190442e+03 9.954507625776730606e+01
8.677011567065746931e+03 9.901922385436353125e+01
8.677211535068307057e+03 9.937100605131955433e+01
8.677411503070865365e+03 9.718039465734763382e+01
8.677611471073425491e+03 9.976091590363527928e+01
8.677811439075987437e+03 9.811616851674190798e+01
8.678011407078545744e+03 9.684784034683615062e+01
8.678211375081105871e+03 9.199126099476129070e+01
8.678411343083664178e+03 9.346990807068357299e+01
8.678611311086224305e+03 9.458586826766233457e+01
8.678811279088784431e+03 9.410204544778919455e+01
8.679011247091344558e+03 9.470385610431691248e+01
8.679211215093904684e+03 9.105336046853331311e+01
8.679411183096462992e+03 9.396331220839789466e+01
8.679611151099023118e+03 9.227168728429943201e+01
8.679811119101583245e+03 9.712744670639531819e+01
8.680011087104141552e+03 1.004339588374404570e+02
8.680211055106701679e+03 9.564294032996001249e+01
8.680411023109261805e+03 9.471837220768448162e+01
8.680610991111821932e+03 9.825315508192001346e+01
8.680810959114382058e+03 1.004442935869895877e+02
8.681010927116940366e+03 9.743265356688608847e+01
8.681210895119500492e+03 9.329887122139136579e+01
8.681410863122056981e+03 9.023304031169831774e+01
8.681610831124617107e+03 8.720525418094129577e+01
8.681810799127179052e+03 8.633122449943871857e+01
8.682010767129737360e+03 9.403943696000871455e+01
8.682210735132297486e+03 9.567775248116777220e+01
8.682410703134855794e+03 1.030580681997398216e+02
8.682610671137415920e+03 1.022744133395409136e+02
8.682810639139976047e+03 9.926660210256574146e+01
8.683010607142534354e+03 1.007959843657352224e+02
8.683210575145096300e+03 9.850653201316467289e+01
8.683410543147654607e+03 1.004488355484542268e+02
8.683610511150214734e+03 9.710267941328002905e+01
8.683810479152774860e+03 9.781994551991419939e+01
8.684010447155333168e+03 9.877963738482121414e+01
8.684210415157893294e+03 1.002964881013312350e+02
8.684410383160453421e+03 9.862846402790468403e+01
8.684610351163013547e+03 9.470235455828026261e+01
8.684810319165573674e+03 9.594441481874294197e+01
8.685010287168131981e+03 9.733279357574826918e+01
8.685210255170692108e+03 1.004963969322683823e+02
8.685410223173250415e+03 9.661945712326330238e+01
8.685610191175810542e+03 9.810990632019901625e+01
8.685810159178372487e+03 9.853815770494790627e+01
8.686010127180928976e+03 9.657848224474602716e+01
8.686210095183489102e+03 9.718700702066803387e+01
8.686410063186047410e+03 9.478511585885767943e+01
8.686610031188607536e+03 8.532214860145026591e+01
8.686809999191167663e+03 7.442203773557260149e+01
8.687009967193725970e+03 6.654754057163506786e+01
8.687209935196287915e+03 6.203499265393413964e+01
8.687409903198846223e+03 6.471353115065031147e+01
8.687609871201406349e+03 7.190474838900496479e+01
8.687809839203966476e+03 8.436410661725926730e+01
8.688009807206524783e+03 8.818635198772180672e+01
8.688209775209084910e+03 9.292830905869496405e+01
8.688409743211645036e+03 9.553487426349553857e+01
8.688609711214205163e+03 9.517560077478525216e+01
8.688809679216765289e+03 9.542161746103543862e+01
8.689009647219323597e+03 9.922419548736860406e+01
8.689209615221883723e+03 1.029001319575464493e+02
8.689409583224442031e+03 9.896903648106744811e+01
8.689609551227002157e+03 1.005518616704471384e+02
8.689809519229564103e+03 1.014987591970019878e+02
8.690009487232122410e+03 1.001668212347954068e+02
8.690209455234682537e+03 9.565277972113487692e+01
8.690409423237239025e+03 1.019187647085438329e+02
8.690609391239799152e+03 9.945029509833754844e+01
8.690809359242359278e+03 1.004521046854214887e+02
8.691009327244917586e+03 9.589378089226462976e+01
8.691209295247479531e+03 9.732116455644187170e+01
8.691409263250037839e+03 9.643839830297967808e+01
8.691609231252597965e+03 9.929287717868825780e+01
8.691809199255158092e+03 9.670789589130340858e+01
8.692009167257716399e+03 1.011626940166003124e+02
8.692209135260276526e+03 9.595317144025126765e+01
8.692409103262836652e+03 9.876757254891919047e+01
8.692609071265396778e+03 9.973975291557005107e+01
8.692809039267956905e+03 9.771930488900265743e+01
8.693009007270515212e+03 9.587972806151721272e+01
8.693208975273075339e+03 9.632089141808813793e+01
8.693408943275633646e+03 9.766932080931050564e+01
8.693608911278193773e+03 1.006099492176117138e+02
8.693808879280755718e+03 9.827462338961861121e+01
8.694008847283314026e+03 9.599567362645029789e+01
8.694208815285874152e+03 9.857817605403513994e+01
8.694408783288432460e+03 1.031308940575829212e+02
8.694608751290992586e+03 1.015386664622605366e+02
8.694808719293552713e+03 9.941026595841718461e+01
8.695008687296109201e+03 9.540279109308653460e+01
8.695208655298671147e+03 1.002811008987558381e+02
8.695408623301229454e+03 9.976827020180530781e+01
8.695608591303789581e+03 9.740320491736736130e+01
8.695808559306349707e+03 1.021317822707441678e+02
8.696008527308908015e+03 9.942412914257896261e+01
8.696208495311468141e+03 1.007106543230491269e+02
8.696408463314028268e+03 9.622530992699478247e+01
8.696608431316588394e+03 1.018044535509008881e+02
8.696808399319148521e+03 9.942955548060014337e+01
8.697008367321706828e+03 9.960822588437450520e+01
8.697208335324266955e+03 9.929157026446394241e+01
8.697408303326825262e+03 9.506824157408260589e+01
8.697608271329385389e+03 9.503074545379067217e+01
8.697808239331947334e+03 9.250446214702203918e+01
8.698008207334505641e+03 9.051541366088157758e+01
8.698208175337065768e+03 9.512044252508739817e+01
8.698408143339624075e+03 9.806615282121937582e+01
8.698608111342184202e+03 9.695371850896206922e+01
8.698808079344744328e+03 1.025752938708121746e+02
8.699008047347302636e+03 9.783994127376922734e+01
8.699208015349864581e+03 9.850543792338024218e+01
8.699407983352421070e+03 9.651351832474691150e+01
8.699607951354981196e+03 9.779179864274408374e+01
8.699807919357541323e+03 9.728333816436150983e+01
8.700007887360099630e+03 1.016469203844723097e+02
8.700207855362659757e+03 9.953985588239960691e+01
8.700407823365219883e+03 9.989560380263408490e+01
8.700607791367780010e+03 9.831812816576501746e+01
8.700807759370340136e+03 9.738672762673157024e+01
8.701007727372898444e+03 1.004170713041655176e+02
8.701207695375458570e+03 1.013982214889027773e+02
8.701407663378016878e+03 9.882027822647637549e+01
8.701607631380577004e+03 9.795269735778525444e+01
8.701807599383138950e+03 9.693813864008893688e+01
8.702007567385697257e+03 9.883701875133334624e+01
8.702207535388257384e+03 9.899004581408004810e+01
8.702407503390815691e+03 9.793061559191626486e+01
8.702607471393375818e+03 1.006838014710107387e+02
8.702807439395935944e+03 9.762465276203937492e+01
8.703007407398494252e+03 9.927224280385915733e+01
8.703207375401056197e+03 1.014076350730241387e+02
8.703407343403614504e+03 1.009991567066374358e+02
8.703607311406174631e+03 1.022398388225059591e+02
8.703807279408734757e+03 9.984979211267501853e+01
8.704007247411291246e+03 9.972178488560604137e+01
8.704207215413851372e+03 9.807173289952193329e+01
8.704407183416411499e+03 9.746219620532927763e+01
8.704607151418971625e+03 9.905855632220789175e+01
8.704807119421531752e+03 1.036422827443359864e+02
8.705007087424090059e+03 9.806530769747234899e+01
8.705207055426650186e+03 9.984088067624578855e+01
8.705407023429208493e+03 1.017801589342446675e+02
8.705606991431768620e+03 1.026636313936459430e+02
8.705806959434330565e+03 9.593449639129899253e+01
8.706006927436888873e+03 9.830599432552706674e+01
8.706206895439448999e+03 9.902918623248285712e+01
8.706406863442007307e+03 9.994687507426965567e+01
8.706606831444567433e+03 9.705559041255668262e+01
8.706806799447127560e+03 9.747153947672772745e+01
8.707006767449685867e+03 9.992233904056408278e+01
8.707206735452247813e+03 9.996742770846366000e+01
8.707406703454806120e+03 1.000109124439556041e+02
8.707606671457366247e+03 1.050756343785425315e+02
8.707806639459926373e+03 9.743732483818669721e+01
8.708006607462484681e+03 9.891217568615957134e+01
8.708206575465044807e+03 9.684863743971696692e+01
8.708406543467603115e+03 9.422990447604757946e+01
8.708606511470163241e+03 8.990062176423852236e+01
8.708806479472723368e+03 8.465751689993697937e+01
8.709006447475281675e+03 8.388724325018164052e+01
8.709206415477841801e+03 8.677217163073666484e+01
8.709406383480400109e+03 9.062166699554791194e+01
8.709606351482960235e+03 9.655892651789586978e+01
8.709806319485522181e+03 1.001843686559048336e+02
8.710006287488080488e+03 9.762095598088467341e+01
8.710206255490640615e+03 1.021673302980307341e+02
8.710406223493198922e+03 9.906298450731635796e+01
8.710606191495759049e+03 1.005339984490123300e+02
8.710806159498319175e+03 9.919936149326360919e+01
8.711006127500877483e+03 9.477068986630025904e+01
8.711206095503439428e+03 9.135032979447727541e+01
8.711406063505997736e+03 8.638890732517216975e+01
8.711606031508557862e+03 8.831308031482807053e+01
8.711805999511117989e+03 8.534417960122409852e+01
8.712005967513676296e+03 9.117814220851452944e+01
8.712205935516236423e+03 9.332888288736781135e+01
8.712405903518796549e+03 9.958152949681263522e+01
8.712605871521356676e+03 1.012511914713930707e+02
8.712805839523916802e+03 9.442652823510573512e+01
8.713005807526473291e+03 9.620551859604398715e+01
8.713205775529033417e+03 1.000636146278300060e+02
8.713405743531591725e+03 9.924452362892427004e+01
8.713605711534151851e+03 9.908592306006313777e+01
8.713805679536713797e+03 9.975171629164788101e+01
8.714005647539272104e+03 1.006541848008027245e+02
8.714205615541832231e+03 1.025112610329578331e+02
8.714405583544390538e+03 9.666087272152691412e+01
8.714605551546950664e+03 9.632289359121455163e+01
8.714805519549510791e+03 9.654428915028705660e+01
8.715005487552069098e+03 9.663503880822587178e+01
8.715205455554631044e+03 9.703176132361461725e+01
8.715405423557189351e+03 9.873952856515420251e+01
8.715605391559749478e+03 1.019206740997087905e+02
8.715805359562309604e+03 9.625216564574466815e+01
8.716005327564867912e+03 9.474838271717979410e+01
8.716205295567428038e+03 8.743237226921158367e+01
8.716405263569988165e+03 9.314204543960336480e+01
8.716605231572548291e+03 9.088585525835732426e+01
8.716805199575108418e+03 9.784638069482261358e+01
8.717005167577666725e+03 9.680082326504722801e+01
8.717205135580226852e+03 9.850209656968677052e+01
8.717405103582783340e+03 9.985544814271213454e+01
8.717605071585343467e+03 9.867097635752725182e+01
8.717805039587905412e+03 1.005226913488393308e+02
8.718005007590463720e+03 9.772028604949613850e+01
8.718204975593023846e+03 9.991039247340047780e+01
8.718404943595582154e+03 1.004236302142286377e+02
8.718604911598142280e+03 9.637506088100526824e+01
8.718804879600702407e+03 9.714023560265027868e+01
8.719004847603260714e+03 9.939265709495592205e+01
8.719204815605822660e+03 9.686065748945945586e+01
8.719404783608380967e+03 9.892562505708532683e+01
8.719604751610941094e+03 1.007555684646754912e+02
8.719804719613501220e+03 1.004427696989392302e+02
8.720004687616059527e+03 9.709866521555316865e+01
8.720204655618619654e+03 1.005201270453778193e+02
8.720404623621177961e+03 1.020900068126881450e+02
8.720604591623739907e+03 1.018613324389320098e+02
8.720804559626300033e+03 1.001834672281543561e+02
8.721004527628858341e+03 1.006966492387612959e+02
8.721204495631418467e+03 9.656750452642873483e+01
8.721404463633976775e+03 9.796227243290668696e+01
8.721604431636536901e+03 9.236446537094170139e+01
8.721804399639098847e+03 9.884707823398457549e+01
8.722004367641655335e+03 1.013907458806883994e+02
8.722204335644215462e+03 9.783799667073984097e+01
8.722404303646773769e+03 9.665584173845746818e+01
8.722604271649333896e+03 9.522713230745983992e+01
8.722804239651894022e+03 1.001482682052300675e+02
8.723004207654452330e+03 9.656272149126938587e+01
8.723204175657014275e+03 1.016704547702630919e+02
8.723404143659572583e+03 9.701153860963950137e+01
8.723604111662132709e+03 9.602764317601410937e+01
8.723804079664692836e+03 9.776574540177487904e+01
8.724004047667251143e+03 9.562712491869372400e+01
8.724204015669811270e+03 9.934760289210210260e+01
8.724403983672369577e+03 9.379204807736566352e+01
8.724603951674931523e+03 9.809136203306469781e+01
8.724803919677491649e+03 9.988616282968655469e+01
8.725003887680049957e+03 1.008233186905987537e+02
8.725203855682610083e+03 1.000706129497109345e+02
8.725403823685168391e+03 1.029652387172814230e+02
8.725603791687728517e+03 1.009853917929944771e+02
8.725803759690290462e+03 1.011734925448061659e+02
8.726003727692848770e+03 9.991891815669318078e+01
8.726203695695408896e+03 9.848864837833846764e+01
8.726403663697965385e+03 9.499284391017818052e+01
8.726603631700525511e+03 9.412402761734992396e+01
8.726803599703085638e+03 9.235566622497873368e+01
8.727003567705643945e+03 9.427393236165498536e+01
8.727203535708205891e+03 1.018963020762587917e+02
8.727403503710764198e+03 9.972096726622650920e+01
8.727603471713324325e+03 9.564356466063186701e+01
8.727803439715884451e+03 9.784165976382274721e+01
8.728003407718442759e+03 9.958638214689040069e+01
8.728203375721002885e+03 9.897179911480697001e+01
8.728403343723561193e+03 9.852211221321805112e+01
8.728603311726123138e+03 1.029121919380233123e+02
