8.482827137934853454e+03 1.002131902305719393e+02
8.483027204612635614e+03 1.019921446003942833e+02
8.483227271290415956e+03 1.019109666284690263e+02
8.483427337968198117e+03 1.009938429004934335e+02
8.483627404645978459e+03 9.581215634307324081e+01
8.483827471323760619e+03 9.980097680659117998e+01
8.484027538001542780e+03 9.772287096780281956e+01
8.484227604679323122e+03 9.565260539427930553e+01
8.484427671357105282e+03 9.263712819737425264e+01
8.484627738034887443e+03 9.303188226900253710e+01
8.484827804712667785e+03 9.202974573341114706e+01
8.485027871390449945e+03 8.677352390835480378e+01
8.485227938068230287e+03 9.027474134681135354e+01
8.485428004746012448e+03 9.509862293313699411e+01
8.485628071423794609e+03 9.432675051175233705e+01
8.485828138101574950e+03 1.008155157644999491e+02
8.486028204779358930e+03 1.003439981423910723e+02
8.486228271457137453e+03 1.052094505319264641e+02
8.486428338134919613e+03 9.629296688162288831e+01
8.486628404812701774e+03 1.013019658422043960e+02
8.486828471490482116e+03 9.957947963155747573e+01
8.487028538168266095e+03 1.035170678476421244e+02
8.487228604846044618e+03 9.800826202323050040e+01
8.487428671523828598e+03 1.011523725107248879e+02
8.487628738201607121e+03 1.015567952964024840e+02
8.487828804879391100e+03 1.009146327704183790e+02
8.488028871557173261e+03 9.720986041182128190e+01
8.488228938234951784e+03 1.024161345298346646e+02
8.488429004912735763e+03 9.784098547993848172e+01
8.488629071590514286e+03 9.866943268895123254e+01
8.488829138268298266e+03 1.000335599776031330e+02
8.489029204946080426e+03 9.754671926675493410e+01
8.489229271623860768e+03 1.007760700320128961e+02
8.489429338301642929e+03 9.534929379101036773e+01
8.489629404979421452e+03 1.021436073728476970e+02
8.489829471657205431e+03 1.007088504829936255e+02
8.490029538334987592e+03 1.017806175107311049e+02
8.490229605012767934e+03 9.431965934638476767e+01
8.490429671690550094e+03 1.033288135338332694e+02
8.490629738368330436e+03 9.674117297184704967e+01
8.490829805046112597e+03 9.944632535268826246e+01
8.491029871723894757e+03 9.704942165273585886e+01
8.491229938401675099e+03 9.646677335218160465e+01
8.491430005079457260e+03 9.955742315741500192e+01
8.491630071757237602e+03 1.013732710318942765e+02
8.491830138435019762e+03 9.325260946999306100e+01
8.492030205112801923e+03 9.932028098665014682e+01
8.492230271790582265e+03 9.895932642124785161e+01
8.492430338468366244e+03 1.002068750808345072e+02
8.492630405146144767e+03 1.000718876420741594e+02
8.492830471823926928e+03 9.796437493412615538e+01
8.493030538501709088e+03 9.664661665182948980e+01
8.493230605179489430e+03 9.613918689982469346e+01
8.493430671857273410e+03 9.687577133661834239e+01
8.493630738535051933e+03 9.820020512734815554e+01
8.493830805212835912e+03 9.985614431989323236e+01
8.494030871890616254e+03 1.018611367716702887e+02
8.494230938568396596e+03 9.834211536859957903e+01
8.494431005246180575e+03 9.830655806993686952e+01
8.494631071923959098e+03 9.671622710735495332e+01
8.494831138601743078e+03 9.824385224448586484e+01
8.495031205279523419e+03 9.823353951851333932e+01
8.495231271957305580e+03 9.391458535683349851e+01
8.495431338635087741e+03 9.913493318741700477e+01
8.495631405312866264e+03 9.595798609273194302e+01
8.495831471990650243e+03 9.972765802975098381e+01
8.496031538668430585e+03 9.653921112327648757e+01
8.496231605346212746e+03 9.882496776785647796e+01
8.496431672023994906e+03 9.431471353344117858e+01
8.496631738701775248e+03 9.793843313888056912e+01
8.496831805379557409e+03 9.652325248102744126e+01
8.497031872057339569e+03 9.339131198564133740e+01
8.497231938735119911e+03 1.022766927942447808e+02
8.497432005412900253e+03 9.558040574662440747e+01
8.497632072090682414e+03 9.356211383020230699e+01
8.497832138768464574e+03 9.751657053833901045e+01
8.498032205446246735e+03 9.384402945636379911e+01
8.498232272124027077e+03 9.294593660567601034e+01
8.498432338801809237e+03 8.877386176871389978e+01
8.498632405479589579e+03 8.961419096516223703e+01
8.498832472157371740e+03 8.899029887854429433e+01
8.499032538835153900e+03 8.999062291467603814e+01
8.499232605512934242e+03 8.477342933258411506e+01
8.499432672190716403e+03 8.029834105343226724e+01
8.499632738868496745e+03 7.368240779688750308e+01
8.499832805546280724e+03 6.085843488943450552e+01
8.500032872224061066e+03 6.478786246304204610e+01
8.500232938901841408e+03 5.391848475237145522e+01
8.500433005579623568e+03 4.907934154263066517e+01
8.500633072257403910e+03 4.279950164425910941e+01
8.500833138935187890e+03 3.812951415508644004e+01
8.501033205612968231e+03 4.216511804966646793e+01
8.501233272290750392e+03 5.111660206424768660e+01
8.501433338968530734e+03 5.802870342837435658e+01
8.501633405646312895e+03 6.680819433405171992e+01
8.501833472324095055e+03 7.291026088099239644e+01
8.502033539001875397e+03 7.579428832017377715e+01
8.502233605679657558e+03 7.863284134878615816e+01
8.502433672357437899e+03 8.440259228397621882e+01
8.502633739035220060e+03 8.367933066201686643e+01
8.502833805713000402e+03 9.064878019866976899e+01
8.503033872390784381e+03 9.023352408094243060e+01
8.503233939068564723e+03 8.985177436996023914e+01
8.503434005746345065e+03 9.521268443553776706e+01
8.503634072424127226e+03 9.601083864961545089e+01
8.503834139101907567e+03 9.301059703041029536e+01
8.504034205779691547e+03 9.043530514076240934e+01
8.504234272457471889e+03 9.203414767724257217e+01
8.504434339135254049e+03 8.930628209165996623e+01
8.504634405813034391e+03 8.421853912552991517e+01
8.504834472490814733e+03 8.464670898653473330e+01
8.505034539168598712e+03 8.680863609851866158e+01
8.505234605846379054e+03 8.629491873285232373e+01
8.505434672524161215e+03 8.900609980649679187e+01
8.505634739201941557e+03 8.947820084734634349e+01
8.505834805879723717e+03 9.192458607624270428e+01
8.506034872557505878e+03 9.154912644825297718e+01
8.506234939235288039e+03 1.002424478098665332e+02
8.506435005913068380e+03 1.010193994267818312e+02
8.506635072590848722e+03 9.322529944463633456e+01
8.506835139268630883e+03 9.381227285064753119e+01
8.507035205946413043e+03 9.847179992080285160e+01
8.507235272624195204e+03 9.489991676140701315e+01
8.507435339301975546e+03 9.726916616644641067e+01
8.507635405979757707e+03 9.388993220062424427e+01
8.507835472657538048e+03 1.040565155475256631e+02
8.508035539335320209e+03 9.861400120830090543e+01
8.508235606013100551e+03 9.689096377067879473e+01
8.508435672690882711e+03 9.820653476494051404e+01
8.508635739368664872e+03 1.025563931069743404e+02
8.508835806046445214e+03 9.836902021156653575e+01
8.509035872724229193e+03 9.769482229800321704e+01
8.509235939402007716e+03 9.650579226387992549e+01
8.509436006079789877e+03 9.682936754628904907e+01
8.509636072757572038e+03 9.327006446241537674e+01
8.509836139435352379e+03 9.648476338910799655e+01
8.510036206113136359e+03 9.731708363011520646e+01
8.510236272790914882e+03 1.024508897845137341e+02
8.510436339468698861e+03 1.008577807358899321e+02
8.510636406146479203e+03 1.005663813208485209e+02
8.510836472824261364e+03 1.027913521025490979e+02
8.511036539502043524e+03 1.006882101084118943e+02
8.511236606179822047e+03 1.018633711129840691e+02
8.511436672857606027e+03 9.758173032416003423e+01
8.511636739535386369e+03 1.022861789045337275e+02
8.511836806213168529e+03 9.929869236726760562e+01
8.512036872890950690e+03 1.000902690529328964e+02
8.512236939568731032e+03 9.916412941089048161e+01
8.512437006246513192e+03 9.705878850908288769e+01
8.512637072924293534e+03 9.884525010372577469e+01
8.512837139602075695e+03 9.646822062890258564e+01
8.513037206279857855e+03 9.983480503791514593e+01
8.513237272957638197e+03 9.753522490409999079e+01
8.513437339635420358e+03 9.830557592335892991e+01
8.513637406313200700e+03 9.638987977164730125e+01
8.513837472990982860e+03 9.862379409116921636e+01
8.514037539668765021e+03 1.039040195365576835e+02
8.514237606346545363e+03 9.684305221142435016e+01
8.514437673024327523e+03 1.037709371863869734e+02
8.514637739702107865e+03 9.646901240841802405e+01
8.514837806379890026e+03 1.005036786907761837e+02
8.515037873057674005e+03 9.596369095309462693e+01
8.515237939735452528e+03 1.012306144821494200e+02
8.515438006413236508e+03 9.503398353168168455e+01
8.515638073091015031e+03 1.005011585456342971e+02
8.515838139768797191e+03 9.858961961993571776e+01
8.516038206446581171e+03 9.763609724250343902e+01
8.516238273124359694e+03 9.687577128735701137e+01
8.516438339802143673e+03 9.108983135328752212e+01
8.516638406479922196e+03 8.144667914072859105e+01
8.516838473157706176e+03 8.413652333556484564e+01
8.517038539835488336e+03 8.601498737419011320e+01
8.517238606513266859e+03 8.133199005281390725e+01
8.517438673191050839e+03 9.192197283690013876e+01
8.517638739868829362e+03 9.082365307757061146e+01
8.517838806546613341e+03 9.013056685194338513e+01
8.518038873224395502e+03 9.019011446105466234e+01
8.518238939902175844e+03 9.240519331431521266e+01
8.518439006579958004e+03 9.658217024176957466e+01
8.518639073257736527e+03 9.693356189134868828e+01
8.518839139935520507e+03 9.889511156073373854e+01
8.519039206613300848e+03 9.781935423029945298e+01
8.519239273291083009e+03 9.817855935844184501e+01
8.519439339968865170e+03 1.009814195442289702e+02
8.519639406646645512e+03 9.783977991868022173e+01
8.519839473324427672e+03 1.013476785296023337e+02
8.520039540002209833e+03 9.764299093874872426e+01
8.520239606679990175e+03 9.599005034454147278e+01
8.520439673357772335e+03 9.872041240702279197e+01
8.520639740035552677e+03 1.002129272421842927e+02
8.520839806713334838e+03 9.266120538200753742e+01
8.521039873391116998e+03 9.600764342293769005e+01
8.521239940068897340e+03 9.742258372400911526e+01
8.521440006746681320e+03 9.487032294508455266e+01
8.521640073424459842e+03 1.011742749816295799e+02
8.521840140102242003e+03 9.969364881201626361e+01
8.522040206780024164e+03 9.663255557175779131e+01
8.522240273457804506e+03 9.838943869787806307e+01
8.522440340135588485e+03 1.019404132147051740e+02
8.522640406813367008e+03 9.885753938993586587e+01
8.522840473491150988e+03 9.694230282313850466e+01
8.523040540168931329e+03 9.767202615178570113e+01
8.523240606846711671e+03 9.571476189448171112e+01
8.523440673524495651e+03 9.599601718233613212e+01
8.523640740202274173e+03 9.952260732639179253e+01
8.523840806880058153e+03 9.545529837774657267e+01
8.524040873557838495e+03 1.010350593597365503e+02
8.524240940235620656e+03 1.030709578555907910e+02
8.524441006913400997e+03 9.852146845530529617e+01
8.524641073591183158e+03 9.404849392872259273e+01
8.524841140268965319e+03 9.545063733686404817e+01
8.525041206946745660e+03 1.003555938702350545e+02
8.525241273624527821e+03 9.568555587511728788e+01
8.525441340302308163e+03 1.016936230253029834e+02
8.525641406980090323e+03 9.904991677283346974e+01
8.525841473657872484e+03 9.641285585474180664e+01
8.526041540335654645e+03 9.857376866570400864e+01
8.526241607013434987e+03 1.003047537508444265e+02
8.526441673691215328e+03 9.627958597868760648e+01
8.526641740368997489e+03 9.744386313481321338e+01
8.526841807046779650e+03 1.007754328783049118e+02
8.527041873724561810e+03 9.771082502615993803e+01
8.527241940402342152e+03 9.888966608826945048e+01
8.527442007080124313e+03 9.813934429244304170e+01
8.527642073757904654e+03 1.017020960471961502e+02
8.527842140435686815e+03 9.802442782360937201e+01
8.528042207113468976e+03 9.850279309790577997e+01
8.528242273791249318e+03 9.614654590993428940e+01
8.528442340469031478e+03 9.786437889402338897e+01
8.528642407146811820e+03 1.013790061125494333e+02
8.528842473824595800e+03 9.690539688724950906e+01
8.529042540502376141e+03 9.327826936189839557e+01
8.529242607180156483e+03 9.050737216275389585e+01
8.529442673857938644e+03 1.007069880574742058e+02
8.529642740535718985e+03 8.739549676144025625e+01
8.529842807213501146e+03 8.407009715123076887e+01
8.530042873891283307e+03 8.301111306194299289e+01
8.530242940569065468e+03 8.349351580580785992e+01
8.530443007246845809e+03 9.020119471143785006e+01
8.530643073924627970e+03 9.927021632818019725e+01
8.530843140602408312e+03 9.868177914644977022e+01
8.531043207280190472e+03 9.658191633090842743e+01
8.531243273957972633e+03 1.001369545793469342e+02
8.531443340635752975e+03 9.773456712215549658e+01
8.531643407313535135e+03 1.016033643829957356e+02
8.531843473991315477e+03 9.631703019578679914e+01
8.532043540669099457e+03 9.484199450348134519e+01
8.532243607346879799e+03 9.691397891893485905e+01
8.532443674024660140e+03 9.600719215766297054e+01
8.532643740702442301e+03 9.854368844833614105e+01
8.532843807380222643e+03 9.850901245892498537e+01
8.533043874058006622e+03 9.838776859185344392e+01
8.533243940735786964e+03 1.033345465799050658e+02
8.533444007413569125e+03 9.861814848368838682e+01
8.533644074091349466e+03 9.697426705572094363e+01
8.533844140769129808e+03 1.001342273834885361e+02
8.534044207446913788e+03 9.814378243787169254e+01
8.534244274124694130e+03 9.615289112343323552e+01
8.534444340802476290e+03 9.710541994485626560e+01
8.534644407480256632e+03 9.458542689128849190e+01
8.534844474158038793e+03 9.380926068973931820e+01
8.535044540835820953e+03 9.705568481322181640e+01
8.535244607513601295e+03 9.528020314288373527e+01
8.535444674191383456e+03 9.458330788996882177e+01
8.535644740869163797e+03 9.347505945912466530e+01
8.535844807546945958e+03 9.494071478815169485e+01
8.536044874224728119e+03 8.750677287981248753e+01
8.536244940902508461e+03 9.916775752163250957e+01
8.536445007580290621e+03 1.002591191251416376e+02
8.536645074258072782e+03 9.185044835669121710e+01
8.536845140935853124e+03 9.303502171189730063e+01
8.537045207613635284e+03 9.430680977030137058e+01
8.537245274291415626e+03 9.135909381496482240e+01
8.537445340969197787e+03 9.018769146806108949e+01
8.537645407646979947e+03 8.711040397727633433e+01
8.537845474324760289e+03 9.289551417318861581e+01
8.538045541002544269e+03 8.850921873426926823e+01
8.538245607680322792e+03 9.065806434323263829e+01
8.538445674358104952e+03 9.000486092574753627e+01
8.538645741035887113e+03 8.962015474237018964e+01
8.538845807713667455e+03 8.330761559638423819e+01
8.539045874391451434e+03 8.290356859245041221e+01
8.539245941069229957e+03 8.150252551562535075e+01
8.539446007747013937e+03 8.646049950599908129e+01
8.539646074424794278e+03 9.019696615283739050e+01
8.539846141102576439e+03 8.796913014696579580e+01
8.540046207780358600e+03 9.250869101548556728e+01
8.540246274458137123e+03 8.903938155484888739e+01
8.540446341135921102e+03 8.780933600847301079e+01
8.540646407813699625e+03 8.207423253044814260e+01
8.540846474491483605e+03 8.531235628277532612e+01
8.541046541169265765e+03 8.100030571845842076e+01
8.541246607847046107e+03 7.611355616106615685e+01
8.541446674524828268e+03 8.705302831450330814e+01
8.541646741202606790e+03 7.699071271248688220e+01
8.541846807880390770e+03 8.052385016468141998e+01
8.542046874558172931e+03 7.856397468907547932e+01
8.542246941235953273e+03 7.668604759112270131e+01
8.542447007913735433e+03 7.103007728063039394e+01
8.542647074591515775e+03 7.374352511681668432e+01
8.542847141269297936e+03 6.598306815475545761e+01
8.543047207947080096e+03 6.701040530799052419e+01
8.543247274624860438e+03 6.553269825951214500e+01
8.543447341302642599e+03 6.619323237030894802e+01
8.543647407980422940e+03 5.957899683965877102e+01
8.543847474658205101e+03 5.873025060573439760e+01
8.544047541335989081e+03 5.807759803567480361e+01
8.544247608013767604e+03 5.178648946968316835e+01
8.544447674691551583e+03 4.709110732129524024e+01
8.544647741369330106e+03 3.396967925578242387e+01
8.544847808047112267e+03 3.335616000318572105e+01
8.545047874724896246e+03 2.806682212877283433e+01
8.545247941402674769e+03 4.106299032089687273e+01
8.545448008080458749e+03 4.352178804259443012e+01
8.545648074758237271e+03 4.485356990108447661e+01
8.545848141436021251e+03 5.235231524176904827e+01
8.546048208113801593e+03 5.876011551277281342e+01
8.546248274791581935e+03 5.955379471387930579e+01
8.546448341469365914e+03 5.854803678602817030e+01
8.546648408147144437e+03 6.641955530875009117e+01
8.546848474824928417e+03 7.023466836579770245e+01
8.547048541502708758e+03 6.845272619051826268e+01
8.547248608180490919e+03 7.177946373638313560e+01
8.547448674858273080e+03 7.113704721519479790e+01
8.547648741536051602e+03 7.679439609218255214e+01
8.547848808213835582e+03 7.486523215158275946e+01
8.548048874891615924e+03 7.338467851797312846e+01
8.548248941569398085e+03 7.553088335859868607e+01
8.548449008247180245e+03 7.794439139156160934e+01
8.548649074924960587e+03 8.251088213276585748e+01
8.548849141602742748e+03 8.427180336604668298e+01
8.549049208280524908e+03 7.677920286365046820e+01
8.549249274958305250e+03 8.381757522048395970e+01
8.549449341636087411e+03 8.430832773060417651e+01
8.549649408313867752e+03 9.174263599540879000e+01
8.549849474991649913e+03 8.237595058328808761e+01
8.550049541669432074e+03 8.474984928240149884e+01
8.550249608347212416e+03 8.973913169247467181e+01
8.550449675024996395e+03 8.876730361668406033e+01
8.550649741702774918e+03 9.451676366409922991e+01
8.550849808380557079e+03 9.315984783858276330e+01
8.551049875058339239e+03 8.978581569198392742e+01
8.551249941736119581e+03 9.288214296736008180e+01
8.551450008413901742e+03 9.301776326204500833e+01
8.551650075091682083e+03 9.260032038887931094e+01
8.551850141769466063e+03 9.636044177050705173e+01
8.552050208447246405e+03 9.086725362591799637e+01
8.552250275125026747e+03 9.065933805158789482e+01
8.552450341802808907e+03 9.157846376500089036e+01
8.552650408480589249e+03 9.615665788761607757e+01
8.552850475158373229e+03 9.093484136297523435e+01
8.553050541836153570e+03 9.064315115537807799e+01
8.553250608513935731e+03 8.850542897800764308e+01
8.553450675191716073e+03 9.342626046529375117e+01
8.553650741869498233e+03 9.506431133011865597e+01
8.553850808547280394e+03 9.614787557112651939e+01
8.554050875225060736e+03 9.325042442139742604e+01
8.554250941902842897e+03 9.519388112318881667e+01
8.554451008580623238e+03 1.004103060245355437e+02
8.554651075258405399e+03 9.135199148362436006e+01
8.554851141936187560e+03 9.516512101606242879e+01
8.555051208613969720e+03 9.165730521416216448e+01
8.555251275291750062e+03 9.633598115418716645e+01
8.555451341969530404e+03 9.514249592183173831e+01
8.555651408647312564e+03 9.702851275569747713e+01
8.555851475325094725e+03 9.794408761357213677e+01
8.556051542002876886e+03 1.016828910397322971e+02
8.556251608680657228e+03 9.720271180641516651e+01
8.556451675358439388e+03 9.465436707864789412e+01
8.556651742036219730e+03 1.022278211728460917e+02
8.556851808714000072e+03 9.466528720152034282e+01
8.557051875391784051e+03 9.825294796837960121e+01
8.557251942069564393e+03 9.639788207776190632e+01
8.557452008747346554e+03 9.639129284711904688e+01
8.557652075425126895e+03 9.778630191665524762e+01
8.557852142102909056e+03 9.457624871160913926e+01
8.558052208780691217e+03 1.005695703511733399e+02
8.558252275458473378e+03 9.796473777421795148e+01
8.558452342136253719e+03 9.109909797722153257e+01
8.558652408814034061e+03 9.536174533631775319e+01
8.558852475491816222e+03 1.024442334695613823e+02
8.559052542169598382e+03 9.897309209924526385e+01
8.559252608847380543e+03 8.921489945600042404e+01
8.559452675525160885e+03 8.672015175909442064e+01
8.559652742202943045e+03 8.751093721140922810e+01
8.559852808880723387e+03 9.121736455450282222e+01
8.560052875558505548e+03 9.728955247582632637e+01
8.560252942236287709e+03 9.484024652547869039e+01
8.560453008914068050e+03 9.877601678363295434e+01
8.560653075591850211e+03 9.710347425295582013e+01
8.560853142269630553e+03 1.017649971209109339e+02
8.561053208947414532e+03 9.962562303207010928e+01
8.561253275625194874e+03 9.646698552713611718e+01
8.561453342302975216e+03 9.915375654345371004e+01
8.561653408980757376e+03 9.959837314181807244e+01
8.561853475658537718e+03 9.786023589956968749e+01
8.562053542336321698e+03 9.594277789169925086e+01
8.562253609014100221e+03 1.002710267918742346e+02
8.562453675691884200e+03 9.974221057228247389e+01
8.562653742369664542e+03 9.277812736765446289e+01
8.562853809047446703e+03 1.011982077639946169e+02
8.563053875725228863e+03 1.007525258726395947e+02
8.563253942403007386e+03 9.721546910457524859e+01
8.563454009080791366e+03 9.820429743124587674e+01
8.563654075758571707e+03 9.893597702219616963e+01
8.563854142436353868e+03 1.032314712337173574e+02
8.564054209114136029e+03 1.000443541101674327e+02
8.564254275791916371e+03 9.658765866563564373e+01
8.564454342469698531e+03 9.957269951233482175e+01
8.564654409147478873e+03 9.545880265548512966e+01
8.564854475825261034e+03 9.540768909098684958e+01
8.565054542503043194e+03 9.797925702617642685e+01
8.565254609180823536e+03 9.827464664249757220e+01
8.565454675858605697e+03 9.799152684665629920e+01
8.565654742536387857e+03 9.527325959277203538e+01
8.565854809214168199e+03 9.904488313087840368e+01
8.566054875891950360e+03 9.915123202227519528e+01
8.566254942569730702e+03 9.959575526892618313e+01
8.566455009247512862e+03 9.918491201197952023e+01
8.566655075925295023e+03 9.664548719770716900e+01
8.566855142603075365e+03 9.716118246534891512e+01
8.567055209280859344e+03 9.793622898057270731e+01
8.567255275958637867e+03 1.040264998957224236e+02
8.567455342636420028e+03 1.040424634186837807e+02
8.567655409314200369e+03 9.515243837565738261e+01
8.567855475991982530e+03 9.682403635906216266e+01
8.568055542669766510e+03 1.034224776036714104e+02
8.568255609347545033e+03 9.934236436173058848e+01
8.568455676025329012e+03 1.021776090222127635e+02
8.568655742703107535e+03 9.907198726852311665e+01
8.568855809380891515e+03 9.919772511420882211e+01
8.569055876058673675e+03 1.005609042381696412e+02
8.569255942736452198e+03 9.968039717242886866e+01
8.569456009414236178e+03 9.802051253179651269e+01
8.569656076092014700e+03 9.576227064463814997e+01
8.569856142769798680e+03 9.583656817826695828e+01
8.570056209447580841e+03 9.864887557708271970e+01
8.570256276125361182e+03 1.015609134809483294e+02
8.570456342803143343e+03 9.976886033521540753e+01
8.570656409480921866e+03 1.006467899606915779e+02
8.570856476158705846e+03 9.705251051127082462e+01
8.571056542836488006e+03 9.945620424259607262e+01
8.571256609514268348e+03 9.792735632568607684e+01
8.571456676192050509e+03 1.002468551693933989e+02
8.571656742869830850e+03 1.019007828743986579e+02
8.571856809547613011e+03 1.035568655614950728e+02
8.572056876225395172e+03 9.809379422963874617e+01
8.572256942903175513e+03 1.011128461365314877e+02
8.572457009580957674e+03 9.872843803223551618e+01
8.572657076258738016e+03 9.840881366746899062e+01
8.572857142936520177e+03 1.010526219856892283e+02
8.573057209614302337e+03 9.848079501074050768e+01
8.573257276292082679e+03 9.765273457814990365e+01
8.573457342969866659e+03 9.883177572655928600e+01
8.573657409647645181e+03 9.488436880014099017e+01
8.573857476325427342e+03 9.857138775599359803e+01
8.574057543003209503e+03 9.654210674833055350e+01
8.574257609680989844e+03 9.955753984441889770e+01
8.574457676358773824e+03 9.579092660479130927e+01
8.574657743036552347e+03 9.492327243740247411e+01
8.574857809714336327e+03 9.345316590475583496e+01
8.575057876392116668e+03 1.038572526898297355e+02
8.575257943069897010e+03 9.483833304619481908e+01
8.575458009747680990e+03 9.240349127089608317e+01
8.575658076425459512e+03 9.862802736766214196e+01
8.575858143103243492e+03 9.649780323837325113e+01
8.576058209781023834e+03 1.003789630683912577e+02
8.576258276458805994e+03 9.359875286196115951e+01
8.576458343136588155e+03 9.854112166877460766e+01
8.576658409814366678e+03 1.003120539328685936e+02
8.576858476492150658e+03 9.943109998560225904e+01
8.577058543169930999e+03 9.710548101656760878e+01
8.577258609847713160e+03 9.712859600907231084e+01
8.577458676525495321e+03 9.967359071905019618e+01
8.577658743203275662e+03 1.030060914619023436e+02
8.577858809881057823e+03 9.964291970144738286e+01
8.578058876558839984e+03 9.458895265299092614e+01
8.578258943236620325e+03 9.762725852722617503e+01
8.578459009914400667e+03 9.978824134321959605e+01
8.578659076592182828e+03 9.956382297965258488e+01
8.578859143269964989e+03 1.004847694023594187e+02
8.579059209947747149e+03 9.586805774417869941e+01
8.579259276625527491e+03 9.747990584497146926e+01
8.579459343303309652e+03 9.589755257745687800e+01
8.579659409981089993e+03 1.003294248138701477e+02
8.579859476658872154e+03 1.030976868134369511e+02
8.580059543336654315e+03 9.992389795096759997e+01
8.580259610014434656e+03 1.026863742714868977e+02
8.580459676692216817e+03 9.966481308760293700e+01
8.580659743369997159e+03 9.788718824518744555e+01
8.580859810047781139e+03 1.010114150687414423e+02
8.581059876725561480e+03 1.039213095572795424e+02
8.581259943403341822e+03 9.946396708294990674e+01
8.581460010081123983e+03 9.679559704476916693e+01
8.581660076758904324e+03 1.034956145308895543e+02
8.581860143436688304e+03 9.552242575219186449e+01
8.582060210114468646e+03 9.907220668101703609e+01
8.582260276792250806e+03 1.008912833711573001e+02
8.582460343470031148e+03 1.015147166762410365e+02
8.582660410147813309e+03 9.999425413250367001e+01
8.582860476825595470e+03 1.002518024228962474e+02
8.583060543503375811e+03 9.898845177646950333e+01
8.583260610181157972e+03 1.061881191117392547e+02
8.583460676858938314e+03 9.597512220990864762e+01
8.583660743536720474e+03 1.000669495363816566e+02
8.583860810214500816e+03 1.001633007834708167e+02
8.584060876892284796e+03 1.014184426016956309e+02
8.584260943570065137e+03 9.919798535640097725e+01
8.584461010247845479e+03 9.572537395833631990e+01
8.584661076925627640e+03 9.521122188772706352e+01
8.584861143603407982e+03 9.360331650405768755e+01
8.585061210281191961e+03 8.475041458353317125e+01
8.585261276958972303e+03 9.755605470347151709e+01
8.585461343636754464e+03 9.364860113315164369e+01
8.585661410314534805e+03 9.186893136987171715e+01
8.585861476992315147e+03 1.018188801321483510e+02
8.586061543670099127e+03 9.939792526017075147e+01
8.586261610347879468e+03 1.003882575872560494e+02
8.586461677025661629e+03 9.815980476597263760e+01
8.586661743703441971e+03 9.727290943392161182e+01
8.586861810381224132e+03 9.832940737968179690e+01
8.587061877059006292e+03 9.905448980130036318e+01
8.587261943736788453e+03 9.810660688646707683e+01
8.587462010414568795e+03 9.657884213336414803e+01
8.587662077092349136e+03 9.254281159931808531e+01
8.587862143770131297e+03 9.605477404321374024e+01
8.588062210447913458e+03 9.784276976669737280e+01
8.588262277125695618e+03 9.741235237946106906e+01
8.588462343803475960e+03 1.044912290873676426e+02
8.588662410481258121e+03 1.019552617473624139e+02
8.588862477159038463e+03 1.007426118615416044e+02
8.589062543836820623e+03 9.989131800148474838e+01
8.589262610514600965e+03 9.809733294032419337e+01
8.589462677192383126e+03 9.786534055484104044e+01
8.589662743870165286e+03 9.658301938062223257e+01
8.589862810547945628e+03 9.807608555619340507e+01
8.590062877225729608e+03 9.874467815342470089e+01
8.590262943903508130e+03 1.057664190636439372e+02
8.590463010581290291e+03 1.011070767592868975e+02
8.590663077259072452e+03 9.929808222992787137e+01
8.590863143936852794e+03 9.694669909980335376e+01
8.591063210614636773e+03 9.982308046523309031e+01
8.591263277292415296e+03 9.546968780716849778e+01
8.591463343970199276e+03 9.861651207982737333e+01
8.591663410647979617e+03 1.019549940819966736e+02
8.591863477325761778e+03 9.976224000536902281e+01
8.592063544003543939e+03 9.866988764644203513e+01
8.592263610681322461e+03 9.670722911895606444e+01
8.592463677359106441e+03 1.006726783771627538e+02
8.592663744036886783e+03 9.546703615874305626e+01
8.592863810714668944e+03 9.912414686595836599e+01
8.593063877392451104e+03 1.000664691447871064e+02
8.593263944070231446e+03 1.012544626286689891e+02
8.593464010748013607e+03 9.589642280229769256e+01
8.593664077425793948e+03 9.542496919120002019e+01
8.593864144103576109e+03 9.994750701010786997e+01
8.594064210781358270e+03 9.801262024741896539e+01
8.594264277459138611e+03 1.000927087054979978e+02
8.594464344136920772e+03 1.000967546863268893e+02
8.594664410814701114e+03 9.821423636426612802e+01
8.594864477492483275e+03 9.957751371893129999e+01
8.595064544170265435e+03 1.027661244773444622e+02
8.595264610848045777e+03 9.923997416147419415e+01
8.595464677525827938e+03 9.817454998418521939e+01
8.595664744203608279e+03 1.005376032403857067e+02
8.595864810881390440e+03 9.171872135322536224e+01
8.596064877559174420e+03 9.472208427096970240e+01
8.596264944236952942e+03 9.800269321319706251e+01
8.596465010914736922e+03 9.408771199995092616e+01
8.596665077592515445e+03 9.554491523130165831e+01
8.596865144270297606e+03 9.956643733269896757e+01
8.597065210948081585e+03 9.836290068573852352e+01
8.597265277625860108e+03 1.054659817435480136e+02
8.597465344303644088e+03 1.012911756840711064e+02
8.597665410981422610e+03 9.787435831633253258e+01
8.597865477659206590e+03 1.014854088778126169e+02
8.598065544336988751e+03 9.897424144505538379e+01
8.598265611014767273e+03 9.765370000727355659e+01
8.598465677692551253e+03 9.760439808003779660e+01
8.598665744370329776e+03 9.367695617055441915e+01
8.598865811048113756e+03 9.127197204129129204e+01
8.599065877725895916e+03 9.249287508627331533e+01
8.599265944403676258e+03 9.205944701265516983e+01
8.599466011081458419e+03 9.722540434812009380e+01
8.599666077759236941e+03 9.825365214117556434e+01
8.599866144437020921e+03 9.541673525062373074e+01
8.600066211114801263e+03 9.515321548835353838e+01
8.600266277792583423e+03 9.215871779164203303e+01
8.600466344470365584e+03 9.552608369880941552e+01
8.600666411148145926e+03 9.019679197108807500e+01
8.600866477825928087e+03 9.008970923526432273e+01
8.601066544503710247e+03 9.398613361176893477e+01
8.601266611181490589e+03 8.334776480270306820e+01
8.601466677859272750e+03 8.746103927472249495e+01
8.601666744537053091e+03 8.317109338579098221e+01
8.601866811214835252e+03 8.669047822197312314e+01
8.602066877892617413e+03 9.098697266555697638e+01
8.602266944570397754e+03 9.755199575311448257e+01
8.602467011248181734e+03 9.350200304634252291e+01
8.602667077925960257e+03 9.722167995946480801e+01
8.602867144603742418e+03 9.429844043577170964e+01
8.603067211281524578e+03 9.951285182716421218e+01
8.603267277959304920e+03 1.020503334362789758e+02
8.603467344637088900e+03 9.869856920759580987e+01
8.603667411314867422e+03 9.925312424055631766e+01
8.603867477992651402e+03 9.961478588608781592e+01
8.604067544670431744e+03 1.008417827503682247e+02
8.604267611348212085e+03 1.003858709077495348e+02
8.604467678025996065e+03 9.730521394535020363e+01
8.604667744703774588e+03 9.525538568836151399e+01
8.604867811381558568e+03 9.796469269000553481e+01
8.605067878059338909e+03 9.831885989021822070e+01
8.605267944737121070e+03 1.004235770213235384e+02
8.605468011414901412e+03 9.796628080061655908e+01
8.605668078092683572e+03 9.820159028003482149e+01
8.605868144770465733e+03 9.875553684487532280e+01
8.606068211448246075e+03 9.900070751630164523e+01
8.606268278126028235e+03 1.016609155346969118e+02
8.606468344803808577e+03 1.003589206484519565e+02
8.606668411481590738e+03 1.017527166153655571e+02
8.606868478159372899e+03 9.956503937249408409e+01
8.607068544837155059e+03 9.878388803713463062e+01
8.607268611514935401e+03 1.001260356126050795e+02
8.607468678192715743e+03 1.002412522333459464e+02
8.607668744870497903e+03 9.644597760522218266e+01
8.607868811548280064e+03 9.965601523100664849e+01
8.608068878226062225e+03 9.678512710220148563e+01
8.608268944903842566e+03 1.017247814052993391e+02
8.608469011581624727e+03 9.859767138363594086e+01
8.608669078259405069e+03 1.002427965271091210e+02
8.608869144937187230e+03 9.673094928933892334e+01
8.609069211614969390e+03 9.261269331739374877e+01
8.609269278292749732e+03 9.435381740493757263e+01
8.609469344970531893e+03 9.690239782561914694e+01
8.609669411648312234e+03 9.273571938462524145e+01
8.609869478326094395e+03 9.499062465918937903e+01
8.610069545003876556e+03 1.007382539903555596e+02
8.610269611681656897e+03 9.943821229143085816e+01
8.610469678359439058e+03 9.807743133082414033e+01
8.610669745037219400e+03 9.754392234034590103e+01
8.610869811715001561e+03 9.866869696538687151e+01
8.611069878392783721e+03 9.373958251938199737e+01
8.611269945070565882e+03 9.917506539633137663e+01
8.611470011748346224e+03 1.009289616030173704e+02
8.611670078426128384e+03 1.010362786552373109e+02
8.611870145103908726e+03 1.012241693157945690e+02
8.612070211781690887e+03 9.724285851254747115e+01
8.612270278459473047e+03 9.912575798854139464e+01
8.612470345137253389e+03 9.670944697537011336e+01
8.612670411815035550e+03 9.962786494881267174e+01
8.612870478492815892e+03 9.478210310534670668e+01
8.613070545170599871e+03 9.615946068334601193e+01
8.613270611848380213e+03 9.876853771216079281e+01
8.613470678526160555e+03 9.672942855849335331e+01
8.613670745203942715e+03 9.825392103805832278e+01
8.613870811881723057e+03 9.634304798361603162e+01
8.614070878559507037e+03 9.559256130111813832e+01
8.614270945237287378e+03 9.290260436628996388e+01
8.614471011915069539e+03 8.469601566028302386e+01
8.614671078592849881e+03 8.090027428488026828e+01
8.614871145270630223e+03 8.538787106625592571e+01
8.615071211948414202e+03 9.178652612958860857e+01
8.615271278626192725e+03 9.381326294604065197e+01
8.615471345303976705e+03 9.712621032801037302e+01
8.615671411981757046e+03 9.675882365057877621e+01
8.615871478659539207e+03 1.014890761178553049e+02
8.616071545337321368e+03 9.930955361201888820e+01
8.616271612015101709e+03 1.023951265673865123e+02
8.616471678692883870e+03 1.014164144617123782e+02
8.616671745370664212e+03 9.723408128565297659e+01
8.616871812048446373e+03 9.563268643211824838e+01
8.617071878726228533e+03 9.789489103088246225e+01
8.617271945404008875e+03 1.011648456333345791e+02
8.617472012081791036e+03 1.028063385109618508e+02
8.617672078759573196e+03 9.740167160586970851e+01
8.617872145437353538e+03 1.055628445896507515e+02
8.618072212115135699e+03 1.030626021730438424e+02
8.618272278792916040e+03 9.721934338242010654e+01
8.618472345470698201e+03 1.069455153944311832e+02
8.618672412148480362e+03 9.676024108455592909e+01
8.618872478826260703e+03 9.309868735988119681e+01
8.619072545504044683e+03 9.483646264302852558e+01
8.619272612181823206e+03 9.429156371117616686e+01
8.619472678859605367e+03 9.387558838458483024e+01
8.619672745537387527e+03 9.872729293905821635e+01
8.619872812215167869e+03 9.994700423678429502e+01
8.620072878892951849e+03 9.905344739039382773e+01
8.620272945570730371e+03 1.015285728080192911e+02
8.620473012248514351e+03 1.028599694843747301e+02
8.620673078926292874e+03 9.329066924706380348e+01
8.620873145604076853e+03 9.692648757772927581e+01
8.621073212281859014e+03 9.924365359251397933e+01
8.621273278959637537e+03 9.843107030151810477e+01
8.621473345637421517e+03 9.799334684505474513e+01
8.621673412315200039e+03 1.032960931676748970e+02
8.621873478992984019e+03 1.003876551693037129e+02
8.622073545670766180e+03 9.880599651966863917e+01
8.622273612348546521e+03 9.884821523191612869e+01
8.622473679026328682e+03 9.889026510861570785e+01
8.622673745704107205e+03 9.791163896909530706e+01
8.622873812381891184e+03 9.795655353173559377e+01
8.623073879059673345e+03 9.997345208044646370e+01
8.623273945737453687e+03 9.920324928676171794e+01
8.623474012415235848e+03 9.894301522669093174e+01
8.623674079093016189e+03 9.776241740467671093e+01
8.623874145770798350e+03 9.659161513661953791e+01
8.624074212448580511e+03 9.119845559389037248e+01
8.624274279126360852e+03 9.148545125514097265e+01
8.624474345804143013e+03 8.794982043076761613e+01
8.624674412481923355e+03 8.985627898966225757e+01
8.624874479159705515e+03 8.866565038616715810e+01
8.625074545837489495e+03 9.581999285169106884e+01
8.625274612515268018e+03 9.637882698591241137e+01
8.625474679193051998e+03 9.739737274060628636e+01
8.625674745870830520e+03 1.008066233130169707e+02
8.625874812548612681e+03 9.843201951519969839e+01
8.626074879226394842e+03 1.000651818320700244e+02
8.626274945904175183e+03 9.422871521844069775e+01
8.626475012581959163e+03 1.006805739923459839e+02
8.626675079259737686e+03 9.699380991993851353e+01
8.626875145937521665e+03 9.506997065801745350e+01
8.627075212615302007e+03 9.091544083445015190e+01
8.627275279293082349e+03 9.927417685795978741e+01
8.627475345970866329e+03 9.706677335408556928e+01
8.627675412648644851e+03 9.523024310559078742e+01
8.627875479326428831e+03 1.024340664606033471e+02
8.628075546004209173e+03 9.681776287945491788e+01
8.628275612681991333e+03 1.007904713286370537e+02
8.628475679359773494e+03 1.015018704190249963e+02
8.628675746037552017e+03 9.722151207314905719e+01
8.628875812715335996e+03 1.024858859566317761e+02
8.629075879393116338e+03 1.045061518576004715e+02
8.629275946070898499e+03 9.872147509072016192e+01
8.629476012748680660e+03 9.763167373003462046e+01
8.629676079426461001e+03 9.836860608227125624e+01
8.629876146104243162e+03 1.012742824888240989e+02
8.630076212782025323e+03 9.750966545146940234e+01
8.630276279459805664e+03 9.961868446205647842e+01
8.630476346137587825e+03 9.534030460690709674e+01
8.630676412815368167e+03 9.910068761305581120e+01
8.630876479493150327e+03 1.008812219556601093e+02
8.631076546170932488e+03 1.000199990812991615e+02
8.631276612848712830e+03 9.095657143944542611e+01
8.631476679526494991e+03 9.718150510372382200e+01
8.631676746204275332e+03 9.704562169162639407e+01
8.631876812882057493e+03 9.661048606414135520e+01
8.632076879559839654e+03 1.013930403445728672e+02
8.632276946237619995e+03 1.010210120815867327e+02
8.632477012915402156e+03 1.018403702298346900e+02
8.632677079593182498e+03 9.840668956126920364e+01
8.632877146270966477e+03 9.984281160023257939e+01
8.633077212948746819e+03 1.005624596364777119e+02
8.633277279626527161e+03 9.886277430173620928e+01
8.633477346304309322e+03 9.665132689830029733e+01
8.633677412982089663e+03 1.010348002812479962e+02
8.633877479659873643e+03 1.008922275105511090e+02
8.634077546337653985e+03 9.880604810768683421e+01
8.634277613015436145e+03 1.025930724152144506e+02
8.634477679693216487e+03 1.021798349723354420e+02
8.634677746370998648e+03 9.795763214327610058e+01
8.634877813048780808e+03 9.821224908240337470e+01
8.635077879726561150e+03 9.655814404173281673e+01
8.635277946404343311e+03 9.449936496507585559e+01
8.635478013082123653e+03 9.697042461564537064e+01
8.635678079759905813e+03 9.648230881282736959e+01
8.635878146437687974e+03 9.835655191123200325e+01
8.636078213115470135e+03 9.731537067733030710e+01
8.636278279793250476e+03 9.796676620657079582e+01
8.636478346471030818e+03 1.014304066107782063e+02
8.636678413148812979e+03 9.704983166520283078e+01
8.636878479826593320e+03 1.020709336774499718e+02
8.637078546504377300e+03 9.791403872952507470e+01
8.637278613182157642e+03 1.002686507284212070e+02
8.637478679859939803e+03 1.007070062958252805e+02
8.637678746537720144e+03 9.913014272862510268e+01
8.637878813215500486e+03 1.012418681257495621e+02
8.638078879893284466e+03 1.020753053852048140e+02
8.638278946571064807e+03 9.973578096952695660e+01
8.638479013248846968e+03 9.597138422990572337e+01
8.638679079926627310e+03 1.034431654807371501e+02
8.638879146604409470e+03 1.011386347957151060e+02
8.639079213282191631e+03 9.758114721789924317e+01
8.639279279959973792e+03 1.035151466055278462e+02
8.639479346637754134e+03 9.346422236485589963e+01
8.639679413315534475e+03 9.921309268435940965e+01
8.639879479993316636e+03 9.788026869018227671e+01
8.640079546671098797e+03 1.004322736751430938e+02
8.640279613348880957e+03 1.034694308345127212e+02
8.640479680026661299e+03 9.834428837731643114e+01
8.640679746704443460e+03 9.531969223482794007e+01
8.640879813382223801e+03 9.672382574054903159e+01
8.641079880060005962e+03 1.002180184891558099e+02
8.641279946737788123e+03 1.005700216898567732e+02
8.641480013415568465e+03 9.877084292261488940e+01
8.641680080093350625e+03 9.842575955854620418e+01
8.641880146771130967e+03 1.028428908955548735e+02
8.642080213448914947e+03 9.726796639164970770e+01
8.642280280126693469e+03 9.659073522938747658e+01
8.642480346804475630e+03 9.820793322088816524e+01
8.642680413482257791e+03 9.940283815430819914e+01
8.642880480160038132e+03 1.008451912359496845e+02
8.643080546837822112e+03 1.041254800461353796e+02
8.643280613515600635e+03 9.608446975157490044e+01
8.643480680193384615e+03 9.479505223584700957e+01
8.643680746871164956e+03 9.901005776236564770e+01
8.643880813548947117e+03 1.024522658850210917e+02
8.644080880226729278e+03 9.797698099789519688e+01
8.644280946904507800e+03 1.035835164854237860e+02
8.644481013582291780e+03 9.531987164166469029e+01
8.644681080260072122e+03 9.937854440420058211e+01
8.644881146937854282e+03 9.747731180096697301e+01
8.645081213615636443e+03 9.609016491700145934e+01
8.645281280293416785e+03 9.920678308264997725e+01
8.645481346971198946e+03 1.000785208886810551e+02
8.645681413648979287e+03 9.815839488766920340e+01
8.645881480326761448e+03 1.003884453416181941e+02
8.646081547004543609e+03 9.569788442484356494e+01
8.646281613682323950e+03 9.709083688694308023e+01
8.646481680360106111e+03 9.466257107909271440e+01
8.646681747037888272e+03 9.719968130634984504e+01
8.646881813715668613e+03 9.917976386168508895e+01
8.647081880393450774e+03 9.926297683435124952e+01
8.647281947071231116e+03 9.748801575972524347e+01
8.647482013749013277e+03 9.977279476935407843e+01
8.647682080426793618e+03 9.754951595501087525e+01
8.647882147104575779e+03 9.695409064594895199e+01
8.648082213782359759e+03 9.957218266338901458e+01
8.648282280460138281e+03 1.000988257579326444e+02
8.648482347137920442e+03 1.031767737210316227e+02
8.648682413815700784e+03 9.721895410999388787e+01
8.648882480493482944e+03 9.976687684375326626e+01
8.649082547171266924e+03 9.498082596477375716e+01
8.649282613849045447e+03 9.566660261817796140e+01
8.649482680526829427e+03 9.794523091403374337e+01
8.649682747204607949e+03 1.007117496027093040e+02
8.649882813882391929e+03 9.627916496487010534e+01
8.650082880560174090e+03 9.457124263521144769e+01
8.650282947237952612e+03 1.006347682582565994e+02
8.650483013915736592e+03 1.000970261851695682e+02
8.650683080593515115e+03 9.917313632858255801e+01
8.650883147271299094e+03 8.656130112072226268e+01
8.651083213949081255e+03 9.041534519261712433e+01
8.651283280626861597e+03 8.559447408523450918e+01
8.651483347304643758e+03 8.950800466570512981e+01
8.651683413982422280e+03 8.833583864326671176e+01
8.651883480660206260e+03 9.230284641726410655e+01
8.652083547337988421e+03 9.355651516015014124e+01
8.652283614015768762e+03 9.786469745497561235e+01
8.652483680693550923e+03 9.617213081933378760e+01
8.652683747371331265e+03 9.970279879567621606e+01
8.652883814049113425e+03 9.756204673079460576e+01
8.653083880726893767e+03 9.945733468128905486e+01
8.653283947404675928e+03 1.001912978156738063e+02
8.653484014082458089e+03 9.962097872884068295e+01
8.653684080760238430e+03 9.581400575285319121e+01
8.653884147438020591e+03 1.001699167885907968e+02
8.654084214115802752e+03 9.507182662690800612e+01
8.654284280793583093e+03 1.017724384061085203e+02
8.654484347471367073e+03 9.768380522817157896e+01
8.654684414149145596e+03 9.258645230774511958e+01
8.654884480826927756e+03 9.296683180801224466e+01
8.655084547504709917e+03 1.016858646164567688e+02
8.655284614182490259e+03 9.552718783936501268e+01
8.655484680860274239e+03 9.648214046502842223e+01
8.655684747538052761e+03 9.591900654486367728e+01
8.655884814215836741e+03 1.012408624909317609e+02
8.656084880893617083e+03 9.478660525142271354e+01
8.656284947571397424e+03 9.759175000895875485e+01
8.656485014249181404e+03 9.785037975065613125e+01
8.656685080926959927e+03 9.246521169762803538e+01
8.656885147604743906e+03 9.352649889877169187e+01
8.657085214282524248e+03 9.321425641699183018e+01
8.657285280960306409e+03 9.384389154392856369e+01
8.657485347638088570e+03 9.630321953784307709e+01
8.657685414315867092e+03 9.816627386334234018e+01
8.657885480993651072e+03 9.292981359346735815e+01
8.658085547671431414e+03 9.346388286270465073e+01
8.658285614349213574e+03 9.564639243661031287e+01
8.658485681026993916e+03 9.502694834989272010e+01
8.658685747704776077e+03 9.894303443292132272e+01
8.658885814382558237e+03 9.256207936784916512e+01
8.659085881060340398e+03 9.714452279421375636e+01
8.659285947738120740e+03 9.299372063200904392e+01
8.659486014415901082e+03 8.985437875038316236e+01
8.659686081093683242e+03 9.410118346703215764e+01
8.659886147771465403e+03 9.245789192745894525e+01
8.660086214449247564e+03 8.866462096381862068e+01
8.660286281127027905e+03 9.110242534226445343e+01
8.660486347804810066e+03 8.998816125185396686e+01
8.660686414482590408e+03 8.816060174952070838e+01
8.660886481160372568e+03 8.935105222237538669e+01
8.661086547838154729e+03 9.394807252507548867e+01
8.661286614515935071e+03 8.504989238457378065e+01
8.661486681193717232e+03 8.727163060918655901e+01
8.661686747871497573e+03 8.711327265384298357e+01
8.661886814549281553e+03 8.445111964604373611e+01
8.662086881227061895e+03 8.605499391954009525e+01
8.662286947904842236e+03 8.105800524652021011e+01
8.662487014582624397e+03 8.045520374202043001e+01
8.662687081260404739e+03 7.531871015059559227e+01
8.662887147938188718e+03 7.587536501379327092e+01
8.663087214615969060e+03 7.611666179696119627e+01
8.663287281293751221e+03 7.015208931293119576e+01
8.663487347971531563e+03 6.709026937971441384e+01
8.663687414649313723e+03 6.412443212964159045e+01
8.663887481327094065e+03 6.231880310379488463e+01
8.664087548004876226e+03 6.070858411866214510e+01
8.664287614682658386e+03 5.396527491766066476e+01
8.664487681360438728e+03 4.825283726145348595e+01
8.664687748038220889e+03 3.967235705713803640e+01
8.664887814716001230e+03 3.493856658375568003e+01
8.665087881393785210e+03 3.662980696439373673e+01
8.665287948071565552e+03 3.483155991965158194e+01
8.665488014749345894e+03 3.743861401875636830e+01
8.665688081427128054e+03 4.756397841775271473e+01
8.665888148104908396e+03 5.430071258648526111e+01
8.666088214782692376e+03 5.746648166680729730e+01
8.666288281460472717e+03 6.342879500371979873e+01
8.666488348138254878e+03 7.055339551993036196e+01
8.666688414816035220e+03 7.042804373137583696e+01
8.666888481493815561e+03 7.578992209325006968e+01
8.667088548171599541e+03 7.400694702699111360e+01
8.667288614849379883e+03 7.700858433488883747e+01
8.667488681527162043e+03 8.303515880525219472e+01
8.667688748204942385e+03 7.781870150054564306e+01
8.667888814882724546e+03 8.312494170394705861e+01
8.668088881560506707e+03 8.298004380256880097e+01
8.668288948238288867e+03 8.026818579190792491e+01
8.668489014916069209e+03 8.952223767126557163e+01
8.668689081593849551e+03 8.509343953086006707e+01
8.668889148271631711e+03 8.458782377507540673e+01
8.669089214949413872e+03 8.273582482466828480e+01
8.669289281627194214e+03 8.746770034366777224e+01
8.669489348304976374e+03 9.170554193275080479e+01
8.669689414982758535e+03 9.308021649077028314e+01
8.669889481660538877e+03 9.091450224080820419e+01
8.670089548338321038e+03 8.793850629021667942e+01
8.670289615016101379e+03 9.022778493523236421e+01
8.670489681693883540e+03 9.267983595565331711e+01
8.670689748371665701e+03 9.140923899880391446e+01
8.670889815049446042e+03 9.452466568823973603e+01
8.671089881727230022e+03 9.873651796775781975e+01
8.671289948405008545e+03 9.480798558329618686e+01
8.671490015082790705e+03 9.454386355831984190e+01
8.671690081760572866e+03 9.391219292370365679e+01
8.671890148438353208e+03 9.783975870236000105e+01
8.672090215116137188e+03 9.320221160601894894e+01
8.672290281793915710e+03 9.460147979858493272e+01
8.672490348471699690e+03 9.659992287606362993e+01
8.672690415149480032e+03 9.590634090577729864e+01
8.672890481827262192e+03 9.850226997118755889e+01
8.673090548505044353e+03 9.358033854439749177e+01
8.673290615182822876e+03 9.479947964064061239e+01
8.673490681860606855e+03 9.842867898391142489e+01
8.673690748538387197e+03 9.248720961435950016e+01
8.673890815216169358e+03 9.359790077776992234e+01
8.674090881893951519e+03 9.395602032542420545e+01
8.674290948571731860e+03 9.843102719754830332e+01
8.674491015249514021e+03 9.640032213254698945e+01
8.674691081927292544e+03 9.649661863754363367e+01
8.674891148605076523e+03 9.669865483999582523e+01
8.675091215282858684e+03 1.003481966791339630e+02
8.675291281960639026e+03 9.632317117427280095e+01
8.675491348638421186e+03 9.756943664142916361e+01
8.675691415316201528e+03 1.024257134548612385e+02
8.675891481993983689e+03 9.442840087153081186e+01
8.676091548671765850e+03 9.452883669838968217e+01
8.676291615349546191e+03 1.001482342805465748e+02
8.676491682027328352e+03 9.437547838552430335e+01
8.676691748705108694e+03 9.727524310656021100e+01
8.676891815382890854e+03 9.619806218066001691e+01
8.677091882060674834e+03 9.367157278976488044e+01
8.677291948738453357e+03 9.348667298275627502e+01
8.677492015416237336e+03 8.413759507142043503e+01
8.677692082094015859e+03 8.466328309490661752e+01
8.677892148771798020e+03 8.431684834112796523e+01
8.678092215449582000e+03 8.758277716225070719e+01
8.678292282127360522e+03 9.100422111410482273e+01
8.678492348805144502e+03 9.030870863523935554e+01
8.678692415482923025e+03 9.441682068376445613e+01
8.678892482160707004e+03 9.447537871588399128e+01
8.679092548838489165e+03 9.484289046626102504e+01
8.679292615516267688e+03 1.032521668945478268e+02
8.679492682194051667e+03 9.894198085290017275e+01
8.679692748871830190e+03 1.032997156070623390e+02
8.679892815549614170e+03 9.925653988778891801e+01
8.680092882227394512e+03 9.948833422284668870e+01
8.680292948905176672e+03 9.650884746714167761e+01
8.680493015582958833e+03 9.928974955461156071e+01
8.680693082260737356e+03 9.762840269868934229e+01
8.680893148938521335e+03 9.761627462861953575e+01
8.681093215616301677e+03 9.904419400806904150e+01
8.681293282294083838e+03 9.950946637673938255e+01
8.681493348971865998e+03 1.025141202794382735e+02
8.681693415649646340e+03 9.927880223353746203e+01
8.681893482327428501e+03 9.467365340797697115e+01
8.682093549005210662e+03 9.271120720957256367e+01
8.682293615682991003e+03 9.428092476622686036e+01
8.682493682360773164e+03 9.512981029168869895e+01
8.682693749038553506e+03 8.644960042279016932e+01
8.682893815716335666e+03 8.969406190311212868e+01
8.683093882394117827e+03 8.511557613873138450e+01
8.683293949071898169e+03 8.316635051997415928e+01
8.683494015749682148e+03 8.955132172639956423e+01
8.683694082427460671e+03 9.270007406188760513e+01
8.683894149105242832e+03 9.501138083123883860e+01
8.684094215783024993e+03 9.562762169088422581e+01
8.684294282460805334e+03 9.727519695842435965e+01
8.684494349138589314e+03 9.834379781843139767e+01
8.684694415816367837e+03 9.469524035840343856e+01
8.684894482494151816e+03 1.058287633650444803e+02
8.685094549171932158e+03 9.908475791762539586e+01
8.685294615849712500e+03 9.672889206255166528e+01
8.685494682527494660e+03 9.740231598955030279e+01
8.685694749205275002e+03 9.349871608294783698e+01
8.685894815883058982e+03 9.674561951471984855e+01
8.686094882560839324e+03 9.679876123515019515e+01
8.686294949238621484e+03 9.716004143404619242e+01
8.686495015916401826e+03 9.901619978562123947e+01
8.686695082594183987e+03 9.627533766662396886e+01
8.686895149271966147e+03 9.807485959003912512e+01
8.687095215949746489e+03 1.000883712901595004e+02
8.687295282627528650e+03 1.001807429320213316e+02
8.687495349305308991e+03 1.022247276796181694e+02
8.687695415983091152e+03 9.985744725248206066e+01
8.687895482660873313e+03 1.003489429537099369e+02
8.688095549338655474e+03 9.786434938239325732e+01
8.688295616016435815e+03 9.543934285015576791e+01
8.688495682694216157e+03 1.003769868205212532e+02
8.688695749371998318e+03 9.854389605828538379e+01
8.688895816049780478e+03 9.289009144487110348e+01
8.689095882727562639e+03 1.004705658801377979e+02
8.689295949405342981e+03 9.510131658647712527e+01
8.689496016083125141e+03 9.384482502098512668e+01
8.689696082760905483e+03 9.787025250012092670e+01
8.689896149438687644e+03 1.002345036000742198e+02
8.690096216116469805e+03 9.580244070108058452e+01
8.690296282794250146e+03 9.304023790731199028e+01
8.690496349472032307e+03 9.672603003693812695e+01
8.690696416149812649e+03 9.876907960008171017e+01
8.690896482827594809e+03 9.315739913926550742e+01
8.691096549505376970e+03 8.280918367811587188e+01
8.691296616183157312e+03 8.028166831194391762e+01
8.691496682860939472e+03 7.864753128621411804e+01
8.691696749538719814e+03 7.256220895462281817e+01
8.691896816216501975e+03 8.517185128691957630e+01
8.692096882894284136e+03 9.437830551154964098e+01
8.692296949572066296e+03 9.513854648834058025e+01
8.692497016249846638e+03 9.662489787246130390e+01
8.692697082927628799e+03 9.802329562167291499e+01
8.692897149605409140e+03 9.145880574494519522e+01
8.693097216283191301e+03 9.544651620978096673e+01
8.693297282960973462e+03 9.840091832641910230e+01
8.693497349638753803e+03 9.772688152717056198e+01
8.693697416316535964e+03 1.007855081511367814e+02
8.693897482994316306e+03 9.984423557410661942e+01
8.694097549672100286e+03 1.005749162743133382e+02
8.694297616349880627e+03 9.893838769172167247e+01
8.694497683027660969e+03 9.951660891723960845e+01
8.694697749705443130e+03 1.007240331796844970e+02
8.694897816383223471e+03 9.920853503610558732e+01
8.695097883061007451e+03 1.007520626426616275e+02
8.695297949738787793e+03 9.773524693151173892e+01
8.695498016416569953e+03 1.046173176178573812e+02
8.695698083094350295e+03 9.290121905167890759e+01
8.695898149772130637e+03 1.071538015033749787e+02
8.696098216449914617e+03 1.001414615985240033e+02
8.696298283127693139e+03 9.951485853023130801e+01
8.696498349805477119e+03 9.924210421136585580e+01
8.696698416483257461e+03 9.799675988591431519e+01
8.696898483161039621e+03 9.597501922848150002e+01
8.697098549838821782e+03 9.416379529551824135e+01
8.697298616516602124e+03 1.000661341628572103e+02
8.697498683194384284e+03 9.321109033048171000e+01
8.697698749872164626e+03 9.040931692361783689e+01
8.697898816549946787e+03 9.868513823310550492e+01
8.698098883227728948e+03 1.016254887667502373e+02
8.698298949905509289e+03 1.001716660916433028e+02
8.698499016583291450e+03 9.895400228218558425e+01
8.698699083261073611e+03 1.005795428741150488e+02
8.698899149938853952e+03 9.979525539166806425e+01
8.699099216616636113e+03 9.526608611584801167e+01
8.699299283294416455e+03 9.988498220198930255e+01
8.699499349972198615e+03 1.024550284914841001e+02
8.699699416649980776e+03 9.640099889205529848e+01
8.699899483327761118e+03 9.916360740305958643e+01
8.700099550005545098e+03 1.016507651856551036e+02
8.700299616683323620e+03 1.012741657408884350e+02
8.700499683361105781e+03 1.017168659441151277e+02
8.700699750038887942e+03 9.855950442602163264e+01
8.700899816716668283e+03 9.808869771585916908e+01
8.701099883394452263e+03 1.037824356917126778e+02
8.701299950072230786e+03 1.013583501028267051e+02
8.701500016750014765e+03 1.033172320708297889e+02
8.701700083427793288e+03 9.639444907765624748e+01
8.701900150105577268e+03 9.321044789105496875e+01
8.702100216783359429e+03 9.126875696219822487e+01
8.702300283461137951e+03 8.866051942723333923e+01
8.702500350138921931e+03 9.260205144393886201e+01
8.702700416816700454e+03 9.385756909182673269e+01
8.702900483494484433e+03 9.568879326095876081e+01
8.703100550172266594e+03 9.903375986628952887e+01
8.703300616850046936e+03 1.008405613490117787e+02
8.703500683527829096e+03 9.854580643258022121e+01
8.703700750205607619e+03 1.029716658578642239e+02
8.703900816883391599e+03 9.556053307306216027e+01
8.704100883561173760e+03 9.529530974320311998e+01
8.704300950238954101e+03 9.555765763396216528e+01
8.704501016916736262e+03 9.691753376170791512e+01
8.704701083594516604e+03 9.745642576175954730e+01
8.704901150272298764e+03 9.969161140653329767e+01
8.705101216950080925e+03 1.036782258358411610e+02
8.705301283627861267e+03 9.964216212250141780e+01
8.705501350305643427e+03 9.960282410262709618e+01
8.705701416983423769e+03 9.844293494247011722e+01
8.705901483661205930e+03 9.975039069268706271e+01
8.706101550338989910e+03 9.969894455714498349e+01
8.706301617016768432e+03 1.012010201953724646e+02
8.706501683694552412e+03 9.686224634984549198e+01
8.706701750372330935e+03 9.903608185242475770e+01
8.706901817050113095e+03 1.026163908791177306e+02
8.707101883727895256e+03 9.999770552391146339e+01
8.707301950405675598e+03 1.008668529735937796e+02
8.707502017083459577e+03 9.706362749976173632e+01
8.707702083761238100e+03 9.746969377922754063e+01
8.707902150439022080e+03 9.822218271824371527e+01
8.708102217116802422e+03 1.017094048063483456e+02
8.708302283794582763e+03 1.029173317509093835e+02
8.708502350472366743e+03 1.000201601294499341e+02
8.708702417150145266e+03 9.815233317912439759e+01
8.708902483827929245e+03 1.003802313719797041e+02
8.709102550505709587e+03 9.942221103327806020e+01
8.709302617183491748e+03 1.016156284134836625e+02
8.709502683861273908e+03 9.874777262457995164e+01
8.709702750539052431e+03 1.004422890692090391e+02
8.709902817216836411e+03 9.881891501751078977e+01
8.710102883894616753e+03 1.043228278878085149e+02
8.710302950572398913e+03 9.790066945454520919e+01
8.710503017250181074e+03 9.658742419215172959e+01
8.710703083927961416e+03 1.026976435079412653e+02
8.710903150605743576e+03 9.626594055338161127e+01
8.711103217283525737e+03 9.728825879569419044e+01
8.711303283961306079e+03 9.494288291514742184e+01
8.711503350639088239e+03 1.017678152214878367e+02
8.711703417316868581e+03 1.005324255676164711e+02
8.711903483994650742e+03 9.945219413624647586e+01
8.712103550672432903e+03 9.811513752900997076e+01
8.712303617350213244e+03 1.006277422637800498e+02
8.712503684027995405e+03 9.687394786922492074e+01
8.712703750705775747e+03 9.245018216467802574e+01
8.712903817383557907e+03 9.183575472735216749e+01
8.713103884061340068e+03 8.672835008143674429e+01
8.713303950739120410e+03 8.431318798144374682e+01
8.713504017416902570e+03 8.552638721223863172e+01
8.713704084094682912e+03 9.214664482271832924e+01
8.713904150772466892e+03 9.551499259606846692e+01
8.714104217450247234e+03 1.028636325432299117e+02
8.714304284128027575e+03 9.829197803959075941e+01
8.714504350805809736e+03 9.777488013300181535e+01
8.714704417483590078e+03 9.706630080697303242e+01
8.714904484161374057e+03 9.691735008243809091e+01
8.715104550839154399e+03 9.805442442400902792e+01
8.715304617516936560e+03 8.906217105126761169e+01
8.715504684194716901e+03 9.383043416774272316e+01
8.715704750872499062e+03 9.071377403561727704e+01
8.715904817550281223e+03 8.593614499352425184e+01
8.716104884228061564e+03 8.945811597417589667e+01
8.716304950905843725e+03 9.338187063666967447e+01
8.716505017583624067e+03 9.122496428379081124e+01
8.716705084261406228e+03 9.640599274859278012e+01
8.716905150939188388e+03 9.898647517096556214e+01
8.717105217616970549e+03 9.546676721510081620e+01
8.717305284294750891e+03 9.988311981855578381e+01
8.717505350972531232e+03 9.655584967810192154e+01
8.717705417650313393e+03 1.056164881046129977e+02
8.717905484328093735e+03 9.675131366107085285e+01
8.718105551005877714e+03 1.048440053372429901e+02
8.718305617683658056e+03 9.597339779562683759e+01
8.718505684361440217e+03 1.016469851462384639e+02
8.718705751039220559e+03 9.832255887707914610e+01
8.718905817717000900e+03 1.008619729997550536e+02
8.719105884394784880e+03 1.017257302268266130e+02
8.719305951072565222e+03 9.921372045475006018e+01
8.719506017750347382e+03 9.787189049606648439e+01
8.719706084428127724e+03 9.485682240794555753e+01
8.719906151105909885e+03 9.768728636967259149e+01
8.720106217783692045e+03 1.029223186896682591e+02
8.720306284461474206e+03 9.399359456826428527e+01
8.720506351139254548e+03 9.242190310471636394e+01
8.720706417817034890e+03 8.918716673217213042e+01
8.720906484494817050e+03 9.339666160998307021e+01
8.721106551172599211e+03 8.966655937927676234e+01
8.721306617850381372e+03 9.598452582809315459e+01
8.721506684528161713e+03 1.015294903629240224e+02
8.721706751205943874e+03 9.988932191330735577e+01
8.721906817883724216e+03 9.728411153661711808e+01
8.722106884561506376e+03 9.717829819628140342e+01
8.722306951239286718e+03 9.989512968858487341e+01
8.722507017917068879e+03 9.801079711985444476e+01
8.722707084594851040e+03 9.747329180309986896e+01
8.722907151272631381e+03 1.014515392337834641e+02
8.723107217950415361e+03 1.051134205260901524e+02
8.723307284628193884e+03 1.068461716922978013e+02
8.723507351305976044e+03 9.829363397725009577e+01
8.723707417983758205e+03 9.906090278456862563e+01
8.723907484661538547e+03 1.004127906664054422e+02
8.724107551339322526e+03 9.909083236782799986e+01
8.724307618017101049e+03 1.028071626499402100e+02
8.724507684694885029e+03 9.895385697757954802e+01
8.724707751372665371e+03 1.018643780027079657e+02
8.724907818050447531e+03 9.779429262319953864e+01
8.725107884728229692e+03 9.479687307981151889e+01
8.725307951406008215e+03 9.969272669283776622e+01
8.725508018083792194e+03 9.569826154783697802e+01
8.725708084761572536e+03 9.540236075574911467e+01
8.725908151439354697e+03 9.977149525703887889e+01
8.726108218117136857e+03 1.034181971510212890e+02
8.726308284794917199e+03 1.022326003451347987e+02
8.726508351472699360e+03 9.851941707591221586e+01
8.726708418150479702e+03 9.762623960776832632e+01
8.726908484828261862e+03 9.898738737325248849e+01
8.727108551506044023e+03 9.930349802686720295e+01
8.727308618183824365e+03 1.013437792276662606e+02
8.727508684861606525e+03 1.006942947656284986e+02
8.727708751539386867e+03 9.632196370378936479e+01
8.727908818217169028e+03 9.608178387139545862e+01
8.728108884894951188e+03 1.014740466160338599e+02
8.728308951572731530e+03 1.021514674671667962e+02
8.728509018250513691e+03 1.011717491490819043e+02
8.728709084928294033e+03 1.002610753939846688e+02
8.728909151606076193e+03 9.766881090982479918e+01
8.729109218283860173e+03 9.682831682763587366e+01
8.729309284961638696e+03 9.705171305711938601e+01
8.729509351639420856e+03 9.860555064718448648e+01
8.729709418317201198e+03 9.903643483160124106e+01
8.729909484994983359e+03 9.674118115244350236e+01
8.730109551672767338e+03 9.883831510392393227e+01
8.730309618350545861e+03 9.975197029122215042e+01
8.730509685028329841e+03 9.205458654730756507e+01
8.730709751706108364e+03 8.900165470343843310e+01
8.730909818383892343e+03 9.061900356484557051e+01
8.731109885061674504e+03 8.746678776816280276e+01
8.731309951739453027e+03 9.008883433647979189e+01
8.731510018417237006e+03 9.491870795707696118e+01
8.731710085095015529e+03 9.531321119521685148e+01
8.731910151772799509e+03 9.748154275771186406e+01
8.732110218450581669e+03 1.002996485472627768e+02
8.732310285128362011e+03 9.885695448115082229e+01
8.732510351806144172e+03 9.745662794657853567e+01
8.732710418483922695e+03 9.996163545470895428e+01
8.732910485161706674e+03 1.008539303904466493e+02
