8.480339206784272392e+03 1.030706986056001995e+02
8.480539214784434080e+03 1.016748237010088189e+02
8.480739222784592130e+03 1.000518912846382591e+02
8.480939230784753818e+03 9.885759065089627029e+01
8.481139238784911868e+03 9.717760176694005736e+01
8.481339246785073556e+03 9.882562844438365346e+01
8.481539254785233425e+03 1.011751004665897824e+02
8.481739262785393294e+03 9.955166579672339822e+01
8.481939270785553163e+03 9.563132827550666093e+01
8.482139278785713032e+03 1.009310097226308898e+02
8.482339286785872901e+03 1.010392847836594683e+02
8.482539294786034588e+03 9.101480742658634426e+01
8.482739302786192638e+03 9.850809397000051604e+01
8.482939310786352507e+03 9.953712901469876329e+01
8.483139318786510557e+03 1.011715733061034967e+02
8.483339326786672245e+03 1.017688995587081564e+02
8.483539334786832114e+03 9.740864895362113884e+01
8.483739342786991983e+03 9.771927684113533985e+01
8.483939350787151852e+03 9.042684848552129040e+01
8.484139358787311721e+03 9.696097549202117705e+01
8.484339366787471590e+03 9.698603172846659959e+01
8.484539374787633278e+03 9.480104773825978270e+01
8.484739382787791328e+03 9.720290798390090004e+01
8.484939390787953016e+03 1.005980244328397220e+02
8.485139398788111066e+03 9.554465746781806956e+01
8.485339406788272754e+03 1.054164572920339680e+02
8.485539414788432623e+03 1.049835267094031366e+02
8.485739422788592492e+03 1.051742822279574199e+02
8.485939430788752361e+03 9.317676900618869240e+01
8.486139438788912230e+03 9.582413378032326534e+01
8.486339446789072099e+03 1.011165779050514288e+02
8.486539454789233787e+03 1.035513377476154915e+02
8.486739462789391837e+03 9.416624864383913973e+01
8.486939470789553525e+03 1.006902577257667986e+02
8.487139478789711575e+03 9.864160565901011068e+01
8.487339486789873263e+03 1.000106882231653742e+02
8.487539494790033132e+03 1.046128356481396224e+02
8.487739502790193001e+03 9.233252390661210995e+01
8.487939510790352870e+03 9.226002719014037723e+01
8.488139518790512739e+03 1.023033755694401350e+02
8.488339526790672608e+03 9.972935753895927746e+01
8.488539534790832477e+03 1.016750079813700012e+02
8.488739542790990527e+03 9.878401680787015948e+01
8.488939550791152215e+03 1.018989407526552071e+02
8.489139558791310264e+03 9.635180199467154694e+01
8.489339566791471952e+03 1.018277280546381576e+02
8.489539574791633640e+03 1.015528790531131449e+02
8.489739582791791690e+03 9.376121327658911753e+01
8.489939590791953378e+03 9.456815680934306556e+01
8.490139598792111428e+03 9.423183679917336519e+01
8.490339606792273116e+03 9.837678781516257231e+01
8.490539614792432985e+03 9.804168566125234463e+01
8.490739622792592854e+03 9.886764386648664527e+01
8.490939630792752723e+03 9.990179439708727216e+01
8.491139638792912592e+03 9.929417055790108293e+01
8.491339646793072461e+03 1.039837811805045646e+02
8.491539654793234149e+03 1.005344777313494973e+02
8.491739662793392199e+03 9.656348102012258039e+01
8.491939670793553887e+03 1.068043585694054087e+02
8.492139678793711937e+03 9.707413312575431519e+01
8.492339686793873625e+03 1.018696070072324602e+02
8.492539694794033494e+03 9.513065663486128187e+01
8.492739702794193363e+03 9.880635945893443761e+01
8.492939710794353232e+03 1.010367844722012762e+02
8.493139718794513101e+03 9.937427509571132589e+01
8.493339726794672970e+03 9.616086493634709598e+01
8.493539734794834658e+03 1.016726107088625213e+02
8.493739742794992708e+03 1.023451737924765155e+02
8.493939750795154396e+03 9.402628158163589944e+01
8.494139758795310627e+03 9.574015174802886463e+01
8.494339766795472315e+03 9.893563748611597930e+01
8.494539774795632184e+03 9.671301410525400399e+01
8.494739782795792053e+03 9.459382520317249998e+01
8.494939790795951922e+03 9.886824826775755071e+01
8.495139798796111791e+03 9.976600337689379216e+01
8.495339806796271660e+03 1.069884344727439753e+02
8.495539814796433348e+03 9.768862711704066726e+01
8.495739822796591397e+03 9.654443000341514391e+01
8.495939830796753085e+03 9.706224329201768342e+01
8.496139838796911135e+03 9.436964354189460380e+01
8.496339846797072823e+03 9.127916546151442390e+01
8.496539854797232692e+03 9.168962566404981374e+01
8.496739862797392561e+03 8.686690813479779649e+01
8.496939870797552430e+03 8.853336705956226638e+01
8.497139878797712299e+03 8.913742689412021036e+01
8.497339886797872168e+03 7.087852866972448851e+01
8.497539894798033856e+03 7.616953614517196058e+01
8.497739902798191906e+03 6.122924762759915751e+01
8.497939910798353594e+03 5.842378583221837118e+01
8.498139918798511644e+03 4.669660312204953101e+01
8.498339926798673332e+03 4.792439615785684026e+01
8.498539934798835020e+03 5.344537524579111221e+01
8.498739942798993070e+03 6.464247478029072624e+01
8.498939950799154758e+03 5.741204881840361907e+01
8.499139958799312808e+03 7.772321013725731120e+01
8.499339966799474496e+03 7.872744154271879324e+01
8.499539974799634365e+03 9.112280313393716824e+01
8.499739982799792415e+03 8.545309099365819350e+01
8.499939990799952284e+03 8.853703883527452945e+01
8.500139998800112153e+03 9.257106255573388864e+01
8.500340006800272022e+03 9.342138059959641794e+01
8.500540014800433710e+03 1.008184693654168740e+02
8.500740022800591760e+03 9.491483045322131318e+01
8.500940030800753448e+03 9.680797577369548890e+01
8.501140038800911498e+03 1.038663415079618630e+02
8.501340046801073186e+03 9.410778942762607358e+01
8.501540054801233055e+03 1.017484781876169251e+02
8.501740062801392924e+03 9.026110046745323245e+01
8.501940070801552793e+03 9.767281313817106536e+01
8.502140078801712662e+03 9.833029716594293745e+01
8.502340086801872530e+03 1.051761138415974415e+02
8.502540094802034218e+03 1.051274315466034324e+02
8.502740102802192268e+03 9.912582276301453987e+01
8.502940110802353956e+03 9.735005530228897896e+01
8.503140118802512006e+03 9.749600360441021962e+01
8.503340126802673694e+03 9.456649706732162031e+01
8.503540134802833563e+03 1.083968430944572958e+02
8.503740142802993432e+03 9.078611173461783324e+01
8.503940150803153301e+03 9.858629691119205063e+01
8.504140158803313170e+03 1.026565460216538099e+02
8.504340166803473039e+03 9.833842504183412814e+01
8.504540174803634727e+03 9.687673736636526201e+01
8.504740182803792777e+03 1.009795018756570926e+02
8.504940190803954465e+03 1.013813796173758561e+02
8.505140198804112515e+03 9.553430995271837389e+01
8.505340206804272384e+03 9.953059648043283403e+01
8.505540214804432253e+03 1.050695732063314125e+02
8.505740222804592122e+03 1.032757857987144234e+02
8.505940230804751991e+03 9.810960680308738802e+01
8.506140238804911860e+03 9.700204557841395570e+01
8.506340246805071729e+03 1.051265476176420179e+02
8.506540254805233417e+03 1.015385556067899415e+02
8.506740262805391467e+03 9.243324906550043352e+01
8.506940270805553155e+03 9.771484417659407029e+01
8.507140278805711205e+03 9.915524918401028742e+01
8.507340286805872893e+03 9.342511423604520360e+01
8.507540294806034581e+03 9.993560571121555824e+01
8.507740302806192631e+03 1.018069955503875832e+02
8.507940310806354319e+03 9.843106579908925369e+01
8.508140318806512369e+03 1.004648969721051941e+02
8.508340326806674057e+03 9.953943552832689079e+01
8.508540334806833926e+03 1.020749566162104287e+02
8.508740342806993795e+03 9.497544433494292093e+01
8.508940350807153663e+03 9.970789117295610993e+01
8.509140358807313532e+03 1.010889345467340803e+02
8.509340366807473401e+03 9.643891921816896229e+01
8.509540374807635089e+03 1.074492756960590327e+02
8.509740382807793139e+03 1.035043902437311374e+02
8.509940390807954827e+03 9.911048168069916642e+01
8.510140398808112877e+03 9.617008830456246926e+01
8.510340406808274565e+03 9.794039821579599447e+01
8.510540414808434434e+03 1.038236838417911656e+02
8.510740422808594303e+03 1.052516665851929361e+02
8.510940430808752353e+03 9.963355082632998005e+01
8.511140438808912222e+03 9.767958379434402616e+01
8.511340446809072091e+03 1.007298645592785533e+02
8.511540454809233779e+03 1.008808365960107096e+02
8.511740462809391829e+03 1.087630410368486054e+02
8.511940470809553517e+03 9.689584849805949318e+01
8.512140478809711567e+03 1.009375627741889048e+02
8.512340486809873255e+03 1.007888685138988052e+02
8.512540494810033124e+03 1.003441331897238911e+02
8.512740502810192993e+03 1.066693589265672841e+02
8.512940510810352862e+03 9.455893087863472601e+01
8.513140518810512731e+03 1.056599594584145478e+02
8.513340526810672600e+03 9.668199748572551755e+01
8.513540534810834288e+03 1.004104061866653552e+02
8.513740542810992338e+03 9.861511345964436259e+01
8.513940550811154026e+03 8.998732498953788195e+01
8.514140558811312076e+03 8.096012602706994699e+01
8.514340566811473764e+03 8.789333547645097156e+01
8.514540574811633633e+03 8.567128539044095703e+01
8.514740582811793502e+03 8.418339999050004963e+01
8.514940590811953371e+03 9.512665957796714622e+01
8.515140598812113240e+03 9.885865456424374997e+01
8.515340606812273109e+03 9.610174615877335214e+01
8.515540614812434796e+03 1.017739739404505883e+02
8.515740622812592846e+03 1.001796376092415102e+02
8.515940630812754534e+03 9.597803312256442609e+01
8.516140638812912584e+03 9.128138626309095116e+01
8.516340646813074272e+03 9.535898177276085619e+01
8.516540654813235960e+03 9.505333188414149959e+01
8.516740662813392191e+03 9.887386344662850490e+01
8.516940670813553879e+03 9.722896790049637161e+01
8.517140678813711929e+03 9.758836667735394599e+01
8.517340686813873617e+03 1.007235048179554013e+02
8.517540694814033486e+03 9.676389585938717630e+01
8.517740702814193355e+03 9.767436856711105975e+01
8.517940710814353224e+03 9.110700222793825276e+01
8.518140718814513093e+03 9.931512718746118651e+01
8.518340726814672962e+03 9.857254609400737877e+01
8.518540734814834650e+03 9.590468266882456305e+01
8.518740742814992700e+03 9.188727928844039639e+01
8.518940750815154388e+03 9.970351339079635977e+01
8.519140758815312438e+03 9.616816918361307387e+01
8.519340766815474126e+03 9.769329574462746280e+01
8.519540774815633995e+03 1.023696698952991682e+02
8.519740782815793864e+03 1.008385174065747378e+02
8.519940790815953733e+03 1.011782474993981822e+02
8.520140798816113602e+03 1.043678431849967012e+02
8.520340806816273471e+03 9.853421116722140027e+01
8.520540814816435159e+03 9.573966125025047802e+01
8.520740822816593209e+03 9.690429183493108667e+01
8.520940830816754897e+03 9.955632122409967621e+01
8.521140838816912947e+03 9.976372962176724002e+01
8.521340846817074635e+03 9.828125069651898116e+01
8.521540854817234504e+03 9.362803750276614778e+01
8.521740862817394373e+03 1.043095890253602107e+02
8.521940870817554242e+03 9.810570904564794148e+01
8.522140878817714110e+03 9.717225367675543168e+01
8.522340886817872160e+03 9.962674508415305752e+01
8.522540894818033848e+03 9.908825880239564299e+01
8.522740902818191898e+03 9.892786147770767968e+01
8.522940910818353586e+03 1.085767516134403792e+02
8.523140918818511636e+03 1.019314498583954105e+02
8.523340926818673324e+03 1.038189972428118466e+02
8.523540934818833193e+03 9.975418024517959736e+01
8.523740942818993062e+03 9.466319606576669798e+01
8.523940950819152931e+03 9.767950023921156344e+01
8.524140958819312800e+03 8.845171047354328664e+01
8.524340966819472669e+03 9.891416810847950103e+01
8.524540974819634357e+03 9.899647966628810991e+01
8.524740982819792407e+03 1.016825654890490114e+02
8.524940990819954095e+03 1.012993171342556735e+02
8.525140998820112145e+03 1.029790843923918828e+02
8.525341006820273833e+03 1.067376516610393509e+02
8.525541014820435521e+03 9.173625216349984157e+01
8.525741022820593571e+03 9.966279009280502521e+01
8.525941030820755259e+03 1.011649207012402485e+02
8.526141038820913309e+03 9.651567609099356559e+01
8.526341046821074997e+03 1.090477172668746277e+02
8.526541054821234866e+03 9.730672825125846259e+01
8.526741062821394735e+03 9.680634889158079659e+01
8.526941070821554604e+03 9.535254620935725711e+01
8.527141078821714473e+03 9.633512469899383746e+01
8.527341086821874342e+03 9.954549875840106665e+01
8.527541094822036030e+03 9.750810448754809556e+01
8.527741102822194080e+03 9.741699981514700823e+01
8.527941110822353949e+03 1.013903620388990703e+02
8.528141118822511999e+03 1.018882912126239404e+02
8.528341126822673687e+03 1.022460336902218216e+02
8.528541134822833556e+03 9.097276888926546690e+01
8.528741142822993424e+03 9.757120569698345491e+01
8.528941150823153293e+03 9.856003332144402407e+01
8.529141158823313162e+03 9.976382989693561854e+01
8.529341166823473031e+03 9.693782968589940197e+01
8.529541174823634719e+03 9.705899404165541000e+01
8.529741182823792769e+03 9.186468161522905973e+01
8.529941190823954457e+03 9.809708312523613927e+01
8.530141198824112507e+03 1.030949347600735280e+02
8.530341206824274195e+03 9.756234878914521857e+01
8.530541214824434064e+03 1.008369015888719247e+02
8.530741222824593933e+03 1.016690890569172439e+02
8.530941230824753802e+03 1.028084361661423856e+02
8.531141238824913671e+03 9.841432924101272306e+01
8.531341246825073540e+03 9.537565335474701556e+01
8.531541254825235228e+03 9.367509376466887261e+01
8.531741262825393278e+03 9.795300798700411349e+01
8.531941270825554966e+03 1.055619468363590983e+02
8.532141278825713016e+03 1.031044129311873689e+02
8.532341286825874704e+03 9.657372735594131541e+01
8.532541294826034573e+03 9.576474212142271369e+01
8.532741302826194442e+03 9.949796936795735292e+01
8.532941310826354311e+03 8.742600802794792969e+01
8.533141318826514180e+03 9.897115871367095963e+01
8.533341326826674049e+03 1.006874383744937091e+02
8.533541334826833918e+03 1.034178065984899746e+02
8.533741342826991968e+03 9.644761791235576709e+01
8.533941350827153656e+03 1.067007258319715959e+02
8.534141358827311706e+03 9.550168335273028219e+01
8.534341366827473394e+03 9.969780344706677511e+01
8.534541374827635082e+03 9.446863391722953907e+01
8.534741382827793132e+03 1.023678146226704087e+02
8.534941390827954820e+03 1.000928816987901513e+02
8.535141398828112870e+03 1.050373550726375527e+02
8.535341406828274557e+03 9.659322299077686580e+01
8.535541414828434426e+03 9.871866803967969872e+01
8.535741422828594295e+03 9.611366276252947216e+01
8.535941430828754164e+03 9.914394011597856604e+01
8.536141438828914033e+03 9.797440924065905676e+01
8.536341446829073902e+03 9.884456315254912795e+01
8.536541454829235590e+03 9.628641966826761234e+01
8.536741462829393640e+03 9.624231984286365105e+01
8.536941470829555328e+03 9.765049453984264005e+01
8.537141478829713378e+03 8.713407705766655909e+01
8.537341486829875066e+03 1.003205611494120717e+02
8.537541494830034935e+03 9.654492664186012973e+01
8.537741502830194804e+03 8.846067834112263029e+01
8.537941510830354673e+03 9.513480753946717527e+01
8.538141518830514542e+03 8.966652286717967968e+01
8.538341526830674411e+03 9.649592129533994012e+01
8.538541534830836099e+03 9.956045880835551998e+01
8.538741542830994149e+03 9.330510768356403162e+01
8.538941550831155837e+03 9.249319639079205047e+01
8.539141558831312068e+03 9.140523269190074984e+01
8.539341566831473756e+03 9.409083667907543713e+01
8.539541574831633625e+03 9.016551775788525447e+01
8.539741582831793494e+03 8.416825026810126076e+01
8.539941590831953363e+03 9.410127639147222567e+01
8.540141598832113232e+03 8.746305104580098089e+01
8.540341606832273101e+03 8.202447594596165459e+01
8.540541614832434789e+03 7.987545907282573410e+01
8.540741622832592839e+03 7.589494516713823202e+01
8.540941630832754527e+03 7.478979393787912500e+01
8.541141638832912577e+03 7.914059985097584615e+01
8.541341646833074265e+03 7.130956288699195511e+01
8.541541654833234134e+03 6.581086187063385751e+01
8.541741662833394003e+03 5.331532411154624640e+01
8.541941670833553871e+03 4.173008778396597762e+01
8.542141678833713740e+03 4.719808242519759034e+01
8.542341686833873609e+03 3.994869288100147742e+01
8.542541694834035297e+03 3.765054324101959793e+01
8.542741702834193347e+03 4.107749969878425844e+01
8.542941710834355035e+03 4.598958897228789766e+01
8.543141718834513085e+03 5.724998548092583661e+01
8.543341726834674773e+03 6.526156690094042290e+01
8.543541734834836461e+03 6.934846855008471778e+01
8.543741742834994511e+03 7.438516447281267574e+01
8.543941750835156199e+03 7.948957215799146070e+01
8.544141758835314249e+03 8.105722588754943558e+01
8.544341766835475937e+03 7.485320196244182966e+01
8.544541774835635806e+03 8.820947101555123027e+01
8.544741782835793856e+03 9.164848797769749922e+01
8.544941790835953725e+03 8.918021629578466047e+01
8.545141798836113594e+03 8.203090957227102820e+01
8.545341806836273463e+03 9.186415322267745864e+01
8.545541814836435151e+03 7.787143834151933675e+01
8.545741822836593201e+03 9.650467835326827526e+01
8.545941830836754889e+03 9.400798748508111657e+01
8.546141838836912939e+03 9.447470090500799245e+01
8.546341846837074627e+03 9.210824602227020819e+01
8.546541854837234496e+03 1.002854828167622827e+02
8.546741862837394365e+03 9.318168461425563009e+01
8.546941870837554234e+03 1.050901948630909857e+02
8.547141878837714103e+03 9.707497542137262769e+01
8.547341886837873972e+03 9.327973516827404410e+01
8.547541894838035660e+03 9.160806795691874527e+01
8.547741902838193710e+03 9.271258020710250491e+01
8.547941910838355398e+03 9.679004213421147540e+01
8.548141918838513448e+03 9.693117631647798760e+01
8.548341926838675136e+03 1.025170321552869268e+02
8.548541934838835004e+03 1.083739256098304224e+02
8.548741942838994873e+03 1.037618675835533253e+02
8.548941950839154742e+03 9.459477163597993865e+01
8.549141958839314611e+03 1.015092831787818568e+02
8.549341966839474480e+03 9.584176157657783790e+01
8.549541974839636168e+03 1.000597165411605545e+02
8.549741982839794218e+03 9.739343853095665793e+01
8.549941990839955906e+03 9.724020177259112074e+01
8.550141998840113956e+03 9.798913517301249954e+01
8.550342006840273825e+03 1.041087761432524985e+02
8.550542014840433694e+03 9.164733063490520237e+01
8.550742022840593563e+03 9.420874720517619494e+01
8.550942030840753432e+03 1.000025642053352612e+02
8.551142038840913301e+03 1.044347132869618378e+02
8.551342046841073170e+03 9.939879196793911831e+01
8.551542054841234858e+03 9.877452126120573439e+01
8.551742062841392908e+03 1.002132963894429594e+02
8.551942070841554596e+03 9.926157602765277943e+01
8.552142078841712646e+03 1.009848269935669691e+02
8.552342086841874334e+03 1.014226075624821988e+02
8.552542094842036022e+03 9.484951285178669877e+01
8.552742102842194072e+03 9.748378841870299993e+01
8.552942110842355760e+03 1.042885593278598861e+02
8.553142118842513810e+03 9.957658923873812284e+01
8.553342126842675498e+03 1.023533474946207491e+02
8.553542134842835367e+03 9.910132440261401143e+01
8.553742142842995236e+03 9.797172279245442894e+01
8.553942150843155105e+03 9.607360679244304436e+01
8.554142158843314974e+03 9.752849705725981266e+01
8.554342166843474843e+03 9.976327982789774751e+01
8.554542174843636531e+03 9.364303979670623335e+01
8.554742182843794581e+03 1.000503335157411158e+02
8.554942190843956269e+03 9.949931544913802384e+01
8.555142198844114318e+03 9.616176022692964409e+01
8.555342206844276006e+03 9.996071905013873504e+01
8.555542214844435875e+03 9.472319409333091755e+01
8.555742222844595744e+03 9.940458487288670142e+01
8.555942230844753794e+03 1.042305822425757356e+02
8.556142238844913663e+03 1.017760609217900196e+02
8.556342246845073532e+03 9.732018372270360373e+01
8.556542254845235220e+03 9.856012042213995983e+01
8.556742262845393270e+03 9.612082727335905474e+01
8.556942270845554958e+03 1.012811864778792597e+02
8.557142278845713008e+03 1.016710820412005205e+02
8.557342286845874696e+03 9.734182667394794919e+01
8.557542294846034565e+03 9.939279593720897310e+01
8.557742302846194434e+03 9.504366098467407653e+01
8.557942310846354303e+03 9.776335623680537878e+01
8.558142318846514172e+03 9.895794786613222982e+01
8.558342326846674041e+03 1.016059474397400919e+02
8.558542334846835729e+03 1.015409444310039788e+02
8.558742342846993779e+03 9.710114398497513832e+01
8.558942350847155467e+03 9.646299195098502821e+01
8.559142358847313517e+03 9.484276444914765136e+01
8.559342366847475205e+03 1.041289385155342870e+02
8.559542374847635074e+03 1.009148612297708780e+02
8.559742382847794943e+03 1.054724891497648542e+02
8.559942390847954812e+03 1.060782487613759741e+02
8.560142398848114681e+03 9.794332629780804211e+01
8.560342406848274550e+03 1.018363640724404178e+02
8.560542414848436238e+03 9.983280505418838402e+01
8.560742422848594288e+03 1.020057171884973002e+02
8.560942430848755976e+03 9.616945960038913199e+01
8.561142438848914026e+03 1.004629371557616224e+02
8.561342446849075714e+03 1.006725516273044576e+02
8.561542454849237402e+03 9.084742320019515205e+01
8.561742462849393632e+03 9.228454746096495853e+01
8.561942470849555320e+03 1.010452454736985572e+02
8.562142478849713370e+03 9.804367929419457539e+01
8.562342486849875058e+03 1.032551490653464867e+02
8.562542494850034927e+03 1.031637686836948120e+02
8.562742502850194796e+03 9.354069665310528592e+01
8.562942510850354665e+03 9.226649710142517335e+01
8.563142518850514534e+03 9.640212508946538605e+01
8.563342526850674403e+03 9.691543286102212562e+01
8.563542534850836091e+03 9.075527719639040924e+01
8.563742542850994141e+03 1.023345570663590109e+02
8.563942550851155829e+03 8.836238879398844404e+01
8.564142558851313879e+03 1.014994325863005287e+02
8.564342566851475567e+03 9.182103900976377986e+01
8.564542574851635436e+03 1.063571181617127195e+02
8.564742582851795305e+03 9.633859388498643739e+01
8.564942590851955174e+03 9.918429508963649255e+01
8.565142598852115043e+03 9.326725383213921816e+01
8.565342606852274912e+03 9.496008399173138059e+01
8.565542614852436600e+03 9.911460962659585050e+01
8.565742622852594650e+03 1.095577708458758366e+02
8.565942630852756338e+03 1.032429526477638717e+02
8.566142638852914388e+03 9.369606948278504888e+01
8.566342646853076076e+03 9.718447822547280168e+01
8.566542654853235945e+03 1.015883706729496936e+02
8.566742662853395814e+03 9.305222019008905932e+01
8.566942670853555683e+03 9.460975935525947023e+01
8.567142678853715552e+03 1.047296412841693467e+02
8.567342686853873602e+03 1.042738244195230948e+02
8.567542694854035290e+03 1.018417547992604710e+02
8.567742702854193340e+03 9.503239322551793578e+01
8.567942710854355028e+03 9.294798044791809843e+01
8.568142718854513078e+03 1.036745377096669358e+02
8.568342726854674765e+03 1.051240328443198280e+02
8.568542734854834634e+03 9.685507201730321469e+01
8.568742742854994503e+03 9.923998735998223708e+01
8.568942750855154372e+03 1.009703910611894315e+02
8.569142758855314241e+03 9.778336456848722946e+01
8.569342766855474110e+03 1.020324489742479130e+02
8.569542774855635798e+03 9.845392588496548569e+01
8.569742782855793848e+03 9.911634037147832998e+01
8.569942790855955536e+03 9.629990019329684969e+01
8.570142798856113586e+03 9.684511087898466997e+01
8.570342806856275274e+03 9.588121661735297607e+01
8.570542814856436962e+03 1.027118004923550387e+02
8.570742822856595012e+03 1.001616112269007033e+02
8.570942830856756700e+03 9.817099123824067419e+01
8.571142838856914750e+03 9.645051576525095527e+01
8.571342846857076438e+03 1.050072430543276738e+02
8.571542854857236307e+03 9.503419529011121369e+01
8.571742862857396176e+03 1.004616691372774113e+02
8.571942870857556045e+03 9.693797841619350208e+01
8.572142878857715914e+03 9.829663224227662965e+01
8.572342886857875783e+03 9.415138787952864163e+01
8.572542894858037471e+03 9.432026844740562410e+01
8.572742902858195521e+03 9.385156573277508585e+01
8.572942910858355390e+03 1.046991498846413577e+02
8.573142918858513440e+03 9.726655955344969584e+01
8.573342926858675128e+03 9.702139016449660858e+01
8.573542934858834997e+03 1.028826867807743923e+02
8.573742942858994866e+03 9.696664106114268122e+01
8.573942950859154735e+03 9.228671562024462105e+01
8.574142958859314604e+03 1.014071337901552425e+02
8.574342966859474473e+03 9.713993472276239061e+01
8.574542974859636161e+03 1.000429386166620702e+02
8.574742982859794211e+03 9.986221093244184033e+01
8.574942990859955898e+03 1.021738009797223867e+02
8.575142998860113948e+03 1.040127507862242879e+02
8.575343006860275636e+03 1.021945688459687887e+02
8.575543014860435505e+03 1.000147218235357514e+02
8.575743022860595374e+03 1.074781409267834675e+02
8.575943030860755243e+03 1.016599892780746472e+02
8.576143038860915112e+03 9.617756388306388260e+01
8.576343046861074981e+03 1.053130301167492888e+02
8.576543054861236669e+03 9.701245600809205882e+01
8.576743062861394719e+03 1.000141812152131706e+02
8.576943070861556407e+03 1.002787759409079342e+02
8.577143078861714457e+03 9.888506448456254816e+01
8.577343086861876145e+03 9.774362082669311746e+01
8.577543094862036014e+03 1.007923341912965896e+02
8.577743102862195883e+03 9.334104919428861535e+01
8.577943110862355752e+03 9.688422179089418762e+01
8.578143118862515621e+03 9.934094930363922060e+01
8.578343126862675490e+03 1.039317079137726836e+02
8.578543134862835359e+03 9.902436352947852072e+01
8.578743142862993409e+03 9.927096997594917127e+01
8.578943150863155097e+03 1.038145657642849500e+02
8.579143158863313147e+03 1.065367152493500384e+02
8.579343166863474835e+03 9.870982783239092839e+01
8.579543174863636523e+03 9.627521003861033932e+01
8.579743182863794573e+03 9.708827925537120507e+01
8.579943190863956261e+03 9.659316471759015599e+01
8.580143198864114311e+03 1.009305005797738204e+02
8.580343206864275999e+03 9.667673105445012993e+01
8.580543214864435868e+03 9.517688413890334687e+01
8.580743222864595737e+03 1.059818831912319155e+02
8.580943230864755606e+03 1.015757829778561216e+02
8.581143238864915475e+03 9.794159695617081240e+01
8.581343246865075344e+03 9.900012578549336695e+01
8.581543254865237031e+03 1.035840615629228267e+02
8.581743262865395081e+03 9.279775529725793604e+01
8.581943270865556769e+03 9.797948468591563653e+01
8.582143278865714819e+03 9.614306668556334046e+01
8.582343286865876507e+03 9.288776311275405817e+01
8.582543294866036376e+03 9.711959819781883141e+01
8.582743302866196245e+03 9.238575858973079846e+01
8.582943310866356114e+03 9.547030703665684825e+01
8.583143318866515983e+03 9.908054856089279383e+01
8.583343326866675852e+03 9.858243066281178812e+01
8.583543334866837540e+03 9.657417234487350299e+01
8.583743342866995590e+03 1.053364061223775252e+02
8.583943350867157278e+03 1.037839609798909777e+02
8.584143358867313509e+03 1.031412832626495941e+02
8.584343366867475197e+03 9.972668799106760673e+01
8.584543374867635066e+03 1.000653316931158372e+02
8.584743382867794935e+03 9.905023151898231504e+01
8.584943390867954804e+03 9.919224261471714499e+01
8.585143398868114673e+03 9.123245776761302750e+01
8.585343406868274542e+03 9.761834470804407715e+01
8.585543414868436230e+03 9.749765925845080972e+01
8.585743422868594280e+03 9.818055065379149937e+01
8.585943430868755968e+03 1.043362137819123205e+02
8.586143438868914018e+03 1.045456317357259337e+02
8.586343446869075706e+03 9.588986594201759317e+01
8.586543454869235575e+03 1.032046126839976097e+02
8.586743462869395444e+03 9.893559839800538214e+01
8.586943470869555313e+03 9.764974485850079589e+01
8.587143478869715182e+03 1.015033519906525612e+02
8.587343486869875051e+03 1.002043911419878128e+02
8.587543494870036739e+03 9.682643906353382590e+01
8.587743502870194789e+03 1.020579673095114686e+02
8.587943510870356477e+03 9.413877612851435117e+01
8.588143518870514526e+03 8.918776137474890220e+01
8.588343526870676214e+03 9.842226684277189008e+01
8.588543534870837902e+03 1.013109615936232757e+02
8.588743542870995952e+03 9.867822273881891704e+01
8.588943550871157640e+03 9.645357679818255292e+01
8.589143558871315690e+03 1.024925535091900599e+02
8.589343566871477378e+03 1.079518620918131546e+02
8.589543574871637247e+03 9.399141852810450359e+01
8.589743582871795297e+03 9.971129586777354348e+01
8.589943590871955166e+03 1.047445817460538251e+02
8.590143598872115035e+03 9.339867769795492336e+01
8.590343606872274904e+03 1.005594403785071478e+02
8.590543614872436592e+03 9.854483523978340997e+01
8.590743622872594642e+03 9.866028613717381290e+01
8.590943630872756330e+03 1.051561361704274589e+02
8.591143638872914380e+03 8.930589237404876712e+01
8.591343646873076068e+03 1.047187480385793634e+02
8.591543654873235937e+03 1.036413728359256368e+02
8.591743662873395806e+03 1.014271196434793580e+02
8.591943670873555675e+03 9.597854383442270887e+01
8.592143678873715544e+03 9.738886132395080608e+01
8.592343686873875413e+03 1.006391342195077669e+02
8.592543694874037101e+03 9.205394999029164183e+01
8.592743702874195151e+03 1.015229960329943424e+02
8.592943710874356839e+03 9.570357718467140273e+01
8.593143718874514889e+03 9.761152031419447894e+01
8.593343726874676577e+03 1.026080300535518717e+02
8.593543734874836446e+03 1.048155318060165087e+02
8.593743742874996315e+03 9.831411399439075183e+01
8.593943750875156184e+03 9.745057689675876134e+01
8.594143758875316053e+03 1.030933346068036514e+02
8.594343766875475922e+03 9.377723578122316894e+01
8.594543774875637610e+03 9.752686460923560219e+01
8.594743782875795659e+03 1.012182538376244878e+02
8.594943790875957347e+03 1.005186538922551449e+02
8.595143798876115397e+03 9.943353425443574167e+01
8.595343806876275266e+03 1.000815569804020839e+02
8.595543814876435135e+03 9.448900615055195829e+01
8.595743822876595004e+03 9.430255280289175346e+01
8.595943830876754873e+03 1.049041396821336320e+02
8.596143838876914742e+03 1.000445995691164001e+02
8.596343846877074611e+03 1.005887997834867775e+02
8.596543854877236299e+03 9.712159677489309217e+01
8.596743862877394349e+03 1.005102103617980873e+02
8.596943870877556037e+03 1.012425727060759613e+02
8.597143878877714087e+03 1.038768486675762830e+02
8.597343886877875775e+03 1.063858101422460720e+02
8.597543894878037463e+03 9.949710182041975770e+01
8.597743902878195513e+03 9.603742516816900832e+01
8.597943910878357201e+03 1.045865992464154743e+02
8.598143918878515251e+03 9.587234012207703415e+01
8.598343926878676939e+03 9.931564399919561481e+01
8.598543934878836808e+03 1.032170429438705241e+02
8.598743942878996677e+03 9.344314837318832190e+01
8.598943950879156546e+03 8.994091815004308899e+01
8.599143958879316415e+03 9.644557833508460476e+01
8.599343966879476284e+03 1.006794128666687271e+02
8.599543974879637972e+03 1.024359108393556568e+02
8.599743982879796022e+03 9.819185417290339046e+01
8.599943990879957710e+03 1.004541947693016226e+02
8.600143998880115760e+03 9.947068137818553168e+01
8.600344006880277448e+03 1.044096723978981913e+02
8.600544014880437317e+03 9.880367636926868613e+01
8.600744022880597186e+03 9.869809670007811064e+01
8.600944030880757055e+03 1.048146250603212764e+02
8.601144038880915105e+03 1.113055089551055659e+02
8.601344046881074973e+03 1.053200471651641550e+02
8.601544054881236661e+03 9.524096029007307607e+01
8.601744062881394711e+03 9.516165570812755448e+01
8.601944070881556399e+03 1.036016765453017996e+02
8.602144078881714449e+03 9.876530342694469766e+01
8.602344086881876137e+03 1.004883800092061819e+02
8.602544094882036006e+03 9.968038031657980014e+01
8.602744102882195875e+03 1.075940803902308147e+02
8.602944110882355744e+03 1.015152945155487885e+02
8.603144118882515613e+03 1.007890324807906097e+02
8.603344126882675482e+03 9.775334878213297429e+01
8.603544134882837170e+03 9.865064899086064543e+01
8.603744142882995220e+03 1.024502575469117858e+02
8.603944150883156908e+03 1.069135764224102019e+02
8.604144158883314958e+03 9.741936513283347665e+01
8.604344166883476646e+03 1.015090919020567100e+02
8.604544174883636515e+03 9.520347973148105325e+01
8.604744182883796384e+03 1.047438109059304168e+02
8.604944190883956253e+03 1.000408719765814141e+02
8.605144198884116122e+03 1.006586363953564955e+02
8.605344206884275991e+03 1.013188650592505127e+02
8.605544214884437679e+03 9.730267115115381671e+01
8.605744222884595729e+03 1.031389967881825385e+02
8.605944230884757417e+03 9.730799633117683811e+01
8.606144238884915467e+03 1.027448197161509995e+02
8.606344246885077155e+03 9.203404783741939355e+01
8.606544254885238843e+03 9.733104973724975650e+01
8.606744262885395074e+03 9.440739448764939823e+01
8.606944270885556762e+03 9.554936134237630085e+01
8.607144278885714812e+03 1.005048369733569160e+02
8.607344286885876500e+03 1.034586333050980755e+02
8.607544294886036369e+03 1.029616252400811334e+02
8.607744302886196238e+03 1.029035515367609008e+02
8.607944310886356106e+03 1.020931142946095633e+02
8.608144318886515975e+03 9.565636386780626310e+01
8.608344326886675844e+03 9.478031807717218271e+01
8.608544334886837532e+03 9.147926501166233493e+01
8.608744342886995582e+03 1.088705198767753757e+02
8.608944350887157270e+03 1.018052496162902258e+02
8.609144358887315320e+03 9.689365008359740727e+01
8.609344366887477008e+03 1.014629315651407069e+02
8.609544374887636877e+03 1.035695731440743828e+02
8.609744382887796746e+03 9.888770753232020638e+01
8.609944390887956615e+03 1.011974782730345197e+02
8.610144398888116484e+03 9.743614919718748979e+01
8.610344406888276353e+03 9.986486957522072316e+01
8.610544414888438041e+03 9.765961624056348001e+01
8.610744422888596091e+03 1.080622044522986158e+02
8.610944430888757779e+03 9.699761795062011061e+01
8.611144438888915829e+03 9.981971106015561190e+01
8.611344446889077517e+03 9.829126217683382549e+01
8.611544454889237386e+03 9.746941475549783718e+01
8.611744462889397255e+03 9.976843168746916035e+01
8.611944470889557124e+03 8.720000210218248071e+01
8.612144478889716993e+03 8.261702304456048296e+01
8.612344486889875043e+03 8.749438387360670788e+01
8.612544494890036731e+03 8.674884068867608278e+01
8.612744502890194781e+03 1.020603258830926450e+02
8.612944510890356469e+03 1.059758303499789776e+02
8.613144518890514519e+03 1.000780829807565482e+02
8.613344526890676207e+03 9.806040166348560660e+01
8.613544534890836076e+03 9.768140805581170127e+01
8.613744542890995945e+03 1.040546938075724483e+02
8.613944550891155814e+03 1.034428063877513608e+02
8.614144558891315683e+03 1.039813632179336338e+02
8.614344566891475552e+03 1.002814469085850817e+02
8.614544574891637239e+03 9.155909528956973986e+01
8.614744582891795289e+03 1.008776039355642808e+02
8.614944590891956977e+03 1.070369104206862829e+02
8.615144598892115027e+03 1.005788800881588685e+02
8.615344606892276715e+03 9.945774154715178383e+01
8.615544614892438403e+03 9.786689585479066977e+01
8.615744622892596453e+03 9.897440154624605668e+01
8.615944630892758141e+03 9.935077588889934930e+01
8.616144638892916191e+03 9.936507376731245245e+01
8.616344646893077879e+03 9.670961078163344382e+01
8.616544654893237748e+03 9.879287744911096070e+01
8.616744662893397617e+03 9.429792901668996308e+01
8.616944670893557486e+03 9.320747645090656874e+01
8.617144678893717355e+03 9.308307724641055358e+01
8.617344686893877224e+03 9.840234411086167654e+01
8.617544694894038912e+03 1.027437826876613229e+02
8.617744702894196962e+03 9.626911205053863796e+01
8.617944710894356831e+03 9.319766216601789210e+01
8.618144718894514881e+03 1.000760591794813763e+02
8.618344726894676569e+03 9.325847003977509075e+01
8.618544734894836438e+03 9.722275763812338312e+01
8.618744742894996307e+03 9.862406720480980482e+01
8.618944750895156176e+03 1.042975881312694497e+02
8.619144758895316045e+03 9.658020343853628731e+01
8.619344766895475914e+03 1.100793554392097633e+02
8.619544774895637602e+03 9.229691065143779838e+01
8.619744782895795652e+03 9.941035590010612566e+01
8.619944790895957340e+03 1.033716956432604803e+02
8.620144798896115390e+03 9.547975546517604073e+01
8.620344806896277078e+03 1.025164788530749291e+02
8.620544814896436947e+03 1.048788751711464897e+02
8.620744822896596816e+03 1.003309360040106526e+02
8.620944830896756685e+03 1.018425960473674508e+02
8.621144838896916553e+03 1.034653617028953505e+02
8.621344846897076422e+03 1.013227967029094998e+02
8.621544854897238110e+03 8.932370785924520362e+01
8.621744862897396160e+03 8.878626816494001162e+01
8.621944870897557848e+03 9.286265823629361194e+01
8.622144878897715898e+03 8.562846915178710105e+01
8.622344886897877586e+03 9.478639820314629105e+01
8.622544894898037455e+03 1.061898516692655932e+02
8.622744902898197324e+03 1.050870029289674079e+02
8.622944910898357193e+03 9.985907352564620965e+01
8.623144918898517062e+03 1.012831507309318226e+02
8.623344926898676931e+03 9.764371273466427681e+01
8.623544934898836800e+03 1.003826116739189729e+02
8.623744942898994850e+03 1.053487212657894077e+02
8.623944950899156538e+03 9.449522229843843490e+01
8.624144958899314588e+03 1.006625852951731588e+02
8.624344966899476276e+03 9.666967127219749045e+01
8.624544974899637964e+03 1.055327810644906634e+02
8.624744982899796014e+03 9.828744728990405122e+01
8.624944990899957702e+03 1.027638690905539818e+02
8.625144998900115752e+03 9.791473778596737532e+01
8.625345006900277440e+03 1.033457240835189879e+02
8.625545014900437309e+03 9.880738869017680770e+01
8.625745022900597178e+03 1.072128955913184427e+02
8.625945030900757047e+03 9.929656316942809724e+01
8.626145038900916916e+03 1.078251653609168983e+02
8.626345046901076785e+03 1.034927414629183460e+02
8.626545054901238473e+03 1.103408587992715155e+02
8.626745062901396523e+03 1.033442626848319605e+02
8.626945070901558211e+03 1.028903073659898979e+02
8.627145078901716261e+03 1.030890854226414035e+02
8.627345086901877949e+03 1.001804220594929689e+02
8.627545094902037818e+03 1.006540451862752406e+02
8.627745102902197686e+03 9.800363497459849782e+01
8.627945110902357555e+03 9.916613567112099759e+01
8.628145118902517424e+03 9.954179620375902005e+01
8.628345126902677293e+03 1.032901539734733376e+02
8.628545134902838981e+03 1.012867320932123789e+02
8.628745142902997031e+03 1.011876783001838618e+02
8.628945150903158719e+03 9.356955539089047136e+01
8.629145158903314950e+03 9.427993158118867711e+01
8.629345166903476638e+03 1.023312031743105024e+02
8.629545174903636507e+03 1.025933259308440029e+02
8.629745182903796376e+03 9.968137667256021928e+01
8.629945190903956245e+03 9.738365780410963168e+01
8.630145198904116114e+03 9.899289082040188248e+01
8.630345206904275983e+03 9.847655905992515102e+01
8.630545214904437671e+03 1.016130907499788663e+02
8.630745222904595721e+03 1.020962189538982585e+02
8.630945230904757409e+03 1.014300070534376488e+02
8.631145238904915459e+03 9.962612133555145988e+01
8.631345246905077147e+03 9.874236004945770162e+01
8.631545254905237016e+03 9.700753156801296484e+01
8.631745262905396885e+03 1.008514278296176059e+02
8.631945270905556754e+03 1.007127807147220011e+02
8.632145278905716623e+03 9.527781459391803764e+01
8.632345286905876492e+03 1.017042027777338120e+02
8.632545294906038180e+03 9.609144951725762951e+01
8.632745302906196230e+03 1.015417002189655733e+02
8.632945310906357918e+03 1.080902837980973175e+02
8.633145318906515968e+03 9.618371210562111173e+01
8.633345326906677656e+03 1.050022729280333635e+02
8.633545334906839344e+03 1.002091833022895599e+02
8.633745342906997394e+03 1.041870604886365186e+02
8.633945350907159082e+03 1.053120500507745305e+02
8.634145358907317132e+03 1.118097120914758875e+02
8.634345366907478819e+03 9.488328169670397472e+01
8.634545374907638688e+03 9.629317638472396368e+01
8.634745382907796738e+03 9.484453373278327604e+01
8.634945390907956607e+03 1.003003295252630380e+02
8.635145398908116476e+03 1.000562153802936365e+02
8.635345406908276345e+03 1.020794140611415060e+02
8.635545414908438033e+03 1.031872561523238403e+02
8.635745422908596083e+03 9.748995124406360446e+01
8.635945430908757771e+03 9.939430243417490374e+01
8.636145438908915821e+03 1.039546230221206997e+02
8.636345446909077509e+03 1.002870392895168266e+02
8.636545454909237378e+03 1.010251713367309776e+02
8.636745462909397247e+03 9.379260914319419840e+01
8.636945470909557116e+03 1.017223911861468224e+02
8.637145478909716985e+03 1.061042781484149771e+02
8.637345486909876854e+03 9.822359559846782417e+01
8.637545494910038542e+03 9.633903503556290104e+01
8.637745502910196592e+03 1.011157151519309849e+02
8.637945510910358280e+03 1.009484016527239447e+02
8.638145518910516330e+03 9.915873239486326440e+01
8.638345526910678018e+03 9.825915415804372799e+01
8.638545534910837887e+03 9.327705109875955714e+01
8.638745542910997756e+03 9.771317268145595847e+01
8.638945550911157625e+03 1.029800942788485969e+02
8.639145558911317494e+03 1.087663120822540463e+02
8.639345566911477363e+03 1.056048958116064824e+02
8.639545574911639051e+03 9.831254793096168498e+01
8.639745582911797101e+03 1.056473214851706217e+02
8.639945590911958789e+03 1.006496276857882322e+02
8.640145598912116839e+03 1.009657263104926130e+02
8.640345606912276708e+03 9.653861787659749893e+01
8.640545614912436577e+03 9.891783972087365839e+01
8.640745622912596446e+03 1.040389926623727206e+02
8.640945630912756315e+03 1.041976019586178523e+02
8.641145638912916183e+03 1.051577883616858600e+02
8.641345646913076052e+03 9.451306896432058124e+01
8.641545654913237740e+03 9.965993192290979152e+01
8.641745662913395790e+03 1.100303987281448883e+02
8.641945670913557478e+03 1.008975268985213773e+02
8.642145678913715528e+03 1.025692851030093209e+02
8.642345686913877216e+03 1.021343807236470127e+02
8.642545694914038904e+03 9.941891820042310712e+01
8.642745702914196954e+03 1.084187196247310681e+02
8.642945710914358642e+03 9.916159398112880297e+01
8.643145718914516692e+03 1.034133140867608347e+02
8.643345726914678380e+03 1.039006172099429222e+02
8.643545734914838249e+03 9.942420786452424863e+01
8.643745742914998118e+03 9.909502403976506457e+01
8.643945750915157987e+03 1.076753899771420890e+02
8.644145758915317856e+03 9.478934885506482999e+01
8.644345766915477725e+03 1.009360932862393412e+02
8.644545774915639413e+03 1.048947145779960550e+02
8.644745782915797463e+03 9.975015060445542758e+01
8.644945790915959151e+03 9.840157764897436721e+01
8.645145798916117201e+03 1.067150182624027508e+02
8.645345806916278889e+03 9.777359338146936807e+01
8.645545814916438758e+03 1.030088425983595215e+02
8.645745822916598627e+03 1.019839224974576695e+02
8.645945830916758496e+03 9.945906861098741558e+01
8.646145838916916546e+03 1.018549796460604142e+02
8.646345846917076415e+03 1.022472487543532793e+02
8.646545854917238103e+03 9.594042675385857422e+01
8.646745862917396153e+03 9.857321997655060386e+01
8.646945870917557841e+03 1.038044518766753015e+02
8.647145878917715891e+03 1.061972960307784604e+02
8.647345886917877579e+03 1.050056329714690406e+02
8.647545894918037447e+03 9.894169896254815910e+01
8.647745902918197316e+03 9.428145058415164215e+01
8.647945910918357185e+03 9.756781801863722592e+01
8.648145918918517054e+03 1.053422677393276103e+02
8.648345926918676923e+03 9.985145379954731482e+01
8.648545934918838611e+03 9.892286770582924760e+01
8.648745942918996661e+03 1.006226020494749349e+02
8.648945950919158349e+03 9.826675725597226574e+01
8.649145958919316399e+03 9.985655783988207190e+01
8.649345966919478087e+03 9.651545217178050962e+01
8.649545974919637956e+03 9.887804068391838541e+01
8.649745982919797825e+03 1.012281259860881306e+02
8.649945990919957694e+03 9.988054501897336479e+01
8.650145998920117563e+03 9.720325573741504854e+01
8.650346006920277432e+03 1.059216451870285454e+02
8.650546014920439120e+03 9.143064828552958545e+01
8.650746022920597170e+03 9.921598828075175902e+01
8.650946030920758858e+03 1.032009523190169347e+02
8.651146038920916908e+03 1.009601009108776424e+02
8.651346046921078596e+03 9.757681945074516250e+01
8.651546054921240284e+03 1.034289880756489310e+02
8.651746062921396515e+03 1.039801382472161180e+02
8.651946070921558203e+03 1.011369219458124036e+02
8.652146078921716253e+03 1.071067553053975843e+02
8.652346086921877941e+03 1.064055672724581001e+02
8.652546094922037810e+03 9.476437924197729501e+01
8.652746102922197679e+03 1.029576786146066496e+02
8.652946110922357548e+03 1.024067410024581335e+02
8.653146118922517417e+03 9.594402340093098758e+01
8.653346126922677286e+03 9.856029125647332023e+01
8.653546134922838974e+03 1.010759107024022541e+02
8.653746142922997024e+03 9.551227432461087119e+01
8.653946150923158712e+03 9.445661448122541515e+01
8.654146158923316762e+03 1.040184927933630661e+02
8.654346166923478449e+03 1.007148563615644719e+02
8.654546174923638318e+03 9.264360723711507717e+01
8.654746182923798187e+03 1.044153903398927241e+02
8.654946190923958056e+03 9.943209802716800993e+01
8.655146198924117925e+03 9.306935752548150731e+01
8.655346206924277794e+03 1.009157812588297531e+02
8.655546214924439482e+03 9.669916493825819259e+01
8.655746222924597532e+03 9.607645954057706206e+01
8.655946230924759220e+03 9.748990907253275395e+01
8.656146238924917270e+03 1.014491925533168057e+02
8.656346246925078958e+03 1.065022521815359795e+02
8.656546254925238827e+03 9.254488228128367666e+01
8.656746262925398696e+03 9.628357877471222537e+01
8.656946270925558565e+03 9.443517221395487127e+01
8.657146278925718434e+03 9.732746447393951428e+01
8.657346286925876484e+03 9.804283920247588924e+01
8.657546294926038172e+03 1.000172585086326222e+02
8.657746302926196222e+03 1.008481414114039296e+02
8.657946310926357910e+03 9.305373320184699537e+01
8.658146318926515960e+03 9.664059446326733394e+01
8.658346326926677648e+03 9.347951107279692451e+01
8.658546334926837517e+03 8.586518543018057414e+01
8.658746342926997386e+03 9.068131426652639959e+01
8.658946350927157255e+03 9.079822386979783744e+01
8.659146358927317124e+03 8.790818699236176315e+01
8.659346366927476993e+03 9.779742089088411205e+01
8.659546374927638681e+03 9.380791682559178923e+01
8.659746382927796731e+03 9.194383239875980962e+01
8.659946390927958419e+03 9.283746307745595061e+01
8.660146398928116469e+03 8.899106967233413457e+01
8.660346406928278157e+03 8.498271970360228522e+01
8.660546414928439845e+03 8.360062401320307401e+01
8.660746422928597894e+03 8.504937486487220610e+01
8.660946430928759582e+03 7.935084036412526132e+01
8.661146438928917632e+03 7.099060548759017308e+01
8.661346446929079320e+03 6.583763766842899656e+01
8.661546454929239189e+03 6.622612804711624790e+01
8.661746462929399058e+03 6.075039649231878514e+01
8.661946470929558927e+03 5.003778223724653174e+01
8.662146478929718796e+03 4.323801583815887284e+01
8.662346486929878665e+03 3.997272661680594297e+01
8.662546494930040353e+03 3.508934953844828186e+01
8.662746502930198403e+03 4.382292741740889852e+01
8.662946510930358272e+03 4.905080277925118537e+01
8.663146518930516322e+03 5.588505193049712716e+01
8.663346526930678010e+03 6.378567446976700239e+01
8.663546534930837879e+03 6.407812053077449832e+01
8.663746542930997748e+03 7.440538143590289621e+01
8.663946550931157617e+03 8.491105173883687485e+01
8.664146558931317486e+03 7.534219511891978982e+01
8.664346566931477355e+03 9.017196150288083345e+01
8.664546574931639043e+03 9.295818664003826370e+01
8.664746582931797093e+03 8.008016974311716751e+01
8.664946590931958781e+03 8.568377731513952256e+01
8.665146598932116831e+03 9.514459459369464867e+01
8.665346606932278519e+03 9.028596426194215496e+01
8.665546614932438388e+03 8.670121031328017125e+01
8.665746622932598257e+03 8.787068565135939480e+01
8.665946630932758126e+03 9.258179674952262417e+01
8.666146638932917995e+03 9.768054199644709001e+01
8.666346646933077864e+03 9.982824744454418919e+01
8.666546654933239552e+03 9.535001822591510745e+01
8.666746662933397602e+03 1.017554116319567754e+02
8.666946670933559290e+03 9.225319167874133086e+01
8.667146678933717340e+03 9.135283678264735840e+01
8.667346686933879027e+03 9.696611135215607646e+01
8.667546694934038896e+03 9.901427240425773846e+01
8.667746702934198765e+03 9.961515309732600088e+01
8.667946710934358634e+03 8.542281059032508495e+01
8.668146718934518503e+03 9.869062478799727955e+01
8.668346726934678372e+03 1.091814469120708964e+02
8.668546734934838241e+03 1.025606611590111186e+02
8.668746742934996291e+03 1.027469323520839737e+02
8.668946750935157979e+03 9.487816132636918098e+01
8.669146758935316029e+03 1.006105627058267231e+02
8.669346766935477717e+03 1.026737680687269005e+02
8.669546774935639405e+03 1.062736958381280772e+02
8.669746782935797455e+03 9.711869659431800983e+01
8.669946790935959143e+03 1.012366574153851673e+02
8.670146798936117193e+03 1.021189696530615976e+02
8.670346806936278881e+03 9.960524193558261175e+01
8.670546814936438750e+03 1.019660963589056166e+02
8.670746822936598619e+03 9.729959060439787777e+01
8.670946830936758488e+03 9.727986883836736354e+01
8.671146838936918357e+03 9.941696446163938106e+01
8.671346846937078226e+03 1.039434531129446242e+02
8.671546854937239914e+03 9.463518608858565528e+01
8.671746862937397964e+03 9.828709083467906282e+01
8.671946870937559652e+03 1.001593225543351338e+02
8.672146878937717702e+03 9.156963124458320635e+01
8.672346886937879390e+03 9.672212991845147201e+01
8.672546894938039259e+03 9.381423304450170519e+01
8.672746902938199128e+03 9.557563730897356891e+01
8.672946910938358997e+03 9.844125222279174636e+01
8.673146918938518866e+03 9.812684599374834704e+01
8.673346926938678735e+03 9.934621851046934182e+01
8.673546934938840423e+03 9.796285830251677851e+01
8.673746942938998473e+03 1.040411986657441474e+02
8.673946950939160160e+03 9.971533662845648394e+01
8.674146958939316391e+03 1.118649075968925217e+02
8.674346966939478079e+03 1.038791159826891999e+02
8.674546974939637948e+03 1.012643881356459445e+02
8.674746982939797817e+03 9.734759952489336854e+01
8.674946990939957686e+03 8.963172969303364823e+01
8.675146998940117555e+03 8.437483419967018961e+01
8.675347006940277424e+03 8.422295672504725417e+01
8.675547014940439112e+03 9.325837891673859303e+01
8.675747022940597162e+03 8.690542243925385435e+01
8.675947030940758850e+03 1.006290861955799585e+02
8.676147038940916900e+03 9.364133531355442130e+01
8.676347046941078588e+03 9.378666137471965669e+01
8.676547054941238457e+03 1.005403578881312114e+02
8.676747062941398326e+03 1.027155412584362324e+02
8.676947070941558195e+03 9.507846748453135888e+01
8.677147078941718064e+03 9.838482941721164821e+01
8.677347086941877933e+03 9.737682019257330523e+01
8.677547094942039621e+03 1.083471288498499803e+02
8.677747102942197671e+03 9.847297527043291154e+01
8.677947110942359359e+03 1.063018671183210984e+02
8.678147118942517409e+03 1.011205046299046444e+02
8.678347126942679097e+03 1.017965079836631475e+02
8.678547134942840785e+03 9.620931036452201113e+01
8.678747142942998835e+03 1.037437637875063814e+02
8.678947150943160523e+03 1.013610886480909130e+02
8.679147158943318573e+03 1.034784091711557892e+02
8.679347166943480261e+03 1.013971867961900557e+02
8.679547174943640130e+03 9.581968853749138759e+01
8.679747182943798180e+03 9.926517333397463005e+01
8.679947190943958049e+03 1.014325156326080872e+02
8.680147198944117918e+03 9.835870062087539623e+01
8.680347206944277787e+03 9.473911292669308182e+01
8.680547214944439474e+03 9.246456325485327454e+01
8.680747222944597524e+03 9.739888978507954675e+01
8.680947230944759212e+03 9.841321848256581006e+01
8.681147238944917262e+03 1.016487946952460248e+02
8.681347246945078950e+03 1.026410519883778392e+02
8.681547254945238819e+03 9.987056353659076535e+01
8.681747262945398688e+03 9.306355206015690840e+01
8.681947270945558557e+03 9.302643165618908938e+01
8.682147278945718426e+03 1.001303105225452583e+02
8.682347286945878295e+03 1.015480281440899120e+02
8.682547294946039983e+03 9.348057666085870210e+01
8.682747302946198033e+03 9.601955026414498207e+01
8.682947310946359721e+03 9.312458441390029407e+01
8.683147318946517771e+03 1.020739925098321237e+02
8.683347326946679459e+03 9.236509761069174829e+01
8.683547334946839328e+03 9.862234885921716909e+01
8.683747342946999197e+03 1.017901789372152876e+02
8.683947350947159066e+03 9.112286466406864349e+01
8.684147358947318935e+03 1.005833225778224005e+02
8.684347366947478804e+03 1.011990065377388817e+02
8.684547374947640492e+03 8.987718765019751288e+01
8.684747382947798542e+03 1.077006956736783962e+02
8.684947390947960230e+03 9.915512365096758174e+01
8.685147398948118280e+03 9.694147889019136244e+01
8.685347406948279968e+03 1.032391022424668421e+02
8.685547414948438018e+03 9.865141883373173926e+01
8.685747422948597887e+03 9.890002422113676062e+01
8.685947430948757756e+03 9.931663713705825103e+01
8.686147438948917625e+03 9.951234790439494304e+01
8.686347446949077494e+03 1.082016484045144864e+02
8.686547454949239182e+03 1.016781639128456476e+02
8.686747462949397232e+03 1.029564610695533702e+02
8.686947470949558920e+03 1.002603957444552805e+02
8.687147478949716970e+03 9.660069541162899043e+01
8.687347486949878657e+03 1.087018998219175359e+02
8.687547494950040345e+03 1.026775077634120663e+02
8.687747502950198395e+03 1.069735513061679910e+02
8.687947510950360083e+03 9.540923650458802285e+01
8.688147518950518133e+03 9.314703136649731618e+01
8.688347526950679821e+03 8.794346827511151332e+01
8.688547534950839690e+03 8.414475864410083261e+01
8.688747542950999559e+03 7.401464871017810765e+01
8.688947550951159428e+03 7.184665850418974742e+01
8.689147558951319297e+03 7.949577787112711746e+01
8.689347566951479166e+03 8.358220486411057948e+01
8.689547574951640854e+03 9.562162019534900992e+01
8.689747582951798904e+03 9.433987498782703085e+01
8.689947590951960592e+03 1.021487031387079440e+02
8.690147598952118642e+03 9.830536631020106597e+01
8.690347606952280330e+03 9.943217387955829167e+01
8.690547614952440199e+03 1.086384541129699528e+02
8.690747622952600068e+03 1.014769608268642855e+02
8.690947630952759937e+03 1.027270972321146019e+02
8.691147638952917987e+03 1.019520216869154154e+02
8.691347646953077856e+03 1.000639374281429923e+02
8.691547654953239544e+03 1.016806287806398785e+02
8.691747662953397594e+03 9.430683089377677675e+01
8.691947670953559282e+03 1.015076810670593090e+02
8.692147678953717332e+03 9.688193071154701386e+01
8.692347686953879020e+03 1.011602979748237061e+02
8.692547694954038889e+03 1.038595760500812730e+02
8.692747702954198758e+03 1.019011088123764353e+02
8.692947710954358627e+03 1.017941976166063967e+02
8.693147718954518496e+03 1.001736229607490571e+02
8.693347726954678365e+03 1.033999272352557739e+02
8.693547734954840053e+03 9.959525924785799589e+01
8.693747742954998103e+03 9.959178992927914464e+01
8.693947750955159790e+03 1.007058095220845075e+02
8.694147758955317840e+03 1.052671760256161804e+02
8.694347766955479528e+03 9.418853212433124611e+01
8.694547774955639397e+03 1.040772671780240444e+02
8.694747782955799266e+03 1.024262909182455843e+02
8.694947790955959135e+03 9.577911816814231827e+01
8.695147798956119004e+03 9.749735027037714019e+01
8.695347806956278873e+03 1.006387821923146078e+02
8.695547814956440561e+03 9.287990403820688812e+01
8.695747822956598611e+03 9.635566444690645937e+01
8.695947830956760299e+03 9.608492851242046129e+01
8.696147838956918349e+03 9.744483056148169453e+01
8.696347846957080037e+03 9.814905258747245398e+01
8.696547854957241725e+03 9.603022686405707020e+01
8.696747862957397956e+03 9.937741421378817108e+01
8.696947870957559644e+03 1.018140806728051615e+02
8.697147878957717694e+03 1.007688909576980194e+02
8.697347886957879382e+03 9.845521823812040907e+01
8.697547894958039251e+03 1.051201669314715446e+02
8.697747902958199120e+03 1.000865578374780540e+02
8.697947910958358989e+03 9.788430662380204694e+01
8.698147918958518858e+03 9.699406221620651536e+01
8.698347926958678727e+03 1.040694599204945519e+02
8.698547934958840415e+03 1.078490932285158834e+02
8.698747942958998465e+03 9.955999625111044793e+01
8.698947950959160153e+03 9.622280399635442905e+01
8.699147958959318203e+03 1.001950291765775631e+02
8.699347966959479891e+03 9.545847760824861439e+01
8.699547974959639760e+03 9.990802859467326869e+01
8.699747982959799629e+03 9.521920986380884244e+01
8.699947990959959498e+03 9.676628019788321922e+01
8.700147998960119367e+03 9.342452694834442184e+01
8.700348006960279235e+03 9.390273367697218987e+01
8.700548014960440923e+03 1.018334097342511484e+02
8.700748022960598973e+03 1.019676943337706092e+02
8.700948030960760661e+03 9.807820432585312176e+01
8.701148038960918711e+03 9.707137359574883817e+01
8.701348046961080399e+03 1.006901990840670891e+02
8.701548054961240268e+03 9.443390392571150471e+01
8.701748062961400137e+03 9.526362371381350158e+01
8.701948070961560006e+03 9.727864954737144387e+01
8.702148078961719875e+03 9.839907488834089122e+01
8.702348086961877925e+03 1.055773163838087783e+02
8.702548094962039613e+03 1.036904801691676994e+02
8.702748102962197663e+03 1.016521176511881066e+02
8.702948110962359351e+03 1.012767014383368718e+02
8.703148118962517401e+03 9.776243117263892657e+01
8.703348126962679089e+03 1.008254149113373757e+02
8.703548134962838958e+03 1.013522337835266427e+02
8.703748142962998827e+03 1.016591643736275046e+02
8.703948150963158696e+03 9.853970547460436080e+01
8.704148158963318565e+03 1.013808450566049828e+02
8.704348166963478434e+03 1.034336616786473400e+02
8.704548174963640122e+03 9.461077908889890864e+01
8.704748182963798172e+03 1.034518643656131758e+02
8.704948190963959860e+03 1.000337984143817351e+02
8.705148198964117910e+03 1.011043045656161610e+02
8.705348206964279598e+03 1.029555726915896798e+02
8.705548214964441286e+03 9.996138168516868916e+01
8.705748222964599336e+03 9.776348281161608611e+01
8.705948230964761024e+03 9.878907407538758889e+01
8.706148238964919074e+03 1.041255964249839110e+02
8.706348246965080762e+03 1.017716885426411011e+02
8.706548254965240631e+03 1.010130690186269931e+02
8.706748262965400500e+03 9.733373422077957571e+01
8.706948270965560368e+03 9.924895285777667198e+01
8.707148278965720237e+03 9.718430678327858629e+01
8.707348286965880106e+03 9.363771444208043704e+01
8.707548294966041794e+03 9.918605696136771144e+01
8.707748302966199844e+03 9.598950909694590905e+01
8.707948310966359713e+03 9.694627733593927132e+01
8.708148318966517763e+03 1.006847649829728510e+02
8.708348326966679451e+03 9.680432501317953609e+01
8.708548334966839320e+03 9.921015541404931071e+01
8.708748342966999189e+03 1.034889328825057362e+02
8.708948350967159058e+03 9.548176173103448150e+01
8.709148358967318927e+03 1.021930484126778822e+02
8.709348366967478796e+03 1.018581602959545904e+02
8.709548374967640484e+03 1.029971420982733719e+02
8.709748382967798534e+03 9.938668542687784679e+01
8.709948390967960222e+03 9.921861051185810254e+01
8.710148398968118272e+03 1.009070391579809467e+02
8.710348406968279960e+03 9.623482965816285173e+01
8.710548414968439829e+03 9.673537766099617841e+01
8.710748422968599698e+03 9.289028027214111205e+01
8.710948430968759567e+03 1.018611794830891313e+02
8.711148438968919436e+03 1.004968015105033032e+02
8.711348446969079305e+03 9.985914666450925381e+01
8.711548454969240993e+03 1.014306768833376395e+02
8.711748462969399043e+03 9.942113214432029622e+01
8.711948470969560731e+03 1.006170660846483571e+02
8.712148478969718781e+03 9.448371206533626321e+01
8.712348486969880469e+03 9.181057674541305857e+01
8.712548494970040338e+03 9.807090837635422531e+01
8.712748502970200207e+03 9.725205575340032738e+01
8.712948510970360076e+03 9.943961400124567263e+01
8.713148518970519945e+03 9.384465109920590464e+01
8.713348526970679814e+03 9.275642218887080048e+01
8.713548534970839683e+03 9.768847538039089784e+01
8.713748542970997732e+03 9.431057825014056561e+01
8.713948550971159420e+03 1.041666770251501077e+02
8.714148558971317470e+03 9.523560721605979040e+01
8.714348566971479158e+03 9.901999524601886549e+01
8.714548574971640846e+03 1.022051596002109051e+02
8.714748582971798896e+03 1.033201787357175618e+02
8.714948590971960584e+03 1.095384612468102290e+02
8.715148598972118634e+03 9.802163475640716683e+01
8.715348606972280322e+03 1.023565028526726337e+02
8.715548614972440191e+03 9.803881346548953957e+01
8.715748622972600060e+03 1.054224341565078760e+02
8.715948630972759929e+03 9.497738763934204087e+01
8.716148638972919798e+03 9.900112395845991387e+01
8.716348646973079667e+03 9.838286863217692257e+01
8.716548654973241355e+03 9.628166781887613013e+01
8.716748662973399405e+03 1.023040162675191880e+02
8.716948670973561093e+03 1.014818577845422709e+02
8.717148678973719143e+03 9.647325012968357782e+01
8.717348686973880831e+03 9.929678697773498186e+01
8.717548694974040700e+03 1.013391878009460214e+02
8.717748702974200569e+03 1.006366169040423699e+02
8.717948710974360438e+03 1.009770440260763564e+02
8.718148718974520307e+03 9.544151072568740801e+01
8.718348726974680176e+03 1.016721245765560582e+02
8.718548734974841864e+03 1.047276681131821761e+02
8.718748742974999914e+03 1.023685316614772773e+02
8.718948750975161602e+03 1.030356318946689385e+02
8.719148758975317833e+03 1.021248897815611940e+02
8.719348766975479521e+03 9.620511004505171115e+01
8.719548774975639390e+03 1.005053130971438407e+02
8.719748782975799259e+03 9.652505177637549139e+01
8.719948790975959128e+03 1.033430860791042250e+02
8.720148798976118997e+03 9.262015286441598505e+01
8.720348806976278865e+03 1.059469257210960365e+02
8.720548814976440553e+03 1.043280129247301034e+02
8.720748822976598603e+03 9.755195376556412157e+01
8.720948830976760291e+03 1.008486093804243495e+02
8.721148838976918341e+03 1.032132757686523092e+02
8.721348846977080029e+03 1.033785944130931398e+02
8.721548854977239898e+03 1.000250133528818282e+02
8.721748862977399767e+03 1.058834154065752386e+02
8.721948870977559636e+03 1.074457281364980048e+02
8.722148878977719505e+03 1.060306645144650588e+02
8.722348886977879374e+03 9.596464586675004682e+01
8.722548894978041062e+03 9.717830857199656691e+01
8.722748902978199112e+03 1.028975753604316878e+02
8.722948910978360800e+03 9.877419429941761564e+01
8.723148918978518850e+03 9.998169332301360157e+01
8.723348926978680538e+03 1.035119864021520613e+02
8.723548934978842226e+03 1.051512868622975390e+02
8.723748942979000276e+03 1.056441738921262754e+02
8.723948950979161964e+03 1.059756152977508918e+02
8.724148958979320014e+03 1.016054574387878375e+02
8.724348966979481702e+03 9.983610642365516696e+01
8.724548974979641571e+03 9.969730840264050187e+01
8.724748982979799621e+03 1.015390028555939210e+02
8.724948990979959490e+03 9.890407612472017718e+01
8.725148998980119359e+03 8.885138613133273111e+01
8.725349006980279228e+03 1.042772649624505448e+02
8.725549014980440916e+03 9.742059646396005235e+01
8.725749022980598966e+03 1.043571539042779222e+02
8.725949030980760654e+03 9.823663470274696863e+01
8.726149038980918704e+03 9.667129432458834515e+01
8.726349046981080392e+03 1.007674140762624546e+02
8.726549054981240261e+03 1.048643911496006211e+02
8.726749062981400130e+03 9.617248344001819760e+01
8.726949070981559998e+03 1.020986862621822269e+02
8.727149078981719867e+03 9.753305905326106995e+01
8.727349086981879736e+03 1.013602966218565484e+02
8.727549094982041424e+03 9.952643517125910932e+01
8.727749102982199474e+03 1.003967341686172716e+02
8.727949110982361162e+03 9.664506215801444000e+01
8.728149118982519212e+03 9.941152103564269282e+01
8.728349126982680900e+03 9.657861602129258927e+01
8.728549134982840769e+03 9.644762726781469553e+01
8.728749142983000638e+03 9.684816459749085027e+01
8.728949150983160507e+03 9.913843303140211560e+01
8.729149158983320376e+03 8.646732401413173363e+01
8.729349166983480245e+03 1.003247043709300925e+02
8.729549174983641933e+03 1.009586255046157959e+02
8.729749182983799983e+03 1.102561398929110084e+02
8.729949190983961671e+03 1.005601834059971367e+02
8.730149198984119721e+03 9.653853781258338529e+01
8.730349206984281409e+03 1.015629956490263908e+02
