8.485584505504813933e+03 9.880742953710036147e+01
8.485784637214850591e+03 1.005950108304300414e+02
8.485984768924885429e+03 9.917297877738101874e+01
8.486184900634922087e+03 9.880580504447263479e+01
8.486385032344955107e+03 9.842011478572003114e+01
8.486585164054991765e+03 1.010978538735673737e+02
8.486785295765028422e+03 9.872539503942262229e+01
8.486985427475063261e+03 9.546656033040976297e+01
8.487185559185098100e+03 9.736319858423561868e+01
8.487385690895134758e+03 8.869628829745718690e+01
8.487585822605169596e+03 9.550443102523583150e+01
8.487785954315206254e+03 9.391488196278140776e+01
8.487986086025239274e+03 8.834720714314943280e+01
8.488186217735277751e+03 9.505872256752778071e+01
8.488386349445310771e+03 1.008532016613187778e+02
8.488586481155347428e+03 9.816271983861172146e+01
8.488786612865382267e+03 9.490397288886003935e+01
8.488986744575418925e+03 1.009297035805733600e+02
8.489186876285453764e+03 9.931605431278266849e+01
8.489387007995488602e+03 9.875845920986745341e+01
8.489587139705523441e+03 1.022109325043141439e+02
8.489787271415561918e+03 1.016647197989073561e+02
8.489987403125594938e+03 9.835729558130172734e+01
8.490187534835631595e+03 9.938546482384944625e+01
8.490387666545666434e+03 9.713721680063818553e+01
8.490587798255703092e+03 1.005360714447676713e+02
8.490787929965737931e+03 1.001733114260217974e+02
8.490988061675772769e+03 1.005562068451511237e+02
8.491188193385809427e+03 1.026613267293200522e+02
8.491388325095844266e+03 1.010101593122801091e+02
8.491588456805879105e+03 1.002351023236407741e+02
8.491788588515915762e+03 1.030226025881374312e+02
8.491988720225950601e+03 1.006379342297331903e+02
8.492188851935987259e+03 9.802926864134327900e+01
8.492388983646020279e+03 9.981173137816166729e+01
8.492589115356056936e+03 9.749645139808798433e+01
8.492789247066093594e+03 1.031573693980427322e+02
8.492989378776128433e+03 9.636055248870012235e+01
8.493189510486163272e+03 9.494176469572609278e+01
8.493389642196196291e+03 9.882036255379223633e+01
8.493589773906234768e+03 9.726266253495668934e+01
8.493789905616269607e+03 9.987264877958911313e+01
8.493990037326304446e+03 9.650571552083789584e+01
8.494190169036341103e+03 9.178405344832877688e+01
8.494390300746375942e+03 1.032617637366441556e+02
8.494590432456410781e+03 9.413444979580181382e+01
8.494790564166447439e+03 9.709380721457658581e+01
8.494990695876482278e+03 1.037178605103594862e+02
8.495190827586518935e+03 1.029870808300783835e+02
8.495390959296551955e+03 9.781356671797460933e+01
8.495591091006588613e+03 9.698931393779321297e+01
8.495791222716625271e+03 1.021670497089520211e+02
8.495991354426660109e+03 9.828722490749831309e+01
8.496191486136694948e+03 9.843730313693758660e+01
8.496391617846729787e+03 9.869777639558846261e+01
8.496591749556766445e+03 1.037591382384450469e+02
8.496791881266803102e+03 9.603029188614458178e+01
8.496992012976836122e+03 9.858791090448502814e+01
8.497192144686872780e+03 9.567153621943371888e+01
8.497392276396907619e+03 9.758828448781289921e+01
8.497592408106944276e+03 9.851692659343298430e+01
8.497792539816979115e+03 9.386921033634705225e+01
8.497992671527015773e+03 9.445241947673761729e+01
8.498192803237050612e+03 9.728394161251841865e+01
8.498392934947085450e+03 9.622410383173695436e+01
8.498593066657120289e+03 9.822127360913142979e+01
8.498793198367158766e+03 1.024730307427152809e+02
8.498993330077191786e+03 9.739196924318434867e+01
8.499193461787228443e+03 9.776787699184707492e+01
8.499393593497261463e+03 9.435983874605851440e+01
8.499593725207299940e+03 9.691921854821406157e+01
8.499793856917334779e+03 9.388335891419455947e+01
8.499993988627369617e+03 9.660717265644898077e+01
8.500194120337404456e+03 9.783418998920481613e+01
8.500394252047441114e+03 9.681459394905758131e+01
8.500594383757475953e+03 9.474375573689383145e+01
8.500794515467512610e+03 9.434263073092947138e+01
8.500994647177545630e+03 8.783570101499256566e+01
8.501194778887584107e+03 9.172728784167432536e+01
8.501394910597617127e+03 8.691322350715151401e+01
8.501595042307653785e+03 8.857976478284751920e+01
8.501795174017690442e+03 9.032342079197323415e+01
8.501995305727725281e+03 8.646186228649409600e+01
8.502195437437760120e+03 7.869833126105659460e+01
8.502395569147794959e+03 7.465755094850335638e+01
8.502595700857831616e+03 6.673666913936651213e+01
8.502795832567868274e+03 6.036995333549825204e+01
8.502995964277901294e+03 5.933646537928876086e+01
8.503196095987937952e+03 5.531408247279082246e+01
8.503396227697972790e+03 4.644110700101131783e+01
8.503596359408009448e+03 3.865293835703099035e+01
8.503796491118044287e+03 4.619976132367622768e+01
8.503996622828079126e+03 5.354877462295429069e+01
8.504196754538115783e+03 5.595503274923679271e+01
8.504396886248150622e+03 6.666245160078662479e+01
8.504597017958185461e+03 7.336183559859121317e+01
8.504797149668222119e+03 7.704994041439135799e+01
8.504997281378256957e+03 8.603243898202893547e+01
8.505197413088293615e+03 8.354592024537579675e+01
8.505397544798326635e+03 8.841967151895177324e+01
8.505597676508365112e+03 8.802964198195057577e+01
8.505797808218399950e+03 9.350066761049377817e+01
8.505997939928434789e+03 9.133388901384805081e+01
8.506198071638469628e+03 9.063016360648867931e+01
8.506398203348506286e+03 9.457523391042390415e+01
8.506598335058541124e+03 9.474819084844870076e+01
8.506798466768577782e+03 9.579090051899072478e+01
8.506998598478610802e+03 9.122102541401469011e+01
8.507198730188649279e+03 8.547123438270753581e+01
8.507398861898682298e+03 8.404686897526605094e+01
8.507598993608718956e+03 8.697224251288133701e+01
8.507799125318753795e+03 8.482099961468564686e+01
8.507999257028790453e+03 8.608674758062726085e+01
8.508199388738825292e+03 8.786325110257340043e+01
8.508399520448860130e+03 8.964035334956810175e+01
8.508599652158894969e+03 9.526568108409949787e+01
8.508799783868933446e+03 9.606776387268428152e+01
8.508999915578966466e+03 9.723580945887577798e+01
8.509200047289003123e+03 9.577680916468889905e+01
8.509400178999037962e+03 9.684607048205977264e+01
8.509600310709074620e+03 9.385886347336129631e+01
8.509800442419109459e+03 9.925399361847269120e+01
8.510000574129144297e+03 9.541664345665097358e+01
8.510200705839180955e+03 9.551738607237180645e+01
8.510400837549215794e+03 9.726927106565260317e+01
8.510600969259250633e+03 1.018986386737473993e+02
8.510801100969287290e+03 9.905780003771863562e+01
8.511001232679322129e+03 9.808724081504153958e+01
8.511201364389358787e+03 9.793284478074636468e+01
8.511401496099391807e+03 9.871069965056454976e+01
8.511601627809428464e+03 9.892525944672108551e+01
8.511801759519465122e+03 1.012401870678757660e+02
8.512001891229499961e+03 9.481231124270107102e+01
8.512202022939534800e+03 9.963943134430806481e+01
8.512402154649569638e+03 9.680501338178213189e+01
8.512602286359606296e+03 9.392945057436485001e+01
8.512802418069642954e+03 1.013010105785576798e+02
8.513002549779675974e+03 9.885269308416923195e+01
8.513202681489714450e+03 9.576311401767492271e+01
8.513402813199747470e+03 9.866307570593400555e+01
8.513602944909784128e+03 1.018157129740607161e+02
8.513803076619818967e+03 9.833651281116706855e+01
8.514003208329855624e+03 9.962784865014587865e+01
8.514203340039890463e+03 9.292663885888498498e+01
8.514403471749923483e+03 9.829577763053701744e+01
8.514603603459960141e+03 9.289316135315969802e+01
8.514803735169996799e+03 9.817260101266793981e+01
8.515003866880031637e+03 9.583652124056420973e+01
8.515203998590066476e+03 9.824762972825561747e+01
8.515404130300101315e+03 9.849919567408953469e+01
8.515604262010137973e+03 1.012206129636041396e+02
8.515804393720174630e+03 9.561059016176866976e+01
8.516004525430207650e+03 9.820986246017434951e+01
8.516204657140244308e+03 9.768418016264368475e+01
8.516404788850279147e+03 9.798032244966661608e+01
8.516604920560315804e+03 1.004078828826711742e+02
8.516805052270350643e+03 9.321841174978361266e+01
8.517005183980387301e+03 9.716632474232838490e+01
8.517205315690422140e+03 1.005679940460019992e+02
8.517405447400456978e+03 1.019461427753658569e+02
8.517605579110491817e+03 9.889297700498902088e+01
8.517805710820530294e+03 9.989526768861773576e+01
8.518005842530563314e+03 9.903945808414304963e+01
8.518205974240599971e+03 1.008250857292233604e+02
8.518406105950632991e+03 9.990335078451768425e+01
8.518606237660671468e+03 9.819488972901476131e+01
8.518806369370706307e+03 1.005805885095280132e+02
8.519006501080741145e+03 9.617079398658657396e+01
8.519206632790775984e+03 9.148547795070894040e+01
8.519406764500812642e+03 8.474704307650615931e+01
8.519606896210847481e+03 8.123597079342462735e+01
8.519807027920884138e+03 8.014461374057583498e+01
8.520007159630917158e+03 8.340343318385255600e+01
8.520207291340955635e+03 8.798726674732643005e+01
8.520407423050988655e+03 9.200226567899881047e+01
8.520607554761025312e+03 9.193357351754038120e+01
8.520807686471061970e+03 9.933550110077068496e+01
8.521007818181096809e+03 9.366319776564544952e+01
8.521207949891131648e+03 9.737930109723974681e+01
8.521408081601166487e+03 9.968185437202616583e+01
8.521608213311203144e+03 9.914869942198978947e+01
8.521808345021239802e+03 9.954822886582617514e+01
8.522008476731272822e+03 9.641873891660441132e+01
8.522208608441309480e+03 9.760198034622986540e+01
8.522408740151344318e+03 9.509084061537488708e+01
8.522608871861380976e+03 9.489360323617249549e+01
8.522809003571415815e+03 9.697480070787366913e+01
8.523009135281450654e+03 9.927349344094429284e+01
8.523209266991487311e+03 9.444901153573835018e+01
8.523409398701522150e+03 9.702816515155750210e+01
8.523609530411556989e+03 9.618789427970263262e+01
8.523809662121593647e+03 1.011036124063322461e+02
8.524009793831628485e+03 9.592103815569555536e+01
8.524209925541665143e+03 1.000688375669151213e+02
8.524410057251698163e+03 9.574267963989659336e+01
8.524610188961736640e+03 9.511403662179277774e+01
8.524810320671771478e+03 9.617020862685610894e+01
8.525010452381806317e+03 1.015487187524768302e+02
8.525210584091841156e+03 9.911289689465165509e+01
8.525410715801877814e+03 1.025304829800477222e+02
8.525610847511912652e+03 1.029177797262455272e+02
8.525810979221949310e+03 9.466693008964816158e+01
8.526011110931982330e+03 1.018640113911744294e+02
8.526211242642020807e+03 9.754770738444378253e+01
8.526411374352053826e+03 9.499533289253160717e+01
8.526611506062090484e+03 1.048402680195119530e+02
8.526811637772125323e+03 9.849480148668224899e+01
8.527011769482161981e+03 9.227749087437707942e+01
8.527211901192196819e+03 9.542664189890250270e+01
8.527412032902231658e+03 9.919863857828589460e+01
8.527612164612266497e+03 1.027902969034792022e+02
8.527812296322304974e+03 9.757897219665753141e+01
8.528012428032337993e+03 1.012043531305812110e+02
8.528212559742374651e+03 9.904636509328321381e+01
8.528412691452409490e+03 9.960412355991903155e+01
8.528612823162446148e+03 9.738432715925402761e+01
8.528812954872480987e+03 9.878224391338862631e+01
8.529013086582515825e+03 9.556126772094134481e+01
8.529213218292552483e+03 9.797800718284435106e+01
8.529413350002587322e+03 9.571174367217375334e+01
8.529613481712622161e+03 9.696068262709783880e+01
8.529813613422658818e+03 9.849528278057245245e+01
8.530013745132693657e+03 1.051583391297322123e+02
8.530213876842730315e+03 1.015433242576679902e+02
8.530414008552763335e+03 9.565293514043676737e+01
8.530614140262799992e+03 9.710507407121997403e+01
8.530814271972836650e+03 1.007798529758303374e+02
8.531014403682871489e+03 9.814060269411970694e+01
8.531214535392906328e+03 9.508034567026361117e+01
8.531414667102941166e+03 9.900976274744598982e+01
8.531614798812977824e+03 9.911761595833597482e+01
8.531814930523014482e+03 9.712377609097735842e+01
8.532015062233047502e+03 9.122523274792365555e+01
8.532215193943085978e+03 9.250281383515273603e+01
8.532415325653118998e+03 8.764582008680980607e+01
8.532615457363155656e+03 8.790257736859273052e+01
8.532815589073190495e+03 9.083381847297773959e+01
8.533015720783227152e+03 8.414014595429175358e+01
8.533215852493261991e+03 8.929542441227778227e+01
8.533415984203296830e+03 9.452078939437151917e+01
8.533616115913331669e+03 9.481283543351186438e+01
8.533816247623370145e+03 9.503779082763921338e+01
8.534016379333403165e+03 9.452282258450179597e+01
8.534216511043439823e+03 9.972204549149152797e+01
8.534416642753472843e+03 9.636226726836403600e+01
8.534616774463511319e+03 9.967679980036402299e+01
8.534816906173546158e+03 1.002801223686059728e+02
8.535017037883580997e+03 9.332119877973028110e+01
8.535217169593615836e+03 9.869060902506835475e+01
8.535417301303652494e+03 9.736875867280313912e+01
8.535617433013687332e+03 9.519095690246439290e+01
8.535817564723722171e+03 9.598612079038542788e+01
8.536017696433758829e+03 9.945896780351590394e+01
8.536217828143793668e+03 1.011788872680390483e+02
8.536417959853828506e+03 9.381343454446981411e+01
8.536618091563863345e+03 9.431656539376827197e+01
8.536818223273901822e+03 9.215436141488279986e+01
8.537018354983934842e+03 9.760240183744537035e+01
8.537218486693971499e+03 9.589438187358496180e+01
8.537418618404004519e+03 9.454754914515839914e+01
8.537618750114042996e+03 9.885129738610383754e+01
8.537818881824077835e+03 1.006053687334243705e+02
8.538019013534112673e+03 9.474170678724323125e+01
8.538219145244147512e+03 9.667794535087513452e+01
8.538419276954184170e+03 9.629416028955280638e+01
8.538619408664219009e+03 9.822145611748133831e+01
8.538819540374255666e+03 9.550009290064116385e+01
8.539019672084288686e+03 9.823371252430965228e+01
8.539219803794327163e+03 9.027191066134494690e+01
8.539419935504360183e+03 9.970424879670400742e+01
8.539620067214396840e+03 9.613888028171746214e+01
8.539820198924433498e+03 9.152070065459274417e+01
8.540020330634468337e+03 9.434730270131925067e+01
8.540220462344503176e+03 9.539358415617083153e+01
8.540420594054538014e+03 9.219541180091060539e+01
8.540620725764574672e+03 9.477625409019819358e+01
8.540820857474611330e+03 8.817917582474271398e+01
8.541020989184644350e+03 9.323121298702336901e+01
8.541221120894681007e+03 9.378338842201398506e+01
8.541421252604715846e+03 9.237148302148855805e+01
8.541621384314752504e+03 8.504177850213810075e+01
8.541821516024787343e+03 8.341837611454866419e+01
8.542021647734822182e+03 8.431402205471064804e+01
8.542221779444858839e+03 8.915691978427724962e+01
8.542421911154893678e+03 8.660988852093821322e+01
8.542622042864928517e+03 8.628711784152073960e+01
8.542822174574965175e+03 8.725686651086488155e+01
8.543022306285000013e+03 9.190085754128024575e+01
8.543222437995036671e+03 8.393339695091162866e+01
8.543422569705069691e+03 8.304489296018975608e+01
8.543622701415108168e+03 8.359871427906911379e+01
8.543822833125143006e+03 8.323576790114964297e+01
8.544022964835177845e+03 8.109023432858454328e+01
8.544223096545212684e+03 7.938930672849262749e+01
8.544423228255249342e+03 8.182514374712349081e+01
8.544623359965284180e+03 7.971421646622509627e+01
8.544823491675320838e+03 7.604021953662365263e+01
8.545023623385353858e+03 7.419450633543522144e+01
8.545223755095392335e+03 7.444584312823600669e+01
8.545423886805425354e+03 7.448747795677179795e+01
8.545624018515462012e+03 6.880133835171803014e+01
8.545824150225496851e+03 6.604491565854966950e+01
8.546024281935533509e+03 6.332478471360490602e+01
8.546224413645568347e+03 6.059500431026616951e+01
8.546424545355603186e+03 6.146257736503481084e+01
8.546624677065638025e+03 6.065594555511543007e+01
8.546824808775676502e+03 5.526422647081074757e+01
8.547024940485709521e+03 5.086788668222796161e+01
8.547225072195746179e+03 3.991423077093602245e+01
8.547425203905781018e+03 3.611166953745663477e+01
8.547625335615817676e+03 3.537398216846627719e+01
8.547825467325852514e+03 3.433842679989167834e+01
8.548025599035887353e+03 4.095981771521022097e+01
8.548225730745924011e+03 4.139871243601561446e+01
8.548425862455958850e+03 5.273153214743928174e+01
8.548625994165993689e+03 5.014234408038433344e+01
8.548826125876030346e+03 5.666787831499807737e+01
8.549026257586065185e+03 5.984937702771073020e+01
8.549226389296101843e+03 6.178233590187804936e+01
8.549426521006134863e+03 6.322250346526028153e+01
8.549626652716171520e+03 6.646754550129848838e+01
8.549826784426208178e+03 7.057738571021133112e+01
8.550026916136243017e+03 7.326074570315621770e+01
8.550227047846277856e+03 7.110407987421857001e+01
8.550427179556312694e+03 7.158140934935805433e+01
8.550627311266349352e+03 7.352644867911466520e+01
8.550827442976386010e+03 7.743296894571584232e+01
8.551027574686419030e+03 7.697284624497206096e+01
8.551227706396457506e+03 7.910413702921967172e+01
8.551427838106490526e+03 7.816224232556226070e+01
8.551627969816527184e+03 7.917570601219523496e+01
8.551828101526562023e+03 8.447364870857363428e+01
8.552028233236598680e+03 8.553054844626930731e+01
8.552228364946633519e+03 8.451752844081417493e+01
8.552428496656668358e+03 8.386787510799001666e+01
8.552628628366703197e+03 8.331004333770673043e+01
8.552828760076741673e+03 8.876572683243156803e+01
8.553028891786774693e+03 8.899237037813077222e+01
8.553229023496811351e+03 9.056206283195926687e+01
8.553429155206844371e+03 8.784802119110788965e+01
8.553629286916882847e+03 9.167790043131661548e+01
8.553829418626917686e+03 8.945041640074394707e+01
8.554029550336952525e+03 9.533213362091659349e+01
8.554229682046987364e+03 9.471032718724138988e+01
8.554429813757024021e+03 9.344139798389556972e+01
8.554629945467058860e+03 9.358212870952827700e+01
8.554830077177095518e+03 9.516895427599104096e+01
8.555030208887130357e+03 9.220327536550111347e+01
8.555230340597167014e+03 9.085059495495187321e+01
8.555430472307200034e+03 9.289263286770939487e+01
8.555630604017236692e+03 9.034105563034384545e+01
8.555830735727273350e+03 9.768497713434300067e+01
8.556030867437308189e+03 9.490516836163540404e+01
8.556230999147343027e+03 9.443484235108984137e+01
8.556431130857377866e+03 9.167042075866230277e+01
8.556631262567414524e+03 9.744597680607637358e+01
8.556831394277449363e+03 9.593653316390515329e+01
8.557031525987484201e+03 9.629136516823730574e+01
8.557231657697519040e+03 9.553099970748584724e+01
8.557431789407555698e+03 9.591072750317967177e+01
8.557631921117590537e+03 9.583201542982298804e+01
8.557832052827627194e+03 9.585745587141022384e+01
8.558032184537660214e+03 9.777564871396391766e+01
8.558232316247698691e+03 9.310991536786859513e+01
8.558432447957731711e+03 9.560784472669698175e+01
8.558632579667768368e+03 9.526503207045981014e+01
8.558832711377805026e+03 9.640724119982112938e+01
8.559032843087839865e+03 9.736564413427358033e+01
8.559232974797874704e+03 9.850555342948844384e+01
8.559433106507909542e+03 9.551166184468411302e+01
8.559633238217946200e+03 9.660236689931535636e+01
8.559833369927982858e+03 1.005345196074320171e+02
8.560033501638015878e+03 9.855840422200841999e+01
8.560233633348052535e+03 1.000533074258865440e+02
8.560433765058087374e+03 9.385163336634593634e+01
8.560633896768124032e+03 9.830255176794197780e+01
8.560834028478158871e+03 9.771217994468106838e+01
8.561034160188193709e+03 9.738911978958417137e+01
8.561234291898230367e+03 9.192019143373302370e+01
8.561434423608265206e+03 9.436987373092033238e+01
8.561634555318300045e+03 9.845944366156864191e+01
8.561834687028336702e+03 9.194750861713490053e+01
8.562034818738371541e+03 9.237830880872397188e+01
8.562234950448408199e+03 8.879878717005105671e+01
8.562435082158441219e+03 8.621783019897057443e+01
8.562635213868479696e+03 8.747985405142486570e+01
8.562835345578514534e+03 9.660069612273709083e+01
8.563035477288549373e+03 9.574958768698770939e+01
8.563235608998584212e+03 9.505297347166806787e+01
8.563435740708620870e+03 9.796270712495744704e+01
8.563635872418655708e+03 9.383072225028072921e+01
8.563836004128692366e+03 9.710559593221022112e+01
8.564036135838725386e+03 9.913306238843235008e+01
8.564236267548763863e+03 9.867598265747521680e+01
8.564436399258796882e+03 9.467754876454995383e+01
8.564636530968833540e+03 9.960188048072505751e+01
8.564836662678868379e+03 9.976663713782475895e+01
8.565036794388905037e+03 1.024117504179747868e+02
8.565236926098939875e+03 9.810508009148654196e+01
8.565437057808974714e+03 9.660010619891797035e+01
8.565637189519009553e+03 9.481632687894335731e+01
8.565837321229048030e+03 9.831804583365693873e+01
8.566037452939081049e+03 9.736813593836718894e+01
8.566237584649117707e+03 1.013160444268622058e+02
8.566437716359152546e+03 9.830422314685645802e+01
8.566637848069189204e+03 9.787487927369495821e+01
8.566837979779224042e+03 9.923370424269918999e+01
8.567038111489258881e+03 9.624508474438069072e+01
8.567238243199295539e+03 1.007553143074556488e+02
8.567438374909330378e+03 9.508753248556286053e+01
8.567638506619365216e+03 9.403986157779654320e+01
8.567838638329401874e+03 9.588909669642097811e+01
8.568038770039436713e+03 9.835329317232468327e+01
8.568238901749473371e+03 9.688303401894211220e+01
8.568439033459506390e+03 9.805620840522048809e+01
8.568639165169543048e+03 9.934764059721857166e+01
8.568839296879579706e+03 1.000963048888216633e+02
8.569039428589614545e+03 9.904458932385075798e+01
8.569239560299649384e+03 1.020207425916212571e+02
8.569439692009684222e+03 1.014004758106622290e+02
8.569639823719720880e+03 9.509226131712658514e+01
8.569839955429757538e+03 9.775348688347388304e+01
8.570040087139790558e+03 9.440548848163955142e+01
8.570240218849829034e+03 9.905326380040141032e+01
8.570440350559862054e+03 9.929562785298018923e+01
8.570640482269898712e+03 9.613559658556751231e+01
8.570840613979933551e+03 9.769491049015670114e+01
8.571040745689970208e+03 9.762372740979186858e+01
8.571240877400005047e+03 9.883123266464258450e+01
8.571441009110039886e+03 9.705683340721635943e+01
8.571641140820074725e+03 9.719421615955363336e+01
8.571841272530113201e+03 9.898091701903067019e+01
8.572041404240146221e+03 1.006966375948035193e+02
8.572241535950182879e+03 9.795258420902412411e+01
8.572441667660215899e+03 1.014981503316928695e+02
8.572641799370254375e+03 1.012174668576926990e+02
8.572841931080289214e+03 9.722372834540220765e+01
8.573042062790324053e+03 9.328777530874040735e+01
8.573242194500358892e+03 9.632581517634380930e+01
8.573442326210395549e+03 9.886417106280525502e+01
8.573642457920430388e+03 1.003960083983657654e+02
8.573842589630467046e+03 9.696889913180835663e+01
8.574042721340501885e+03 9.494359917850013630e+01
8.574242853050538542e+03 1.011436693108483098e+02
8.574442984760571562e+03 9.782743329397781906e+01
8.574643116470608220e+03 9.921348230961045545e+01
8.574843248180644878e+03 1.000450827163887340e+02
8.575043379890679716e+03 9.791235946789019806e+01
8.575243511600714555e+03 9.531532910773239564e+01
8.575443643310749394e+03 1.000923852642005869e+02
8.575643775020786052e+03 1.008572675894760806e+02
8.575843906730822710e+03 9.986780627436500879e+01
8.576044038440855729e+03 9.979178373660886336e+01
8.576244170150892387e+03 9.735121911569819986e+01
8.576444301860927226e+03 1.010716641452444264e+02
8.576644433570963884e+03 9.794517824009945173e+01
8.576844565280998722e+03 9.460140787666144035e+01
8.577044696991033561e+03 9.634075488437979118e+01
8.577244828701070219e+03 8.944433435907100716e+01
8.577444960411105058e+03 9.774969740404681318e+01
8.577645092121139896e+03 9.650618042978119604e+01
8.577845223831176554e+03 9.751604287217620026e+01
8.578045355541211393e+03 1.036449121447189867e+02
8.578245487251246232e+03 9.801278544022731865e+01
8.578445618961281070e+03 9.980822411993517562e+01
8.578645750671317728e+03 9.839913285716501434e+01
8.578845882381354386e+03 9.489149743450862218e+01
8.579046014091387406e+03 1.032568001778822406e+02
8.579246145801424063e+03 9.821087685724839389e+01
8.579446277511458902e+03 9.814727858884327816e+01
8.579646409221495560e+03 9.860184107697513411e+01
8.579846540931530399e+03 1.019844437022930634e+02
8.580046672641565237e+03 9.618736444942084063e+01
8.580246804351601895e+03 9.829695319987861524e+01
8.580446936061636734e+03 9.864532500541857019e+01
8.580647067771671573e+03 9.972603725358382576e+01
8.580847199481708230e+03 1.011713005236921958e+02
8.581047331191743069e+03 9.701596673929289238e+01
8.581247462901779727e+03 9.463022471441172456e+01
8.581447594611812747e+03 1.001490392114448440e+02
8.581647726321851223e+03 1.013352488173228636e+02
8.581847858031886062e+03 9.836607655136290873e+01
8.582047989741920901e+03 9.964265671875537578e+01
8.582248121451955740e+03 9.830840483769175364e+01
8.582448253161992398e+03 9.950592440849062825e+01
8.582648384872027236e+03 1.016241106475606699e+02
8.582848516582063894e+03 1.011931197824448958e+02
8.583048648292096914e+03 1.020221447622531201e+02
8.583248780002135391e+03 9.768796423138189766e+01
8.583448911712168410e+03 9.953614060297032040e+01
8.583649043422205068e+03 9.887629650529044056e+01
8.583849175132239907e+03 1.003347654609274429e+02
8.584049306842276565e+03 1.008788108764247653e+02
8.584249438552311403e+03 9.445786141621121601e+01
8.584449570262346242e+03 9.799501241596034617e+01
8.584649701972381081e+03 9.853676653583325162e+01
8.584849833682419558e+03 9.712789799507649491e+01
8.585049965392452577e+03 1.007080163641016952e+02
8.585250097102489235e+03 9.750300330689535144e+01
8.585450228812524074e+03 1.013438143184790619e+02
8.585650360522560732e+03 1.017275882079708111e+02
8.585850492232595570e+03 1.024530920573081971e+02
8.586050623942630409e+03 9.711100115076506256e+01
8.586250755652667067e+03 1.016363494538770880e+02
8.586450887362701906e+03 9.285626717867606317e+01
8.586651019072736744e+03 1.024955157783194295e+02
8.586851150782773402e+03 9.780413334022662752e+01
8.587051282492808241e+03 1.007639457850931990e+02
8.587251414202844899e+03 9.506577141148189014e+01
8.587451545912877918e+03 9.286857374288001665e+01
8.587651677622914576e+03 9.684852398541875118e+01
8.587851809332951234e+03 8.840229062366768176e+01
8.588051941042986073e+03 8.881254701314206557e+01
8.588252072753020911e+03 9.173512834632668955e+01
8.588452204463055750e+03 9.903732240876389881e+01
8.588652336173092408e+03 9.840678311945464429e+01
8.588852467883129066e+03 9.870606666176119859e+01
8.589052599593162086e+03 9.310032897794334872e+01
8.589252731303200562e+03 9.762153332753868540e+01
8.589452863013233582e+03 9.753179696498294504e+01
8.589652994723270240e+03 9.463980763439725763e+01
8.589853126433305079e+03 9.872914073316391637e+01
8.590053258143341736e+03 9.500460357490666752e+01
8.590253389853376575e+03 9.220479498249308392e+01
8.590453521563411414e+03 9.508719621894231011e+01
8.590653653273446253e+03 9.674091472645571343e+01
8.590853784983484729e+03 9.636678323051924622e+01
8.591053916693517749e+03 9.803875202268653766e+01
8.591254048403554407e+03 9.360254187412763827e+01
8.591454180113587427e+03 9.888291813271473529e+01
8.591654311823625903e+03 9.222560895800575054e+01
8.591854443533660742e+03 1.002914304692830001e+02
8.592054575243695581e+03 9.977337569479571755e+01
8.592254706953730420e+03 9.822065264708795951e+01
8.592454838663767077e+03 9.966377513992429726e+01
8.592654970373801916e+03 9.821661107387119216e+01
8.592855102083838574e+03 9.948013443693028535e+01
8.593055233793873413e+03 9.949939719433878338e+01
8.593255365503910070e+03 9.910379365634970839e+01
8.593455497213943090e+03 9.280492359296552252e+01
8.593655628923979748e+03 9.728532399799232167e+01
8.593855760634016406e+03 9.859508346163003978e+01
8.594055892344051244e+03 9.390732663092246923e+01
8.594256024054086083e+03 9.504432811707937390e+01
8.594456155764120922e+03 9.944098391430534889e+01
8.594656287474157580e+03 9.451655150007613315e+01
8.594856419184194237e+03 9.705073197647305960e+01
8.595056550894227257e+03 9.644374798260007253e+01
8.595256682604263915e+03 9.959314645425715185e+01
8.595456814314298754e+03 1.026579541258046788e+02
8.595656946024335411e+03 9.822330672909686200e+01
8.595857077734370250e+03 1.016918811011480983e+02
8.596057209444406908e+03 9.905020946345527477e+01
8.596257341154441747e+03 9.929902128238099124e+01
8.596457472864476586e+03 1.041575380941836784e+02
8.596657604574511424e+03 1.023069814619260995e+02
8.596857736284549901e+03 1.013168561889781358e+02
8.597057867994582921e+03 1.005436130728685526e+02
8.597257999704619579e+03 9.644592266181774676e+01
8.597458131414652598e+03 9.995833585672886556e+01
8.597658263124691075e+03 1.018072073403194793e+02
8.597858394834725914e+03 1.007424099294189972e+02
8.598058526544760753e+03 9.886613488131968097e+01
8.598258658254795591e+03 9.718310773844777373e+01
8.598458789964832249e+03 9.755471405429538834e+01
8.598658921674867088e+03 9.371468067977924932e+01
8.598859053384901927e+03 9.671851219861707705e+01
8.599059185094936765e+03 9.936764660269359695e+01
8.599259316804973423e+03 9.835144754905689979e+01
8.599459448515008262e+03 9.771533810875786230e+01
8.599659580225043101e+03 9.792871633049833235e+01
8.599859711935081577e+03 9.479085211302677294e+01
8.600059843645114597e+03 1.041343788752325707e+02
8.600259975355151255e+03 9.868510636044621265e+01
8.600460107065184275e+03 9.812310773415772758e+01
8.600660238775222751e+03 9.737134093260253564e+01
8.600860370485257590e+03 9.388694193870979632e+01
8.601060502195292429e+03 9.624306806790282565e+01
8.601260633905327268e+03 9.695765125728340195e+01
8.601460765615363925e+03 9.667705514267402123e+01
8.601660897325398764e+03 9.274600561616576044e+01
8.601861029035435422e+03 9.847201723240574722e+01
8.602061160745468442e+03 9.528741652609620871e+01
8.602261292455506918e+03 9.858127205365508416e+01
8.602461424165539938e+03 9.704950361229327882e+01
8.602661555875576596e+03 9.568853579142590604e+01
8.602861687585611435e+03 9.519768875829373656e+01
8.603061819295648093e+03 9.703469590338670514e+01
8.603261951005682931e+03 9.476790390592395852e+01
8.603462082715717770e+03 9.397190455579409729e+01
8.603662214425754428e+03 9.180461463496261842e+01
8.603862346135791086e+03 8.546559025593913361e+01
8.604062477845824105e+03 8.907402865503028977e+01
8.604262609555860763e+03 8.735842064130559947e+01
8.604462741265895602e+03 8.580618629641591610e+01
8.604662872975932260e+03 8.970279673830285105e+01
8.604863004685967098e+03 9.096737761311240433e+01
8.605063136396001937e+03 9.309573669501511972e+01
8.605263268106038595e+03 9.764069652879749128e+01
8.605463399816073434e+03 1.037659824824150405e+02
8.605663531526108272e+03 1.022862505286027925e+02
8.605863663236144930e+03 1.021944386606006958e+02
8.606063794946179769e+03 1.009875850025939172e+02
8.606263926656216427e+03 9.794459454374459995e+01
8.606464058366249446e+03 9.860684813466782828e+01
8.606664190076286104e+03 9.870415660848233586e+01
8.606864321786322762e+03 9.877472610404373654e+01
8.607064453496357601e+03 9.793166467515258944e+01
8.607264585206392439e+03 1.003923698003898863e+02
8.607464716916429097e+03 1.007415172301679149e+02
8.607664848626463936e+03 1.073908312856260352e+02
8.607864980336500594e+03 1.002138501161225861e+02
8.608065112046533613e+03 9.764402292358118984e+01
8.608265243756572090e+03 9.917072613422270422e+01
8.608465375466605110e+03 9.693858711135516160e+01
8.608665507176641768e+03 9.907796651277182320e+01
8.608865638886676606e+03 1.009612634234181883e+02
8.609065770596713264e+03 1.020248590774706656e+02
8.609265902306748103e+03 1.000659164557456933e+02
8.609466034016782942e+03 1.021581738782464441e+02
8.609666165726817781e+03 1.003302809406350917e+02
8.609866297436856257e+03 9.675332070691595732e+01
8.610066429146889277e+03 9.484760006591676529e+01
8.610266560856925935e+03 1.014257245862558960e+02
8.610466692566958955e+03 1.011277218736871930e+02
8.610666824276997431e+03 9.900821580182777382e+01
8.610866955987032270e+03 9.803302491317458589e+01
8.611067087697067109e+03 1.014356664939471386e+02
8.611267219407103767e+03 9.813763918983133294e+01
8.611467351117138605e+03 9.876787290896839977e+01
8.611667482827173444e+03 9.533393771508647774e+01
8.611867614537210102e+03 9.774953469076109513e+01
8.612067746247244941e+03 9.792206132643424610e+01
8.612267877957281598e+03 9.293147510917755483e+01
8.612468009667314618e+03 9.863438800406348150e+01
8.612668141377351276e+03 9.949499880185224754e+01
8.612868273087387934e+03 9.253125419174651256e+01
8.613068404797422772e+03 9.603674746887702440e+01
8.613268536507457611e+03 9.665102241335546296e+01
8.613468668217492450e+03 9.583130014233100269e+01
8.613668799927529108e+03 9.757310031628851732e+01
8.613868931637565765e+03 9.849503714161728851e+01
8.614069063347598785e+03 9.907246914287135553e+01
8.614269195057635443e+03 9.991346387299229548e+01
8.614469326767670282e+03 1.002333947838356067e+02
8.614669458477706939e+03 1.005660910218239081e+02
8.614869590187741778e+03 1.008728522017591587e+02
8.615069721897778436e+03 1.016189582364514763e+02
8.615269853607813275e+03 9.912186942240110454e+01
8.615469985317848113e+03 1.011575949159696393e+02
8.615670117027882952e+03 1.007106087292094969e+02
8.615870248737921429e+03 1.004536214107916265e+02
8.616070380447954449e+03 9.946387999069429497e+01
8.616270512157991107e+03 9.930101305138099121e+01
8.616470643868024126e+03 9.924660365405362938e+01
8.616670775578062603e+03 9.787456270303583494e+01
8.616870907288097442e+03 9.519235281753007882e+01
8.617071038998132281e+03 9.246339419945014981e+01
8.617271170708167119e+03 8.743067936499480197e+01
8.617471302418203777e+03 8.126658056348888692e+01
8.617671434128238616e+03 8.395133184908596036e+01
8.617871565838275274e+03 8.972327968175542878e+01
8.618071697548308293e+03 9.665947196414764164e+01
8.618271829258346770e+03 9.630309743037427950e+01
8.618471960968379790e+03 9.777508537157289936e+01
8.618672092678416448e+03 9.918749127693146761e+01
8.618872224388453105e+03 9.532191175005917216e+01
8.619072356098487944e+03 1.018774953594982264e+02
8.619272487808522783e+03 9.811618254797934924e+01
8.619472619518557622e+03 9.459563649609631852e+01
8.619672751228594279e+03 9.683531840560181081e+01
8.619872882938630937e+03 9.682229697184550332e+01
8.620073014648663957e+03 1.044327300628651756e+02
8.620273146358698796e+03 1.010646969677831208e+02
8.620473278068735453e+03 1.001190233986665561e+02
8.620673409778770292e+03 1.005655343595564659e+02
8.620873541488806950e+03 9.864775920979411694e+01
8.621073673198839970e+03 1.005194157710217269e+02
8.621273804908878446e+03 1.019943241157111800e+02
8.621473936618911466e+03 9.761131001764785253e+01
8.621674068328948124e+03 9.224220717236391920e+01
8.621874200038982963e+03 9.584824144555457792e+01
8.622074331749019620e+03 9.203962168570124902e+01
8.622274463459054459e+03 9.503568219092551317e+01
8.622474595169089298e+03 9.836735613206116113e+01
8.622674726879125956e+03 9.866146319811761600e+01
8.622874858589162613e+03 1.009794811841368301e+02
8.623074990299195633e+03 9.685527816997574746e+01
8.623275122009232291e+03 9.980648349163249122e+01
8.623475253719267130e+03 1.005922104555058354e+02
8.623675385429303788e+03 9.677115378966676928e+01
8.623875517139338626e+03 9.577422218385223118e+01
8.624075648849373465e+03 9.618904417469705947e+01
8.624275780559410123e+03 1.033734313928172810e+02
8.624475912269444962e+03 1.038470579014875455e+02
8.624676043979479800e+03 9.841372699588832518e+01
8.624876175689516458e+03 9.781823840274650195e+01
8.625076307399551297e+03 9.981810177807551554e+01
8.625276439109587955e+03 1.003690245556748550e+02
8.625476570819620974e+03 9.686256154632292237e+01
8.625676702529657632e+03 1.028175460002107684e+02
8.625876834239694290e+03 9.902175646636632678e+01
8.626076965949729129e+03 9.551912669215438711e+01
8.626277097659763967e+03 1.051735042707669834e+02
8.626477229369800625e+03 9.890458546648687843e+01
8.626677361079835464e+03 9.497555718715378248e+01
8.626877492789872122e+03 9.694370854967877449e+01
8.627077624499905141e+03 9.169593726100470121e+01
8.627277756209943618e+03 9.262850761471293026e+01
8.627477887919976638e+03 9.255718684965086140e+01
8.627678019630013296e+03 9.426430996921551753e+01
8.627878151340048134e+03 9.850216014824630406e+01
8.628078283050084792e+03 9.554287447591919147e+01
8.628278414760119631e+03 1.010469630949529858e+02
8.628478546470154470e+03 9.618920005703806453e+01
8.628678678180189308e+03 9.760114985995011239e+01
8.628878809890227785e+03 1.001094793046340783e+02
8.629078941600260805e+03 9.753435246931249480e+01
8.629279073310297463e+03 9.771212149560464866e+01
8.629479205020330483e+03 9.553097768896017783e+01
8.629679336730368959e+03 9.782110937046503807e+01
8.629879468440403798e+03 1.004243030952121956e+02
8.630079600150438637e+03 9.807476734897311132e+01
8.630279731860475295e+03 9.675720081544000095e+01
8.630479863570510133e+03 9.529959436393829719e+01
8.630679995280544972e+03 1.015017121189017928e+02
8.630880126990581630e+03 9.965294815504587689e+01
8.631080258700616469e+03 1.002220063362466220e+02
8.631280390410653126e+03 9.827631828476961573e+01
8.631480522120686146e+03 1.013230658689482624e+02
8.631680653830722804e+03 1.001111718508966675e+02
8.631880785540759462e+03 1.033936131137467527e+02
8.632080917250794300e+03 9.842111066942106845e+01
8.632281048960829139e+03 1.011814140627658105e+02
8.632481180670863978e+03 9.960965150960392123e+01
8.632681312380900636e+03 1.002949550511880830e+02
8.632881444090937293e+03 9.909272480318182375e+01
8.633081575800970313e+03 9.841170640026037120e+01
8.633281707511006971e+03 9.650965325395398509e+01
8.633481839221041810e+03 9.992192184811186451e+01
8.633681970931078467e+03 9.816695323569068421e+01
8.633882102641113306e+03 9.571964482858192014e+01
8.634082234351149964e+03 1.005462511743698997e+02
8.634282366061184803e+03 9.584629890156715248e+01
8.634482497771219641e+03 1.030203078253700966e+02
8.634682629481254480e+03 1.019991056513602814e+02
8.634882761191292957e+03 1.000746987603781264e+02
8.635082892901325977e+03 9.586816891627755410e+01
8.635283024611362634e+03 9.738721165758420284e+01
8.635483156321395654e+03 9.697622550783673034e+01
8.635683288031434131e+03 9.766425890326637216e+01
8.635883419741468970e+03 9.814479998359740875e+01
8.636083551451503808e+03 1.053698261315195452e+02
8.636283683161538647e+03 9.883073950886935677e+01
8.636483814871575305e+03 9.649781187643833391e+01
8.636683946581610144e+03 1.043688235944018174e+02
8.636884078291646802e+03 9.413413117413050202e+01
8.637084210001679821e+03 1.004365842652105272e+02
8.637284341711718298e+03 9.955266620647797993e+01
8.637484473421751318e+03 1.000746182846688725e+02
8.637684605131787976e+03 9.992070048755924461e+01
8.637884736841824633e+03 9.443297930372779092e+01
8.638084868551859472e+03 1.004960419646189678e+02
8.638285000261894311e+03 9.385989699383327434e+01
8.638485131971929150e+03 9.875839521673657373e+01
8.638685263681965807e+03 9.768128396785883183e+01
8.638885395392002465e+03 9.533037638990187190e+01
8.639085527102035485e+03 9.519200087426173695e+01
8.639285658812072143e+03 9.805731311545478945e+01
8.639485790522106981e+03 1.003064295340424792e+02
8.639685922232143639e+03 9.786813691633908263e+01
8.639886053942178478e+03 9.777842561938940946e+01
8.640086185652213317e+03 1.012125649673557746e+02
8.640286317362249974e+03 9.590584744769742542e+01
8.640486449072284813e+03 1.003948437066793815e+02
8.640686580782319652e+03 9.994045518564259112e+01
8.640886712492356310e+03 9.885943706543999099e+01
8.641086844202391148e+03 1.019951706400243410e+02
8.641286975912425987e+03 9.552836638230949973e+01
8.641487107622460826e+03 1.003786653982990060e+02
8.641687239332497484e+03 9.991717439250689381e+01
8.641887371042534141e+03 1.025237936556247007e+02
8.642087502752567161e+03 9.603444121933533495e+01
8.642287634462603819e+03 1.005827966193972856e+02
8.642487766172638658e+03 9.922639067769561905e+01
8.642687897882675315e+03 9.262871987668566476e+01
8.642888029592710154e+03 9.678922521956592107e+01
8.643088161302744993e+03 9.826573512840312219e+01
8.643288293012781651e+03 9.593940400345938713e+01
8.643488424722816490e+03 9.904819552340397593e+01
8.643688556432851328e+03 1.012036186770127557e+02
8.643888688142887986e+03 9.909070344997603286e+01
8.644088819852922825e+03 9.573973214152302091e+01
8.644288951562959483e+03 9.920200130413643080e+01
8.644489083272992502e+03 9.906109174354196512e+01
8.644689214983029160e+03 9.802374549127458181e+01
8.644889346693065818e+03 9.959889298293842330e+01
8.645089478403100657e+03 1.032090309932461452e+02
8.645289610113135495e+03 1.007715120686802663e+02
8.645489741823172153e+03 9.698211115270439109e+01
8.645689873533206992e+03 1.007809418531597601e+02
8.645890005243243650e+03 9.694337283788338766e+01
8.646090136953276669e+03 1.017491151739005915e+02
8.646290268663315146e+03 1.015110949989125544e+02
8.646490400373348166e+03 1.021750436108429909e+02
8.646690532083384824e+03 9.895282936284624498e+01
8.646890663793419662e+03 9.966589707140053633e+01
8.647090795503456320e+03 1.020042441869207153e+02
8.647290927213491159e+03 1.037636630979379078e+02
8.647491058923525998e+03 9.946593948261498497e+01
8.647691190633560836e+03 9.750555613954999501e+01
8.647891322343599313e+03 1.011945232998030377e+02
8.648091454053632333e+03 9.755365887770926747e+01
8.648291585763668991e+03 9.947628096585479796e+01
8.648491717473702010e+03 9.478224659907549210e+01
8.648691849183740487e+03 9.882439975526283149e+01
8.648891980893775326e+03 9.769947197249430815e+01
8.649092112603810165e+03 1.005274624307474909e+02
8.649292244313846822e+03 9.757923474674780095e+01
8.649492376023881661e+03 1.003941439218362319e+02
8.649692507733916500e+03 9.864890118969422872e+01
8.649892639443953158e+03 9.701579395073012790e+01
8.650092771153987997e+03 1.000572742628905303e+02
8.650292902864024654e+03 9.761233285022061068e+01
8.650493034574057674e+03 1.007411604234673064e+02
8.650693166284094332e+03 9.699617643355803409e+01
8.650893297994130990e+03 9.557114379596934839e+01
8.651093429704165828e+03 9.707262902449861031e+01
8.651293561414200667e+03 9.947103696067696887e+01
8.651493693124235506e+03 9.826619262524964427e+01
8.651693824834272164e+03 9.930375485594976226e+01
8.651893956544308821e+03 9.645945748415229559e+01
8.652094088254341841e+03 9.568356698102401481e+01
8.652294219964378499e+03 9.542179508118557862e+01
8.652494351674413338e+03 9.623258395226359596e+01
8.652694483384449995e+03 9.876183672568977556e+01
8.652894615094484834e+03 9.474901468622694267e+01
8.653094746804521492e+03 9.540749145667767550e+01
8.653294878514556331e+03 9.826970672975772914e+01
8.653495010224591169e+03 9.553504830999879971e+01
8.653695141934626008e+03 9.134330208719381972e+01
8.653895273644664485e+03 9.078756006005021106e+01
8.654095405354697505e+03 8.745535599081672729e+01
8.654295537064734162e+03 9.035678113305083059e+01
8.654495668774767182e+03 8.891218870608327052e+01
8.654695800484805659e+03 9.193135268038633967e+01
8.654895932194840498e+03 9.653065321558882772e+01
8.655096063904875336e+03 9.925490941674303258e+01
8.655296195614910175e+03 9.796985902041127758e+01
8.655496327324946833e+03 9.853553036017601130e+01
8.655696459034981672e+03 1.018627968757531903e+02
8.655896590745018329e+03 9.674438895415937623e+01
8.656096722455051349e+03 9.476673940148937447e+01
8.656296854165089826e+03 1.009407590534620454e+02
8.656496985875122846e+03 1.006275755826984835e+02
8.656697117585159504e+03 9.667715442992489727e+01
8.656897249295196161e+03 1.020010239497994178e+02
8.657097381005231000e+03 9.895206311996516035e+01
8.657297512715265839e+03 9.321029747046782177e+01
8.657497644425300678e+03 9.927776278935102994e+01
8.657697776135337335e+03 9.642878563226015842e+01
8.657897907845373993e+03 9.842262852762171121e+01
8.658098039555407013e+03 9.892126157075486503e+01
8.658298171265443671e+03 9.915544671994175019e+01
8.658498302975478509e+03 9.673628379614572737e+01
8.658698434685515167e+03 9.486103265631260228e+01
8.658898566395550006e+03 8.938201291751981614e+01
8.659098698105584845e+03 9.631975855365847394e+01
8.659298829815621502e+03 9.647070790135751395e+01
8.659498961525656341e+03 9.438364477321478319e+01
8.659699093235691180e+03 9.267772933758006104e+01
8.659899224945727838e+03 9.367635760368622755e+01
8.660099356655762676e+03 9.525452200983134787e+01
8.660299488365799334e+03 9.678630092712951694e+01
8.660499620075832354e+03 9.622237982730429451e+01
8.660699751785870831e+03 9.377339451816366989e+01
8.660899883495905669e+03 1.022545906714443049e+02
8.661100015205940508e+03 9.476441625792620016e+01
8.661300146915975347e+03 9.322332185930864057e+01
8.661500278626012005e+03 9.203205478894460612e+01
8.661700410336046843e+03 9.570297149832197192e+01
8.661900542046083501e+03 9.503941384601415621e+01
8.662100673756116521e+03 9.927666600253409968e+01
8.662300805466153179e+03 9.021731112151852017e+01
8.662500937176188017e+03 9.232878643937503682e+01
8.662701068886222856e+03 8.966810127080390203e+01
8.662901200596259514e+03 8.916296599196709849e+01
8.663101332306294353e+03 9.017814496279162029e+01
8.663301464016331010e+03 9.389408640422749386e+01
8.663501595726364030e+03 9.394141406004006001e+01
8.663701727436400688e+03 8.692135281889383691e+01
8.663901859146437346e+03 8.817669172275266476e+01
8.664101990856472185e+03 8.434063779760481339e+01
8.664302122566507023e+03 8.895843136556381126e+01
8.664502254276543681e+03 8.240485495443392949e+01
8.664702385986578520e+03 8.330681628827707641e+01
8.664902517696615178e+03 8.497244883105911128e+01
8.665102649406648197e+03 7.899335023559478941e+01
8.665302781116686674e+03 7.868431454267458491e+01
8.665502912826719694e+03 8.046768350472002851e+01
8.665703044536756352e+03 7.248047145475511854e+01
8.665903176246791190e+03 7.112659785589940498e+01
8.666103307956827848e+03 6.681414519018706244e+01
8.666303439666862687e+03 6.827433357464704500e+01
8.666503571376897526e+03 6.243978613731680127e+01
8.666703703086932364e+03 6.055866536709974213e+01
8.666903834796970841e+03 5.644357926335069209e+01
8.667103966507003861e+03 5.654453713160696537e+01
8.667304098217040519e+03 4.622454452163141525e+01
8.667504229927073538e+03 4.252168444237196354e+01
8.667704361637112015e+03 3.841168832428428459e+01
8.667904493347146854e+03 3.298088592361207816e+01
8.668104625057181693e+03 3.718972643344012852e+01
8.668304756767218350e+03 4.553447708609167677e+01
8.668504888477253189e+03 4.437533116783810527e+01
8.668705020187288028e+03 5.851385671436297997e+01
8.668905151897324686e+03 5.914143785802910713e+01
8.669105283607359524e+03 7.009429683701213776e+01
8.669305415317396182e+03 6.730730938654791373e+01
8.669505547027429202e+03 6.836449024084568293e+01
8.669705678737465860e+03 7.244641376817541811e+01
8.669905810447502517e+03 7.494926682724738498e+01
8.670105942157537356e+03 7.459994080138817196e+01
8.670306073867572195e+03 7.842022374614877833e+01
8.670506205577607034e+03 7.713356025858215048e+01
8.670706337287643692e+03 8.142944264530520115e+01
8.670906468997680349e+03 7.718433844792836851e+01
8.671106600707713369e+03 8.166420741327188182e+01
8.671306732417750027e+03 8.139472967053283980e+01
8.671506864127784866e+03 8.700564281862349958e+01
8.671706995837821523e+03 8.652486376131274426e+01
8.671907127547856362e+03 8.499410207426410580e+01
8.672107259257893020e+03 8.722620706593534123e+01
8.672307390967927859e+03 8.971490092465913335e+01
8.672507522677962697e+03 9.218566986099342841e+01
8.672707654387997536e+03 9.207343593159383488e+01
8.672907786098036013e+03 8.961311669732640439e+01
8.673107917808069033e+03 9.165948211527965839e+01
8.673308049518105690e+03 8.730571831723318610e+01
8.673508181228138710e+03 9.112589241622941927e+01
8.673708312938177187e+03 9.108040960459251778e+01
8.673908444648212026e+03 9.100637204298983818e+01
8.674108576358246864e+03 8.705575112932943682e+01
8.674308708068281703e+03 9.620300339705330828e+01
8.674508839778318361e+03 9.625405893169856597e+01
8.674708971488353200e+03 9.783117957060242986e+01
8.674909103198389857e+03 9.896976185236663071e+01
8.675109234908422877e+03 9.074057987637254996e+01
8.675309366618461354e+03 9.037464558901440626e+01
8.675509498328494374e+03 9.298272605295125004e+01
8.675709630038531031e+03 9.442541584188539616e+01
8.675909761748567689e+03 9.162025649538922778e+01
8.676109893458602528e+03 9.739303395485610793e+01
8.676310025168637367e+03 9.577886090464943436e+01
8.676510156878672205e+03 9.614167835821724850e+01
8.676710288588708863e+03 9.063355447992825020e+01
8.676910420298745521e+03 9.710887858061830968e+01
8.677110552008778541e+03 9.541183336229681800e+01
8.677310683718815199e+03 9.340801522581296013e+01
8.677510815428850037e+03 9.620287305870428440e+01
8.677710947138886695e+03 9.501157817720279297e+01
8.677911078848921534e+03 9.495391577451394483e+01
8.678111210558956373e+03 9.450757300310031894e+01
8.678311342268993030e+03 9.169255388748112523e+01
8.678511473979027869e+03 9.604815219636341794e+01
8.678711605689062708e+03 1.019627603425859377e+02
8.678911737399099366e+03 9.718351980394704981e+01
8.679111869109134204e+03 9.712469408008507799e+01
8.679312000819170862e+03 9.851136571614566151e+01
8.679512132529203882e+03 9.267376497507366651e+01
8.679712264239242359e+03 9.601796745515903808e+01
8.679912395949277197e+03 9.781273242007996771e+01
8.680112527659312036e+03 9.109322498556556980e+01
8.680312659369346875e+03 8.555938401796503001e+01
8.680512791079383533e+03 8.230563185687222472e+01
8.680712922789418371e+03 8.306414013450493883e+01
8.680913054499455029e+03 9.031848538153472816e+01
8.681113186209488049e+03 9.110816885871382453e+01
8.681313317919526526e+03 9.462946088299388236e+01
8.681513449629559545e+03 9.400101838561730005e+01
8.681713581339596203e+03 9.416012424511609424e+01
8.681913713049631042e+03 9.809482509381713555e+01
8.682113844759667700e+03 9.955569785814462591e+01
8.682313976469702538e+03 9.728113753616533188e+01
8.682514108179737377e+03 1.010413252082830553e+02
8.682714239889772216e+03 9.666868667209591592e+01
8.682914371599810693e+03 1.010913842993545160e+02
8.683114503309843712e+03 9.889827100866453691e+01
8.683314635019880370e+03 9.813154111070861063e+01
8.683514766729915209e+03 9.828372319187995743e+01
8.683714898439950048e+03 9.704955028240489412e+01
8.683915030149986706e+03 9.365876577376518242e+01
8.684115161860019725e+03 1.002114520026801756e+02
8.684315293570058202e+03 9.826617550247858901e+01
8.684515425280091222e+03 9.841659525205744785e+01
8.684715556990127880e+03 9.794577608246468969e+01
8.684915688700162718e+03 9.372830804590454079e+01
8.685115820410199376e+03 9.083921485682324715e+01
8.685315952120234215e+03 9.033785020829289181e+01
8.685516083830269054e+03 9.212268800104685340e+01
8.685716215540303892e+03 8.017768471301756961e+01
8.685916347250342369e+03 8.365831109962495304e+01
8.686116478960375389e+03 8.814357697060007979e+01
8.686316610670412047e+03 8.803969629174491729e+01
8.686516742380445066e+03 9.321958378691782343e+01
8.686716874090483543e+03 9.638871298585681302e+01
8.686917005800518382e+03 9.436110927958750949e+01
8.687117137510553221e+03 1.000847512164458522e+02
8.687317269220589878e+03 9.911967484019450580e+01
8.687517400930624717e+03 9.658623438533420824e+01
8.687717532640659556e+03 9.549251973883346523e+01
8.687917664350696214e+03 1.026458112287870534e+02
8.688117796060731052e+03 9.886598035170091237e+01
8.688317927770767710e+03 9.693045817651275797e+01
8.688518059480800730e+03 9.299409025265387641e+01
8.688718191190837388e+03 9.523992546420876693e+01
8.688918322900874045e+03 9.678215889362580526e+01
8.689118454610908884e+03 9.740433371263317497e+01
8.689318586320943723e+03 9.548336997342835275e+01
8.689518718030978562e+03 1.037450214166498057e+02
8.689718849741015219e+03 9.960017384529200513e+01
8.689918981451051877e+03 9.781939913423202881e+01
8.690119113161084897e+03 1.007198823913437877e+02
8.690319244871121555e+03 1.008514944971435341e+02
8.690519376581156394e+03 9.937528138592993798e+01
8.690719508291193051e+03 9.563389440051464874e+01
8.690919640001227890e+03 1.040590014946344866e+02
8.691119771711264548e+03 1.002326454936404616e+02
8.691319903421299387e+03 9.918645576013740595e+01
8.691520035131334225e+03 1.028315937484662328e+02
8.691720166841369064e+03 1.021725497232364575e+02
8.691920298551407541e+03 9.330988542144361020e+01
8.692120430261440561e+03 9.611350869697696453e+01
8.692320561971477218e+03 9.973928058798801999e+01
8.692520693681510238e+03 9.312857943379141545e+01
8.692720825391548715e+03 9.319041752640880816e+01
8.692920957101583554e+03 9.774963967111391128e+01
8.693121088811618392e+03 9.918925614213272013e+01
8.693321220521653231e+03 9.785697980582634159e+01
8.693521352231689889e+03 9.906682615989237206e+01
8.693721483941724728e+03 9.203004386728670738e+01
8.693921615651761385e+03 8.975672060284662734e+01
8.694121747361794405e+03 7.888995189469295610e+01
8.694321879071832882e+03 7.583284934172911562e+01
8.694522010781865902e+03 7.866599673708824980e+01
8.694722142491902559e+03 8.470343469286822824e+01
8.694922274201939217e+03 9.080603407183292575e+01
8.695122405911974056e+03 9.442131839239436886e+01
8.695322537622008895e+03 9.678389702050893106e+01
8.695522669332043733e+03 9.763860397251607992e+01
8.695722801042080391e+03 9.569904635721768216e+01
8.695922932752117049e+03 9.554749587719264525e+01
8.696123064462150069e+03 9.944091548071214959e+01
8.696323196172186726e+03 1.008438493522377541e+02
8.696523327882221565e+03 1.000406141159284061e+02
8.696723459592258223e+03 9.510446299939340520e+01
8.696923591302293062e+03 1.007338760628540228e+02
8.697123723012327901e+03 9.536131672661328196e+01
8.697323854722364558e+03 1.017699275904835758e+02
8.697523986432399397e+03 9.753906275784760282e+01
8.697724118142434236e+03 9.729717440964722641e+01
8.697924249852472713e+03 1.001704656575464156e+02
8.698124381562505732e+03 1.053559889924880508e+02
8.698324513272542390e+03 9.769361637929364406e+01
8.698524644982575410e+03 9.708997373495809313e+01
8.698724776692613887e+03 1.020782490854207651e+02
8.698924908402648725e+03 9.303972980948579163e+01
8.699125040112683564e+03 1.010426383634219860e+02
8.699325171822718403e+03 1.006365002580102015e+02
8.699525303532755061e+03 9.780311238057018386e+01
8.699725435242789899e+03 9.558840946593454646e+01
8.699925566952826557e+03 9.193945187787073792e+01
8.700125698662859577e+03 9.789955128682288432e+01
8.700325830372898054e+03 9.561257971665037303e+01
8.700525962082931073e+03 9.780584140660074866e+01
8.700726093792967731e+03 9.839703588873342710e+01
8.700926225503002570e+03 9.954426597421534950e+01
8.701126357213039228e+03 1.002920332964667267e+02
8.701326488923074066e+03 9.902099754566188494e+01
8.701526620633108905e+03 1.020667963174053909e+02
8.701726752343145563e+03 1.032537521427946388e+02
8.701926884053182221e+03 1.014114776842889540e+02
8.702127015763215240e+03 9.660820573872848627e+01
8.702327147473251898e+03 9.615666072423537969e+01
8.702527279183286737e+03 1.025131993856556676e+02
8.702727410893323395e+03 1.011570375203234136e+02
8.702927542603358233e+03 1.010550795088169309e+02
8.703127674313393072e+03 1.064486696693327445e+02
8.703327806023429730e+03 9.856480793730864320e+01
8.703527937733464569e+03 1.011883890374209187e+02
8.703728069443499407e+03 1.007981121968567351e+02
8.703928201153536065e+03 9.947962421928758658e+01
8.704128332863570904e+03 9.954631180401858614e+01
8.704328464573607562e+03 1.001919780133333688e+02
8.704528596283640582e+03 9.655609646075538421e+01
8.704728727993675420e+03 9.352572659475021055e+01
8.704928859703713897e+03 9.072924970670825928e+01
8.705128991413746917e+03 9.108390119181255784e+01
8.705329123123783575e+03 9.630236727715094958e+01
8.705529254833818413e+03 9.459450145862241754e+01
8.705729386543855071e+03 9.618128603855157621e+01
8.705929518253889910e+03 9.836952122541249821e+01
8.706129649963924749e+03 9.899680326543054321e+01
8.706329781673961406e+03 9.108457822262730019e+01
8.706529913383996245e+03 9.582749001555376367e+01
8.706730045094031084e+03 9.698542452780820611e+01
8.706930176804067742e+03 1.017901091746718834e+02
8.707130308514102580e+03 9.865909479658363068e+01
8.707330440224139238e+03 1.014192257903546022e+02
8.707530571934172258e+03 1.026577037365651961e+02
8.707730703644208916e+03 9.820053812744461652e+01
8.707930835354245573e+03 1.014607872546516063e+02
8.708130967064280412e+03 9.842181032146662290e+01
8.708331098774315251e+03 1.002185423818915098e+02
8.708531230484350090e+03 1.034556376546084806e+02
8.708731362194386747e+03 9.191160166520403152e+01
8.708931493904423405e+03 9.251406150337918177e+01
8.709131625614456425e+03 9.833222375708096763e+01
8.709331757324494902e+03 9.665262690599760731e+01
8.709531889034527921e+03 9.608477281332933728e+01
8.709732020744564579e+03 9.489319091204500012e+01
8.709932152454599418e+03 1.006763454097833232e+02
8.710132284164636076e+03 1.001914208878838082e+02
8.710332415874670914e+03 9.765487395398602644e+01
8.710532547584705753e+03 9.948926064083370591e+01
8.710732679294740592e+03 1.002693763279251584e+02
8.710932811004779069e+03 1.014081964974475483e+02
8.711132942714812089e+03 1.004077184195984245e+02
8.711333074424848746e+03 9.864705168829495108e+01
8.711533206134881766e+03 9.935968558002679174e+01
8.711733337844920243e+03 1.037232355428715067e+02
8.711933469554955082e+03 9.727999698736279299e+01
8.712133601264989920e+03 1.033064669600937009e+02
8.712333732975024759e+03 1.006768991399055437e+02
8.712533864685061417e+03 9.832292004996298829e+01
8.712733996395096256e+03 9.832927644245967258e+01
8.712934128105132913e+03 1.019249622456340632e+02
8.713134259815167752e+03 9.369443183566775701e+01
8.713334391525204410e+03 9.716686689270139254e+01
8.713534523235237430e+03 1.002696847164039866e+02
8.713734654945274087e+03 1.005987425200891039e+02
8.713934786655310745e+03 1.042631786755425907e+02
8.714134918365345584e+03 9.942797048237642343e+01
8.714335050075380423e+03 9.434245329358014942e+01
8.714535181785415261e+03 9.217371500339545776e+01
8.714735313495451919e+03 9.767536444331814494e+01
8.714935445205488577e+03 1.007085554392808717e+02
8.715135576915521597e+03 9.816690824023734763e+01
8.715335708625558254e+03 9.887198718688026133e+01
8.715535840335593093e+03 9.057167889533650396e+01
8.715735972045629751e+03 8.956946053368103833e+01
8.715936103755664590e+03 8.479982874788612435e+01
8.716136235465699428e+03 8.422832449976452551e+01
8.716336367175736086e+03 9.047608452865956963e+01
8.716536498885770925e+03 9.252641112109898813e+01
8.716736630595805764e+03 9.574494966739236190e+01
8.716936762305844240e+03 9.981845489059664089e+01
8.717136894015877260e+03 9.841357688597048536e+01
8.717337025725913918e+03 9.782140930518683319e+01
8.717537157435946938e+03 1.017314709481581190e+02
8.717737289145985415e+03 9.639738329750726109e+01
8.717937420856020253e+03 1.003890152332758703e+02
8.718137552566055092e+03 9.301183379024816134e+01
8.718337684276089931e+03 9.467635203470462102e+01
8.718537815986126589e+03 8.759707632277834932e+01
8.718737947696161427e+03 8.787001837111220937e+01
8.718938079406198085e+03 8.912690935048441077e+01
8.719138211116231105e+03 9.079188272013551853e+01
8.719338342826269582e+03 9.492274267678044453e+01
8.719538474536302601e+03 9.800267826660063974e+01
8.719738606246339259e+03 9.968283032413324918e+01
8.719938737956374098e+03 1.009152146994092902e+02
8.720138869666410756e+03 1.001285049297040217e+02
8.720339001376445594e+03 1.019151075665069612e+02
8.720539133086480433e+03 1.005512756094505562e+02
8.720739264796517091e+03 1.017642985862654257e+02
8.720939396506553749e+03 1.022631959961514809e+02
8.721139528216586768e+03 1.058202126580971054e+02
8.721339659926623426e+03 1.012667612840207454e+02
8.721539791636658265e+03 9.956409007346408657e+01
8.721739923346694923e+03 9.870865122446149087e+01
8.721940055056729761e+03 1.063452200724499903e+02
8.722140186766764600e+03 1.033056883373108974e+02
8.722340318476801258e+03 1.022413967498304856e+02
8.722540450186836097e+03 1.003622153337367138e+02
8.722740581896870935e+03 1.046023667491637639e+02
8.722940713606907593e+03 9.777230460284397395e+01
8.723140845316942432e+03 9.320405652356856763e+01
8.723340977026979090e+03 8.819974539399466096e+01
8.723541108737012109e+03 8.766028587160990071e+01
8.723741240447048767e+03 8.440447045764273071e+01
8.723941372157085425e+03 9.813922027454690067e+01
8.724141503867120264e+03 9.814343168857236321e+01
8.724341635577155103e+03 9.806981273192577930e+01
8.724541767287191760e+03 9.729414197838185885e+01
8.724741898997226599e+03 1.011768758003020992e+02
8.724942030707263257e+03 1.026314356480163354e+02
8.725142162417296277e+03 9.842620184492024293e+01
8.725342294127334753e+03 1.014732159382800774e+02
8.725542425837367773e+03 1.004986685976674465e+02
8.725742557547402612e+03 1.017200087051794100e+02
8.725942689257439270e+03 9.637231650547744266e+01
8.726142820967474108e+03 9.881417976031649175e+01
8.726342952677510766e+03 9.757949461987729478e+01
8.726543084387543786e+03 9.818191818465632537e+01
8.726743216097580444e+03 9.892200039990156313e+01
8.726943347807617101e+03 1.031203625100730932e+02
8.727143479517651940e+03 9.927601718049081114e+01
8.727343611227686779e+03 9.923629955701652250e+01
8.727543742937721618e+03 9.914541213553724219e+01
8.727743874647758275e+03 9.879100917103795609e+01
8.727944006357794933e+03 1.010450344126480786e+02
8.728144138067827953e+03 9.820660073339885798e+01
8.728344269777866430e+03 1.023079563380204178e+02
8.728544401487899449e+03 9.894033320615120886e+01
8.728744533197936107e+03 9.911020304639063738e+01
8.728944664907970946e+03 9.521671143438697982e+01
8.729144796618007604e+03 9.663837520768868217e+01
8.729344928328042442e+03 9.763800985504119012e+01
8.729545060038077281e+03 9.921153009322287630e+01
8.729745191748112120e+03 9.694884257628331170e+01
8.729945323458150597e+03 9.986900335907787962e+01
8.730145455168183616e+03 9.794689441416718978e+01
8.730345586878220274e+03 9.972229381547171556e+01
8.730545718588253294e+03 1.014083326699026628e+02
8.730745850298291771e+03 1.032288815458539091e+02
8.730945982008326610e+03 9.617270397540049487e+01
8.731146113718361448e+03 9.819128593395176097e+01
8.731346245428396287e+03 9.769843961337922167e+01
8.731546377138432945e+03 9.822740104812150719e+01
8.731746508848467784e+03 9.632652104344764155e+01
8.731946640558504441e+03 1.008388213210870532e+02
8.732146772268539280e+03 9.655271500059296841e+01
8.732346903978575938e+03 1.008262502971366388e+02
8.732547035688608958e+03 9.968701919676327350e+01
8.732747167398645615e+03 9.994659017207682439e+01
8.732947299108682273e+03 1.003761864432663486e+02
8.733147430818717112e+03 9.508103571976009505e+01
8.733347562528751951e+03 9.784607513879605278e+01
8.733547694238786789e+03 8.577989057590922073e+01
8.733747825948823447e+03 8.585433112633370456e+01
8.733947957658860105e+03 9.040076021076457380e+01
8.734148089368893125e+03 9.230211696662225052e+01
8.734348221078929782e+03 9.539346699476845970e+01
8.734548352788964621e+03 9.008210464361684444e+01
8.734748484499001279e+03 9.677732212183192928e+01
8.734948616209036118e+03 1.014773442218594823e+02
8.735148747919070956e+03 9.861037010290699811e+01
8.735348879629107614e+03 9.751866684965820298e+01
8.735549011339142453e+03 9.729495932528553226e+01
8.735749143049177292e+03 1.034528406096608819e+02
