8.480367474628790660e+03 9.831272084889006635e+01
8.480567483295646525e+03 9.909773025774738642e+01
8.480767491962498752e+03 9.854899095415642307e+01
8.480967500629352799e+03 1.009528937093770367e+02
8.481167509296208664e+03 1.004762512850154224e+02
8.481367517963062710e+03 9.905183058787795858e+01
8.481567526629918575e+03 1.006712183961458322e+02
8.481767535296770802e+03 9.766026468183237341e+01
8.481967543963626667e+03 9.740331318002952798e+01
8.482167552630480714e+03 9.694596143252681486e+01
8.482367561297334760e+03 9.372863872812406782e+01
8.482567569964190625e+03 9.317039434233208794e+01
8.482767578631042852e+03 9.522823379415761735e+01
8.482967587297898717e+03 9.670413246101108484e+01
8.483167595964752763e+03 9.777262102631797802e+01
8.483367604631606810e+03 1.020185426251856171e+02
8.483567613298462675e+03 1.012116322131207937e+02
8.483767621965316721e+03 9.823239212400579845e+01
8.483967630632170767e+03 1.000452268338189441e+02
8.484167639299024813e+03 9.890366336593477570e+01
8.484367647965878859e+03 1.001664560003140849e+02
8.484567656632734725e+03 1.006358785118391808e+02
8.484767665299588771e+03 1.014491501026870566e+02
8.484967673966442817e+03 1.009187426052806558e+02
8.485167682633296863e+03 1.012323697505736106e+02
8.485367691300152728e+03 1.002891178609267655e+02
8.485567699967006774e+03 9.994804542309628914e+01
8.485767708633860821e+03 1.005189114436281415e+02
8.485967717300714867e+03 9.966927617748517321e+01
8.486167725967570732e+03 9.945378276743873869e+01
8.486367734634424778e+03 1.002744451722449099e+02
8.486567743301278824e+03 9.850411999048486678e+01
8.486767751968132870e+03 1.008437566348077752e+02
8.486967760634986917e+03 9.830406437280198872e+01
8.487167769301840963e+03 9.961405327122565723e+01
8.487367777968696828e+03 9.923073449166490434e+01
8.487567786635550874e+03 1.005020308877732873e+02
8.487767795302404920e+03 9.788105412842540431e+01
8.487967803969260785e+03 1.004213417625993827e+02
8.488167812636113013e+03 9.827221509749995221e+01
8.488367821302968878e+03 1.004930551370307938e+02
8.488567829969822924e+03 9.735047914207532926e+01
8.488767838636678789e+03 9.939373419272349963e+01
8.488967847303532835e+03 9.938202706118194385e+01
8.489167855970385062e+03 9.915191496931936399e+01
8.489367864637240928e+03 9.859341379000080963e+01
8.489567873304096793e+03 9.944819087217013021e+01
8.489767881970950839e+03 1.005651957053583772e+02
8.489967890637804885e+03 1.006694926568072361e+02
8.490167899304657112e+03 9.951325537071980420e+01
8.490367907971512977e+03 1.006060507946993425e+02
8.490567916638368843e+03 9.951394135945660935e+01
8.490767925305221070e+03 1.005041736767609279e+02
8.490967933972076935e+03 1.005606796435560426e+02
8.491167942638929162e+03 9.954572815015846743e+01
8.491367951305786846e+03 9.829104722857893250e+01
8.491567959972640892e+03 9.790472244030419802e+01
8.491767968639493120e+03 9.880526654702504175e+01
8.491967977306348985e+03 9.922043784332079497e+01
8.492167985973203031e+03 9.909129527834795681e+01
8.492367994640058896e+03 9.678054152837091806e+01
8.492568003306912942e+03 9.768525604333190415e+01
8.492768011973765169e+03 9.947361941569775468e+01
8.492968020640622854e+03 9.885595339544487103e+01
8.493168029307475081e+03 9.957564479807145119e+01
8.493368037974329127e+03 9.907515534217874631e+01
8.493568046641184992e+03 9.903068637486440196e+01
8.493768055308037219e+03 9.972057276872378395e+01
8.493968063974894903e+03 9.819215732374588868e+01
8.494168072641747131e+03 9.825305297044617703e+01
8.494368081308601177e+03 9.690138830417193105e+01
8.494568089975457042e+03 9.654761865510702989e+01
8.494768098642311088e+03 9.659900006900852532e+01
8.494968107309166953e+03 9.771057988833265995e+01
8.495168115976019180e+03 9.705678753184999152e+01
8.495368124642873227e+03 9.804087626202833405e+01
8.495568133309730911e+03 9.513845099163047792e+01
8.495768141976583138e+03 9.391266693816940858e+01
8.495968150643439003e+03 9.628218185358250025e+01
8.496168159310291230e+03 9.473927698309888967e+01
8.496368167977147095e+03 9.232236455479596771e+01
8.496568176644002961e+03 9.083648722703192391e+01
8.496768185310855188e+03 8.815715332612445820e+01
8.496968193977709234e+03 8.595773455412788167e+01
8.497168202644565099e+03 7.846038124472210029e+01
8.497368211311419145e+03 7.424415801481150368e+01
8.497568219978275010e+03 6.894176188271973160e+01
8.497768228645127238e+03 6.338549127665514504e+01
8.497968237311981284e+03 5.528663360371783853e+01
8.498168245978837149e+03 5.029881483369023698e+01
8.498368254645691195e+03 4.719936381461153019e+01
8.498568263312547060e+03 4.799440826911524738e+01
8.498768271979399287e+03 5.567853254574892219e+01
8.498968280646255153e+03 6.160734008451225918e+01
8.499168289313109199e+03 7.115605009975401174e+01
8.499368297979963245e+03 7.763198861425394171e+01
8.499568306646817291e+03 8.275816897966798535e+01
8.499768315313673156e+03 8.421791231284997536e+01
8.499968323980527202e+03 9.072408601784982807e+01
8.500168332647381249e+03 9.090398385679729643e+01
8.500368341314235295e+03 9.072864120019448819e+01
8.500568349981091160e+03 9.418962802581198446e+01
8.500768358647945206e+03 9.710053218941881426e+01
8.500968367314799252e+03 9.517813848269295818e+01
8.501168375981653298e+03 9.410979347015785379e+01
8.501368384648507345e+03 9.489617290083845091e+01
8.501568393315363210e+03 9.566721906394776909e+01
8.501768401982217256e+03 9.593285818537533771e+01
8.501968410649071302e+03 9.474993670175761906e+01
8.502168419315925348e+03 9.439527348964001874e+01
8.502368427982781213e+03 9.176226349092172541e+01
8.502568436649635260e+03 9.036602166344073339e+01
8.502768445316489306e+03 9.266031511529700992e+01
8.502968453983343352e+03 9.373483542633530874e+01
8.503168462650197398e+03 9.435917183167322264e+01
8.503368471317053263e+03 9.524221548055109565e+01
8.503568479983907309e+03 9.560332866215152592e+01
8.503768488650761356e+03 9.706712561899882985e+01
8.503968497317617221e+03 9.698711511026635890e+01
8.504168505984469448e+03 9.898879533526613272e+01
8.504368514651325313e+03 9.855470934593954269e+01
8.504568523318179359e+03 9.882955666405320017e+01
8.504768531985035224e+03 9.689538649308465779e+01
8.504968540651889271e+03 9.836536663840848860e+01
8.505168549318741498e+03 9.867307554119742008e+01
8.505368557985597363e+03 9.772381700691835249e+01
8.505568566652451409e+03 9.911763264982940314e+01
8.505768575319305455e+03 9.961850232306596808e+01
8.505968583986161320e+03 9.986235438148656840e+01
8.506168592653013548e+03 1.008228213766701771e+02
8.506368601319869413e+03 9.962942142339684892e+01
8.506568609986725278e+03 9.933840254241843581e+01
8.506768618653577505e+03 9.866545952140467080e+01
8.506968627320433370e+03 1.001812935146136283e+02
8.507168635987285597e+03 1.007200593640447579e+02
8.507368644654143282e+03 9.932061439107010870e+01
8.507568653320997328e+03 1.013728870981197900e+02
8.507768661987849555e+03 9.907545228183755626e+01
8.507968670654705420e+03 9.967047836616200129e+01
8.508168679321559466e+03 9.963615785639220235e+01
8.508368687988415331e+03 9.948123484440696984e+01
8.508568696655269378e+03 1.007420186877851904e+02
8.508768705322121605e+03 1.007986625660015676e+02
8.508968713988977470e+03 9.999948015185131567e+01
8.509168722655831516e+03 9.748517330796619262e+01
8.509368731322685562e+03 9.822625919640084646e+01
8.509568739989541427e+03 9.740414609868366824e+01
8.509768748656393655e+03 9.888656605970129476e+01
8.509968757323251339e+03 9.898740116954947155e+01
8.510168765990103566e+03 9.907612927910219014e+01
8.510368774656957612e+03 9.960560931188948075e+01
8.510568783323813477e+03 9.954804265434026433e+01
8.510768791990667523e+03 9.981198141065279117e+01
8.510968800657523389e+03 9.873085331896115235e+01
8.511168809324375616e+03 9.921704406378398744e+01
8.511368817991229662e+03 1.004335366341651650e+02
8.511568826658087346e+03 1.014165289937825492e+02
8.511768835324939573e+03 9.996928755045026094e+01
8.511968843991793619e+03 1.002187904609872930e+02
8.512168852658647666e+03 9.850681585262816498e+01
8.512368861325501712e+03 1.018724317247144739e+02
8.512568869992359396e+03 1.016209259189941747e+02
8.512768878659211623e+03 1.007891338061278930e+02
8.512968887326065669e+03 9.881335097668574008e+01
8.513168895992919715e+03 9.915225856386095415e+01
8.513368904659775581e+03 9.872935163953202675e+01
8.513568913326631446e+03 9.671288069715765801e+01
8.513768921993483673e+03 9.525964967171900355e+01
8.513968930660337719e+03 9.417418099001099563e+01
8.514168939327193584e+03 8.919611087808220873e+01
8.514368947994047630e+03 8.735319693885311665e+01
8.514568956660903496e+03 8.790577593937412360e+01
8.514768965327755723e+03 9.271922199089560479e+01
8.514968973994611588e+03 9.239507106834088290e+01
8.515168982661465634e+03 9.478053779118093303e+01
8.515368991328319680e+03 9.396742952718076936e+01
8.515568999995173726e+03 9.512613657581576376e+01
8.515769008662029592e+03 9.677386917481851469e+01
8.515969017328883638e+03 9.765159727438927462e+01
8.516169025995737684e+03 9.871535169362793738e+01
8.516369034662591730e+03 1.012705182468519354e+02
8.516569043329445776e+03 9.946793552863240961e+01
8.516769051996301641e+03 9.970711622326840029e+01
8.516969060663155688e+03 9.832950835765646502e+01
8.517169069330009734e+03 1.001037212209920000e+02
8.517369077996863780e+03 9.871597875169257463e+01
8.517569086663719645e+03 9.923749177406830313e+01
8.517769095330573691e+03 9.937650410424322445e+01
8.517969103997427737e+03 9.848571898063858043e+01
8.518169112664279965e+03 9.946065685249645583e+01
8.518369121331137649e+03 9.866880212324564070e+01
8.518569129997991695e+03 9.674526946003373951e+01
8.518769138664845741e+03 9.677566021791797368e+01
8.518969147331699787e+03 9.792064806629740303e+01
8.519169155998553833e+03 9.919307816115754406e+01
8.519369164665409699e+03 9.812386704777021862e+01
8.519569173332263745e+03 9.938127419005378727e+01
8.519769181999117791e+03 1.011813092126236313e+02
8.519969190665971837e+03 1.002505364779533750e+02
8.520169199332825883e+03 1.008426459068754895e+02
8.520369207999681748e+03 9.948982268317554656e+01
8.520569216666535795e+03 1.008671254580028034e+02
8.520769225333389841e+03 9.893969894844111934e+01
8.520969234000245706e+03 1.009428980262972146e+02
8.521169242667097933e+03 9.744560410123834515e+01
8.521369251333953798e+03 1.000268815013078694e+02
8.521569260000807844e+03 1.001586845289379113e+02
8.521769268667661891e+03 9.825925399213329570e+01
8.521969277334517756e+03 9.824222224546997495e+01
8.522169286001369983e+03 9.753991880484890942e+01
8.522369294668225848e+03 1.007188144201440565e+02
8.522569303335081713e+03 9.793411057060860969e+01
8.522769312001933940e+03 9.959325403018912937e+01
8.522969320668789805e+03 9.807175718277038357e+01
8.523169329335642033e+03 9.924891876745729746e+01
8.523369338002497898e+03 9.773412905472422096e+01
8.523569346669353763e+03 9.972718437551191073e+01
8.523769355336205990e+03 1.006354559372612130e+02
8.523969364003061855e+03 9.954621005428779767e+01
8.524169372669914083e+03 1.000420645399888002e+02
8.524369381336769948e+03 9.868237728325422609e+01
8.524569390003625813e+03 9.987247633624544108e+01
8.524769398670478040e+03 9.963333669265594494e+01
8.524969407337333905e+03 9.804886022460358674e+01
8.525169416004187951e+03 9.997151894523517512e+01
8.525369424671041997e+03 9.903687610503101268e+01
8.525569433337897863e+03 1.007696463667440554e+02
8.525769442004750090e+03 9.906187506890850614e+01
8.525969450671607774e+03 9.755296456786024351e+01
8.526169459338460001e+03 9.612302486860261297e+01
8.526369468005314047e+03 9.767302571601483407e+01
8.526569476672169912e+03 9.662686340143882546e+01
8.526769485339023959e+03 9.697746231786221927e+01
8.526969494005879824e+03 9.530040241692231007e+01
8.527169502672732051e+03 9.390257938837216045e+01
8.527369511339586097e+03 9.478831622345370533e+01
8.527569520006441962e+03 9.331070497386160412e+01
8.527769528673296008e+03 9.506134946367396310e+01
8.527969537340150055e+03 9.341116276342049218e+01
8.528169546007004101e+03 9.792983136171389447e+01
8.528369554673858147e+03 9.833260982481007773e+01
8.528569563340715831e+03 9.844848690949331171e+01
8.528769572007568058e+03 9.791148414992966309e+01
8.528969580674422104e+03 9.801361695035156174e+01
8.529169589341276151e+03 9.791702671262451929e+01
8.529369598008132016e+03 9.819932795096600842e+01
8.529569606674987881e+03 9.893773938556780934e+01
8.529769615341840108e+03 9.854444941529052926e+01
8.529969624008694154e+03 9.791295901453703721e+01
8.530169632675550019e+03 9.849772961828732321e+01
8.530369641342404066e+03 9.674928113326366486e+01
8.530569650009258112e+03 9.907236732178760974e+01
8.530769658676112158e+03 9.589436824347842503e+01
8.530969667342966204e+03 9.698719913781958724e+01
8.531169676009822069e+03 9.856063307360544457e+01
8.531369684676676115e+03 9.947811365837792152e+01
8.531569693343530162e+03 9.873762728643617947e+01
8.531769702010384208e+03 9.818084998204159319e+01
8.531969710677240073e+03 9.733760683148210546e+01
8.532169719344094119e+03 9.723638382140660497e+01
8.532369728010948165e+03 9.820499395512963758e+01
8.532569736677802211e+03 9.850002829627160850e+01
8.532769745344658077e+03 9.686535458842591595e+01
8.532969754011512123e+03 9.695659899841909635e+01
8.533169762678366169e+03 9.589765885523925704e+01
8.533369771345220215e+03 9.741360676081758641e+01
8.533569780012076080e+03 9.818808861554300904e+01
8.533769788678930126e+03 9.737216574493153587e+01
8.533969797345784173e+03 9.571221909880411260e+01
8.534169806012636400e+03 9.589952818381378563e+01
8.534369814679492265e+03 9.764577182260302379e+01
8.534569823346348130e+03 9.638958439790788191e+01
8.534769832013202176e+03 9.508996859215326936e+01
8.534969840680056222e+03 9.735873267453629865e+01
8.535169849346908450e+03 9.593403754070934042e+01
8.535369858013766134e+03 9.643899619242040444e+01
8.535569866680620180e+03 9.477298880385737334e+01
8.535769875347474226e+03 9.686298578241725465e+01
8.535969884014328272e+03 9.488436830066038397e+01
8.536169892681182318e+03 9.368335670581952002e+01
8.536369901348038184e+03 9.113448657171853995e+01
8.536569910014892230e+03 8.883042475414639227e+01
8.536769918681744457e+03 9.141981912649384867e+01
8.536969927348602141e+03 9.189382558651553268e+01
8.537169936015454368e+03 9.019403023544695941e+01
8.537369944682310233e+03 9.262651298837080560e+01
8.537569953349164280e+03 9.121626053370279408e+01
8.537769962016018326e+03 8.984870905820253029e+01
8.537969970682874191e+03 8.892016505332811960e+01
8.538169979349726418e+03 9.064792191611481087e+01
8.538369988016582283e+03 8.741031037868275178e+01
8.538569996683436329e+03 8.641263469022501909e+01
8.538770005350290376e+03 8.642519621922771478e+01
8.538970014017146241e+03 8.464994898934780565e+01
8.539170022683998468e+03 8.584255414474752399e+01
8.539370031350854333e+03 8.446069394911857842e+01
8.539570040017710198e+03 8.187185342314148784e+01
8.539770048684562425e+03 8.076608881204396084e+01
8.539970057351418291e+03 7.953209103650564771e+01
8.540170066018270518e+03 7.618728579310607074e+01
8.540370074685126383e+03 7.301150333597796305e+01
8.540570083351982248e+03 7.341214910870345989e+01
8.540770092018834475e+03 7.043081401332609914e+01
8.540970100685690340e+03 6.752972277890036423e+01
8.541170109352544387e+03 6.547292445882354173e+01
8.541370118019398433e+03 6.172649829131792387e+01
8.541570126686254298e+03 5.746586259486622339e+01
8.541770135353106525e+03 5.460282302293706636e+01
8.541970144019962390e+03 4.890403552264131548e+01
8.542170152686816436e+03 4.110672520943327157e+01
8.542370161353670483e+03 3.709489435351364506e+01
8.542570170020526348e+03 3.778602492550433567e+01
8.542770178687378575e+03 4.233329313757402446e+01
8.542970187354234440e+03 4.909108306982264480e+01
8.543170196021088486e+03 5.334875385017007687e+01
8.543370204687942532e+03 5.857826441681061880e+01
8.543570213354798398e+03 6.109980293545280716e+01
8.543770222021652444e+03 6.607551947750633303e+01
8.543970230688506490e+03 6.739689984121787347e+01
8.544170239355360536e+03 6.912464567558285466e+01
8.544370248022214582e+03 7.379957149098282798e+01
8.544570256689072266e+03 7.600476840168940385e+01
8.544770265355924494e+03 7.775184564658526654e+01
8.544970274022778540e+03 7.732169479928900557e+01
8.545170282689632586e+03 7.901267821015913739e+01
8.545370291356486632e+03 7.944293496818396250e+01
8.545570300023344316e+03 8.198012091481847108e+01
8.545770308690196543e+03 8.134269479834043182e+01
8.545970317357050590e+03 8.407981549100601626e+01
8.546170326023904636e+03 8.542068211692425450e+01
8.546370334690760501e+03 8.816652478143069516e+01
8.546570343357614547e+03 9.103617875846009611e+01
8.546770352024468593e+03 8.902580375921193934e+01
8.546970360691322639e+03 8.977260417901518963e+01
8.547170369358178505e+03 9.217335845969003572e+01
8.547370378025032551e+03 9.289008338749684413e+01
8.547570386691886597e+03 9.175633620361287512e+01
8.547770395358740643e+03 9.261355818410179097e+01
8.547970404025596508e+03 9.180815961279823512e+01
8.548170412692450554e+03 9.374972520089329464e+01
8.548370421359304601e+03 9.170354800701306885e+01
8.548570430026158647e+03 9.393631993292254379e+01
8.548770438693014512e+03 9.363478613320701527e+01
8.548970447359868558e+03 9.345076146322858790e+01
8.549170456026720785e+03 9.569323764649196562e+01
8.549370464693576650e+03 9.399506192213502231e+01
8.549570473360430697e+03 9.495515825145554345e+01
8.549770482027286562e+03 9.695933550887905028e+01
8.549970490694140608e+03 9.523700927529333171e+01
8.550170499360992835e+03 9.590545019916883973e+01
8.550370508027848700e+03 9.460737509543831436e+01
8.550570516694704565e+03 9.439128766547601401e+01
8.550770525361558612e+03 9.463815594659462249e+01
8.550970534028412658e+03 9.777212772034665988e+01
8.551170542695264885e+03 9.773375105571862775e+01
8.551370551362122569e+03 9.803783980601907899e+01
8.551570560028976615e+03 9.564799478315325132e+01
8.551770568695830661e+03 9.763863399003098209e+01
8.551970577362684708e+03 9.795625597115244432e+01
8.552170586029538754e+03 9.771994415746330276e+01
8.552370594696394619e+03 9.613938834796523736e+01
8.552570603363248665e+03 9.856272170912872355e+01
8.552770612030100892e+03 9.770634669750563717e+01
8.552970620696956757e+03 9.744161933259675834e+01
8.553170629363810804e+03 1.004742028802543956e+02
8.553370638030666669e+03 9.829089331672959418e+01
8.553570646697520715e+03 9.676778244857310085e+01
8.553770655364372942e+03 9.745358768219402634e+01
8.553970664031230626e+03 9.944784078584338260e+01
8.554170672698082853e+03 9.720691884235944258e+01
8.554370681364938719e+03 9.747531311803500387e+01
8.554570690031792765e+03 9.887579141712436126e+01
8.554770698698646811e+03 9.889861058757527701e+01
8.554970707365502676e+03 9.691020827521828096e+01
8.555170716032354903e+03 9.737769438133403810e+01
8.555370724699208949e+03 9.753454425427550234e+01
8.555570733366066634e+03 9.691599087669098367e+01
8.555770742032918861e+03 9.799604420012623507e+01
8.555970750699774726e+03 9.937870357171381386e+01
8.556170759366626953e+03 9.885488017444326658e+01
8.556370768033480999e+03 9.889686387297786041e+01
8.556570776700338683e+03 9.638069223044352896e+01
8.556770785367190911e+03 9.275450844943679840e+01
8.556970794034046776e+03 9.195335593556404774e+01
8.557170802700899003e+03 8.906063557968265343e+01
8.557370811367754868e+03 9.063318766817937444e+01
8.557570820034610733e+03 9.589843634163321440e+01
8.557770828701462960e+03 9.643998297018745802e+01
8.557970837368318826e+03 9.844106872072485714e+01
8.558170846035172872e+03 1.009336245334853146e+02
8.558370854702026918e+03 1.007887269012099694e+02
8.558570863368882783e+03 9.835406467637811545e+01
8.558770872035735010e+03 9.837285842087963772e+01
8.558970880702590875e+03 9.807080276814465947e+01
8.559170889369444922e+03 9.986442817771298053e+01
8.559370898036298968e+03 9.937600764315874358e+01
8.559570906703154833e+03 9.759459962244413589e+01
8.559770915370008879e+03 9.862773134798193553e+01
8.559970924036862925e+03 9.710384951613616522e+01
8.560170932703716971e+03 9.736538680691096204e+01
8.560370941370571018e+03 9.994916011696346914e+01
8.560570950037426883e+03 9.947070327653226229e+01
8.560770958704280929e+03 9.885386887741796613e+01
8.560970967371134975e+03 9.905133781977910701e+01
8.561170976037989021e+03 9.867652374694486639e+01
8.561370984704843067e+03 9.968591628095921919e+01
8.561570993371698933e+03 9.908807987399586636e+01
8.561771002038552979e+03 9.731232376565593256e+01
8.561971010705407025e+03 9.924940686177725979e+01
8.562171019372261071e+03 9.909356607730572364e+01
8.562371028039116936e+03 1.000951391072723453e+02
8.562571036705970982e+03 9.913497043487556937e+01
8.562771045372825029e+03 9.686341332966740936e+01
8.562971054039679075e+03 9.792134388989684624e+01
8.563171062706534940e+03 9.889793181577523740e+01
8.563371071373388986e+03 9.918136184238605324e+01
8.563571080040243032e+03 9.869826611013162676e+01
8.563771088707097078e+03 9.917454245773777188e+01
8.563971097373951125e+03 1.011227701923145901e+02
8.564171106040806990e+03 9.996586068502676881e+01
8.564371114707661036e+03 9.851010294454577831e+01
8.564571123374515082e+03 9.998062593991173230e+01
8.564771132041369128e+03 9.911193088491313574e+01
8.564971140708224993e+03 9.846419708810711313e+01
8.565171149375077221e+03 9.994315876928827436e+01
8.565371158041933086e+03 9.978502077816125393e+01
8.565571166708787132e+03 1.004458222128743472e+02
8.565771175375642997e+03 9.995678771442442212e+01
8.565971184042497043e+03 9.845100487242827114e+01
8.566171192709349270e+03 9.927183000946854463e+01
8.566371201376205136e+03 9.810509371750819696e+01
8.566571210043061001e+03 1.004670851827827249e+02
8.566771218709915047e+03 9.877077547108069666e+01
8.566971227376769093e+03 1.007860599899725713e+02
8.567171236043621320e+03 9.944815812441380842e+01
8.567371244710477185e+03 9.901315627335883107e+01
8.567571253377333051e+03 9.954876219114093772e+01
8.567771262044185278e+03 9.856212977222077143e+01
8.567971270711041143e+03 9.702651463854964220e+01
8.568171279377893370e+03 9.944704882473125451e+01
8.568371288044751054e+03 1.001339408901403374e+02
8.568571296711605100e+03 9.912151662106705885e+01
8.568771305378457328e+03 1.001550480767888445e+02
8.568971314045313193e+03 9.808641315289324325e+01
8.569171322712167239e+03 1.016503092528493113e+02
8.569371331379023104e+03 9.845100745909387285e+01
8.569571340045877150e+03 9.872194858645188731e+01
8.569771348712729377e+03 1.005585305993199228e+02
8.569971357379587062e+03 1.001814259893082806e+02
8.570171366046439289e+03 1.011549612093780155e+02
8.570371374713293335e+03 9.989603794826722094e+01
8.570571383380149200e+03 1.032490561251444632e+02
8.570771392047003246e+03 1.005700847872782759e+02
8.570971400713859111e+03 9.847124824072037086e+01
8.571171409380711339e+03 1.008773728877336424e+02
8.571371418047565385e+03 1.002014724043402509e+02
8.571571426714421250e+03 9.977622111764419799e+01
8.571771435381275296e+03 9.779606807339810359e+01
8.571971444048131161e+03 9.797193797177484953e+01
8.572171452714983388e+03 9.622045232560131467e+01
8.572371461381837435e+03 9.862176612520323715e+01
8.572571470048695119e+03 9.818744106930864746e+01
8.572771478715547346e+03 9.880022911795872176e+01
8.572971487382403211e+03 9.941000930844616335e+01
8.573171496049255438e+03 9.947571125286800964e+01
8.573371504716111303e+03 1.002728525817292109e+02
8.573571513382967169e+03 9.974687963392047152e+01
8.573771522049819396e+03 9.946950747756683597e+01
8.573971530716673442e+03 9.928732351945691903e+01
8.574171539383529307e+03 1.009624967775820465e+02
8.574371548050383353e+03 9.831005137483097656e+01
8.574571556717239218e+03 1.010262684539323601e+02
8.574771565384091446e+03 9.913302057524298050e+01
8.574971574050945492e+03 9.914922673447614443e+01
8.575171582717801357e+03 9.833564060907049509e+01
8.575371591384655403e+03 9.895233410521004203e+01
8.575571600051511268e+03 9.974454500691594205e+01
8.575771608718363495e+03 9.923293186681758016e+01
8.575971617385219361e+03 1.000915877749691703e+02
8.576171626052073407e+03 9.865478585988547877e+01
8.576371634718927453e+03 9.841870176282573368e+01
8.576571643385781499e+03 9.909519152468530478e+01
8.576771652052637364e+03 9.891397160831530755e+01
8.576971660719491410e+03 1.011527640939476669e+02
8.577171669386345457e+03 1.019153811251659789e+02
8.577371678053199503e+03 9.812893553505941213e+01
8.577571686720055368e+03 1.004906448903753216e+02
8.577771695386909414e+03 9.924634029369430266e+01
8.577971704053763460e+03 9.905296715742066738e+01
8.578171712720617506e+03 9.788261256485925799e+01
8.578371721387471553e+03 1.005495732489964098e+02
8.578571730054327418e+03 9.983322084957406162e+01
8.578771738721181464e+03 1.004539946665960599e+02
8.578971747388035510e+03 9.875998056206260856e+01
8.579171756054889556e+03 9.898176758497378103e+01
8.579371764721745421e+03 9.974981863795991899e+01
8.579571773388599468e+03 9.964369563998242540e+01
8.579771782055453514e+03 1.005914668288760794e+02
8.579971790722307560e+03 9.990766459289656609e+01
8.580171799389161606e+03 9.912552951562487635e+01
8.580371808056017471e+03 9.820911824255890110e+01
8.580571816722871517e+03 1.018920592025955756e+02
8.580771825389725564e+03 9.845662514785550457e+01
8.580971834056581429e+03 1.010653490864494728e+02
8.581171842723433656e+03 9.997599230639400503e+01
8.581371851390289521e+03 9.857429519111241234e+01
8.581571860057143567e+03 9.865632401838215060e+01
8.581771868723999432e+03 9.855356459584491802e+01
8.581971877390853479e+03 9.581205318961053763e+01
8.582171886057705706e+03 9.387648103353060947e+01
8.582371894724561571e+03 9.408491976283410452e+01
8.582571903391415617e+03 9.092649248184534372e+01
8.582771912058269663e+03 9.321505896611003550e+01
8.582971920725125528e+03 9.669628625614429041e+01
8.583171929391977756e+03 9.820207094856797880e+01
8.583371938058833621e+03 9.777419364104957822e+01
8.583571946725689486e+03 9.905599842204551919e+01
8.583771955392541713e+03 9.958488734651218977e+01
8.583971964059397578e+03 9.805647452161949218e+01
8.584171972726249805e+03 1.004688737269083418e+02
8.584371981393107490e+03 9.970284855227147602e+01
8.584571990059961536e+03 9.929825013738835082e+01
8.584771998726813763e+03 9.623644659613229635e+01
8.584972007393669628e+03 9.676550841767451061e+01
8.585172016060523674e+03 9.764748547887533903e+01
8.585372024727379539e+03 9.901336166244178116e+01
8.585572033394233586e+03 9.797847233254157118e+01
8.585772042061085813e+03 9.901278145635501460e+01
8.585972050727941678e+03 9.956987573894801358e+01
8.586172059394795724e+03 9.966445238410358343e+01
8.586372068061649770e+03 9.902342878742459220e+01
8.586572076728505635e+03 1.011041534265093844e+02
8.586772085395357863e+03 1.000597950211284513e+02
8.586972094062215547e+03 1.006496880243962266e+02
8.587172102729067774e+03 9.998259261714238733e+01
8.587372111395921820e+03 9.837875135953511574e+01
8.587572120062777685e+03 9.913073227334760418e+01
8.587772128729631731e+03 1.003667017925353946e+02
8.587972137396487597e+03 1.002894421561068725e+02
8.588172146063339824e+03 9.986292150638801957e+01
8.588372154730193870e+03 9.780094908107383844e+01
8.588572163397051554e+03 9.804711652714989611e+01
8.588772172063903781e+03 1.014057768190218098e+02
8.588972180730757827e+03 9.904708503643850293e+01
8.589172189397611874e+03 9.975595089436913554e+01
8.589372198064467739e+03 9.871921634072268148e+01
8.589572206731323604e+03 9.867955581740110915e+01
8.589772215398175831e+03 9.846042664359335106e+01
8.589972224065029877e+03 9.844864502586310095e+01
8.590172232731883923e+03 1.006174469803820983e+02
8.590372241398739789e+03 1.014033541393843620e+02
8.590572250065595654e+03 9.997810162575906645e+01
8.590772258732447881e+03 1.003964937910482007e+02
8.590972267399301927e+03 9.867410369644102275e+01
8.591172276066157792e+03 1.007830818000786905e+02
8.591372284733011838e+03 1.009278399905876569e+02
8.591572293399867704e+03 1.004153907418171201e+02
8.591772302066719931e+03 1.010900611953990875e+02
8.591972310733575796e+03 9.789072505897775045e+01
8.592172319400429842e+03 9.917324150774676639e+01
8.592372328067283888e+03 1.007042219178064784e+02
8.592572336734137934e+03 9.780828802265705235e+01
8.592772345400993800e+03 9.945287173172015116e+01
8.592972354067847846e+03 1.001186874900673445e+02
8.593172362734701892e+03 9.889785702799606781e+01
8.593372371401555938e+03 9.784429777104276127e+01
8.593572380068409984e+03 9.827292853583696797e+01
8.593772388735265849e+03 1.001981491285740447e+02
8.593972397402119896e+03 9.849143629220773732e+01
8.594172406068973942e+03 1.013234524269978465e+02
8.594372414735827988e+03 1.011672798892481637e+02
8.594572423402683853e+03 1.004765997542487668e+02
8.594772432069537899e+03 1.002290200851254838e+02
8.594972440736391945e+03 1.004276447751258559e+02
8.595172449403244173e+03 9.987685706811816999e+01
8.595372458070101857e+03 1.002196905836161278e+02
8.595572466736955903e+03 1.013360287600619500e+02
8.595772475403809949e+03 1.013388625675976158e+02
8.595972484070663995e+03 9.814435485852692409e+01
8.596172492737518041e+03 9.904069581021555280e+01
8.596372501404373907e+03 9.750222099589173297e+01
8.596572510071227953e+03 9.723615266944406699e+01
8.596772518738081999e+03 9.834725179146674634e+01
8.596972527404936045e+03 9.939567141788168669e+01
8.597172536071790091e+03 9.922221761417033292e+01
8.597372544738645956e+03 9.738574161839994758e+01
8.597572553405500003e+03 9.803131553561958356e+01
8.597772562072354049e+03 9.809379406237100341e+01
8.597972570739209914e+03 9.760001973251135610e+01
8.598172579406062141e+03 9.793759340224887922e+01
8.598372588072918006e+03 9.400355667434844520e+01
8.598572596739772052e+03 9.445788362707241959e+01
8.598772605406626099e+03 9.084611393107522304e+01
8.598972614073481964e+03 8.913071129188153918e+01
8.599172622740334191e+03 9.044070893480203210e+01
8.599372631407190056e+03 9.202768773475192177e+01
8.599572640074045921e+03 9.367213005461530884e+01
8.599772648740898148e+03 9.621882777618149873e+01
8.599972657407754014e+03 9.933473486222685267e+01
8.600172666074606241e+03 1.011195735970955241e+02
8.600372674741463925e+03 9.947805126369019035e+01
8.600572683408317971e+03 9.868930161229224041e+01
8.600772692075170198e+03 1.002129373414144595e+02
8.600972700742026063e+03 9.854954249579915881e+01
8.601172709408878291e+03 9.762661994676054178e+01
8.601372718075734156e+03 9.982132232626109669e+01
8.601572726742590021e+03 9.997067017411262668e+01
8.601772735409442248e+03 1.006308904822415258e+02
8.601972744076298113e+03 9.883362813004190173e+01
8.602172752743152159e+03 9.928278823884311066e+01
8.602372761410006206e+03 1.003279883483009058e+02
8.602572770076862071e+03 1.007382241047033489e+02
8.602772778743714298e+03 1.000775647979873355e+02
8.602972787410571982e+03 9.903610048627142248e+01
8.603172796077424209e+03 1.004962233042520836e+02
8.603372804744278255e+03 9.939853075071843591e+01
8.603572813411134121e+03 9.797815292853167080e+01
8.603772822077988167e+03 9.966500868119004508e+01
8.603972830744844032e+03 9.942158978396938096e+01
8.604172839411696259e+03 1.007243942586403449e+02
8.604372848078550305e+03 1.011475953838431820e+02
8.604572856745406170e+03 9.935813285982503373e+01
8.604772865412260217e+03 1.000772641363844144e+02
8.604972874079114263e+03 9.913472706298492199e+01
8.605172882745968309e+03 1.012368766026267792e+02
8.605372891412822355e+03 9.970886495346680078e+01
8.605572900079680039e+03 9.794809472342335255e+01
8.605772908746532266e+03 1.005447793369790190e+02
8.605972917413386313e+03 9.966260392395486178e+01
8.606172926080240359e+03 9.944713222027530719e+01
8.606372934747096224e+03 9.773483363749403452e+01
8.606572943413952089e+03 9.809038520914394610e+01
8.606772952080804316e+03 9.820084483769795725e+01
8.606972960747658362e+03 9.859838989140062893e+01
8.607172969414514228e+03 9.911717512677113007e+01
8.607372978081368274e+03 9.883580895592778859e+01
8.607572986748222320e+03 9.772070325046186667e+01
8.607772995415076366e+03 9.883180060597160832e+01
8.607973004081930412e+03 9.825171234940606269e+01
8.608173012748786277e+03 9.996753736071089236e+01
8.608373021415640324e+03 9.971466026441937913e+01
8.608573030082494370e+03 9.877249172668608423e+01
8.608773038749348416e+03 9.920168902590482674e+01
8.608973047416204281e+03 1.000422350833769087e+02
8.609173056083058327e+03 1.004075313307728123e+02
8.609373064749912373e+03 1.000172817518496231e+02
8.609573073416766420e+03 9.843667797141019093e+01
8.609773082083622285e+03 1.013738820209846949e+02
8.609973090750476331e+03 1.000661603544489537e+02
8.610173099417330377e+03 1.004830751437341263e+02
8.610373108084184423e+03 1.002554859537041096e+02
8.610573116751040288e+03 1.016796930243339432e+02
8.610773125417894335e+03 9.773953793598280981e+01
8.610973134084748381e+03 1.000277586127410245e+02
8.611173142751600608e+03 9.983364662415004886e+01
8.611373151418458292e+03 9.890657977056444849e+01
8.611573160085312338e+03 9.705715579855970532e+01
8.611773168752166384e+03 9.174366482161211422e+01
8.611973177419020431e+03 9.108358748739902921e+01
8.612173186085872658e+03 8.763916522485095584e+01
8.612373194752730342e+03 8.760956748028581842e+01
8.612573203419584388e+03 9.235669002425416352e+01
8.612773212086438434e+03 9.728653618050795160e+01
8.612973220753292480e+03 1.000141126290879185e+02
8.613173229420146527e+03 9.942961741919830843e+01
8.613373238087002392e+03 9.867930600648983841e+01
8.613573246753856438e+03 1.006929046206828389e+02
8.613773255420708665e+03 1.006360680795106362e+02
8.613973264087566349e+03 9.746749121413660077e+01
8.614173272754418576e+03 9.842234793155594730e+01
8.614373281421274442e+03 9.984601973911571804e+01
8.614573290088128488e+03 9.728662464327348403e+01
8.614773298754982534e+03 1.015333622015574662e+02
8.614973307421838399e+03 1.017055652556049381e+02
8.615173316088690626e+03 9.923250125066186911e+01
8.615373324755546491e+03 1.016711599154724439e+02
8.615573333422400538e+03 9.983451746147254369e+01
8.615773342089254584e+03 9.866534217137653684e+01
8.615973350756110449e+03 1.004849171534553989e+02
8.616173359422962676e+03 9.827295973796726969e+01
8.616373368089818541e+03 9.994325017793146060e+01
8.616573376756674406e+03 9.840328757245985969e+01
8.616773385423526634e+03 9.894671825853819769e+01
8.616973394090382499e+03 9.806672121484643867e+01
8.617173402757234726e+03 9.710550304353337481e+01
8.617373411424090591e+03 9.997322738610004933e+01
8.617573420090946456e+03 9.914461716039728856e+01
8.617773428757798683e+03 9.968221836039283801e+01
8.617973437424654549e+03 1.003251962006039832e+02
8.618173446091508595e+03 1.019832966443070461e+02
8.618373454758362641e+03 1.015082234642218708e+02
8.618573463425218506e+03 1.021867699458458105e+02
8.618773472092070733e+03 9.919617794632691243e+01
8.618973480758926598e+03 9.923675237138027683e+01
8.619173489425780645e+03 1.000865670197394621e+02
8.619373498092634691e+03 9.815899786746884104e+01
8.619573506759490556e+03 9.812761291291653265e+01
8.619773515426342783e+03 1.001677273740796892e+02
8.619973524093198648e+03 1.000650595803617904e+02
8.620173532760052694e+03 9.951562992250543971e+01
8.620373541426906741e+03 9.945493232588002286e+01
8.620573550093762606e+03 1.001800584188581666e+02
8.620773558760616652e+03 9.924956947437351573e+01
8.620973567427470698e+03 9.815740414473667386e+01
8.621173576094324744e+03 9.918018320846020686e+01
8.621373584761178790e+03 9.958007320708284738e+01
8.621573593428036475e+03 9.472289482079897027e+01
8.621773602094888702e+03 9.127909785867799997e+01
8.621973610761742748e+03 8.975695498583921506e+01
8.622173619428596794e+03 9.062755341903307738e+01
8.622373628095452659e+03 9.452765767327754531e+01
8.622573636762308524e+03 9.630236793998760447e+01
8.622773645429160752e+03 1.000540022128508468e+02
8.622973654096014798e+03 9.904607200452420557e+01
8.623173662762868844e+03 9.935107949116245152e+01
8.623373671429724709e+03 9.930531704639327018e+01
8.623573680096578755e+03 1.006832484258518718e+02
8.623773688763432801e+03 9.880025147087705761e+01
8.623973697430286848e+03 9.889220498535186721e+01
8.624173706097142713e+03 1.002559957213847639e+02
8.624373714763996759e+03 1.012625610164611487e+02
8.624573723430850805e+03 1.008394592609802061e+02
8.624773732097704851e+03 1.015194383477798965e+02
8.624973740764560716e+03 9.931014058585321891e+01
8.625173749431414763e+03 9.992981202673048813e+01
8.625373758098268809e+03 9.922146133223886011e+01
8.625573766765122855e+03 1.010429135157897207e+02
8.625773775431978720e+03 9.858369003134301067e+01
8.625973784098832766e+03 9.802606166541950472e+01
8.626173792765684993e+03 9.926626910878202636e+01
8.626373801432540859e+03 9.922583463570057916e+01
8.626573810099394905e+03 1.003858445660091974e+02
8.626773818766250770e+03 9.948230371003916161e+01
8.626973827433104816e+03 1.002936002958207808e+02
8.627173836099957043e+03 1.000153549105951498e+02
8.627373844766812908e+03 1.003329552317509865e+02
8.627573853433668774e+03 9.922972826484333098e+01
8.627773862100522820e+03 1.003802999852393754e+02
8.627973870767376866e+03 1.008504990025282666e+02
8.628173879434229093e+03 1.010232376756932808e+02
8.628373888101086777e+03 9.817092694937718989e+01
8.628573896767940823e+03 9.879258285855578947e+01
8.628773905434794870e+03 9.925947601987590474e+01
8.628973914101648916e+03 1.004541717696374405e+02
8.629173922768502962e+03 1.019675069832510559e+02
8.629373931435358827e+03 9.964937651167811339e+01
8.629573940102212873e+03 9.993420634509075740e+01
8.629773948769065100e+03 9.947393160695177983e+01
8.629973957435920966e+03 1.008219397197315033e+02
8.630173966102775012e+03 1.012609272033821242e+02
8.630373974769630877e+03 9.918523493341650976e+01
8.630573983436484923e+03 9.992478828876336650e+01
8.630773992103337150e+03 1.003851513253051877e+02
8.630974000770194834e+03 1.002009011957575098e+02
8.631174009437047062e+03 1.003305520059120681e+02
8.631374018103902927e+03 9.975496479450166021e+01
8.631574026770756973e+03 9.919918790405844788e+01
8.631774035437611019e+03 9.981994509512855984e+01
8.631974044104466884e+03 9.823677385148224062e+01
8.632174052771319111e+03 1.005888323186739086e+02
8.632374061438173158e+03 9.645001101751347505e+01
8.632574070105030842e+03 9.824137433522408003e+01
8.632774078771883069e+03 9.775973329593159633e+01
8.632974087438738934e+03 9.913392332563353193e+01
8.633174096105591161e+03 1.007669197969938466e+02
8.633374104772447026e+03 1.000574727895140086e+02
8.633574113439302891e+03 9.929637019671540088e+01
8.633774122106155119e+03 1.003471568893617132e+02
8.633974130773010984e+03 1.003718193286858877e+02
8.634174139439863211e+03 1.004582663837108498e+02
8.634374148106719076e+03 9.999619708296884824e+01
8.634574156773574941e+03 1.013228205144155396e+02
8.634774165440427169e+03 9.760181094123829837e+01
8.634974174107283034e+03 1.002777561758051093e+02
8.635174182774137080e+03 1.002109549907439998e+02
8.635374191440991126e+03 9.952039828452437575e+01
8.635574200107846991e+03 1.003017460549176718e+02
8.635774208774699218e+03 1.000150369885293742e+02
8.635974217441555083e+03 9.983732806257482650e+01
8.636174226108409130e+03 9.898120904589390534e+01
8.636374234775263176e+03 1.021193471844525220e+02
8.636574243442119041e+03 9.943010552325043250e+01
8.636774252108973087e+03 9.895852501028728909e+01
8.636974260775827133e+03 9.948832025273071622e+01
8.637174269442681179e+03 9.935664533011996014e+01
8.637374278109535226e+03 1.002573234930871990e+02
8.637574286776391091e+03 9.823882971005269837e+01
8.637774295443245137e+03 1.001877036396070224e+02
8.637974304110099183e+03 9.819734736842228529e+01
8.638174312776953229e+03 1.016282728935710225e+02
8.638374321443807276e+03 9.933924584325198737e+01
8.638574330110663141e+03 9.798274919857489351e+01
8.638774338777517187e+03 9.777241280847842120e+01
8.638974347444371233e+03 1.016124741943191481e+02
8.639174356111225279e+03 1.000178837819285178e+02
8.639374364778081144e+03 9.929652837696568213e+01
8.639574373444935190e+03 9.974564479973615505e+01
8.639774382111789237e+03 1.014250034031972518e+02
8.639974390778643283e+03 1.001995965757727589e+02
8.640174399445499148e+03 9.955966957491598635e+01
8.640374408112353194e+03 1.008675832074232375e+02
8.640574416779207240e+03 9.825357413621087233e+01
8.640774425446061286e+03 9.943990149062118178e+01
8.640974434112915333e+03 9.936002574350295902e+01
8.641174442779771198e+03 1.007279230240076089e+02
8.641374451446625244e+03 9.899418006629220201e+01
8.641574460113479290e+03 1.000521699592334244e+02
8.641774468780333336e+03 1.002765930858793979e+02
8.641974477447189201e+03 1.005907832114605753e+02
8.642174486114041429e+03 1.011966075193922734e+02
8.642374494780897294e+03 9.776586197281901036e+01
8.642574503447751340e+03 9.836096519851668063e+01
8.642774512114607205e+03 9.884091211327339010e+01
8.642974520781461251e+03 9.950716824268398852e+01
8.643174529448313478e+03 1.002019667063037502e+02
8.643374538115169344e+03 9.969114058007509982e+01
8.643574546782025209e+03 1.002952142476594730e+02
8.643774555448879255e+03 9.711548546256301506e+01
8.643974564115733301e+03 9.950354792313058283e+01
8.644174572782585528e+03 9.928824130884882493e+01
8.644374581449443212e+03 1.001536139259185774e+02
8.644574590116297259e+03 9.954236292408722875e+01
8.644774598783149486e+03 9.932487796396583235e+01
8.644974607450005351e+03 9.881240938778360317e+01
8.645174616116857578e+03 1.016690685459076491e+02
8.645374624783715262e+03 9.903725644444691056e+01
8.645574633450569308e+03 9.900534720647560505e+01
8.645774642117421536e+03 9.915242170595777793e+01
8.645974650784277401e+03 9.908514045271537896e+01
8.646174659451131447e+03 9.972301997318467670e+01
8.646374668117987312e+03 9.902812926888435641e+01
8.646574676784841358e+03 9.823993657984033234e+01
8.646774685451693585e+03 9.964683413800496226e+01
8.646974694118551270e+03 9.904526454805905189e+01
8.647174702785403497e+03 9.708659943516335034e+01
8.647374711452259362e+03 1.010953872048346227e+02
8.647574720119113408e+03 9.958074491012619944e+01
8.647774728785967454e+03 9.835628200597722071e+01
8.647974737452823319e+03 9.871276139684502482e+01
8.648174746119675547e+03 9.778698008229831373e+01
8.648374754786529593e+03 9.684746156920084559e+01
8.648574763453385458e+03 9.454400368277669031e+01
8.648774772120239504e+03 9.352036387152902819e+01
8.648974780787095369e+03 9.473608698467414513e+01
8.649174789453947596e+03 9.456262083569743027e+01
8.649374798120801643e+03 9.795699404524464171e+01
8.649574806787659327e+03 9.912895351490197982e+01
8.649774815454511554e+03 9.940478678280875613e+01
8.649974824121367419e+03 9.826711350886206731e+01
8.650174832788219646e+03 9.815913365273880231e+01
8.650374841455075511e+03 9.799042087188131234e+01
8.650574850121931377e+03 9.720056505915991352e+01
8.650774858788783604e+03 9.721113613267064579e+01
8.650974867455637650e+03 9.887201737503868060e+01
8.651174876122493515e+03 9.871298695264630396e+01
8.651374884789347561e+03 9.894972424375427522e+01
8.651574893456203426e+03 1.002515080516746480e+02
8.651774902123055654e+03 9.695898030356256925e+01
8.651974910789909700e+03 9.876719117719149210e+01
8.652174919456765565e+03 9.629474320581132929e+01
8.652374928123619611e+03 9.827305923092325202e+01
8.652574936790475476e+03 9.817917475882340739e+01
8.652774945457327703e+03 9.891429393675807091e+01
8.652974954124183569e+03 9.746408396576565281e+01
8.653174962791037615e+03 9.833727776201205018e+01
8.653374971457891661e+03 9.966332174541287259e+01
8.653574980124747526e+03 9.734832618282220551e+01
8.653774988791601572e+03 9.899769526179444767e+01
8.653974997458455618e+03 1.000450270982629490e+02
8.654175006125309665e+03 9.762284447659868647e+01
8.654375014792163711e+03 9.824550650906532212e+01
8.654575023459019576e+03 9.562902345952875294e+01
8.654775032125873622e+03 9.411881972835986687e+01
8.654975040792727668e+03 9.587121021499169160e+01
8.655175049459581714e+03 9.879864330112326343e+01
8.655375058126437580e+03 9.546394668370952274e+01
8.655575066793291626e+03 9.800086918595684438e+01
8.655775075460145672e+03 9.518755111713991823e+01
8.655975084126999718e+03 9.503030303876455775e+01
8.656175092793853764e+03 9.599600100913501421e+01
8.656375101460709629e+03 9.668329447815047217e+01
8.656575110127563676e+03 9.572249123863689135e+01
8.656775118794417722e+03 9.636739584100122613e+01
8.656975127461271768e+03 9.502662071087659967e+01
8.657175136128125814e+03 9.679043791887700365e+01
8.657375144794981679e+03 9.469908476600232916e+01
8.657575153461835725e+03 9.394789736238216449e+01
8.657775162128689772e+03 9.423308939022773245e+01
8.657975170795545637e+03 9.442035774789653146e+01
8.658175179462397864e+03 9.331899050382860139e+01
8.658375188129253729e+03 9.346677324371755446e+01
8.658575196796107775e+03 9.274551189419368313e+01
8.658775205462963640e+03 9.117693493099146451e+01
8.658975214129817687e+03 8.998552685795891648e+01
8.659175222796669914e+03 9.016857774888903521e+01
8.659375231463525779e+03 8.859345377378086539e+01
8.659575240130379825e+03 8.913468192970911730e+01
8.659775248797235690e+03 8.426675760468890530e+01
8.659975257464089736e+03 8.568231837747927671e+01
8.660175266130941964e+03 8.117180114519317158e+01
8.660375274797797829e+03 7.948465698662649004e+01
8.660575283464653694e+03 7.843693965675305435e+01
8.660775292131505921e+03 7.606498963660177992e+01
8.660975300798361786e+03 7.262414529083771697e+01
8.661175309465214013e+03 6.959235218430141856e+01
8.661375318132071698e+03 6.668839351049982156e+01
8.661575326798925744e+03 6.188145599265898511e+01
8.661775335465777971e+03 5.618842887035883393e+01
8.661975344132633836e+03 5.149072712129127183e+01
8.662175352799487882e+03 4.722345858332575830e+01
8.662375361466343747e+03 3.889044728757320257e+01
8.662575370133197794e+03 3.816804120941932865e+01
8.662775378800050021e+03 4.178366157008800030e+01
8.662975387466905886e+03 4.972850351904730104e+01
8.663175396133759932e+03 5.640785147542154476e+01
8.663375404800613978e+03 6.244062466690738233e+01
8.663575413467469843e+03 6.514980411230745005e+01
8.663775422134322071e+03 6.965098775952166932e+01
8.663975430801179755e+03 7.620210641163878051e+01
8.664175439468031982e+03 7.485404733217903583e+01
8.664375448134886028e+03 7.772243890001890065e+01
8.664575456801741893e+03 8.240347733412193065e+01
8.664775465468595939e+03 8.238475384752516106e+01
8.664975474135451805e+03 8.245759699076971572e+01
8.665175482802304032e+03 8.198395249409918506e+01
8.665375491469158078e+03 8.377798075717906556e+01
8.665575500136015762e+03 8.496232982628289676e+01
8.665775508802867989e+03 8.496642618215740583e+01
8.665975517469723854e+03 8.721820287131242821e+01
8.666175526136576082e+03 8.952024291714187143e+01
8.666375534803431947e+03 9.028888414677281560e+01
8.666575543470287812e+03 9.243476699075938541e+01
8.666775552137140039e+03 9.211357526683140406e+01
8.666975560803994085e+03 9.180423122313531792e+01
8.667175569470848131e+03 9.325719927389795316e+01
8.667375578137703997e+03 9.372684817990082706e+01
8.667575586804559862e+03 9.488471055162258949e+01
8.667775595471412089e+03 9.271291341683361509e+01
8.667975604138266135e+03 9.413654079519923812e+01
8.668175612805122000e+03 9.703728048149554297e+01
8.668375621471976046e+03 9.438595638848772751e+01
8.668575630138831912e+03 9.604399146480123761e+01
8.668775638805684139e+03 9.727826063205655771e+01
8.668975647472540004e+03 9.778712861698700465e+01
8.669175656139394050e+03 9.748615819991945841e+01
8.669375664806248096e+03 9.561064833134352625e+01
8.669575673473102142e+03 9.655530019541376419e+01
8.669775682139958008e+03 9.680769565186346881e+01
8.669975690806812054e+03 9.622993030853876917e+01
8.670175699473666100e+03 9.674325394093924047e+01
8.670375708140520146e+03 9.841046271603593709e+01
8.670575716807374192e+03 9.665054280150194188e+01
8.670775725474230057e+03 9.733128250057683317e+01
8.670975734141084104e+03 9.615524841538284306e+01
8.671175742807938150e+03 9.497722206870002992e+01
8.671375751474792196e+03 9.844031554935313011e+01
8.671575760141648061e+03 9.770759140496311090e+01
8.671775768808502107e+03 9.761198828575899711e+01
8.671975777475356153e+03 9.752163813444718699e+01
8.672175786142208381e+03 9.901734806799090904e+01
8.672375794809066065e+03 9.633155991113127925e+01
8.672575803475920111e+03 9.718893339806572840e+01
8.672775812142774157e+03 9.862867764761881517e+01
8.672975820809628203e+03 9.797438898322663192e+01
8.673175829476482249e+03 9.741157016766030097e+01
8.673375838143338115e+03 9.933150237022594808e+01
8.673575846810192161e+03 9.893278258721493046e+01
8.673775855477046207e+03 1.001145464463160124e+02
8.673975864143902072e+03 9.851686823426645390e+01
8.674175872810754299e+03 9.858114325923286003e+01
8.674375881477610164e+03 9.726927597480762699e+01
8.674575890144464211e+03 9.490503298516773611e+01
8.674775898811318257e+03 9.289579101784069337e+01
8.674975907478174122e+03 8.959603412542918477e+01
8.675175916145026349e+03 8.690403263895645125e+01
8.675375924811882214e+03 8.643697681778193953e+01
8.675575933478736260e+03 9.295418391065055630e+01
8.675775942145590307e+03 9.404180066040611052e+01
8.675975950812446172e+03 9.631383312343790237e+01
8.676175959479298399e+03 9.774395059323167345e+01
8.676375968146154264e+03 9.803621924401740273e+01
8.676575976813010129e+03 9.883879487049358659e+01
8.676775985479862356e+03 9.868987167294994833e+01
8.676975994146718222e+03 1.003351861867394632e+02
8.677176002813570449e+03 9.666331148046555199e+01
8.677376011480428133e+03 1.001328062007211059e+02
8.677576020147282179e+03 9.882917183403743877e+01
8.677776028814134406e+03 9.879706992132352639e+01
8.677976037480990271e+03 9.733397833961366530e+01
8.678176046147842499e+03 9.976016051391560779e+01
8.678376054814698364e+03 9.971401876910712758e+01
8.678576063481554229e+03 9.901261336850633654e+01
8.678776072148406456e+03 9.818619572748735891e+01
8.678976080815262321e+03 9.991185168296179597e+01
8.679176089482116367e+03 9.939201303229009454e+01
8.679376098148970414e+03 9.627709769080207991e+01
8.679576106815826279e+03 9.781237834180305413e+01
8.679776115482678506e+03 9.673029032505948521e+01
8.679976124149536190e+03 9.549290552046250014e+01
8.680176132816388417e+03 9.583099476091345537e+01
8.680376141483242463e+03 9.389591005801167967e+01
8.680576150150098329e+03 9.395261178313390360e+01
8.680776158816952375e+03 9.637442459415902363e+01
8.680976167483808240e+03 9.688998120752729903e+01
8.681176176150660467e+03 9.597918262784678234e+01
8.681376184817514513e+03 9.678186243316778814e+01
8.681576193484370378e+03 9.758903862791355266e+01
8.681776202151224425e+03 1.002543709075266207e+02
8.681976210818078471e+03 1.018126421811039677e+02
8.682176219484932517e+03 1.003967956747005275e+02
8.682376228151786563e+03 9.976827151637091617e+01
8.682576236818644247e+03 1.005096061851970717e+02
8.682776245485496474e+03 9.948133961973896078e+01
8.682976254152350521e+03 1.002491733814743498e+02
8.683176262819204567e+03 9.696453305575253978e+01
8.683376271486060432e+03 9.864260360547585549e+01
8.683576280152916297e+03 9.767623322753645709e+01
8.683776288819768524e+03 9.847968307852606529e+01
8.683976297486622570e+03 9.952773093214885591e+01
8.684176306153478436e+03 9.938656713064322901e+01
8.684376314820332482e+03 1.000953572831279956e+02
8.684576323487186528e+03 9.897068429431715231e+01
8.684776332154040574e+03 9.792617394676982201e+01
8.684976340820896439e+03 1.003663619204048700e+02
8.685176349487750485e+03 9.886656155559374781e+01
8.685376358154604532e+03 9.763463009524127756e+01
8.685576366821458578e+03 1.007093360859014695e+02
8.685776375488312624e+03 9.997517306954786420e+01
8.685976384155168489e+03 9.921676645746265422e+01
8.686176392822022535e+03 1.000019824731364935e+02
8.686376401488876581e+03 1.008088657682528151e+02
8.686576410155730628e+03 9.682278931259679666e+01
8.686776418822586493e+03 1.000837042546124422e+02
8.686976427489440539e+03 9.872903006908097723e+01
8.687176436156294585e+03 9.810416441990662406e+01
8.687376444823148631e+03 9.805958119074080059e+01
8.687576453490004496e+03 1.009097075332131936e+02
8.687776462156858543e+03 9.944292306320731711e+01
8.687976470823712589e+03 9.891505389031520679e+01
8.688176479490564816e+03 9.840320382021212708e+01
8.688376488157422500e+03 9.324232421816071792e+01
8.688576496824276546e+03 9.028800380752674926e+01
8.688776505491130592e+03 8.078766270772221958e+01
8.688976514157984639e+03 7.884085557322353566e+01
8.689176522824836866e+03 7.997459212031957065e+01
8.689376531491694550e+03 8.735244912875572254e+01
8.689576540158548596e+03 9.322165885622011672e+01
8.689776548825402642e+03 9.687435331008741457e+01
8.689976557492256688e+03 9.784561145181518782e+01
8.690176566159110735e+03 9.778995459747510210e+01
8.690376574825966600e+03 9.733911626374013792e+01
8.690576583492820646e+03 1.003997071349067056e+02
8.690776592159672873e+03 9.890653392124337984e+01
8.690976600826530557e+03 9.940609264333848216e+01
8.691176609493382784e+03 9.891320705814794678e+01
8.691376618160238650e+03 1.009175058903958586e+02
8.691576626827092696e+03 1.015406015652998377e+02
8.691776635493946742e+03 1.004881427309489368e+02
8.691976644160802607e+03 1.002071626022808601e+02
8.692176652827654834e+03 9.943839833412626206e+01
8.692376661494510699e+03 9.906160762457979274e+01
8.692576670161364746e+03 9.697218775495169041e+01
8.692776678828218792e+03 9.978712676433609374e+01
8.692976687495074657e+03 9.920548814945637162e+01
8.693176696161926884e+03 9.920545670441477171e+01
8.693376704828782749e+03 1.014561019620278586e+02
8.693576713495638614e+03 9.829921897720444690e+01
8.693776722162490842e+03 1.006610294409518644e+02
8.693976730829346707e+03 9.903387679997960902e+01
8.694176739496198934e+03 9.854397388791129231e+01
8.694376748163054799e+03 9.818912935578822498e+01
8.694576756829910664e+03 9.873291434648983511e+01
8.694776765496762891e+03 9.676733723149426680e+01
8.694976774163618757e+03 9.975525098520031975e+01
8.695176782830472803e+03 9.843266347376400915e+01
8.695376791497326849e+03 9.939859324419197151e+01
8.695576800164182714e+03 9.899530693370429901e+01
8.695776808831034941e+03 9.926228597204651294e+01
8.695976817497892625e+03 9.915508437543175546e+01
8.696176826164744853e+03 9.929284137337080551e+01
8.696376834831598899e+03 9.970228381296912801e+01
8.696576843498454764e+03 9.864729417600764805e+01
8.696776852165306991e+03 9.859550776841426512e+01
8.696976860832162856e+03 1.005323212996716364e+02
8.697176869499016902e+03 9.881359886784819935e+01
8.697376878165870949e+03 1.003516248527559185e+02
8.697576886832726814e+03 9.932889545129623343e+01
8.697776895499580860e+03 9.968254369831628026e+01
8.697976904166434906e+03 9.934216775401019106e+01
8.698176912833288952e+03 9.816383261263884208e+01
8.698376921500142998e+03 1.007106064860588361e+02
8.698576930167000683e+03 1.006443973725917402e+02
8.698776938833852910e+03 9.841549755293243607e+01
8.698976947500706956e+03 9.790184644071207742e+01
8.699176956167561002e+03 9.697045810569427715e+01
8.699376964834416867e+03 9.703777090464350863e+01
8.699576973501272732e+03 9.445872948975141981e+01
8.699776982168124960e+03 9.352592281703813626e+01
8.699976990834979006e+03 9.394655638580589141e+01
8.700176999501833052e+03 9.519424569547534531e+01
8.700377008168688917e+03 9.836507160221215429e+01
8.700577016835542963e+03 9.923870297813705577e+01
8.700777025502397009e+03 1.001437247646759943e+02
8.700977034169251056e+03 9.826074922450774807e+01
8.701177042836106921e+03 9.981668514354802824e+01
8.701377051502960967e+03 9.952398978799269003e+01
8.701577060169815013e+03 9.898202103920738182e+01
8.701777068836669059e+03 1.004493883047304195e+02
8.701977077503524924e+03 1.005171819592425919e+02
8.702177086170378971e+03 9.948058290836630135e+01
8.702377094837233017e+03 9.852645531768177989e+01
8.702577103504087063e+03 9.770357130265186640e+01
8.702777112170942928e+03 1.009592260503629291e+02
8.702977120837796974e+03 9.948487756630902368e+01
8.703177129504649201e+03 9.917148212304478250e+01
8.703377138171505067e+03 9.859039167698453809e+01
8.703577146838359113e+03 9.916605096725378132e+01
8.703777155505214978e+03 9.835803551544344714e+01
8.703977164172069024e+03 1.005909824654611953e+02
8.704177172838921251e+03 9.896284509794162432e+01
8.704377181505777116e+03 9.912308518491757070e+01
8.704577190172632982e+03 9.969519406253463956e+01
8.704777198839487028e+03 1.005397152917165755e+02
8.704977207506341074e+03 9.932502241851618408e+01
8.705177216173193301e+03 1.001315657161804609e+02
8.705377224840050985e+03 1.007921689142306718e+02
8.705577233506905031e+03 1.003672989854308781e+02
8.705777242173759078e+03 9.879507627071764375e+01
8.705977250840613124e+03 1.011513687648181303e+02
8.706177259507467170e+03 1.011664309847713099e+02
8.706377268174323035e+03 9.998366922466627216e+01
8.706577276841177081e+03 9.895895930001552188e+01
8.706777285508029308e+03 1.000524840739265215e+02
8.706977294174886993e+03 1.006473630675951654e+02
8.707177302841739220e+03 9.921145642570076006e+01
8.707377311508595085e+03 9.941759148597310514e+01
8.707577320175449131e+03 1.011105733442202279e+02
8.707777328842301358e+03 9.843706400308026616e+01
8.707977337509159042e+03 1.000628713751211762e+02
8.708177346176011270e+03 9.996244696080073311e+01
8.708377354842867135e+03 9.974868891965321893e+01
8.708577363509721181e+03 9.940011701040049275e+01
8.708777372176575227e+03 9.754621428390409221e+01
8.708977380843431092e+03 9.980715252063723142e+01
8.709177389510283319e+03 9.936734176945819286e+01
8.709377398177137366e+03 9.951337650949234614e+01
8.709577406843995050e+03 9.976976111077966891e+01
8.709777415510847277e+03 1.005071869679109682e+02
8.709977424177703142e+03 9.942256795413754844e+01
8.710177432844555369e+03 9.763417530294995572e+01
8.710377441511411234e+03 9.356460177956549273e+01
8.710577450178267100e+03 9.121163056327964114e+01
8.710777458845119327e+03 9.083573085213117793e+01
8.710977467511975192e+03 9.068584080376632528e+01
8.711177476178827419e+03 9.773465284883405957e+01
8.711377484845683284e+03 9.714912782150953774e+01
8.711577493512539149e+03 9.833812966464114425e+01
8.711777502179391377e+03 9.742635165040033485e+01
8.711977510846247242e+03 9.996291412660815467e+01
8.712177519513101288e+03 1.003264389499126281e+02
8.712377528179955334e+03 1.001635470098290313e+02
8.712577536846811199e+03 9.980061383509350037e+01
8.712777545513663426e+03 9.927901338339749771e+01
8.712977554180519292e+03 9.475949094801052297e+01
8.713177562847373338e+03 9.455127717142043764e+01
8.713377571514227384e+03 9.224983758609371876e+01
8.713577580181083249e+03 9.180600836398429010e+01
8.713777588847937295e+03 9.439290818141608952e+01
8.713977597514791341e+03 9.590738938247275769e+01
8.714177606181645388e+03 9.912354404587779300e+01
8.714377614848499434e+03 9.926279272486809191e+01
8.714577623515355299e+03 9.903333287191500744e+01
8.714777632182209345e+03 1.015103943524039920e+02
8.714977640849063391e+03 9.933808502422603226e+01
8.715177649515917437e+03 1.008645291203836507e+02
8.715377658182771484e+03 9.961715509111138545e+01
8.715577666849627349e+03 1.019879918807826726e+02
8.715777675516481395e+03 9.795796973165060706e+01
8.715977684183335441e+03 9.883788684096768407e+01
8.716177692850189487e+03 1.017586290369131063e+02
8.716377701517045352e+03 1.004819939558506121e+02
8.716577710183899399e+03 9.914802914623629704e+01
8.716777718850753445e+03 1.004173684130394690e+02
8.716977727517607491e+03 1.008387280698058248e+02
8.717177736184463356e+03 1.008280577509549119e+02
8.717377744851317402e+03 9.944271682556632186e+01
8.717577753518171448e+03 9.899248129158389986e+01
8.717777762185025495e+03 9.651324841228198181e+01
8.717977770851881360e+03 9.485610296237840089e+01
8.718177779518735406e+03 9.375191182701176729e+01
8.718377788185589452e+03 9.585755878504501482e+01
8.718577796852443498e+03 9.752426556926076273e+01
8.718777805519297544e+03 1.001705775317605998e+02
8.718977814186153410e+03 9.966185411925496851e+01
8.719177822853005637e+03 9.926151863337204873e+01
8.719377831519861502e+03 9.972875934350665261e+01
8.719577840186715548e+03 1.003740614781968787e+02
8.719777848853571413e+03 9.957483230684627529e+01
8.719977857520425459e+03 1.022910507634040869e+02
8.720177866187277687e+03 9.918366558309350012e+01
8.720377874854133552e+03 9.824902177509882506e+01
8.720577883520989417e+03 1.013458551682030873e+02
8.720777892187843463e+03 9.938077513915912675e+01
8.720977900854697509e+03 1.016960265174009379e+02
8.721177909521549736e+03 9.973142812699387605e+01
8.721377918188407421e+03 9.906415599379752734e+01
8.721577926855261467e+03 1.001475193538144595e+02
8.721777935522113694e+03 1.007347702845214741e+02
8.721977944188969559e+03 9.862016078362904636e+01
8.722177952855821786e+03 1.018970515240562946e+02
8.722377961522679470e+03 1.010258795350041794e+02
8.722577970189533517e+03 9.755766576194913853e+01
8.722777978856385744e+03 1.005526066862727532e+02
8.722977987523241609e+03 1.008961904156218594e+02
8.723177996190095655e+03 1.000465033315569627e+02
8.723378004856951520e+03 1.001664761417814020e+02
8.723578013523805566e+03 9.802348042365336767e+01
8.723778022190657794e+03 9.951937332779645828e+01
8.723978030857515478e+03 1.011629015298854455e+02
8.724178039524367705e+03 9.980993001702816514e+01
8.724378048191223570e+03 1.004443183529577510e+02
8.724578056858077616e+03 1.009154971909310774e+02
8.724778065524931662e+03 1.003456339852455415e+02
8.724978074191787528e+03 1.000456095773064931e+02
8.725178082858639755e+03 9.919555535526129120e+01
8.725378091525493801e+03 9.955665188068495297e+01
8.725578100192349666e+03 9.998754762860602341e+01
8.725778108859203712e+03 9.846478758282798083e+01
8.725978117526059577e+03 9.887839163290696831e+01
8.726178126192911805e+03 1.003540280624527838e+02
8.726378134859765851e+03 9.737232280557985575e+01
8.726578143526623535e+03 9.838773542660011628e+01
8.726778152193475762e+03 9.798943371931643753e+01
8.726978160860331627e+03 9.781401664094777004e+01
8.727178169527183854e+03 9.981088167616877627e+01
8.727378178194039720e+03 1.013767690370334407e+02
8.727578186860895585e+03 9.831346818343702409e+01
8.727778195527747812e+03 9.671533013610877560e+01
8.727978204194601858e+03 9.785322977490582730e+01
8.728178212861457723e+03 9.451279145038525087e+01
8.728378221528311769e+03 9.402701303778583508e+01
8.728578230195167635e+03 9.354747579575750649e+01
8.728778238862019862e+03 9.538967502041258228e+01
8.728978247528875727e+03 9.749001472039130078e+01
8.729178256195729773e+03 9.712508724012089090e+01
8.729378264862583819e+03 9.908923187584831282e+01
8.729578273529439684e+03 9.874328504099162274e+01
8.729778282196291912e+03 9.973744142080388997e+01
8.729978290863147777e+03 1.002706575501508439e+02
8.730178299530001823e+03 1.003101294973593838e+02
8.730378308196855869e+03 9.945354485751117579e+01
