8.478530260699701103e+03 1.031594753674156948e+02
8.478730226036037493e+03 1.008886882241814931e+02
8.478930191372375702e+03 9.949116663239139768e+01
8.479130156708712093e+03 1.004818832546984027e+02
8.479330122045048483e+03 1.009966169475299438e+02
8.479530087381386693e+03 9.993331881367552683e+01
8.479730052717723083e+03 9.740795306177811597e+01
8.479930018054061293e+03 9.655465534412975614e+01
8.480129983390397683e+03 9.619538441806967910e+01
8.480329948726734074e+03 8.741051235784318862e+01
8.480529914063072283e+03 8.324297203686998614e+01
8.480729879399410493e+03 8.788694981558657560e+01
8.480929844735746883e+03 9.255040547794352790e+01
8.481129810072085093e+03 9.884491037958558479e+01
8.481329775408421483e+03 1.000283678125786366e+02
8.481529740744757873e+03 9.872871519349556024e+01
8.481729706081096083e+03 1.002303311217475397e+02
8.481929671417432473e+03 9.732251029962161226e+01
8.482129636753770683e+03 1.004961233075380846e+02
8.482329602090107073e+03 9.855566441863314253e+01
8.482529567426445283e+03 1.002761474902211916e+02
8.482729532762783492e+03 9.745932752926664477e+01
8.482929498099119883e+03 1.015670380334662610e+02
8.483129463435456273e+03 1.007443037614703343e+02
8.483329428771794483e+03 9.968621890995565593e+01
8.483529394108130873e+03 1.000674925125416905e+02
8.483729359444469083e+03 9.826447797605882784e+01
8.483929324780805473e+03 9.988377660451170925e+01
8.484129290117143682e+03 1.005925010041071630e+02
8.484329255453480073e+03 1.034453756062878966e+02
8.484529220789816463e+03 9.939571809955194226e+01
8.484729186126156492e+03 1.013069606329835182e+02
8.484929151462491063e+03 1.021873994033737176e+02
8.485129116798831092e+03 9.969348579896406193e+01
8.485329082135165663e+03 9.751191976727665178e+01
8.485529047471505692e+03 1.008070225265540643e+02
8.485729012807842082e+03 9.827440770875887210e+01
8.485928978144176654e+03 1.007302435085558159e+02
8.486128943480516682e+03 1.007288589646952204e+02
8.486328908816851254e+03 9.734841839781350359e+01
8.486528874153191282e+03 1.009852591225299250e+02
8.486728839489527672e+03 1.025154700656594571e+02
8.486928804825864063e+03 9.634046826083073256e+01
8.487128770162202272e+03 9.830303345604284004e+01
8.487328735498538663e+03 1.011830295520000504e+02
8.487528700834876872e+03 9.574582451496726776e+01
8.487728666171213263e+03 1.000140627315031736e+02
8.487928631507551472e+03 1.015472231855412275e+02
8.488128596843887863e+03 1.005583054181761327e+02
8.488328562180224253e+03 9.718240914742810332e+01
8.488528527516562463e+03 9.794677578938748752e+01
8.488728492852900672e+03 1.025650868702762466e+02
8.488928458189237062e+03 1.002019015817000991e+02
8.489128423525575272e+03 1.005205463044148502e+02
8.489328388861911662e+03 9.763067593356029761e+01
8.489528354198249872e+03 1.005693538606705459e+02
8.489728319534586262e+03 9.874243995434720489e+01
8.489928284870922653e+03 1.008878250008945372e+02
8.490128250207260862e+03 9.710214889528128879e+01
8.490328215543597253e+03 9.741872769079513716e+01
8.490528180879935462e+03 9.704222188899055368e+01
8.490728146216273672e+03 9.615885679081392823e+01
8.490928111552610062e+03 9.929029892828779680e+01
8.491128076888946453e+03 9.758930507171778856e+01
8.491328042225284662e+03 9.662528863061100992e+01
8.491528007561621052e+03 9.771750946613192923e+01
8.491727972897961081e+03 9.763128337961695991e+01
8.491927938234295652e+03 9.686526334777921932e+01
8.492127903570633862e+03 9.694672661421715532e+01
8.492327868906970252e+03 9.438262610177186218e+01
8.492527834243306643e+03 9.418534368271824064e+01
8.492727799579646671e+03 9.522001209141350841e+01
8.492927764915981243e+03 9.492645513350311148e+01
8.493127730252321271e+03 9.495744484794983009e+01
8.493327695588655843e+03 9.421033800860449503e+01
8.493527660924994052e+03 9.282120066214747567e+01
8.493727626261332261e+03 9.274336455683709346e+01
8.493927591597668652e+03 9.233515481133335356e+01
8.494127556934006861e+03 8.621346109302855609e+01
8.494327522270341433e+03 8.799904674543741123e+01
8.494527487606681461e+03 8.694652084800208058e+01
8.494727452943017852e+03 8.656899040995190830e+01
8.494927418279354242e+03 8.685816398429633978e+01
8.495127383615692452e+03 7.837269050907535473e+01
8.495327348952028842e+03 7.756503746120063170e+01
8.495527314288367052e+03 7.171935179195445187e+01
8.495727279624705261e+03 5.767283483590663451e+01
8.495927244961041652e+03 6.025610929248126268e+01
8.496127210297378042e+03 4.935549905481417454e+01
8.496327175633714432e+03 4.471001929718567425e+01
8.496527140970052642e+03 4.083777766877990700e+01
8.496727106306390851e+03 4.536051891971646910e+01
8.496927071642727242e+03 5.175349364204227243e+01
8.497127036979065451e+03 5.474902050528475428e+01
8.497327002315401842e+03 6.615819674361684122e+01
8.497526967651740051e+03 7.485374275651462028e+01
8.497726932988076442e+03 7.832357938923624374e+01
8.497926898324414651e+03 8.323722235766955180e+01
8.498126863660751042e+03 8.690743373869950972e+01
8.498326828997087432e+03 9.158447431345926759e+01
8.498526794333425642e+03 8.992253483318107499e+01
8.498726759669763851e+03 8.834933592329784346e+01
8.498926725006100241e+03 9.542230912534192555e+01
8.499126690342436632e+03 9.293882269298755716e+01
8.499326655678774841e+03 9.211031935098773715e+01
8.499526621015111232e+03 9.311267403510927920e+01
8.499726586351451260e+03 9.336511216204372943e+01
8.499926551687785832e+03 9.545147978135931055e+01
8.500126517024125860e+03 9.234793533368966223e+01
8.500326482360460432e+03 9.259926597042107232e+01
8.500526447696796822e+03 9.440912575486096614e+01
8.500726413033136851e+03 9.178791975465657060e+01
8.500926378369471422e+03 9.180259593079394165e+01
8.501126343705811450e+03 9.312809133258883776e+01
8.501326309042146022e+03 9.569150597433086602e+01
8.501526274378484231e+03 9.735562657760358718e+01
8.501726239714822441e+03 9.897038166079009613e+01
8.501926205051158831e+03 9.810228289461036866e+01
8.502126170387497041e+03 9.874000511745177278e+01
8.502326135723831612e+03 9.952881317647306503e+01
8.502526101060171641e+03 9.995637117068206123e+01
8.502726066396508031e+03 9.847093034210941198e+01
8.502926031732844422e+03 9.671023663176201524e+01
8.503125997069182631e+03 9.758415251532694867e+01
8.503325962405519022e+03 9.860370052818002762e+01
8.503525927741857231e+03 1.013125907235950081e+02
8.503725893078195440e+03 1.001636936823931876e+02
8.503925858414531831e+03 9.791227823140957298e+01
8.504125823750870040e+03 1.014269407467902369e+02
8.504325789087204612e+03 1.021793111343267242e+02
8.504525754423542821e+03 9.711243482034767283e+01
8.504725719759881031e+03 1.018862023174776112e+02
8.504925685096217421e+03 9.537611969084719021e+01
8.505125650432555631e+03 9.689590079015233925e+01
8.505325615768892021e+03 9.834915861775380108e+01
8.505525581105230231e+03 1.008019136704207455e+02
8.505725546441566621e+03 9.882330170731559349e+01
8.505925511777904831e+03 9.998633398499008251e+01
8.506125477114241221e+03 9.918336522261104449e+01
8.506325442450579430e+03 9.959419075024426604e+01
8.506525407786915821e+03 9.893901147557639320e+01
8.506725373123254030e+03 9.927697456619959837e+01
8.506925338459590421e+03 9.821131964065924080e+01
8.507125303795926811e+03 9.940540715452753773e+01
8.507325269132265021e+03 1.001537940442454584e+02
8.507525234468601411e+03 9.804837502423896467e+01
8.507725199804941440e+03 9.957046102497115214e+01
8.507925165141276011e+03 9.802772293924584801e+01
8.508125130477614221e+03 1.016375781846602990e+02
8.508325095813950611e+03 9.894794821876904223e+01
8.508525061150287002e+03 1.005231597828423560e+02
8.508725026486627030e+03 9.979016361166520710e+01
8.508924991822961601e+03 9.867108714911232425e+01
8.509124957159301630e+03 9.884225349352819023e+01
8.509324922495636201e+03 9.777319649322866724e+01
8.509524887831974411e+03 9.818313217917065572e+01
8.509724853168312620e+03 9.791699928242334749e+01
8.509924818504649011e+03 1.008581103186372161e+02
8.510124783840987220e+03 1.007406375319437046e+02
8.510324749177323611e+03 9.821080515854825421e+01
8.510524714513661820e+03 9.649733172852346286e+01
8.510724679849998211e+03 9.386728466019049222e+01
8.510924645186334601e+03 9.741720551765635605e+01
8.511124610522672810e+03 1.006597188215757370e+02
8.511324575859009201e+03 9.647847081013567561e+01
8.511524541195347410e+03 9.772283151847723559e+01
8.511724506531685620e+03 9.598139266636076172e+01
8.511924471868022010e+03 9.332640874192131264e+01
8.512124437204360220e+03 9.019853453235997165e+01
8.512324402540694791e+03 8.182817166173539647e+01
8.512524367877034820e+03 8.191551484987810738e+01
8.512724333213371210e+03 7.919705570964190144e+01
8.512924298549707601e+03 8.847927149982484707e+01
8.513124263886045810e+03 8.965361077466548068e+01
8.513324229222382201e+03 9.106130563076438023e+01
8.513524194558720410e+03 9.065753672418718168e+01
8.513724159895056800e+03 9.263650711572445573e+01
8.513924125231395010e+03 9.405910955243128058e+01
8.514124090567731400e+03 9.949457664774503485e+01
8.514324055904069610e+03 9.557692308528154967e+01
8.514524021240406000e+03 9.756360581277026256e+01
8.514723986576742391e+03 1.006379240160673874e+02
8.514923951913080600e+03 9.817413858417509687e+01
8.515123917249416991e+03 1.001819359371745293e+02
8.515323882585755200e+03 9.699306486120288184e+01
8.515523847922091591e+03 9.746082978609079817e+01
8.515723813258431619e+03 9.726833287100573955e+01
8.515923778594766191e+03 9.997773421137949867e+01
8.516123743931104400e+03 9.726546459202428707e+01
8.516323709267440790e+03 9.718594124471985651e+01
8.516523674603779000e+03 9.237982295397067389e+01
8.516723639940117209e+03 9.098257580486956897e+01
8.516923605276451781e+03 9.091359557068668096e+01
8.517123570612791809e+03 9.310861956391232752e+01
8.517323535949126381e+03 9.438724999491050482e+01
8.517523501285464590e+03 9.622822466827447840e+01
8.517723466621802800e+03 9.560814119346345308e+01
8.517923431958139190e+03 9.879036926479848546e+01
8.518123397294477400e+03 1.021574157725809329e+02
8.518323362630813790e+03 9.941385613184773717e+01
8.518523327967151999e+03 9.776556710130427064e+01
8.518723293303490209e+03 1.005642057095057140e+02
8.518923258639824780e+03 1.001586518770009064e+02
8.519123223976162990e+03 9.782310104556731289e+01
8.519323189312499380e+03 9.745875004352299698e+01
8.519523154648837590e+03 1.003099190077246163e+02
8.519723119985175799e+03 9.530151036100998851e+01
8.519923085321512190e+03 9.912981431967064339e+01
8.520123050657850399e+03 9.899653012644472483e+01
8.520323015994184971e+03 1.005056344981015144e+02
8.520522981330524999e+03 9.876176917427797264e+01
8.520722946666861390e+03 9.830809145408503014e+01
8.520922912003199599e+03 1.004936591286273853e+02
8.521122877339535989e+03 9.721451963786472561e+01
8.521322842675872380e+03 9.745531172861481650e+01
8.521522808012210589e+03 9.770497222202693877e+01
8.521722773348546980e+03 1.015994037787952635e+02
8.521922738684885189e+03 9.963934002866321293e+01
8.522122704021221580e+03 9.958730895136288552e+01
8.522322669357559789e+03 9.967436858685756818e+01
8.522522634693896180e+03 1.000520905893018977e+02
8.522722600030234389e+03 1.005268757980098968e+02
8.522922565366570780e+03 1.017275219285474464e+02
8.523122530702907170e+03 1.000099895336537088e+02
8.523322496039245380e+03 9.600762477874579304e+01
8.523522461375581770e+03 9.868765698064918013e+01
8.523722426711921798e+03 9.664265685794063643e+01
8.523922392048256370e+03 1.005261204340965264e+02
8.524122357384594579e+03 9.738606103522326407e+01
8.524322322720930970e+03 9.246314680897499727e+01
8.524522288057269179e+03 9.859924375290640342e+01
8.524722253393607389e+03 9.560813441910146082e+01
8.524922218729943779e+03 9.381333832161563180e+01
8.525122184066281989e+03 9.173310408771625646e+01
8.525322149402616560e+03 9.212814093633153334e+01
8.525522114738954770e+03 9.108948362515269537e+01
8.525722080075292979e+03 9.248822452542110284e+01
8.525922045411629369e+03 9.434898528993944922e+01
8.526122010747967579e+03 9.114410531659183334e+01
8.526321976084303969e+03 9.700913850253311921e+01
8.526521941420642179e+03 9.633692981734574801e+01
8.526721906756980388e+03 9.594227533498006721e+01
8.526921872093314960e+03 9.698544246134015623e+01
8.527121837429654988e+03 9.545420922694258081e+01
8.527321802765989560e+03 9.254974695663963757e+01
8.527521768102327769e+03 9.647465160876961932e+01
8.527721733438665979e+03 9.849841406266816080e+01
8.527921698775002369e+03 9.928098929074822365e+01
8.528121664111340579e+03 9.575455524875060576e+01
8.528321629447675150e+03 9.625742185590607392e+01
8.528521594784015178e+03 9.917344778458642907e+01
8.528721560120351569e+03 9.636487276314663575e+01
8.528921525456689778e+03 9.525822968401440960e+01
8.529121490793026169e+03 9.753931309493117396e+01
8.529321456129360740e+03 9.645140527875737746e+01
8.529521421465700769e+03 9.302053888828694994e+01
8.529721386802037159e+03 9.210203743466652782e+01
8.529921352138375369e+03 9.772209932143952926e+01
8.530121317474711759e+03 9.700639353637544104e+01
8.530321282811049969e+03 9.580063765329646230e+01
8.530521248147386359e+03 9.652888659513956782e+01
8.530721213483724569e+03 9.836890251775822946e+01
8.530921178820060959e+03 9.234694808594585425e+01
8.531121144156399168e+03 9.819244491432652922e+01
8.531321109492735559e+03 9.681370028329642707e+01
8.531521074829071949e+03 9.795549146068418622e+01
8.531721040165411978e+03 9.708152325772212521e+01
8.531921005501746549e+03 9.669307259476489946e+01
8.532120970838084759e+03 9.541661522121698624e+01
8.532320936174421149e+03 9.734106540700264532e+01
8.532520901510759359e+03 9.353712031421368067e+01
8.532720866847097568e+03 9.408080574201379420e+01
8.532920832183433959e+03 9.266464939684634317e+01
8.533120797519772168e+03 9.326061770347624247e+01
8.533320762856108558e+03 9.559180141567622968e+01
8.533520728192444949e+03 9.355947946254171654e+01
8.533720693528783158e+03 9.219007404094179492e+01
8.533920658865119549e+03 9.335671419069788612e+01
8.534120624201457758e+03 9.008219136052045428e+01
8.534320589537794149e+03 9.094041760278155095e+01
8.534520554874132358e+03 9.081291741647292781e+01
8.534720520210470568e+03 8.936862839374178691e+01
8.534920485546805139e+03 8.924584797937552594e+01
8.535120450883145168e+03 9.100013422992732615e+01
8.535320416219479739e+03 9.149505096203129995e+01
8.535520381555817949e+03 9.190013433954926825e+01
8.535720346892156158e+03 8.993490315077391983e+01
8.535920312228490729e+03 8.628385580611542593e+01
8.536120277564830758e+03 8.476467799363001632e+01
8.536320242901165329e+03 8.380494515428775060e+01
8.536520208237505358e+03 8.422569042617098489e+01
8.536720173573841748e+03 8.239588918695979203e+01
8.536920138910179958e+03 7.955887071051135706e+01
8.537120104246516348e+03 8.400451377862921731e+01
8.537320069582852739e+03 7.922296985974013239e+01
8.537520034919190948e+03 8.068207302043010998e+01
8.537720000255527339e+03 7.286481207141001448e+01
8.537919965591865548e+03 7.516385062841702336e+01
8.538119930928201939e+03 7.395737319274546451e+01
8.538319896264540148e+03 7.375702507233773986e+01
8.538519861600876538e+03 7.014144876543358009e+01
8.538719826937214748e+03 6.721240010786127073e+01
8.538919792273551138e+03 6.586328730792138231e+01
8.539119757609889348e+03 6.137054326140179228e+01
8.539319722946225738e+03 5.793599609319764454e+01
8.539519688282563948e+03 5.770827944820764088e+01
8.539719653618902157e+03 5.259972601571514161e+01
8.539919618955236729e+03 4.769429363059437321e+01
8.540119584291574938e+03 4.435783697502432688e+01
8.540319549627911329e+03 3.875786265163392841e+01
8.540519514964249538e+03 3.499717209483672065e+01
8.540719480300587747e+03 3.047813998196444985e+01
8.540919445636924138e+03 3.792420411075408282e+01
8.541119410973262347e+03 4.641208587303421496e+01
8.541319376309598738e+03 4.772658030307783861e+01
8.541519341645935128e+03 5.507897081148365004e+01
8.541719306982275157e+03 5.699413648764417673e+01
8.541919272318609728e+03 6.392293640549894462e+01
8.542119237654947938e+03 6.577059334640594557e+01
8.542319202991284328e+03 7.000632688370586720e+01
8.542519168327622538e+03 6.878037149511555981e+01
8.542719133663960747e+03 7.196921284191537893e+01
8.542919099000295319e+03 7.232060939896656748e+01
8.543119064336635347e+03 7.509719318580108904e+01
8.543319029672969918e+03 7.626588687848699522e+01
8.543518995009309947e+03 7.659416076233938497e+01
8.543718960345646337e+03 7.522799453229050926e+01
8.543918925681980909e+03 7.939810649915096974e+01
8.544118891018320937e+03 8.005697955139864064e+01
8.544318856354655509e+03 8.399476479745646884e+01
8.544518821690995537e+03 8.385305187243662317e+01
8.544718787027331928e+03 8.274954039712086740e+01
8.544918752363670137e+03 8.972939481421906294e+01
8.545118717700006528e+03 8.574796685884379599e+01
8.545318683036342918e+03 8.632437127568405799e+01
8.545518648372681128e+03 8.904289972545079479e+01
8.545718613709019337e+03 8.935781133538668541e+01
8.545918579045355727e+03 8.871744595570264380e+01
8.546118544381692118e+03 8.943496691109885433e+01
8.546318509718030327e+03 9.008721430888689952e+01
8.546518475054366718e+03 9.092024939709922648e+01
8.546718440390704927e+03 9.013682642055044880e+01
8.546918405727041318e+03 9.282489567434161870e+01
8.547118371063379527e+03 8.856564734172989972e+01
8.547318336399715918e+03 9.184749622951167680e+01
8.547518301736054127e+03 9.441398637502568647e+01
8.547718267072392337e+03 9.053800711647743071e+01
8.547918232408728727e+03 9.342771707682479132e+01
8.548118197745065117e+03 9.689097455840719419e+01
8.548318163081401508e+03 9.676957716479208216e+01
8.548518128417739717e+03 9.648720958716198481e+01
8.548718093754077927e+03 9.920280001659520508e+01
8.548918059090414317e+03 9.301039025102812730e+01
8.549118024426752527e+03 9.488823929183654116e+01
8.549317989763088917e+03 9.298945616161192618e+01
8.549517955099425308e+03 9.448449818720814619e+01
8.549717920435765336e+03 9.398875223812271429e+01
8.549917885772099908e+03 9.151866246071135436e+01
8.550117851108438117e+03 9.483367610527012914e+01
8.550317816444774508e+03 9.082192778751989692e+01
8.550517781781110898e+03 9.665220014479700694e+01
8.550717747117450926e+03 9.450067547087283515e+01
8.550917712453785498e+03 9.718026615242523292e+01
8.551117677790125526e+03 9.383171721283349598e+01
8.551317643126460098e+03 9.436214851423066818e+01
8.551517608462800126e+03 9.449669482434291012e+01
8.551717573799136517e+03 9.744345612077562180e+01
8.551917539135472907e+03 9.893747555058875776e+01
8.552117504471811117e+03 9.952886854452384569e+01
8.552317469808145688e+03 9.985888321541382595e+01
8.552517435144485717e+03 9.508674816037422772e+01
8.552717400480822107e+03 9.985782995003658868e+01
8.552917365817160317e+03 9.541576443129697793e+01
8.553117331153496707e+03 1.002036635854057920e+02
8.553317296489833097e+03 9.608281092269410806e+01
8.553517261826171307e+03 9.892496772543867678e+01
8.553717227162509516e+03 9.739656924761263213e+01
8.553917192498845907e+03 9.341944208692828511e+01
8.554117157835184116e+03 9.807640264233512539e+01
8.554317123171520507e+03 1.004404520949620832e+02
8.554517088507856897e+03 9.691240803083789501e+01
8.554717053844195107e+03 9.311191394083174089e+01
8.554917019180531497e+03 9.600295515370150667e+01
8.555116984516869707e+03 9.174900693735307300e+01
8.555316949853206097e+03 9.345916903524982899e+01
8.555516915189544306e+03 9.400355202351697415e+01
8.555716880525882516e+03 9.610492918621422120e+01
8.555916845862218906e+03 9.809452699827060940e+01
8.556116811198555297e+03 9.627372431625430238e+01
8.556316776534891687e+03 9.951641764749335550e+01
8.556516741871229897e+03 9.973574332331790515e+01
8.556716707207568106e+03 9.845579490082789675e+01
8.556916672543904497e+03 9.661428642651942766e+01
8.557116637880240887e+03 1.000781449285093743e+02
8.557316603216579097e+03 9.961644773223898142e+01
8.557516568552915487e+03 9.905382603607289127e+01
8.557716533889255516e+03 9.857172824138750400e+01
8.557916499225590087e+03 9.875046866394019673e+01
8.558116464561930115e+03 9.612133188386404470e+01
8.558316429898264687e+03 9.726084276713625343e+01
8.558516395234601077e+03 9.640432021561557008e+01
8.558716360570941106e+03 9.494067327524022915e+01
8.558916325907275677e+03 1.022475256637449093e+02
8.559116291243615706e+03 1.001231258286813528e+02
8.559316256579950277e+03 9.910936802183860550e+01
8.559516221916290306e+03 1.019312817457862224e+02
8.559716187252626696e+03 9.776781869269159131e+01
8.559916152588963087e+03 9.956083933151393239e+01
8.560116117925301296e+03 9.665103335744325364e+01
8.560316083261637687e+03 9.987542320126361517e+01
8.560516048597975896e+03 9.961888524886582275e+01
8.560716013934312286e+03 1.001662995860633032e+02
8.560915979270650496e+03 9.558858712234122379e+01
8.561115944606986886e+03 9.916586306291659980e+01
8.561315909943323277e+03 1.007902371068246197e+02
8.561515875279661486e+03 9.992825198338940140e+01
8.561715840615999696e+03 9.825795410785391937e+01
8.561915805952336086e+03 9.878183602209064418e+01
8.562115771288674296e+03 1.011309089600312490e+02
8.562315736625010686e+03 9.984927909883757025e+01
8.562515701961347077e+03 9.704994876376012769e+01
8.562715667297685286e+03 9.958951265835038669e+01
8.562915632634021676e+03 9.693035467190502175e+01
8.563115597970359886e+03 9.658558122190368067e+01
8.563315563306696276e+03 9.734989924491108582e+01
8.563515528643034486e+03 9.880434771123263715e+01
8.563715493979372695e+03 1.010195780597783397e+02
8.563915459315709086e+03 9.870884369777567713e+01
8.564115424652045476e+03 9.702964080235362587e+01
8.564315389988383686e+03 1.002155717616491586e+02
8.564515355324720076e+03 9.711745229933468693e+01
8.564715320661058286e+03 9.750750330275108979e+01
8.564915285997394676e+03 1.014652027819246456e+02
8.565115251333731067e+03 9.879681088007232859e+01
8.565315216670069276e+03 9.981280696784500606e+01
8.565515182006405666e+03 1.016989132212899136e+02
8.565715147342745695e+03 9.717788217867166622e+01
8.565915112679080266e+03 9.696846975739940433e+01
8.566115078015420295e+03 9.842421386371809433e+01
8.566315043351754866e+03 9.976656232377187905e+01
8.566515008688093076e+03 9.886750975892071835e+01
8.566714974024431285e+03 9.626194704865740448e+01
8.566914939360765857e+03 9.855447191906702642e+01
8.567114904697105885e+03 1.024372879966023220e+02
8.567314870033440457e+03 9.729141431585954081e+01
8.567514835369780485e+03 1.006858051916634480e+02
8.567714800706116876e+03 1.024619653631621219e+02
8.567914766042453266e+03 9.699103967748453670e+01
8.568114731378791475e+03 9.800033035186768871e+01
8.568314696715127866e+03 9.908148491108359224e+01
8.568514662051466075e+03 1.012058592223181392e+02
8.568714627387804285e+03 1.004981345784686653e+02
8.568914592724140675e+03 1.041312344137304962e+02
8.569114558060477066e+03 1.003262897476928117e+02
8.569314523396813456e+03 9.807838086281739720e+01
8.569514488733151666e+03 9.735754353111350667e+01
8.569714454069489875e+03 9.909567622831846734e+01
8.569914419405826266e+03 9.805817332360435046e+01
8.570114384742164475e+03 9.560216866697233229e+01
8.570314350078500865e+03 9.462275984861047107e+01
8.570514315414839075e+03 9.464539911569909236e+01
8.570714280751175465e+03 9.769894192910847153e+01
8.570914246087511856e+03 9.513748565249559874e+01
8.571114211423850065e+03 1.015309963654214442e+02
8.571314176760186456e+03 9.784463908337188798e+01
8.571514142096524665e+03 1.034772832345678211e+02
8.571714107432861056e+03 9.997248838245783986e+01
8.571914072769199265e+03 9.766131918043215876e+01
8.572114038105535656e+03 9.607273133726815217e+01
8.572314003441873865e+03 1.043743490086361021e+02
8.572513968778210256e+03 1.015070885844700115e+02
8.572713934114550284e+03 1.007363935712371159e+02
8.572913899450884855e+03 9.784780624464158905e+01
8.573113864787221246e+03 9.856369120214785084e+01
8.573313830123559455e+03 1.020046767275433552e+02
8.573513795459895846e+03 9.710054373758418933e+01
8.573713760796235874e+03 9.716823084914254594e+01
8.573913726132570446e+03 9.883843560602153389e+01
8.574113691468910474e+03 9.816922267288862258e+01
8.574313656805245046e+03 9.861835990101485550e+01
8.574513622141583255e+03 9.628004592660944638e+01
8.574713587477921465e+03 1.020120753044590742e+02
8.574913552814257855e+03 9.817724890909401836e+01
8.575113518150596065e+03 1.006000736181166388e+02
8.575313483486930636e+03 1.007086136097211266e+02
8.575513448823270664e+03 9.871159871344401893e+01
8.575713414159607055e+03 9.519207516215395515e+01
8.575913379495943445e+03 1.012000557328469910e+02
8.576113344832281655e+03 1.003222231327266343e+02
8.576313310168618045e+03 9.825160078238852179e+01
8.576513275504956255e+03 1.011669849967353088e+02
8.576713240841294464e+03 9.792726056250891986e+01
8.576913206177630855e+03 1.010446970381663903e+02
8.577113171513967245e+03 1.006754670972398316e+02
8.577313136850303636e+03 9.976728678945612216e+01
8.577513102186641845e+03 9.815754007719338858e+01
8.577713067522980054e+03 9.687874620367152545e+01
8.577913032859316445e+03 9.948839410980878029e+01
8.578112998195654654e+03 9.831659752147047016e+01
8.578312963531991045e+03 9.852634190309326812e+01
8.578512928868329254e+03 9.936024802586521787e+01
8.578712894204665645e+03 9.905450502796016110e+01
8.578912859541003854e+03 1.002582740814477233e+02
8.579112824877340245e+03 9.826913785898501885e+01
8.579312790213676635e+03 9.854641443174958226e+01
8.579512755550014845e+03 9.944902206458962723e+01
8.579712720886351235e+03 9.980821481198877620e+01
8.579912686222689445e+03 9.840536152099606682e+01
8.580112651559025835e+03 9.708613827600694890e+01
8.580312616895364044e+03 9.186821780812171312e+01
8.580512582231700435e+03 8.892663758886584446e+01
8.580712547568040463e+03 8.852516596877680399e+01
8.580912512904375035e+03 9.170032790728659222e+01
8.581112478240713244e+03 9.267593680497367359e+01
8.581312443577049635e+03 9.757938472796331553e+01
8.581512408913386025e+03 9.647131210123293954e+01
8.581712374249726054e+03 9.748007260749929515e+01
8.581912339586060625e+03 9.821986537745736712e+01
8.582112304922400654e+03 9.940001835996605450e+01
8.582312270258735225e+03 9.840794651355601275e+01
8.582512235595073435e+03 1.008093194776515134e+02
8.582712200931411644e+03 9.995637236520482816e+01
8.582912166267748034e+03 9.716000774878956747e+01
8.583112131604086244e+03 9.406952005540007633e+01
8.583312096940420815e+03 9.606021347089644280e+01
8.583512062276760844e+03 9.450359133356384689e+01
8.583712027613097234e+03 9.876806806761190671e+01
8.583911992949433625e+03 9.798858898196924372e+01
8.584111958285771834e+03 1.017384856728159832e+02
8.584311923622108225e+03 1.004477020440226482e+02
8.584511888958446434e+03 1.026000851626996990e+02
8.584711854294784644e+03 9.809152884977264364e+01
8.584911819631121034e+03 9.407456244970529724e+01
8.585111784967459243e+03 9.913777377480953135e+01
8.585311750303793815e+03 1.003583361946885333e+02
8.585511715640132024e+03 1.042835260277948350e+02
8.585711680976470234e+03 9.967417576098640097e+01
8.585911646312806624e+03 1.007241215030038290e+02
8.586111611649144834e+03 9.634037118315526982e+01
8.586311576985479405e+03 9.760322354527383482e+01
8.586511542321819434e+03 9.957488763196197112e+01
8.586711507658155824e+03 9.825023418724740054e+01
8.586911472994494034e+03 9.846545714254624215e+01
8.587111438330830424e+03 9.588857131403858602e+01
8.587311403667168634e+03 9.913038802417146655e+01
8.587511369003505024e+03 9.879352001433262842e+01
8.587711334339841414e+03 1.002183874215547519e+02
8.587911299676179624e+03 1.003711491578716704e+02
8.588111265012516014e+03 9.674872320113054514e+01
8.588311230348854224e+03 1.043798213148834861e+02
8.588511195685190614e+03 9.935098038337687854e+01
8.588711161021530643e+03 1.000437101740157431e+02
8.588911126357865214e+03 1.038044321310521951e+02
8.589111091694203424e+03 1.001707204110162621e+02
8.589311057030539814e+03 1.008317368021438227e+02
8.589511022366878024e+03 9.581231828453840649e+01
8.589710987703216233e+03 9.788919606191585387e+01
8.589910953039550805e+03 1.004357334692883086e+02
8.590110918375890833e+03 1.023190523697741980e+02
8.590310883712225404e+03 9.837967826513940395e+01
8.590510849048563614e+03 9.776747271853612631e+01
8.590710814384901823e+03 9.705729683109383643e+01
8.590910779721238214e+03 9.718492514676411531e+01
8.591110745057576423e+03 9.658338742614377281e+01
8.591310710393912814e+03 9.620718877059168506e+01
8.591510675730251023e+03 9.053407606147324316e+01
8.591710641066587414e+03 9.370573127495791255e+01
8.591910606402923804e+03 9.664102763980503141e+01
8.592110571739262014e+03 9.759817043611424481e+01
8.592310537075598404e+03 1.012480126179877971e+02
8.592510502411936613e+03 9.863501768259037306e+01
8.592710467748274823e+03 1.044850229774371684e+02
8.592910433084609394e+03 9.992450478736846264e+01
8.593110398420949423e+03 1.003762797265093525e+02
8.593310363757283994e+03 1.026013805603234914e+02
8.593510329093624023e+03 9.791051553953344921e+01
8.593710294429960413e+03 9.876632737119427929e+01
8.593910259766296804e+03 9.896890500459008422e+01
8.594110225102635013e+03 9.667968988460197011e+01
8.594310190438969585e+03 9.741209486244410698e+01
8.594510155775309613e+03 9.882287011134353349e+01
8.594710121111646004e+03 9.648438414080612802e+01
8.594910086447984213e+03 9.764917676345267239e+01
8.595110051784320603e+03 9.830661373534719871e+01
8.595310017120658813e+03 9.833982903362087313e+01
8.595509982456995203e+03 9.451239324259063324e+01
8.595709947793333413e+03 1.001199920209114680e+02
8.595909913129669803e+03 1.005312736788843608e+02
8.596109878466006194e+03 9.535507736703321768e+01
8.596309843802344403e+03 9.713459357848785203e+01
8.596509809138680794e+03 9.542728503862927880e+01
8.596709774475020822e+03 9.325382844052687403e+01
8.596909739811355394e+03 9.216770146994062429e+01
8.597109705147693603e+03 8.828109185975142736e+01
8.597309670484029994e+03 8.722061164113310383e+01
8.597509635820368203e+03 9.196203294694204544e+01
8.597709601156706412e+03 9.337910172624390270e+01
8.597909566493040984e+03 9.716633361142102387e+01
8.598109531829381012e+03 9.951514008195282202e+01
8.598309497165715584e+03 1.024197220308880674e+02
8.598509462502053793e+03 9.565823186908801290e+01
8.598709427838392003e+03 1.003287976261612044e+02
8.598909393174728393e+03 9.980289720667178699e+01
8.599109358511066603e+03 9.935331371515357546e+01
8.599309323847402993e+03 9.816670730620272423e+01
8.599509289183741203e+03 9.680440486877792239e+01
8.599709254520079412e+03 9.768598706456187131e+01
8.599909219856413984e+03 9.592151380698325625e+01
8.600109185192752193e+03 1.020898434407412338e+02
8.600309150529088583e+03 1.001558102321191939e+02
8.600509115865426793e+03 1.008866237395532721e+02
8.600709081201765002e+03 1.006191068591758295e+02
8.600909046538099574e+03 9.795700364297073293e+01
8.601109011874439602e+03 9.951027915175069438e+01
8.601308977210774174e+03 1.005545336654565745e+02
8.601508942547114202e+03 9.973550623377826696e+01
8.601708907883450593e+03 9.914437618509754202e+01
8.601908873219788802e+03 9.597198792810824841e+01
8.602108838556125193e+03 1.003318631956163500e+02
8.602308803892459764e+03 9.757765766925037099e+01
8.602508769228799792e+03 1.030457816419958306e+02
8.602708734565136183e+03 1.005704679944207527e+02
8.602908699901474392e+03 1.024563340975855397e+02
8.603108665237810783e+03 9.992428000406228250e+01
8.603308630574148992e+03 9.520514617577806860e+01
8.603508595910485383e+03 9.565412785788409167e+01
8.603708561246823592e+03 1.016874844077048294e+02
8.603908526583159983e+03 1.008764433867535644e+02
8.604108491919496373e+03 9.701341932665322076e+01
8.604308457255834583e+03 9.848492198374400175e+01
8.604508422592170973e+03 9.671461805941109446e+01
8.604708387928511002e+03 9.704972672851133098e+01
8.604908353264845573e+03 9.638907033234764299e+01
8.605108318601183782e+03 9.269098665327483388e+01
8.605308283937520173e+03 1.001592961536511837e+02
8.605508249273858382e+03 9.842274481934353503e+01
8.605708214610196592e+03 9.666809159467406687e+01
8.605908179946532982e+03 9.789295566493059653e+01
8.606108145282871192e+03 9.616757756274796520e+01
8.606308110619205763e+03 9.676794160730511862e+01
8.606508075955543973e+03 1.009860359856564145e+02
8.606708041291882182e+03 9.450407844665448920e+01
8.606908006628218573e+03 9.839730494344591705e+01
8.607107971964556782e+03 1.024014361794741461e+02
8.607307937300893173e+03 9.837921806294380644e+01
8.607507902637229563e+03 1.054327980277331562e+02
8.607707867973569591e+03 1.011201318515680612e+02
8.607907833309904163e+03 1.010055320267333911e+02
8.608107798646244191e+03 1.021373789984630349e+02
8.608307763982578763e+03 9.973561638893770009e+01
8.608507729318916972e+03 1.027811840405451704e+02
8.608707694655255182e+03 9.348258360407972134e+01
8.608907659991589753e+03 9.493903857821808856e+01
8.609107625327929782e+03 9.526525883351165191e+01
8.609307590664264353e+03 9.795249491484756277e+01
8.609507556000604382e+03 9.898933374700190768e+01
8.609707521336940772e+03 9.637928183354702583e+01
8.609907486673278981e+03 9.096301587169254788e+01
8.610107452009615372e+03 8.497737284339639530e+01
8.610307417345949943e+03 7.910918720532184523e+01
8.610507382682289972e+03 8.734280529597005227e+01
8.610707348018626362e+03 8.825069874342341336e+01
8.610907313354964572e+03 9.477115250384153455e+01
8.611107278691300962e+03 9.803494940158017812e+01
8.611307244027639172e+03 9.866407659616645276e+01
8.611507209363975562e+03 1.001748531999757574e+02
8.611707174700313772e+03 1.034785387556201357e+02
8.611907140036650162e+03 1.008515792956561796e+02
8.612107105372988372e+03 9.817812116461038840e+01
8.612307070709324762e+03 1.015382204338379779e+02
8.612507036045661152e+03 9.779999320295868870e+01
8.612707001382001181e+03 9.927145473062604708e+01
8.612906966718335752e+03 9.814697563549104586e+01
8.613106932054673962e+03 9.541714520440197589e+01
8.613306897391010352e+03 9.820726694595018103e+01
8.613506862727348562e+03 1.016972208229033043e+02
8.613706828063686771e+03 9.975062865019586411e+01
8.613906793400023162e+03 9.523238282735535165e+01
8.614106758736359552e+03 9.596823932705764548e+01
8.614306724072697762e+03 9.946883734207837335e+01
8.614506689409034152e+03 9.868804503533272054e+01
8.614706654745372362e+03 9.722230004310436868e+01
8.614906620081708752e+03 9.613400338108779408e+01
8.615106585418046961e+03 9.624427857061689906e+01
8.615306550754383352e+03 9.813033338500079594e+01
8.615506516090719742e+03 1.015602831232130683e+02
8.615706481427059771e+03 1.007703427244499608e+02
8.615906446763394342e+03 9.754723799271297935e+01
8.616106412099734371e+03 9.905627871211683555e+01
8.616306377436068942e+03 9.974639966897630927e+01
8.616506342772408971e+03 9.654540371941811827e+01
8.616706308108745361e+03 9.699443284789063568e+01
8.616906273445079933e+03 9.610242365130177689e+01
8.617106238781419961e+03 9.975055270012715880e+01
8.617306204117754532e+03 9.788779402151057241e+01
8.617506169454094561e+03 1.031083319053743423e+02
8.617706134790430951e+03 1.006755279814642563e+02
8.617906100126769161e+03 1.012393305738292213e+02
8.618106065463105551e+03 1.015915254123659963e+02
8.618306030799441942e+03 9.793307677094098551e+01
8.618505996135780151e+03 1.022788424423703049e+02
8.618705961472116542e+03 9.271886262032698767e+01
8.618905926808454751e+03 9.625684223973800613e+01
8.619105892144791142e+03 1.000987146549211388e+02
8.619305857481129351e+03 9.817821289721862854e+01
8.619505822817465742e+03 9.766535603970470447e+01
8.619705788153803951e+03 8.931033960940919769e+01
8.619905753490140341e+03 8.664416297927508026e+01
8.620105718826478551e+03 8.644573759612450203e+01
8.620305684162814941e+03 8.730153777391255687e+01
8.620505649499153151e+03 9.190523149116442880e+01
8.620705614835491360e+03 9.403382956644128399e+01
8.620905580171825932e+03 9.283802604088704413e+01
8.621105545508164141e+03 9.889079262659033986e+01
8.621305510844500532e+03 1.013304834774114198e+02
8.621505476180838741e+03 1.014749347556380030e+02
8.621705441517176951e+03 9.926412372409141938e+01
8.621905406853513341e+03 1.017441433605550714e+02
8.622105372189849732e+03 1.002505576012722059e+02
8.622305337526187941e+03 9.810230971914899101e+01
8.622505302862524331e+03 9.870995335353852340e+01
8.622705268198864360e+03 9.856411651915291827e+01
8.622905233535198931e+03 1.002059208529039580e+02
8.623105198871537141e+03 9.741650649888491387e+01
8.623305164207873531e+03 9.703714494312433203e+01
8.623505129544209922e+03 1.002233760985443922e+02
8.623705094880549950e+03 9.661981582997094620e+01
8.623905060216884522e+03 9.709993832019488025e+01
8.624105025553224550e+03 1.021176726979880698e+02
8.624304990889559122e+03 1.005308861460678997e+02
8.624504956225899150e+03 9.934631912868860582e+01
8.624704921562235540e+03 9.981065019274225847e+01
8.624904886898570112e+03 1.045436649033182732e+02
8.625104852234910140e+03 9.469897643719380653e+01
8.625304817571244712e+03 9.955010065319730472e+01
8.625504782907584740e+03 1.001299381372906083e+02
8.625704748243921131e+03 9.835214132750584781e+01
8.625904713580259340e+03 1.000586990415545756e+02
8.626104678916595731e+03 9.828451517713095598e+01
8.626304644252932121e+03 9.962439526255472799e+01
8.626504609589270331e+03 1.037828970288165209e+02
8.626704574925608540e+03 9.741565296129859064e+01
8.626904540261944931e+03 1.017488391835828025e+02
8.627104505598281321e+03 1.016405641343399822e+02
8.627304470934619530e+03 9.967758000563510734e+01
8.627504436270955921e+03 1.008330282221617722e+02
8.627704401607294130e+03 9.954578030261107813e+01
8.627904366943630521e+03 1.021360633158280820e+02
8.628104332279968730e+03 9.828589822548160271e+01
8.628304297616305121e+03 9.808804940838386699e+01
8.628504262952643330e+03 1.016505950324334862e+02
8.628704228288979721e+03 9.604974616214798289e+01
8.628904193625317930e+03 1.006152666572840104e+02
8.629104158961654321e+03 9.722478610142169941e+01
8.629304124297990711e+03 1.012121603119980193e+02
8.629504089634328921e+03 9.690359916124923245e+01
8.629704054970667130e+03 9.717878401774565589e+01
8.629904020307003520e+03 9.785290593886233523e+01
8.630103985643339911e+03 1.020281446973173871e+02
8.630303950979678120e+03 9.928818218441325882e+01
8.630503916316014511e+03 9.521997242622958879e+01
8.630703881652354539e+03 9.534748373364676866e+01
8.630903846988689111e+03 9.499567550790629866e+01
8.631103812325027320e+03 9.443643324618139445e+01
8.631303777661363711e+03 9.961574334990157809e+01
8.631503742997700101e+03 9.940200804026167702e+01
8.631703708334040130e+03 9.732450939958252434e+01
8.631903673670374701e+03 9.788773598063197312e+01
8.632103639006714729e+03 9.699020301331964333e+01
8.632303604343049301e+03 9.850294766943181912e+01
8.632503569679389329e+03 1.012919820547937775e+02
8.632703535015725720e+03 9.942663411338561730e+01
8.632903500352062110e+03 1.015148975078088540e+02
8.633103465688400320e+03 1.021361003709536845e+02
8.633303431024734891e+03 9.949851945135441156e+01
8.633503396361074920e+03 1.001401432936026055e+02
8.633703361697411310e+03 1.037597916704207250e+02
8.633903327033749520e+03 9.933335008924264287e+01
8.634103292370085910e+03 9.869823146479612319e+01
8.634303257706422301e+03 9.935088005692607283e+01
8.634503223042760510e+03 9.817093059858572701e+01
8.634703188379098719e+03 1.022968798686226108e+02
8.634903153715435110e+03 9.536297586309160579e+01
8.635103119051773319e+03 9.955138625032451216e+01
8.635303084388107891e+03 9.833974572099434397e+01
8.635503049724446100e+03 9.693548059906655112e+01
8.635703015060784310e+03 9.608748476893617863e+01
8.635902980397120700e+03 9.954151780754071410e+01
8.636102945733458910e+03 1.007086387831278245e+02
8.636302911069795300e+03 1.007222374440962085e+02
8.636502876406133510e+03 9.994950898201287259e+01
8.636702841742469900e+03 9.973034732350835441e+01
8.636902807078808110e+03 9.703682108332755263e+01
8.637102772415144500e+03 9.616383217852072107e+01
8.637302737751480890e+03 9.964660542162543777e+01
8.637502703087819100e+03 9.945673351996342149e+01
8.637702668424157309e+03 9.892554124828265572e+01
8.637902633760493700e+03 9.900005458904695388e+01
8.638102599096830090e+03 1.009111160270550300e+02
8.638302564433168300e+03 9.844321079491716375e+01
8.638502529769504690e+03 9.945594952292600510e+01
8.638702495105844719e+03 1.034022443725968117e+02
8.638902460442179290e+03 1.039611552840868143e+02
8.639102425778519319e+03 1.013609386649536503e+02
8.639302391114853890e+03 9.709971212450116695e+01
8.639502356451190280e+03 9.800492292568095820e+01
8.639702321787530309e+03 1.015176973320394893e+02
8.639902287123864880e+03 9.924677573383793572e+01
8.640102252460204909e+03 9.650674825466880691e+01
8.640302217796539480e+03 9.906234117002638584e+01
8.640502183132879509e+03 9.977979201609005599e+01
8.640702148469215899e+03 9.674627009215176088e+01
8.640902113805552290e+03 9.768621937518243215e+01
8.641102079141890499e+03 9.843312729122709470e+01
8.641302044478226890e+03 9.662322320918717367e+01
8.641502009814565099e+03 9.588596106893893989e+01
8.641701975150901490e+03 9.780717100928924879e+01
8.641901940487239699e+03 1.018441015052000296e+02
8.642101905823576089e+03 9.634817845742384179e+01
8.642301871159912480e+03 9.813181151157033355e+01
8.642501836496250689e+03 9.702084230932612741e+01
8.642701801832588899e+03 9.989593899285061696e+01
8.642901767168925289e+03 1.008570723131286400e+02
8.643101732505263499e+03 1.026612388781961585e+02
8.643301697841598070e+03 1.000641576812773508e+02
8.643501663177938099e+03 1.003576149390179211e+02
8.643701628514274489e+03 9.567830442901912136e+01
8.643901593850610880e+03 9.522942562269751932e+01
8.644101559186949089e+03 9.920895244766846588e+01
8.644301524523285480e+03 9.748631986197865729e+01
8.644501489859623689e+03 9.866052289212238691e+01
8.644701455195960079e+03 9.972190089415077807e+01
8.644901420532298289e+03 9.742816859876900537e+01
8.645101385868634679e+03 9.706955349010947032e+01
8.645301351204972889e+03 9.964197384254305234e+01
8.645501316541309279e+03 9.845387911127178882e+01
8.645701281877647489e+03 9.571984155550842388e+01
8.645901247213983879e+03 9.953080475579365327e+01
8.646101212550320270e+03 9.873919678904680097e+01
8.646301177886658479e+03 9.874532420581599013e+01
8.646501143222994870e+03 9.238702132892044006e+01
8.646701108559334898e+03 9.005908137256000145e+01
8.646901073895669469e+03 9.216756884885055001e+01
8.647101039232009498e+03 9.588673813693358738e+01
8.647301004568344069e+03 9.792561480057750600e+01
8.647500969904682279e+03 9.655980265544391727e+01
8.647700935241020488e+03 9.580767107443267605e+01
8.647900900577355060e+03 9.828521086147314634e+01
8.648100865913695088e+03 9.810951437634531658e+01
8.648300831250029660e+03 9.673991679203257377e+01
8.648500796586369688e+03 9.934006413306592265e+01
8.648700761922706079e+03 9.824529096499418301e+01
8.648900727259042469e+03 9.672841199858785899e+01
8.649100692595380679e+03 9.930746530846491282e+01
8.649300657931717069e+03 9.718395612139565287e+01
8.649500623268055278e+03 9.796232797594795727e+01
8.649700588604393488e+03 9.936755377525145150e+01
8.649900553940728059e+03 9.626672254946828389e+01
8.650100519277066269e+03 1.008808396783090302e+02
8.650300484613402659e+03 9.536989745219595704e+01
8.650500449949740869e+03 1.016247363910634647e+02
8.650700415286079078e+03 9.499563339263669093e+01
8.650900380622415469e+03 9.834071824759493552e+01
8.651100345958753678e+03 9.476609886106891167e+01
8.651300311295088250e+03 9.807647233375215023e+01
8.651500276631428278e+03 9.842521005948448476e+01
8.651700241967764669e+03 9.684645880429245324e+01
8.651900207304101059e+03 9.397484255855893309e+01
8.652100172640439268e+03 9.551291269482048563e+01
8.652300137976775659e+03 9.935758962069284905e+01
8.652500103313113868e+03 9.570329335993507414e+01
8.652700068649450259e+03 9.366348126404733421e+01
8.652900033985788468e+03 9.337543421339945837e+01
8.653099999322124859e+03 9.840120694688025083e+01
8.653299964658463068e+03 9.698848508902915455e+01
8.653499929994799459e+03 9.741472322842197684e+01
8.653699895331139487e+03 9.595787193715422347e+01
8.653899860667474059e+03 9.387717157176763294e+01
8.654099826003810449e+03 9.286836945451709369e+01
8.654299791340148658e+03 9.589807386317576743e+01
8.654499756676485049e+03 9.457299825720814113e+01
8.654699722012825077e+03 9.484395968825324985e+01
8.654899687349159649e+03 9.680702124963717381e+01
8.655099652685499677e+03 9.193660609959769658e+01
8.655299618021834249e+03 9.155037170933307777e+01
8.655499583358172458e+03 9.348563319662302717e+01
8.655699548694510668e+03 9.016266745781456393e+01
8.655899514030847058e+03 8.792596627219913330e+01
8.656099479367185268e+03 9.032644786272088311e+01
8.656299444703519839e+03 8.778278471438385111e+01
8.656499410039858049e+03 8.854223781202267674e+01
8.656699375376196258e+03 8.968692905021862316e+01
8.656899340712532648e+03 9.020231732138246628e+01
8.657099306048870858e+03 9.060838693319743697e+01
8.657299271385207248e+03 8.657370560778549873e+01
8.657499236721545458e+03 8.647308798927470264e+01
8.657699202057883667e+03 8.271337165023813043e+01
8.657899167394218239e+03 7.859177477345838270e+01
8.658099132730556448e+03 8.169697633534579495e+01
8.658299098066892839e+03 7.679469651373992178e+01
8.658499063403231048e+03 7.609958387235153054e+01
8.658699028739569258e+03 7.417629423440340020e+01
8.658898994075905648e+03 7.004193231904602612e+01
8.659098959412243858e+03 7.065774604889733723e+01
8.659298924748578429e+03 6.743979962109762027e+01
8.659498890084918457e+03 6.661472695309949188e+01
8.659698855421254848e+03 5.396006211190260160e+01
8.659898820757593057e+03 5.697800204436271798e+01
8.660098786093929448e+03 4.611785760673628687e+01
8.660298751430265838e+03 3.802456713759973184e+01
8.660498716766604048e+03 3.904013159901488450e+01
8.660698682102940438e+03 3.673410593581414219e+01
8.660898647439278648e+03 4.007410424765376433e+01
8.661098612775615038e+03 4.246301319589599643e+01
8.661298578111953248e+03 4.856777581062031857e+01
8.661498543448289638e+03 5.630566674278004058e+01
8.661698508784629666e+03 6.088968067134916140e+01
8.661898474120964238e+03 6.503310625518849974e+01
8.662098439457302447e+03 6.883017399409800419e+01
8.662298404793638838e+03 7.033941316342962580e+01
8.662498370129975228e+03 7.345685315600847787e+01
8.662698335466315257e+03 7.973057090766465649e+01
8.662898300802649828e+03 7.517341941818507678e+01
8.663098266138989857e+03 7.641771521803190126e+01
8.663298231475324428e+03 8.480894536908012071e+01
8.663498196811662638e+03 8.189448269348561382e+01
8.663698162148000847e+03 8.594069895693135663e+01
8.663898127484337238e+03 8.539506676782913530e+01
8.664098092820675447e+03 9.134016687833108961e+01
8.664298058157011837e+03 8.707888962396582144e+01
8.664498023493348228e+03 9.017957028713078671e+01
8.664697988829686437e+03 8.802196066508847139e+01
8.664897954166022828e+03 8.574833405974544576e+01
8.665097919502361037e+03 9.277605254817926550e+01
8.665297884838697428e+03 8.902609097371886548e+01
8.665497850175035637e+03 9.269924347812596466e+01
8.665697815511373847e+03 9.029899894857416598e+01
8.665897780847708418e+03 8.861209176439427893e+01
8.666097746184048447e+03 9.262948470137038726e+01
8.666297711520383018e+03 9.270426084276232359e+01
8.666497676856721228e+03 9.618277017149455332e+01
8.666697642193059437e+03 9.432955903514013585e+01
8.666897607529395827e+03 9.450302906276986903e+01
8.667097572865734037e+03 9.607206455688312019e+01
8.667297538202068608e+03 9.390687356075412140e+01
8.667497503538408637e+03 9.789316820008012598e+01
8.667697468874745027e+03 9.363763412596732394e+01
8.667897434211083237e+03 9.939048519907532864e+01
8.668097399547419627e+03 9.546867905712187508e+01
8.668297364883757837e+03 9.806558338772022410e+01
8.668497330220094227e+03 9.901878993489434322e+01
8.668697295556430618e+03 9.842851593754657813e+01
8.668897260892768827e+03 9.699604880837323151e+01
8.669097226229105217e+03 9.621226096596927846e+01
8.669297191565443427e+03 9.818839306394376365e+01
8.669497156901779817e+03 9.327415238612978499e+01
8.669697122238119846e+03 9.305156237071660996e+01
8.669897087574454417e+03 9.283742042418808182e+01
8.670097052910792627e+03 9.121881176872913954e+01
8.670297018247129017e+03 9.583946170050887758e+01
8.670496983583467227e+03 9.419034311753162569e+01
8.670696948919805436e+03 9.285854750677292202e+01
8.670896914256140008e+03 9.553504662157993721e+01
8.671096879592478217e+03 9.749076653943689053e+01
8.671296844928814608e+03 9.795273772031093529e+01
8.671496810265152817e+03 9.936283836439447725e+01
8.671696775601491026e+03 9.830863889859890037e+01
8.671896740937827417e+03 1.001248254853194197e+02
8.672096706274165626e+03 9.951725521206661540e+01
8.672296671610502017e+03 9.718764417402313427e+01
8.672496636946838407e+03 1.001080910736114618e+02
8.672696602283176617e+03 9.037980248491028590e+01
8.672896567619513007e+03 8.540402466043839524e+01
8.673096532955851217e+03 8.163562364330137200e+01
8.673296498292187607e+03 8.047456323149464197e+01
8.673496463628525817e+03 7.821974042240486824e+01
8.673696428964864026e+03 7.978278884245916913e+01
8.673896394301198598e+03 7.830851329168154962e+01
8.674096359637538626e+03 8.575135350616596952e+01
8.674296324973873197e+03 9.022834911026095028e+01
8.674496290310213226e+03 9.928540101347664404e+01
8.674696255646549616e+03 9.603748393400724126e+01
8.674896220982886007e+03 9.447300950841759004e+01
8.675096186319224216e+03 9.900607787120054581e+01
8.675296151655558788e+03 1.008119130211152168e+02
8.675496116991898816e+03 9.524518695851681116e+01
8.675696082328235207e+03 9.954925216601415627e+01
8.675896047664573416e+03 1.028041345980552279e+02
8.676096013000909807e+03 9.887091215959445378e+01
8.676295978337248016e+03 9.775532057820511511e+01
8.676495943673584406e+03 9.963736296716328411e+01
8.676695909009922616e+03 9.526021873963519226e+01
8.676895874346259006e+03 9.580102439656300817e+01
8.677095839682595397e+03 9.625754406082020864e+01
8.677295805018933606e+03 9.779479390554924123e+01
8.677495770355269997e+03 9.626827205496694262e+01
8.677695735691608206e+03 9.493836531571156456e+01
8.677895701027944597e+03 9.577447459607959956e+01
8.678095666364282806e+03 9.443584792140551087e+01
8.678295631700619197e+03 9.303836936586004924e+01
8.678495597036957406e+03 9.158844159681422070e+01
8.678695562373295616e+03 9.144606806037531044e+01
8.678895527709630187e+03 9.178197462895246872e+01
8.679095493045968396e+03 9.408112385888941276e+01
8.679295458382304787e+03 9.233586580611992645e+01
8.679495423718642996e+03 9.678978497684168758e+01
8.679695389054981206e+03 9.398760827127675554e+01
8.679895354391317596e+03 9.666910230953759253e+01
8.680095319727655806e+03 1.015824271884943357e+02
8.680295285063992196e+03 1.025382545432475183e+02
8.680495250400328587e+03 1.006468232960138778e+02
8.680695215736668615e+03 1.015164401232295717e+02
8.680895181073003187e+03 9.694388329888234068e+01
8.681095146409341396e+03 9.285210389615940585e+01
8.681295111745677787e+03 8.851543094654647348e+01
8.681495077082015996e+03 8.775905880987505725e+01
8.681695042418354205e+03 9.041626726968453909e+01
8.681895007754688777e+03 9.384885985060849123e+01
8.682094973091028805e+03 9.578440025942579439e+01
8.682294938427363377e+03 9.632954699743135052e+01
8.682494903763703405e+03 9.731671188657644223e+01
8.682694869100039796e+03 1.029875417172913075e+02
8.682894834436378005e+03 9.989919492716958871e+01
8.683094799772714396e+03 1.034939771374998543e+02
8.683294765109048967e+03 9.682828709641243847e+01
8.683494730445388996e+03 1.002211720125997942e+02
8.683694695781725386e+03 1.039737041248265541e+02
8.683894661118063595e+03 9.663976920446201291e+01
8.684094626454399986e+03 1.013462173346589168e+02
8.684294591790738195e+03 1.019934733744534725e+02
8.684494557127074586e+03 9.864843039624018672e+01
8.684694522463412795e+03 9.839876552059088510e+01
8.684894487799749186e+03 1.000673472056075468e+02
8.685094453136085576e+03 9.797714130030750823e+01
8.685294418472423786e+03 1.012707696375706803e+02
8.685494383808760176e+03 9.742719572985924970e+01
8.685694349145098386e+03 9.804453049496760286e+01
8.685894314481434776e+03 9.865226177210439573e+01
8.686094279817772986e+03 9.762953754004902862e+01
8.686294245154109376e+03 8.806990401027850623e+01
8.686494210490447585e+03 8.712586973238725818e+01
8.686694175826785795e+03 7.408650914147357014e+01
8.686894141163122185e+03 6.644838482962364878e+01
8.687094106499458576e+03 6.174692988272183669e+01
8.687294071835794966e+03 6.225133801306641601e+01
8.687494037172133176e+03 7.552577180839168136e+01
8.687694002508471385e+03 7.823022993996310959e+01
8.687893967844807776e+03 8.741123390627801371e+01
8.688093933181145985e+03 9.298035790166071024e+01
8.688293898517482376e+03 9.619546760731419965e+01
8.688493863853818766e+03 9.754725468131826460e+01
8.688693829190158795e+03 9.280193014021412523e+01
8.688893794526493366e+03 1.001251743737128663e+02
8.689093759862833394e+03 1.017645339132020723e+02
8.689293725199167966e+03 1.005868130487156265e+02
8.689493690535506175e+03 1.021413366495867905e+02
8.689693655871844385e+03 9.683226938709158560e+01
8.689893621208178956e+03 9.989723771871820190e+01
8.690093586544518985e+03 9.808145878072453172e+01
8.690293551880853556e+03 9.878891107225319956e+01
8.690493517217193585e+03 9.941360941012369778e+01
8.690693482553529975e+03 9.737432392396205216e+01
8.690893447889868185e+03 9.882203164793227756e+01
8.691093413226204575e+03 9.654505708546946607e+01
8.691293378562540966e+03 9.833525626699102418e+01
8.691493343898879175e+03 1.005368244156302779e+02
8.691693309235215565e+03 1.029186162776180282e+02
8.691893274571553775e+03 1.012102804949129933e+02
8.692093239907890165e+03 9.920096353797303834e+01
8.692293205244226556e+03 1.010713812535990712e+02
8.692493170580564765e+03 9.703495756383850335e+01
8.692693135916902975e+03 9.709049498942758305e+01
8.692893101253239365e+03 9.875774304388509961e+01
8.693093066589577575e+03 1.028180606934448491e+02
8.693293031925913965e+03 1.016562286484881241e+02
8.693492997262250356e+03 9.675651996758494988e+01
8.693692962598588565e+03 1.004809213915872022e+02
8.693892927934924955e+03 1.041179347607550199e+02
8.694092893271263165e+03 1.017886621669673843e+02
8.694292858607599555e+03 9.734209050252026429e+01
8.694492823943937765e+03 1.021787148143882575e+02
8.694692789280275974e+03 9.930428872824285236e+01
8.694892754616612365e+03 9.803886026031692325e+01
8.695092719952948755e+03 9.930758877027193421e+01
8.695292685289286965e+03 9.843732059669024181e+01
8.695492650625623355e+03 1.023099421918497995e+02
8.695692615961961565e+03 9.833791256660504132e+01
8.695892581298297955e+03 9.901248320897387600e+01
8.696092546634636165e+03 1.040050889756938659e+02
8.696292511970972555e+03 1.020779958894693067e+02
8.696492477307308945e+03 1.022760796363223221e+02
8.696692442643648974e+03 9.749118471483500059e+01
8.696892407979983545e+03 9.899866993810488225e+01
8.697092373316323574e+03 1.006516748620445867e+02
8.697292338652658145e+03 9.894321031041481262e+01
8.697492303988998174e+03 9.598572287586470964e+01
8.697692269325334564e+03 9.362160216166954285e+01
8.697892234661669136e+03 9.004390297889487726e+01
8.698092199998009164e+03 9.200412253682827668e+01
8.698292165334343736e+03 9.330419991138133184e+01
8.698492130670683764e+03 9.765489008878199684e+01
8.698692096007020155e+03 1.017761747212434358e+02
8.698892061343356545e+03 9.883610226049596292e+01
8.699092026679694754e+03 9.634966874169474238e+01
8.699291992016031145e+03 9.641286614254211429e+01
8.699491957352369354e+03 9.564666766731731684e+01
8.699691922688705745e+03 9.576797251464202532e+01
8.699891888025043954e+03 9.867349494051529746e+01
8.700091853361380345e+03 1.014011905947734817e+02
8.700291818697716735e+03 9.858780322688318165e+01
8.700491784034054945e+03 9.844902843207408694e+01
8.700691749370393154e+03 9.773025055850328613e+01
8.700891714706729545e+03 1.029756370944672739e+02
8.701091680043067754e+03 1.019234134192377894e+02
8.701291645379404144e+03 9.790183136914050976e+01
8.701491610715742354e+03 9.926183517725557692e+01
8.701691576052078744e+03 9.533198141267796188e+01
8.701891541388415135e+03 1.016024832337558195e+02
8.702091506724753344e+03 9.769185703922151731e+01
8.702291472061089735e+03 9.609934397405785944e+01
8.702491437397427944e+03 1.001036269790245257e+02
8.702691402733766154e+03 1.005138984223335399e+02
8.702891368070102544e+03 9.705397065687998293e+01
8.703091333406438935e+03 9.935788761666657365e+01
8.703291298742777144e+03 1.032467381686350478e+02
8.703491264079113535e+03 9.900195978920910989e+01
8.703691229415453563e+03 1.031171883539809357e+02
8.703891194751788134e+03 1.006508935272704548e+02
8.704091160088126344e+03 9.804586451375692491e+01
8.704291125424462734e+03 1.010368378624518613e+02
8.704491090760799125e+03 1.004871311793042565e+02
8.704691056097139153e+03 1.029834213181591593e+02
8.704891021433473725e+03 1.007844883512560301e+02
8.705090986769813753e+03 9.800411630629061221e+01
8.705290952106148325e+03 1.014492650931170203e+02
8.705490917442488353e+03 9.800412531353025258e+01
8.705690882778824744e+03 9.831435971430410348e+01
8.705890848115159315e+03 9.750987699128951647e+01
8.706090813451499344e+03 9.672016648744785527e+01
8.706290778787833915e+03 9.798042809423942856e+01
8.706490744124173943e+03 9.962582982274878418e+01
8.706690709460510334e+03 9.687000841545453511e+01
8.706890674796846724e+03 9.832435135650192137e+01
8.707090640133184934e+03 9.813012077365111452e+01
8.707290605469521324e+03 1.022283524649336641e+02
8.707490570805859534e+03 1.006456985276928009e+02
8.707690536142197743e+03 1.006259003195858810e+02
8.707890501478534134e+03 9.934627625217584068e+01
8.708090466814870524e+03 9.672485521532307473e+01
8.708290432151206915e+03 9.447448501593162007e+01
8.708490397487545124e+03 9.227475246273603204e+01
8.708690362823883333e+03 8.499707159049835070e+01
8.708890328160219724e+03 8.338780407124015426e+01
8.709090293496557933e+03 8.842747501600938165e+01
8.709290258832894324e+03 9.359007823720733654e+01
8.709490224169232533e+03 9.718579523574172185e+01
8.709690189505568924e+03 1.003273958746098913e+02
8.709890154841907133e+03 9.957666763640239083e+01
8.710090120178243524e+03 9.917933305798436550e+01
8.710290085514579914e+03 9.964177443153624836e+01
8.710490050850918124e+03 9.998558096202773982e+01
8.710690016187256333e+03 9.853384440073243411e+01
8.710889981523592724e+03 9.766571171851296640e+01
8.711089946859929114e+03 9.340059322328117730e+01
8.711289912196267323e+03 9.160998606960683333e+01
8.711489877532603714e+03 8.426084195652275355e+01
8.711689842868943742e+03 8.997149952463064437e+01
8.711889808205278314e+03 8.818209827591891781e+01
8.712089773541618342e+03 9.513986189080094391e+01
8.712289738877952914e+03 9.580687253990282670e+01
8.712489704214289304e+03 1.010899501222477852e+02
8.712689669550629333e+03 1.007393589029765337e+02
8.712889634886963904e+03 9.608236454574517893e+01
8.713089600223303933e+03 1.004024795667337173e+02
8.713289565559638504e+03 1.011948369802474161e+02
8.713489530895976714e+03 1.027135236034670669e+02
8.713689496232314923e+03 1.034498076291079229e+02
8.713889461568651313e+03 9.844159468018884240e+01
8.714089426904989523e+03 9.954652107655562077e+01
8.714289392241324094e+03 1.016246636829448278e+02
8.714489357577664123e+03 9.707740795461991468e+01
8.714689322914000513e+03 1.005695783117008375e+02
8.714889288250336904e+03 1.020899875227236180e+02
8.715089253586675113e+03 9.889481262802162576e+01
8.715289218923011504e+03 1.006386554558078501e+02
8.715489184259349713e+03 1.009641245827687328e+02
8.715689149595687923e+03 9.642836753348429113e+01
8.715889114932024313e+03 9.862267798173672873e+01
8.716089080268362522e+03 9.109989949674798027e+01
8.716289045604697094e+03 8.770754733302510431e+01
8.716489010941035303e+03 9.157329845023613757e+01
8.716688976277373513e+03 9.221981138350135154e+01
8.716888941613709903e+03 9.551683738130734014e+01
8.717088906950048113e+03 9.760246741148540650e+01
8.717288872286384503e+03 9.755469511954413520e+01
8.717488837622722713e+03 9.790640416024578485e+01
8.717688802959059103e+03 1.025478431092074914e+02
8.717888768295397313e+03 9.608524710872286789e+01
8.718088733631733703e+03 1.011088520227101810e+02
8.718288698968071913e+03 9.949251359037043585e+01
8.718488664304408303e+03 9.927224607507095300e+01
8.718688629640746512e+03 9.704312955959453291e+01
8.718888594977082903e+03 9.944542293827866786e+01
8.719088560313419293e+03 1.008629506733790038e+02
8.719288525649757503e+03 1.015805263123083222e+02
8.719488490986093893e+03 9.893161349750988620e+01
8.719688456322433922e+03 9.826097414153576892e+01
8.719888421658768493e+03 9.773238189368613860e+01
8.720088386995108522e+03 1.009032151058841151e+02
8.720288352331443093e+03 9.970030679470079349e+01
8.720488317667779484e+03 9.918791897779931332e+01
8.720688283004119512e+03 9.753881902087132971e+01
8.720888248340454084e+03 9.762717425363403834e+01
8.721088213676794112e+03 9.933605504083467963e+01
8.721288179013128683e+03 1.025192290449042360e+02
8.721488144349466893e+03 1.033954586608218307e+02
8.721688109685805102e+03 9.628070966865466573e+01
8.721888075022141493e+03 9.765703949032000253e+01
8.722088040358479702e+03 1.006025149862015695e+02
8.722288005694816093e+03 1.003378808921050194e+02
8.722487971031154302e+03 9.959310364156307571e+01
8.722687936367490693e+03 1.006488780150588127e+02
8.722887901703827083e+03 9.972035943712575090e+01
8.723087867040165293e+03 9.982351437857835208e+01
8.723287832376501683e+03 9.713666553880491961e+01
8.723487797712839892e+03 9.806328882555877158e+01
8.723687763049178102e+03 9.645164187424241220e+01
8.723887728385514492e+03 9.711048935892569034e+01
8.724087693721852702e+03 1.000344388908855962e+02
8.724287659058187273e+03 9.767226964501558939e+01
8.724487624394527302e+03 1.001586821401711376e+02
8.724687589730863692e+03 1.017444600893914810e+02
8.724887555067200083e+03 9.925654300679993014e+01
8.725087520403538292e+03 9.963480177644770208e+01
8.725287485739874683e+03 1.013800483392474945e+02
8.725487451076212892e+03 9.566073967041303661e+01
8.725687416412549283e+03 9.909395663481924998e+01
8.725887381748887492e+03 9.798053173978838970e+01
8.726087347085223882e+03 1.000253590004573141e+02
8.726287312421562092e+03 9.395454522241996642e+01
8.726487277757898482e+03 9.043009398891979345e+01
8.726687243094236692e+03 9.409748209828345011e+01
8.726887208430573082e+03 9.288441605367660259e+01
8.727087173766909473e+03 9.800673669675073540e+01
8.727287139103247682e+03 9.589540260814570161e+01
8.727487104439584073e+03 9.623565778300064721e+01
8.727687069775924101e+03 1.001521486584341005e+02
8.727887035112258673e+03 1.015370731831444289e+02
8.728087000448596882e+03 9.769579980121426388e+01
8.728286965784933273e+03 1.023004829424632049e+02
8.728486931121271482e+03 9.792226739073923625e+01
