8.476919492857132354e+03 9.933921960631293757e+01
8.477119420203664049e+03 9.752301299066722606e+01
8.477319347550190287e+03 9.837739579159702430e+01
8.477519274896721981e+03 1.011237926681252191e+02
8.477719202243250038e+03 9.993210608360570291e+01
8.477919129589781733e+03 1.006107369309741273e+02
8.478119056936309789e+03 9.838210501093512050e+01
8.478318984282839665e+03 9.934924174602291203e+01
8.478518911629369541e+03 9.843948287743062053e+01
8.478718838975899416e+03 1.008130998860088425e+02
8.478918766322427473e+03 9.907007802664639939e+01
8.479118693668959168e+03 9.863633106732366684e+01
8.479318621015489043e+03 1.008643416986921153e+02
8.479518548362018919e+03 9.951931769954282458e+01
8.479718475708546976e+03 9.860203632124407136e+01
8.479918403055076851e+03 9.910955531753378978e+01
8.480118330401608546e+03 1.005486785904042932e+02
8.480318257748136602e+03 9.896769782710154573e+01
8.480518185094666478e+03 9.869171065821569755e+01
8.480718112441194535e+03 9.958737235147474109e+01
8.480918039787726229e+03 9.752556489638496373e+01
8.481117967134256105e+03 1.012044243760973217e+02
8.481317894480784162e+03 9.795517256010417384e+01
8.481517821827314037e+03 1.001159592044820386e+02
8.481717749173843913e+03 1.013149364020882075e+02
8.481917676520373789e+03 1.001035359856198284e+02
8.482117603866903664e+03 1.001364065225244957e+02
8.482317531213431721e+03 1.002815082863609746e+02
8.482517458559963416e+03 9.820782943512497809e+01
8.482717385906491472e+03 9.940056199611569809e+01
8.482917313253021348e+03 9.944498091437125709e+01
8.483117240599551224e+03 9.796180647129573060e+01
8.483317167946081099e+03 9.833774460497157577e+01
8.483517095292612794e+03 1.019251306773496850e+02
8.483717022639139032e+03 1.022564620318791668e+02
8.483916949985670726e+03 9.991958688322017679e+01
8.484116877332200602e+03 9.839159656140876109e+01
8.484316804678730477e+03 1.005622571036209223e+02
8.484516732025258534e+03 9.970721937373346577e+01
8.484716659371788410e+03 1.019949727886611441e+02
8.484916586718318285e+03 9.909139272918380925e+01
8.485116514064849980e+03 9.662206385150656729e+01
8.485316441411376218e+03 9.948175073438139293e+01
8.485516368757907912e+03 9.800480120922028959e+01
8.485716296104435969e+03 1.006113373147696137e+02
8.485916223450967664e+03 1.002398641010298235e+02
8.486116150797495720e+03 9.699376160616782272e+01
8.486316078144025596e+03 9.856273020095051152e+01
8.486516005490555472e+03 9.947468300432117871e+01
8.486715932837085347e+03 9.945137085853826875e+01
8.486915860183613404e+03 1.018454110505672787e+02
8.487115787530145099e+03 1.003237833688145315e+02
8.487315714876674974e+03 1.019466866515003289e+02
8.487515642223204850e+03 1.015431255920018714e+02
8.487715569569732907e+03 9.888906118862220751e+01
8.487915496916262782e+03 1.018282797920942500e+02
8.488115424262794477e+03 9.877054363485525812e+01
8.488315351609322533e+03 1.013787838128937295e+02
8.488515278955852409e+03 9.758497566238182230e+01
8.488715206302380466e+03 1.003573070942599372e+02
8.488915133648912160e+03 9.844400360212290479e+01
8.489115060995442036e+03 1.010607575347252407e+02
8.489314988341970093e+03 1.004286169499098520e+02
8.489514915688499968e+03 9.853882257036957526e+01
8.489714843035029844e+03 9.917882284187646746e+01
8.489914770381559720e+03 1.013638148911082624e+02
8.490114697728089595e+03 1.001192450982946411e+02
8.490314625074617652e+03 9.873667804637341305e+01
8.490514552421149347e+03 9.720475995595786856e+01
8.490714479767677403e+03 9.890341937068961897e+01
8.490914407114207279e+03 9.767297972493889802e+01
8.491114334460737155e+03 1.011659087856816654e+02
8.491314261807267030e+03 9.980774116077776625e+01
8.491514189153798725e+03 1.005430229267256124e+02
8.491714116500324963e+03 9.962603077795178308e+01
8.491914043846856657e+03 9.784551283468911720e+01
8.492113971193386533e+03 9.850386797511009718e+01
8.492313898539916408e+03 1.006804671691218829e+02
8.492513825886444465e+03 9.590696521506450267e+01
8.492713753232974341e+03 9.936689284590569571e+01
8.492913680579504216e+03 9.535570028369805584e+01
8.493113607926035911e+03 9.779564267746216899e+01
8.493313535272562149e+03 9.635339443857985486e+01
8.493513462619093843e+03 9.656855748912869331e+01
8.493713389965621900e+03 9.188509296225706180e+01
8.493913317312153595e+03 8.612463675855795486e+01
8.494113244658681651e+03 8.324120616310133869e+01
8.494313172005211527e+03 7.358278218112296543e+01
8.494513099351741403e+03 6.403475545232176103e+01
8.494713026698271278e+03 5.978043964700631108e+01
8.494912954044799335e+03 5.648934501846964196e+01
8.495112881391331030e+03 5.501030082641270269e+01
8.495312808737859086e+03 6.210800953411208525e+01
8.495512736084390781e+03 6.901184892595158260e+01
8.495712663430918838e+03 7.929555693122395610e+01
8.495912590777448713e+03 8.543898340385109691e+01
8.496112518123980408e+03 8.943299150141832854e+01
8.496312445470508464e+03 9.524793472550176432e+01
8.496512372817038340e+03 9.364109153336875124e+01
8.496712300163566397e+03 9.652350778880311566e+01
8.496912227510098091e+03 9.690565459886522603e+01
8.497112154856627967e+03 9.827730149041137508e+01
8.497312082203156024e+03 9.602130733921721628e+01
8.497512009549685899e+03 9.688937401660328419e+01
8.497711936896215775e+03 9.687816617106996375e+01
8.497911864242745651e+03 9.903023265779434325e+01
8.498111791589275526e+03 9.767991676625314312e+01
8.498311718935803583e+03 1.010267950218256630e+02
8.498511646282335278e+03 9.978948470065780896e+01
8.498711573628863334e+03 9.703587315314194939e+01
8.498911500975393210e+03 1.013269583904495619e+02
8.499111428321923086e+03 9.726458117592538599e+01
8.499311355668452961e+03 9.513519957068278643e+01
8.499511283014982837e+03 9.674616461759924846e+01
8.499711210361510894e+03 9.768034260722342310e+01
8.499911137708042588e+03 9.950336156836590362e+01
8.500111065054572464e+03 9.931232531675910025e+01
8.500310992401102339e+03 9.879825819878246307e+01
8.500510919747630396e+03 1.000946448135767923e+02
8.500710847094160272e+03 9.733940149652492835e+01
8.500910774440690147e+03 9.736209631554304167e+01
8.501110701787221842e+03 1.014436988950716625e+02
8.501310629133748080e+03 1.012606964384991670e+02
8.501510556480279774e+03 1.016019607486706775e+02
8.501710483826807831e+03 9.908533702966779799e+01
8.501910411173339526e+03 9.863430429663362986e+01
8.502110338519867582e+03 9.992193695038508849e+01
8.502310265866397458e+03 1.016232163797462817e+02
8.502510193212927334e+03 9.998474541622427125e+01
8.502710120559457209e+03 9.994997432853871544e+01
8.502910047905985266e+03 9.818135291531243070e+01
8.503109975252516961e+03 9.988849698795876009e+01
8.503309902599045017e+03 1.016823952541187737e+02
8.503509829945576712e+03 1.007425590963706412e+02
8.503709757292102950e+03 1.002799544097106406e+02
8.503909684638634644e+03 1.016650593269608009e+02
8.504109611985166339e+03 9.808421878428595164e+01
8.504309539331694396e+03 1.032903439063881308e+02
8.504509466678226090e+03 9.710137959470209523e+01
8.504709394024752328e+03 1.035026556523817050e+02
8.504909321371284022e+03 1.019087725135797200e+02
8.505109248717813898e+03 1.013507612517986445e+02
8.505309176064343774e+03 9.941128311458962230e+01
8.505509103410871830e+03 9.784228512644338593e+01
8.505709030757401706e+03 9.899875187680186173e+01
8.505908958103931582e+03 1.033050182850396652e+02
8.506108885450463276e+03 1.002751730774729282e+02
8.506308812796989514e+03 9.985858807601223930e+01
8.506508740143521209e+03 9.963060971458298809e+01
8.506708667490049265e+03 1.002416248247021144e+02
8.506908594836580960e+03 9.908195401398097601e+01
8.507108522183109017e+03 9.866048435720531984e+01
8.507308449529638892e+03 9.852256918068735558e+01
8.507508376876168768e+03 1.007561295148388325e+02
8.507708304222698644e+03 9.944147523075234574e+01
8.507908231569226700e+03 9.986339449557289072e+01
8.508108158915758395e+03 1.001789451760912613e+02
8.508308086262288271e+03 1.019062463729295018e+02
8.508508013608818146e+03 9.851589045872211159e+01
8.508707940955346203e+03 9.979255636452010947e+01
8.508907868301876078e+03 1.013470390657756610e+02
8.509107795648407773e+03 9.830598718719380713e+01
8.509307722994935830e+03 1.009081684200272093e+02
8.509507650341465705e+03 9.936090024222276895e+01
8.509707577687993762e+03 9.841342717786770322e+01
8.509907505034525457e+03 1.014203968939816889e+02
8.510107432381055332e+03 9.908464520133199471e+01
8.510307359727583389e+03 1.001953021916888957e+02
8.510507287074113265e+03 9.607368045489917563e+01
8.510707214420643140e+03 9.816984043408268690e+01
8.510907141767173016e+03 9.625518113183254343e+01
8.511107069113702892e+03 9.392720232891900878e+01
8.511306996460230948e+03 9.472988360625802784e+01
8.511506923806762643e+03 9.675326662938834943e+01
8.511706851153290700e+03 9.779361600001840316e+01
8.511906778499820575e+03 9.953887058248044184e+01
8.512106705846350451e+03 1.008469591627884370e+02
8.512306633192880327e+03 1.000126039324505172e+02
8.512506560539412021e+03 9.884420548000029783e+01
8.512706487885938259e+03 9.988442324123035121e+01
8.512906415232469953e+03 9.760123242821110523e+01
8.513106342578999829e+03 1.002255552506820777e+02
8.513306269925529705e+03 9.913732928956105184e+01
8.513506197272057761e+03 9.731268268977996172e+01
8.513706124618587637e+03 1.000251957659517501e+02
8.513906051965117513e+03 9.895403888340779019e+01
8.514105979311649207e+03 9.936045263406276717e+01
8.514305906658175445e+03 9.846019050150526652e+01
8.514505834004707140e+03 9.997697428060767777e+01
8.514705761351235196e+03 1.002632132947342001e+02
8.514905688697766891e+03 9.809568044882290394e+01
8.515105616044294948e+03 9.785879315996629657e+01
8.515305543390824823e+03 9.625888247062488290e+01
8.515505470737354699e+03 9.840542678623013728e+01
8.515705398083884575e+03 1.011541826909983683e+02
8.515905325430412631e+03 1.002873081027389901e+02
8.516105252776944326e+03 1.015374834347009028e+02
8.516305180123474202e+03 1.004012973065009646e+02
8.516505107470004077e+03 9.901014511291616316e+01
8.516705034816532134e+03 1.026557844055891024e+02
8.516904962163062009e+03 9.871894089190168131e+01
8.517104889509593704e+03 9.935024705138143020e+01
8.517304816856121761e+03 9.826077266050980086e+01
8.517504744202651636e+03 9.852866558725517621e+01
8.517704671549179693e+03 9.913502021859969204e+01
8.517904598895711388e+03 1.010234841736353388e+02
8.518104526242241263e+03 1.006536705245598142e+02
8.518304453588769320e+03 9.919991379896718797e+01
8.518504380935299196e+03 9.925250624983586079e+01
8.518704308281829071e+03 1.003272353835098301e+02
8.518904235628358947e+03 9.930115651311993474e+01
8.519104162974888823e+03 9.735338514501763996e+01
8.519304090321416879e+03 9.776486277087522581e+01
8.519504017667948574e+03 1.025601081479842094e+02
8.519703945014476631e+03 1.009526858184957376e+02
8.519903872361006506e+03 1.010742016844887416e+02
8.520103799707536382e+03 9.842206483657274418e+01
8.520303727054066258e+03 9.937314819229356999e+01
8.520503654400597952e+03 1.005091110451792247e+02
8.520703581747124190e+03 1.021630576132774877e+02
8.520903509093655884e+03 9.981240329535985722e+01
8.521103436440185760e+03 9.918308250590666830e+01
8.521303363786715636e+03 9.970964421051962745e+01
8.521503291133243692e+03 1.022808168135939582e+02
8.521703218479773568e+03 9.780381719414954489e+01
8.521903145826303444e+03 9.836067905297099401e+01
8.522103073172835138e+03 9.749754454803191095e+01
8.522303000519361376e+03 9.802554722957586364e+01
8.522502927865893071e+03 1.013810687588820940e+02
8.522702855212421127e+03 1.011003704011424134e+02
8.522902782558952822e+03 1.003899071907369915e+02
8.523102709905480879e+03 1.013566976769348571e+02
8.523302637252010754e+03 1.009543350345886665e+02
8.523502564598540630e+03 9.768796724826268019e+01
8.523702491945070506e+03 9.996591169587728132e+01
8.523902419291598562e+03 1.017893934991824949e+02
8.524102346638130257e+03 9.747998559483905012e+01
8.524302273984658314e+03 9.663187186246777571e+01
8.524502201331190008e+03 9.905819087226490183e+01
8.524702128677718065e+03 9.779031377541134873e+01
8.524902056024247941e+03 9.839905877223714015e+01
8.525101983370779635e+03 1.009213650412473839e+02
8.525301910717307692e+03 9.968008880846538489e+01
8.525501838063837567e+03 9.771161585651402959e+01
8.525701765410365624e+03 9.930112679217890559e+01
8.525901692756897319e+03 9.851008025443158544e+01
8.526101620103427194e+03 9.868270892944859440e+01
8.526301547449955251e+03 9.977340090296827668e+01
8.526501474796485127e+03 9.978789480045855953e+01
8.526701402143015002e+03 9.879066508738588936e+01
8.526901329489544878e+03 9.946719510654384067e+01
8.527101256836074754e+03 9.886585687077779028e+01
8.527301184182602810e+03 1.005894961322186134e+02
8.527501111529134505e+03 9.835400560085548705e+01
8.527701038875662562e+03 1.024098847021049323e+02
8.527900966222192437e+03 9.825737046549322429e+01
8.528100893568722313e+03 9.968135316533758328e+01
8.528300820915252189e+03 1.001527911271584230e+02
8.528500748261782064e+03 9.873383136097007196e+01
8.528700675608310121e+03 9.970371456798983445e+01
8.528900602954841816e+03 9.998846662934876406e+01
8.529100530301371691e+03 9.874116638131727086e+01
8.529300457647901567e+03 9.980898068990123306e+01
8.529500384994429623e+03 1.006442436253443731e+02
8.529700312340959499e+03 1.000573760783817221e+02
8.529900239687489375e+03 9.540954588201047670e+01
8.530100167034021069e+03 9.871156561684094299e+01
8.530300094380547307e+03 9.646045942730425793e+01
8.530500021727079002e+03 1.015757418768595670e+02
8.530699949073607058e+03 9.730532623483459531e+01
8.530899876420138753e+03 9.829030230842015214e+01
8.531099803766666810e+03 9.773889959381534709e+01
8.531299731113196685e+03 9.852544252020422277e+01
8.531499658459726561e+03 1.003826875954292177e+02
8.531699585806256437e+03 9.739410284982936616e+01
8.531899513152784493e+03 1.002354526390577973e+02
8.532099440499316188e+03 9.715547448176177170e+01
8.532299367845844245e+03 9.994422441707244786e+01
8.532499295192375939e+03 9.747887598166272483e+01
8.532699222538902177e+03 9.834531753985481828e+01
8.532899149885433872e+03 9.738162822223800674e+01
8.533099077231965566e+03 9.793043655535306868e+01
8.533299004578493623e+03 9.590575587983798300e+01
8.533498931925023498e+03 9.581251005670868892e+01
8.533698859271551555e+03 9.893851769871196211e+01
8.533898786618083250e+03 9.906459395937098122e+01
8.534098713964613125e+03 9.546618980295349388e+01
8.534298641311141182e+03 9.454420337032324539e+01
8.534498568657671058e+03 9.482205761721697002e+01
8.534698496004200933e+03 9.583560740161387059e+01
8.534898423350730809e+03 9.853475307674149519e+01
8.535098350697260685e+03 9.153765001016330416e+01
8.535298278043788741e+03 9.299929903301897127e+01
8.535498205390320436e+03 9.402990448358414710e+01
8.535698132736848493e+03 9.797820693599479114e+01
8.535898060083378368e+03 9.320430851958215612e+01
8.536097987429908244e+03 9.071672933543852935e+01
8.536297914776438120e+03 9.329949108609824293e+01
8.536497842122967995e+03 9.194115780279703642e+01
8.536697769469496052e+03 8.859210574349314982e+01
8.536897696816025928e+03 8.659556705790035380e+01
8.537097624162557622e+03 8.122924830947897590e+01
8.537297551509087498e+03 7.985506765147928832e+01
8.537497478855615554e+03 7.740453255137548183e+01
8.537697406202145430e+03 7.322280743841795925e+01
8.537897333548675306e+03 6.985658968982752981e+01
8.538097260895207000e+03 6.777609767145898445e+01
8.538297188241733238e+03 6.028934343581119748e+01
8.538497115588264933e+03 5.314146525491575801e+01
8.538697042934792989e+03 4.928145947500145496e+01
8.538896970281324684e+03 4.420888040002343899e+01
8.539096897627854560e+03 4.754808605592132409e+01
8.539296824974382616e+03 4.838411208146451514e+01
8.539496752320912492e+03 5.183785107347730303e+01
8.539696679667442368e+03 5.842681449035923436e+01
8.539896607013972243e+03 6.321821099168114699e+01
8.540096534360502119e+03 6.787678785949519522e+01
8.540296461707030176e+03 7.431492007812941836e+01
8.540496389053561870e+03 8.104319289000154924e+01
8.540696316400089927e+03 8.139999818507702400e+01
8.540896243746619803e+03 8.393717583878601829e+01
8.541096171093149678e+03 8.574053676499967480e+01
8.541296098439679554e+03 8.763111881589419738e+01
8.541496025786211248e+03 8.838365332190087997e+01
8.541695953132737486e+03 8.974857450041253060e+01
8.541895880479269181e+03 9.092764689814798373e+01
8.542095807825799056e+03 9.046153472003717866e+01
8.542295735172328932e+03 9.131389696149524582e+01
8.542495662518856989e+03 9.372480890638000517e+01
8.542695589865386864e+03 9.601848412242141251e+01
8.542895517211916740e+03 9.664027428045315560e+01
8.543095444558448435e+03 9.390819355583043659e+01
8.543295371904974672e+03 9.513163022929072099e+01
8.543495299251506367e+03 9.505006398961580771e+01
8.543695226598034424e+03 9.623843523809379974e+01
8.543895153944566118e+03 9.744569525768642393e+01
8.544095081291094175e+03 9.705378762648899738e+01
8.544295008637624051e+03 9.937901285741681079e+01
8.544494935984153926e+03 9.567747346621368365e+01
8.544694863330683802e+03 9.807368462853145274e+01
8.544894790677211859e+03 9.911787202598659974e+01
8.545094718023743553e+03 9.730292760144109820e+01
8.545294645370273429e+03 1.006671238801090169e+02
8.545494572716803305e+03 9.924008416240558006e+01
8.545694500063331361e+03 9.697422027256524757e+01
8.545894427409861237e+03 9.947239875101936946e+01
8.546094354756392931e+03 1.003718441633222795e+02
8.546294282102920988e+03 9.776842351405610998e+01
8.546494209449450864e+03 9.877367192393354856e+01
8.546694136795978920e+03 9.978824586670046415e+01
8.546894064142510615e+03 9.747089965995775174e+01
8.547093991489040491e+03 9.882717703689579025e+01
8.547293918835568547e+03 9.828773409691051199e+01
8.547493846182098423e+03 9.635018927466556704e+01
8.547693773528628299e+03 9.805498593931058338e+01
8.547893700875158174e+03 1.023919012255037018e+02
8.548093628221688050e+03 1.018820542369944633e+02
8.548293555568216107e+03 1.014412659471692564e+02
8.548493482914747801e+03 9.530673064823125173e+01
8.548693410261275858e+03 9.795635278491333509e+01
8.548893337607805734e+03 9.923296034833397528e+01
8.549093264954335609e+03 1.006220920234724190e+02
8.549293192300865485e+03 9.918378199939077433e+01
8.549493119647397180e+03 9.669851799477405052e+01
8.549693046993923417e+03 9.957784979950510262e+01
8.549892974340455112e+03 9.901704997510272221e+01
8.550092901686984987e+03 1.000501309705592945e+02
8.550292829033514863e+03 9.866640616767978145e+01
8.550492756380042920e+03 1.015205643132353543e+02
8.550692683726572795e+03 1.011125610979720335e+02
8.550892611073102671e+03 9.917751188485172520e+01
8.551092538419634366e+03 9.859468564192935958e+01
8.551292465766160603e+03 1.015733720699298743e+02
8.551492393112692298e+03 1.008976832665239556e+02
8.551692320459220355e+03 9.982098558319898984e+01
8.551892247805752049e+03 9.814876992135646105e+01
8.552092175152280106e+03 1.003517820345259963e+02
8.552292102498809982e+03 9.970227008503520949e+01
8.552492029845339857e+03 9.856561571465218208e+01
8.552691957191869733e+03 9.804738111837022529e+01
8.552891884538397790e+03 9.932642577889419044e+01
8.553091811884929484e+03 1.011922868266918982e+02
8.553291739231457541e+03 1.004386399917743375e+02
8.553491666577989236e+03 9.741207028984005944e+01
8.553691593924517292e+03 9.808496267715560180e+01
8.553891521271047168e+03 9.865037495573209014e+01
8.554091448617578862e+03 1.001069690925922941e+02
8.554291375964106919e+03 1.013757283621867771e+02
8.554491303310636795e+03 9.815508331300273426e+01
8.554691230657164851e+03 9.640527919100459542e+01
8.554891158003696546e+03 1.002939577932340569e+02
8.555091085350226422e+03 1.005543702775968171e+02
8.555291012696754478e+03 9.837941222036218392e+01
8.555490940043284354e+03 1.005584358435206411e+02
8.555690867389814230e+03 9.802185898124749031e+01
8.555890794736344105e+03 9.912953200850688518e+01
8.556090722082873981e+03 1.001686783379540060e+02
8.556290649429402038e+03 1.005637922373226729e+02
8.556490576775933732e+03 9.864431649460500751e+01
8.556690504122461789e+03 1.002981586727391488e+02
8.556890431468991665e+03 9.759177442122521029e+01
8.557090358815521540e+03 1.000708859061706590e+02
8.557290286162051416e+03 1.006466413420661752e+02
8.557490213508581292e+03 9.915144673888953264e+01
8.557690140855109348e+03 9.935161515456339032e+01
8.557890068201641043e+03 1.004478576314667180e+02
8.558089995548170918e+03 9.982136993489376664e+01
8.558289922894700794e+03 9.875510616393060559e+01
8.558489850241228851e+03 1.005690748607073743e+02
8.558689777587758726e+03 9.708802337708073082e+01
8.558889704934288602e+03 9.790852974375067674e+01
8.559089632280820297e+03 9.757675859183986233e+01
8.559289559627346534e+03 1.009823003734222766e+02
8.559489486973878229e+03 1.028448024233427276e+02
8.559689414320406286e+03 1.011894489480945651e+02
8.559889341666937980e+03 9.852875886044864728e+01
8.560089269013466037e+03 9.782428415360843132e+01
8.560289196359995913e+03 9.707905041625187437e+01
8.560489123706525788e+03 9.761020086492445103e+01
8.560689051053055664e+03 9.624295993954615369e+01
8.560888978399583721e+03 1.015102745980844361e+02
8.561088905746115415e+03 9.924060070580991066e+01
8.561288833092643472e+03 9.958950403505740212e+01
8.561488760439175167e+03 1.009644071533623162e+02
8.561688687785701404e+03 9.793555721030658390e+01
8.561888615132233099e+03 9.969609052341594690e+01
8.562088542478764793e+03 1.009847349302920492e+02
8.562288469825292850e+03 9.855649917537870408e+01
8.562488397171822726e+03 9.882288578507650811e+01
8.562688324518350782e+03 1.004230024701368791e+02
8.562888251864882477e+03 1.046358200481372478e+02
8.563088179211412353e+03 9.900589253852179183e+01
8.563288106557940409e+03 9.790941235127820619e+01
8.563488033904470285e+03 9.578078258216535801e+01
8.563687961251000161e+03 9.881990924236060891e+01
8.563887888597530036e+03 9.875765875479814326e+01
8.564087815944059912e+03 1.003175250585097729e+02
8.564287743290587969e+03 1.003965693214479558e+02
8.564487670637119663e+03 1.007740485575890830e+02
8.564687597983647720e+03 1.013994460307658443e+02
8.564887525330177596e+03 1.029343294201148638e+02
8.565087452676707471e+03 1.002841402838337643e+02
8.565287380023237347e+03 9.941209007390409624e+01
8.565487307369767223e+03 9.692278032799400478e+01
8.565687234716295279e+03 9.942807870653423663e+01
8.565887162062825155e+03 9.984539087010342939e+01
8.566087089409356850e+03 9.953214214069359400e+01
8.566287016755886725e+03 9.993765796383978284e+01
8.566486944102414782e+03 9.981766470614253706e+01
8.566686871448944657e+03 1.008699869687115296e+02
8.566886798795474533e+03 9.842181888649709265e+01
8.567086726142006228e+03 9.821483529337628227e+01
8.567286653488532465e+03 9.887370814672296149e+01
8.567486580835064160e+03 9.804402177006247143e+01
8.567686508181592217e+03 1.003456867724380999e+02
8.567886435528123911e+03 1.004724699142233817e+02
8.568086362874651968e+03 9.970743198650711747e+01
8.568286290221181844e+03 9.747656730337384090e+01
8.568486217567711719e+03 9.973432525036371032e+01
8.568686144914241595e+03 9.988394299796813414e+01
8.568886072260769652e+03 1.003753689577370380e+02
8.569085999607301346e+03 1.007674615979686195e+02
8.569285926953829403e+03 9.983946629278885609e+01
8.569485854300361098e+03 9.725777834748853934e+01
8.569685781646887335e+03 1.011088869629389393e+02
8.569885708993419030e+03 9.960035504071838375e+01
8.570085636339948906e+03 1.012009330573489336e+02
8.570285563686478781e+03 9.897292288784835534e+01
8.570485491033008657e+03 1.005581145740904674e+02
8.570685418379536713e+03 1.023174533374702690e+02
8.570885345726068408e+03 1.017931870397127199e+02
8.571085273072598284e+03 9.932690128001914331e+01
8.571285200419126340e+03 9.899741713801951448e+01
8.571485127765656216e+03 9.814900517407208724e+01
8.571685055112186092e+03 1.017259420180142797e+02
8.571884982458715967e+03 1.014059700577332848e+02
8.572084909805245843e+03 9.976404355198957319e+01
8.572284837151773900e+03 9.932714953935412439e+01
8.572484764498305594e+03 9.766869757429866183e+01
8.572684691844833651e+03 1.004935155008211893e+02
8.572884619191363527e+03 9.978278723927668636e+01
8.573084546537893402e+03 9.883675550130942611e+01
8.573284473884423278e+03 9.805827826888717880e+01
8.573484401230953154e+03 9.967107148507940906e+01
8.573684328577483029e+03 9.937791865043946871e+01
8.573884255924011086e+03 1.017851151748605218e+02
8.574084183270542781e+03 1.001972743461497828e+02
8.574284110617072656e+03 9.990331054269887545e+01
8.574484037963602532e+03 1.007764826837978660e+02
8.574683965310130588e+03 9.942510789172324337e+01
8.574883892656660464e+03 9.989544239411496562e+01
8.575083820003192159e+03 9.866878622230672136e+01
8.575283747349720215e+03 1.005690550013322024e+02
8.575483674696250091e+03 1.020530101676533974e+02
8.575683602042778148e+03 1.017223158602191262e+02
8.575883529389309842e+03 1.007885170489625892e+02
8.576083456735839718e+03 9.766445190983070290e+01
8.576283384082367775e+03 9.928475878214285899e+01
8.576483311428897650e+03 9.876778433393835144e+01
8.576683238775427526e+03 9.973079549698918811e+01
8.576883166121957402e+03 1.000517237655852227e+02
8.577083093468487277e+03 1.011696423915581704e+02
8.577283020815015334e+03 1.008004184770033191e+02
8.577482948161547029e+03 9.955323349158300061e+01
8.577682875508075085e+03 1.023144263181955864e+02
8.577882802854604961e+03 9.937145762002406002e+01
8.578082730201134837e+03 9.923920142247867204e+01
8.578282657547664712e+03 9.970764898875634685e+01
8.578482584894196407e+03 1.013133899248286554e+02
8.578682512240722644e+03 1.001927316895126552e+02
8.578882439587254339e+03 9.763978390422269626e+01
8.579082366933784215e+03 9.994372127829770136e+01
8.579282294280314090e+03 1.001182783386593229e+02
8.579482221626842147e+03 1.004371083065149719e+02
8.579682148973372023e+03 9.862618716260827512e+01
8.579882076319901898e+03 1.002248434131305856e+02
8.580082003666433593e+03 1.001273538066354263e+02
8.580281931012959831e+03 9.802505310454303356e+01
8.580481858359491525e+03 9.876482357800095713e+01
8.580681785706019582e+03 1.006416011458324107e+02
8.580881713052551277e+03 1.008126233831957848e+02
8.581081640399079333e+03 1.003021110113894991e+02
8.581281567745609209e+03 1.031280634582344078e+02
8.581481495092139085e+03 9.995820134691682313e+01
8.581681422438668960e+03 1.009588888095973971e+02
8.581881349785197017e+03 9.710445238345259611e+01
8.582081277131728712e+03 1.001018772115401703e+02
8.582281204478256768e+03 1.005727286461971630e+02
8.582481131824788463e+03 1.030835118820472047e+02
8.582681059171316519e+03 1.014105861068230752e+02
8.582880986517846395e+03 1.002513395105920608e+02
8.583080913864378090e+03 1.018122339470528743e+02
8.583280841210906146e+03 9.990576446833379975e+01
8.583480768557436022e+03 9.862846372297315156e+01
8.583680695903964079e+03 9.975330634615265524e+01
8.583880623250495773e+03 9.947293131425610113e+01
8.584080550597025649e+03 1.023576432744266071e+02
8.584280477943553706e+03 9.973167570085341538e+01
8.584480405290083581e+03 1.009531057032307331e+02
8.584680332636613457e+03 1.017188158838079914e+02
8.584880259983143333e+03 9.826477510239132585e+01
8.585080187329673208e+03 1.002794989591611738e+02
8.585280114676201265e+03 1.013084259721800180e+02
8.585480042022732960e+03 1.005354970622142048e+02
8.585679969369261016e+03 1.018706614394114780e+02
8.585879896715790892e+03 1.007225884595547569e+02
8.586079824062320768e+03 9.977480799822701840e+01
8.586279751408850643e+03 9.960387587829271183e+01
8.586479678755380519e+03 1.016419086478947520e+02
8.586679606101908576e+03 9.892405873110807590e+01
8.586879533448440270e+03 1.007385328856728535e+02
8.587079460794970146e+03 9.803848657939654743e+01
8.587279388141500021e+03 1.007796356116985237e+02
8.587479315488028078e+03 9.965345843222853262e+01
8.587679242834557954e+03 1.001422241514783025e+02
8.587879170181087829e+03 9.660395459748241365e+01
8.588079097527619524e+03 9.986761152459739321e+01
8.588279024874145762e+03 1.013995440866373343e+02
8.588478952220677456e+03 9.945713475333033671e+01
8.588678879567205513e+03 9.735489906893457146e+01
8.588878806913737208e+03 9.778894356558497236e+01
8.589078734260265264e+03 9.907147141548072966e+01
8.589278661606795140e+03 9.920464197651156724e+01
8.589478588953325016e+03 9.886683669750026127e+01
8.589678516299854891e+03 1.002758768505511853e+02
8.589878443646382948e+03 9.903157569220347511e+01
8.590078370992914643e+03 9.836871867026991367e+01
8.590278298339442699e+03 1.009632342716921158e+02
8.590478225685974394e+03 1.007125801766412394e+02
8.590678153032500632e+03 1.001706236765124771e+02
8.590878080379032326e+03 9.740458262277826407e+01
8.591078007725564021e+03 9.987757872890027500e+01
8.591277935072092077e+03 9.830155247051736467e+01
8.591477862418621953e+03 1.000070950389313111e+02
8.591677789765150010e+03 9.927705298377343013e+01
8.591877717111681704e+03 9.967670813302798649e+01
8.592077644458211580e+03 1.001236602447840482e+02
8.592277571804739637e+03 9.662447434500600707e+01
8.592477499151269512e+03 1.006661938672752257e+02
8.592677426497799388e+03 9.856671476495270667e+01
8.592877353844329264e+03 1.009481680903693643e+02
8.593077281190859139e+03 1.020388727913762352e+02
8.593277208537387196e+03 9.988335074554034065e+01
8.593477135883918891e+03 1.003327926436373616e+02
8.593677063230446947e+03 9.997105279316119208e+01
8.593876990576976823e+03 9.751758202549994792e+01
8.594076917923506699e+03 9.967010374565309405e+01
8.594276845270036574e+03 1.029990350860145583e+02
8.594476772616566450e+03 9.765128993593636153e+01
8.594676699963094507e+03 9.859466764783699944e+01
8.594876627309624382e+03 9.962225102700190860e+01
8.595076554656156077e+03 9.724466367586751403e+01
8.595276482002685952e+03 9.742161813507583190e+01
8.595476409349214009e+03 9.570267901518202791e+01
8.595676336695743885e+03 9.794019825178533267e+01
8.595876264042273760e+03 9.768204437743638380e+01
8.596076191388805455e+03 9.675446234952075031e+01
8.596276118735331693e+03 9.873792589464555647e+01
8.596476046081863387e+03 1.000346809999527125e+02
8.596675973428391444e+03 9.977802928044357600e+01
8.596875900774923139e+03 9.764835785627002451e+01
8.597075828121451195e+03 9.965085857289470539e+01
8.597275755467981071e+03 1.003948004751243417e+02
8.597475682814510947e+03 9.773593344455662191e+01
8.597675610161040822e+03 1.011694945450207967e+02
8.597875537507568879e+03 9.946895818735531236e+01
8.598075464854100574e+03 1.021046311943139671e+02
8.598275392200628630e+03 9.973331307642149568e+01
8.598475319547160325e+03 9.977909135856420164e+01
8.598675246893686563e+03 9.927381026340673031e+01
8.598875174240218257e+03 9.955253140555117852e+01
8.599075101586748133e+03 9.907445992017255776e+01
8.599275028933278008e+03 9.847262728965175427e+01
8.599474956279807884e+03 9.935826761887105363e+01
8.599674883626335941e+03 1.014548892732426850e+02
8.599874810972867635e+03 1.006665340342937753e+02
8.600074738319397511e+03 1.000580611179678527e+02
8.600274665665925568e+03 9.988635674664901387e+01
8.600474593012455443e+03 9.889639393774930909e+01
8.600674520358985319e+03 9.998032244113272782e+01
8.600874447705515195e+03 9.411922780052452708e+01
8.601074375052045070e+03 9.907108947030774004e+01
8.601274302398573127e+03 1.003396768334652904e+02
8.601474229745104822e+03 9.971610463842721117e+01
8.601674157091632878e+03 9.923322681768144093e+01
8.601874084438162754e+03 9.966770245365587755e+01
8.602074011784692630e+03 9.938685446402435275e+01
8.602273939131222505e+03 1.003352796942395031e+02
8.602473866477752381e+03 9.882452350720456025e+01
8.602673793824280438e+03 1.008620814439347413e+02
8.602873721170810313e+03 9.905037631886565919e+01
8.603073648517342008e+03 9.961141612911130494e+01
8.603273575863871883e+03 1.014183120173044870e+02
8.603473503210399940e+03 1.010618843138187657e+02
8.603673430556929816e+03 1.006857418470446959e+02
8.603873357903459691e+03 9.965196761411672810e+01
8.604073285249991386e+03 1.012457492846014731e+02
8.604273212596517624e+03 1.017820544699680596e+02
8.604473139943049318e+03 1.026313154139699435e+02
8.604673067289577375e+03 9.857795788043955554e+01
8.604872994636109070e+03 1.007738700864663741e+02
8.605072921982637126e+03 1.011969321044731345e+02
8.605272849329167002e+03 9.797409387699487127e+01
8.605472776675696878e+03 1.015534351595100020e+02
8.605672704022226753e+03 9.778037500572943941e+01
8.605872631368754810e+03 1.002925142765681557e+02
8.606072558715286505e+03 9.882295696324486300e+01
8.606272486061814561e+03 9.939332083049131938e+01
8.606472413408346256e+03 1.016064924909073568e+02
8.606672340754872494e+03 1.001393398882197943e+02
8.606872268101404188e+03 1.006568494625538790e+02
8.607072195447934064e+03 9.769769740084387877e+01
8.607272122794463939e+03 9.975699439086325526e+01
8.607472050140995634e+03 1.010407907796188454e+02
8.607671977487521872e+03 9.959341575192519258e+01
8.607871904834053566e+03 1.015683074589647106e+02
8.608071832180583442e+03 9.966247555626281951e+01
8.608271759527113318e+03 1.005153338413821160e+02
8.608471686873641374e+03 9.496336716414259627e+01
8.608671614220171250e+03 9.675780415360031839e+01
8.608871541566701126e+03 9.757668205843262399e+01
8.609071468913232820e+03 9.733677597295162798e+01
8.609271396259759058e+03 9.823207031568475145e+01
8.609471323606290753e+03 9.894435718004891100e+01
8.609671250952818809e+03 1.010988679745297958e+02
8.609871178299350504e+03 9.630123065803422833e+01
8.610071105645878561e+03 9.857597157607639815e+01
8.610271032992408436e+03 9.979018093125772282e+01
8.610470960338938312e+03 1.003599290177772048e+02
8.610670887685468188e+03 9.846984354709148590e+01
8.610870815031996244e+03 1.002274582545339001e+02
8.611070742378527939e+03 9.933286960825337530e+01
8.611270669725055996e+03 9.733307623130016850e+01
8.611470597071587690e+03 9.975673564780511526e+01
8.611670524418115747e+03 9.832184863065890568e+01
8.611870451764645622e+03 1.007613356731736758e+02
8.612070379111177317e+03 9.523253231100849803e+01
8.612270306457705374e+03 9.952649760788631284e+01
8.612470233804235249e+03 9.967829484653474026e+01
8.612670161150763306e+03 9.836963682450939928e+01
8.612870088497295001e+03 1.022564252865766434e+02
8.613070015843824876e+03 9.917497959566698285e+01
8.613269943190352933e+03 1.010198620225908144e+02
8.613469870536882809e+03 9.906261898038130198e+01
8.613669797883412684e+03 9.882912163227888414e+01
8.613869725229942560e+03 9.672333248117323024e+01
8.614069652576472436e+03 9.976952391846165824e+01
8.614269579923000492e+03 1.000439486688575954e+02
8.614469507269532187e+03 1.030328333931949487e+02
8.614669434616060244e+03 9.937829044569122061e+01
8.614869361962590119e+03 9.735056911067158580e+01
8.615069289309119995e+03 1.006921843973225350e+02
8.615269216655649871e+03 1.004674351065088160e+02
8.615469144002179746e+03 9.978204785080906447e+01
8.615669071348707803e+03 1.007395560570423498e+02
8.615868998695239497e+03 9.855054262973111179e+01
8.616068926041769373e+03 9.959471280704475760e+01
8.616268853388299249e+03 9.943402165937796156e+01
8.616468780734827305e+03 1.002825794806671382e+02
8.616668708081357181e+03 9.980056728162327317e+01
8.616868635427887057e+03 1.002372966749164789e+02
8.617068562774418751e+03 1.006913179982559399e+02
8.617268490120944989e+03 9.908284301694308738e+01
8.617468417467476684e+03 9.872664252474650937e+01
8.617668344814004740e+03 9.998289087731814107e+01
8.617868272160536435e+03 9.945191502476826884e+01
8.618068199507064492e+03 9.738193821535219286e+01
8.618268126853594367e+03 9.830018949796148320e+01
8.618468054200124243e+03 9.597747045516612729e+01
8.618667981546654119e+03 1.002330400818555773e+02
8.618867908893182175e+03 9.798135516362695796e+01
8.619067836239713870e+03 9.887880563308064552e+01
8.619267763586241927e+03 9.992277694830146118e+01
8.619467690932773621e+03 9.814135141114864780e+01
8.619667618279299859e+03 9.972826414236457993e+01
8.619867545625831553e+03 1.022512969501229207e+02
8.620067472972363248e+03 9.912047808025508289e+01
8.620267400318891305e+03 9.919671681752336667e+01
8.620467327665421180e+03 1.000316010922508383e+02
8.620667255011949237e+03 1.014785943326765647e+02
8.620867182358480932e+03 1.014839572536114787e+02
8.621067109705010807e+03 9.791786331991274039e+01
8.621267037051538864e+03 1.003969431573774216e+02
8.621466964398068740e+03 9.968632140160102040e+01
8.621666891744598615e+03 1.020435273518947099e+02
8.621866819091128491e+03 9.953243597529635167e+01
8.622066746437658367e+03 1.000923178765028183e+02
8.622266673784186423e+03 1.012739244746563259e+02
8.622466601130718118e+03 1.021719489236480740e+02
8.622666528477246175e+03 9.809060721584715736e+01
8.622866455823776050e+03 9.844018512832900569e+01
8.623066383170305926e+03 9.902406510473407764e+01
8.623266310516835802e+03 9.900789026638877033e+01
8.623466237863365677e+03 9.959017267001627260e+01
8.623666165209893734e+03 9.975665330009110221e+01
8.623866092556423609e+03 9.926859910369635998e+01
8.624066019902955304e+03 9.923275350613880619e+01
8.624265947249485180e+03 9.905565409084449868e+01
8.624465874596013236e+03 1.000483522229116744e+02
8.624665801942543112e+03 9.852296785990908745e+01
8.624865729289072988e+03 1.008724349541100764e+02
8.625065656635604682e+03 1.005857422158321697e+02
8.625265583982130920e+03 9.778610613573950161e+01
8.625465511328662615e+03 1.022836916538337562e+02
8.625665438675190671e+03 9.895228901818045131e+01
8.625865366021722366e+03 9.821746338877593985e+01
8.626065293368250423e+03 9.936106697066487925e+01
8.626265220714780298e+03 9.983075839493801595e+01
8.626465148061310174e+03 9.923557349473659883e+01
8.626665075407840050e+03 1.003541973083004848e+02
8.626865002754368106e+03 9.888563381885352044e+01
8.627064930100899801e+03 1.028989958560322862e+02
8.627264857447427858e+03 1.003819512892252135e+02
8.627464784793959552e+03 1.024948182567092516e+02
8.627664712140485790e+03 9.739142764116297712e+01
8.627864639487017484e+03 1.017535505199199974e+02
8.628064566833547360e+03 1.012810502042925265e+02
8.628264494180077236e+03 9.770809407390392209e+01
8.628464421526607111e+03 1.024271336709436895e+02
8.628664348873135168e+03 1.004597998055482293e+02
8.628864276219666863e+03 1.005549100735452441e+02
8.629064203566196738e+03 1.001799456339579848e+02
8.629264130912724795e+03 1.019140624386410963e+02
8.629464058259254671e+03 9.957262802695022685e+01
8.629663985605784546e+03 9.921521741894815705e+01
8.629863912952314422e+03 1.028376729573242159e+02
8.630063840298844298e+03 1.007150055869315253e+02
8.630263767645372354e+03 1.018681085168203282e+02
8.630463694991904049e+03 1.013067162217535042e+02
8.630663622338432106e+03 9.990276269903282014e+01
8.630863549684961981e+03 9.745143200404966422e+01
8.631063477031491857e+03 1.017555440826120758e+02
8.631263404378021733e+03 1.001932864729936483e+02
8.631463331724551608e+03 1.011056349060654753e+02
8.631663259071079665e+03 9.975324420308541562e+01
8.631863186417609541e+03 1.015052021117878098e+02
8.632063113764141235e+03 9.802443103345557063e+01
8.632263041110671111e+03 9.938942600793868110e+01
8.632462968457199167e+03 1.014574841962432146e+02
8.632662895803729043e+03 1.007334790907190012e+02
8.632862823150258919e+03 9.944096324285355593e+01
8.633062750496790613e+03 9.598276694586036228e+01
8.633262677843316851e+03 1.023168480888799223e+02
8.633462605189848546e+03 9.819737256697420946e+01
8.633662532536376602e+03 9.915712664136187016e+01
8.633862459882908297e+03 1.015548530234937346e+02
8.634062387229436354e+03 9.898819057375122554e+01
8.634262314575966229e+03 9.883258961409362087e+01
8.634462241922496105e+03 9.582931207032018506e+01
8.634662169269025981e+03 9.748123037739114238e+01
8.634862096615554037e+03 9.841929198325713912e+01
8.635062023962085732e+03 1.017151212777748981e+02
8.635261951308613789e+03 9.991421656116493466e+01
8.635461878655145483e+03 9.937491374015633028e+01
8.635661806001671721e+03 9.717317057392241963e+01
8.635861733348203416e+03 9.940677905812988513e+01
8.636061660694733291e+03 9.731026280822020169e+01
8.636261588041263167e+03 9.931459881439501203e+01
8.636461515387793042e+03 1.016785006091577515e+02
8.636661442734321099e+03 9.997530616739614118e+01
8.636861370080852794e+03 9.941644665194978359e+01
8.637061297427382669e+03 1.004525246714749329e+02
8.637261224773910726e+03 9.882316153738375419e+01
8.637461152120440602e+03 1.011246155689774042e+02
8.637661079466970477e+03 9.984387854741596868e+01
8.637861006813500353e+03 9.965112453206555188e+01
8.638060934160030229e+03 1.006212480447652950e+02
8.638260861506558285e+03 1.003088707246824924e+02
8.638460788853089980e+03 1.008643963736623022e+02
8.638660716199618037e+03 1.029244982483506732e+02
8.638860643546147912e+03 9.886092873099528333e+01
8.639060570892677788e+03 9.977530893523518785e+01
8.639260498239207664e+03 9.716221534718872022e+01
8.639460425585737539e+03 1.008939924159058137e+02
8.639660352932265596e+03 9.807813132456665528e+01
8.639860280278795472e+03 1.000897879731108588e+02
8.640060207625327166e+03 9.916156828027612846e+01
8.640260134971855223e+03 9.804667063624684431e+01
8.640460062318385098e+03 9.811437286586517814e+01
8.640659989664914974e+03 9.900521163093242194e+01
8.640859917011444850e+03 9.871279788789986753e+01
8.641059844357976544e+03 9.969576543790553558e+01
8.641259771704502782e+03 1.008839253632728514e+02
8.641459699051034477e+03 1.000272471888712573e+02
8.641659626397562533e+03 9.971284934018333956e+01
8.641859553744094228e+03 1.000421670465295989e+02
8.642059481090624104e+03 9.798219027749161114e+01
8.642259408437152160e+03 1.013145532440411358e+02
8.642459335783682036e+03 1.016298563393515622e+02
8.642659263130211912e+03 9.918248110956238861e+01
8.642859190476741787e+03 9.820120732045364775e+01
8.643059117823271663e+03 9.818567714857894657e+01
8.643259045169799720e+03 9.819634374669058730e+01
8.643458972516331414e+03 1.041889631985912246e+02
8.643658899862859471e+03 1.002107274984135898e+02
8.643858827209389347e+03 1.003567758656006532e+02
8.644058754555919222e+03 1.000678837306354865e+02
8.644258681902449098e+03 9.978165130754211987e+01
8.644458609248978973e+03 1.008142512644890445e+02
8.644658536595507030e+03 9.908131853894366259e+01
8.644858463942038725e+03 1.000998872152367056e+02
8.645058391288568600e+03 9.966982747907827900e+01
8.645258318635098476e+03 9.747205607822183993e+01
8.645458245981626533e+03 9.914809171474590244e+01
8.645658173328156408e+03 9.888258649028092861e+01
8.645858100674686284e+03 9.825710770990899334e+01
8.646058028021217979e+03 9.890746883525537214e+01
8.646257955367744216e+03 9.995379347435508066e+01
8.646457882714275911e+03 9.952819307535044402e+01
8.646657810060803968e+03 1.008995973388594081e+02
8.646857737407335662e+03 9.819983382609176203e+01
8.647057664753863719e+03 9.930203031140510461e+01
8.647257592100393595e+03 1.010924562973160761e+02
8.647457519446923470e+03 9.902833594371615789e+01
8.647657446793453346e+03 9.855976411006041360e+01
8.647857374139981403e+03 9.819420535323929755e+01
8.648057301486513097e+03 9.821855606161811636e+01
8.648257228833041154e+03 1.013501974510067640e+02
8.648457156179572848e+03 9.904154498843948318e+01
8.648657083526099086e+03 9.962427759532923233e+01
8.648857010872630781e+03 1.007506148039218488e+02
8.649056938219162475e+03 9.923905253521903091e+01
8.649256865565690532e+03 9.894839305427673537e+01
8.649456792912220408e+03 9.988615998028535614e+01
8.649656720258748464e+03 1.002227308469875453e+02
8.649856647605280159e+03 9.728879925450731037e+01
8.650056574951810035e+03 9.860355716883235289e+01
8.650256502298338091e+03 9.790574816800693725e+01
8.650456429644867967e+03 9.937673363324073250e+01
8.650656356991397843e+03 1.011213164583387965e+02
8.650856284337927718e+03 9.761125153584703185e+01
8.651056211684457594e+03 9.900231048301550629e+01
8.651256139030985651e+03 1.002322521974921301e+02
8.651456066377517345e+03 1.002367693794203944e+02
8.651655993724045402e+03 9.871367806120258592e+01
8.651855921070575278e+03 9.935189673435415614e+01
8.652055848417105153e+03 1.000275050340694918e+02
8.652255775763635029e+03 1.000396823044468562e+02
8.652455703110164905e+03 9.813399223104637770e+01
8.652655630456692961e+03 9.960074764128920322e+01
8.652855557803222837e+03 9.967204025810121948e+01
8.653055485149754531e+03 9.926766748677458452e+01
8.653255412496284407e+03 9.960509354613721200e+01
8.653455339842812464e+03 9.838908875577781998e+01
8.653655267189342339e+03 9.799458487040884336e+01
8.653855194535872215e+03 9.754391002167582769e+01
8.654055121882403910e+03 9.838994384403106608e+01
8.654255049228930147e+03 9.733084732603541056e+01
8.654454976575461842e+03 9.895935112914929732e+01
8.654654903921989899e+03 9.491518360316594283e+01
8.654854831268521593e+03 9.798525227516830682e+01
8.655054758615049650e+03 9.551981116557877272e+01
8.655254685961579526e+03 9.526204594525624714e+01
8.655454613308109401e+03 9.672721252469649755e+01
8.655654540654639277e+03 9.480596098777816394e+01
8.655854468001167334e+03 9.610211960867263770e+01
8.656054395347699028e+03 9.533274559630753231e+01
8.656254322694227085e+03 9.423650266756746419e+01
8.656454250040758780e+03 9.260246172996325242e+01
8.656654177387285017e+03 8.912039161228028661e+01
8.656854104733816712e+03 8.931070895672597487e+01
8.657054032080346587e+03 8.950506027798378739e+01
8.657253959426876463e+03 8.922630744276227688e+01
8.657453886773406339e+03 8.575282944032407784e+01
8.657653814119934395e+03 8.030067050934272288e+01
8.657853741466466090e+03 7.627390164731454547e+01
8.658053668812995966e+03 6.904096866901515739e+01
8.658253596159524022e+03 6.235668109031061590e+01
8.658453523506053898e+03 5.733355529419706897e+01
8.658653450852583774e+03 5.106720846873667341e+01
8.658853378199113649e+03 4.867735594731307458e+01
8.659053305545643525e+03 4.711307365145864878e+01
8.659253232892171582e+03 4.838021399652190269e+01
8.659453160238703276e+03 5.727142433605503413e+01
8.659653087585231333e+03 6.081364173195647282e+01
8.659853014931761209e+03 6.949968313747314141e+01
8.660052942278291084e+03 7.323055251150739764e+01
8.660252869624820960e+03 7.829631530964965691e+01
8.660452796971350836e+03 8.284206275038098966e+01
8.660652724317878892e+03 8.567894640773785397e+01
8.660852651664408768e+03 8.995665169696539465e+01
8.661052579010940462e+03 9.086412037520310037e+01
8.661252506357470338e+03 8.742457508294295110e+01
8.661452433703998395e+03 9.308519813321525760e+01
8.661652361050528270e+03 9.289243614393686244e+01
8.661852288397058146e+03 9.193257406457151149e+01
8.662052215743589841e+03 9.469814236914918126e+01
8.662252143090116078e+03 9.553515109442436426e+01
8.662452070436647773e+03 9.312664224554130499e+01
8.662651997783175830e+03 9.651529634824882464e+01
8.662851925129707524e+03 9.757468391646276018e+01
8.663051852476235581e+03 9.541528579121921894e+01
8.663251779822765457e+03 9.586692741312580779e+01
8.663451707169295332e+03 9.867146490151453975e+01
8.663651634515825208e+03 9.797231549452745014e+01
8.663851561862353265e+03 9.832608938465619985e+01
8.664051489208884959e+03 9.837261076380151792e+01
8.664251416555413016e+03 9.919870402187297032e+01
8.664451343901944711e+03 9.796137075744775302e+01
8.664651271248470948e+03 9.937265524994747068e+01
8.664851198595002643e+03 9.862114446831277803e+01
8.665051125941532518e+03 9.711968561193242522e+01
8.665251053288062394e+03 9.644809600796855875e+01
8.665450980634592270e+03 1.016704720537939863e+02
8.665650907981120326e+03 9.875652650817060874e+01
8.665850835327652021e+03 9.777374767872815653e+01
8.666050762674181897e+03 9.967009385738074911e+01
8.666250690020709953e+03 9.878509963151560669e+01
8.666450617367239829e+03 9.944422388091895471e+01
8.666650544713769705e+03 9.970566730284198798e+01
8.666850472060299580e+03 9.781253895659308739e+01
8.667050399406829456e+03 9.746485138079907529e+01
8.667250326753357513e+03 9.694642182655060481e+01
8.667450254099889207e+03 9.866926134835888718e+01
8.667650181446417264e+03 9.989820881943821007e+01
8.667850108792947140e+03 1.005765502584594344e+02
8.668050036139477015e+03 1.007687816993429806e+02
8.668249963486006891e+03 9.860887901529071087e+01
8.668449890832536767e+03 1.001049399344166630e+02
8.668649818179064823e+03 1.007538646253365471e+02
8.668849745525594699e+03 9.868656535230014981e+01
8.669049672872126393e+03 9.695639234224189806e+01
8.669249600218654450e+03 1.002529307074081260e+02
8.669449527565184326e+03 9.763015850515908767e+01
8.669649454911714201e+03 1.012633463594611385e+02
8.669849382258244077e+03 9.873939009475049033e+01
8.670049309604775772e+03 9.949471512388009842e+01
8.670249236951302009e+03 1.017423236675049907e+02
8.670449164297833704e+03 1.001704681606418745e+02
8.670649091644361761e+03 9.824797926839701745e+01
8.670849018990893455e+03 9.697209344950398702e+01
8.671048946337421512e+03 9.774343812370167939e+01
8.671248873683951388e+03 9.595680629725286792e+01
8.671448801030481263e+03 9.473339048487190439e+01
8.671648728377011139e+03 9.739258321221632286e+01
8.671848655723539196e+03 9.517161379778627861e+01
8.672048583070070890e+03 9.727464403926370551e+01
8.672248510416598947e+03 9.892442848023499380e+01
8.672448437763130642e+03 9.789417077250547550e+01
8.672648365109656879e+03 9.949367674605079515e+01
8.672848292456188574e+03 9.858008095625639555e+01
8.673048219802718450e+03 9.773006307851719043e+01
8.673248147149248325e+03 9.982445430564591504e+01
8.673448074495776382e+03 9.840652574461330460e+01
8.673648001842306257e+03 9.955640048645484796e+01
8.673847929188837952e+03 1.005829567285067867e+02
8.674047856535367828e+03 1.010859532199297632e+02
8.674247783881895884e+03 1.011504219112905361e+02
8.674447711228425760e+03 9.939666907122460771e+01
8.674647638574955636e+03 9.995906813534924140e+01
8.674847565921485511e+03 1.027544369432076081e+02
8.675047493268015387e+03 1.020074427714573631e+02
8.675247420614543444e+03 1.005808256149638567e+02
8.675447347961075138e+03 9.987018892717918561e+01
8.675647275307603195e+03 9.950582952049752805e+01
8.675847202654133071e+03 9.989859769175775739e+01
8.676047130000662946e+03 9.886684034636049034e+01
8.676247057347192822e+03 9.887145092995208984e+01
8.676446984693722698e+03 1.013198759766202386e+02
8.676646912040252573e+03 9.829925938435110311e+01
8.676846839386780630e+03 9.772436483935986473e+01
8.677046766733312325e+03 9.867705150579128315e+01
8.677246694079840381e+03 1.003892121741061629e+02
8.677446621426372076e+03 9.984327230745637394e+01
8.677646548772898313e+03 9.783067879683129320e+01
8.677846476119430008e+03 9.796130893699537978e+01
8.678046403465961703e+03 1.003541428373040958e+02
8.678246330812489759e+03 9.997910418965584256e+01
8.678446258159019635e+03 1.011793926840446147e+02
8.678646185505547692e+03 9.929967636440099454e+01
8.678846112852079386e+03 1.013917218198377554e+02
8.679046040198609262e+03 9.876211833209325164e+01
8.679245967545137319e+03 1.014066450434885951e+02
8.679445894891667194e+03 9.935541740256998366e+01
8.679645822238197070e+03 1.000181847859131636e+02
8.679845749584726946e+03 9.857421950783486864e+01
8.680045676931256821e+03 9.916280618229758659e+01
8.680245604277784878e+03 1.005611385002881093e+02
8.680445531624316573e+03 1.000680803683422653e+02
8.680645458970844629e+03 1.006049387251317171e+02
8.680845386317374505e+03 9.935721423464391933e+01
8.681045313663904381e+03 9.955172982236672397e+01
8.681245241010434256e+03 1.010313581387351149e+02
8.681445168356964132e+03 1.008458495814270179e+02
8.681645095703492188e+03 9.864764323559606396e+01
8.681845023050022064e+03 1.029216142642349894e+02
8.682044950396553759e+03 1.003686095384004915e+02
8.682244877743083634e+03 1.027503571628823948e+02
8.682444805089611691e+03 1.016720791177863532e+02
8.682644732436141567e+03 1.008137967256967471e+02
8.682844659782671442e+03 9.895677136309727473e+01
8.683044587129203137e+03 1.003811569268393811e+02
8.683244514475729375e+03 1.013596376154659282e+02
8.683444441822261069e+03 9.786683612287555434e+01
8.683644369168789126e+03 1.010819446771274102e+02
8.683844296515320821e+03 9.910636703415578097e+01
8.684044223861848877e+03 1.018094402597283050e+02
8.684244151208378753e+03 9.898906863048571836e+01
8.684444078554908629e+03 9.854328426647846584e+01
8.684644005901438504e+03 9.904631905846133577e+01
8.684843933247966561e+03 9.718889055950815248e+01
8.685043860594498256e+03 9.447307600939849692e+01
8.685243787941026312e+03 8.770121563512685725e+01
8.685443715287558007e+03 8.693812412888036079e+01
8.685643642634084244e+03 8.750688105024423180e+01
8.685843569980615939e+03 9.283732317985780469e+01
8.686043497327145815e+03 9.498073640895653114e+01
8.686243424673675690e+03 9.706506492398432329e+01
8.686443352020205566e+03 9.696245055765253085e+01
8.686643279366733623e+03 9.797686314099901495e+01
8.686843206713265317e+03 1.024877932958738427e+02
8.687043134059795193e+03 1.009607638721182639e+02
8.687243061406323250e+03 1.007653610243884401e+02
8.687442988752853125e+03 9.685471191748845854e+01
8.687642916099383001e+03 1.004437394135825059e+02
8.687842843445912877e+03 1.004773176036094355e+02
8.688042770792442752e+03 9.918362865122475114e+01
8.688242698138970809e+03 9.884975546776070132e+01
8.688442625485502504e+03 1.003311217922221630e+02
8.688642552832030560e+03 1.012601183245206471e+02
8.688842480178560436e+03 9.707644736252086659e+01
8.689042407525090312e+03 1.018984414905313400e+02
8.689242334871620187e+03 9.797360671538133658e+01
8.689442262218150063e+03 9.911770786034577441e+01
8.689642189564678119e+03 9.853730575647493595e+01
8.689842116911207995e+03 9.847240093739141287e+01
8.690042044257739690e+03 9.787736053105280121e+01
8.690241971604269565e+03 1.015128206102975668e+02
8.690441898950797622e+03 1.006444198165332296e+02
8.690641826297327498e+03 9.855790379857880623e+01
8.690841753643857373e+03 1.003679830374877042e+02
8.691041680990389068e+03 9.857170481403794327e+01
8.691241608336915306e+03 1.002144394949968387e+02
8.691441535683447000e+03 9.842066428038067727e+01
8.691641463029975057e+03 1.017743411036735068e+02
8.691841390376506752e+03 9.760071923373511993e+01
8.692041317723034808e+03 9.963138629366002874e+01
8.692241245069564684e+03 9.947119877545358690e+01
8.692441172416094560e+03 1.000869672815465918e+02
8.692641099762624435e+03 9.986155094657431164e+01
8.692841027109152492e+03 9.931522969538349344e+01
8.693040954455684187e+03 1.010381185133499287e+02
8.693240881802212243e+03 9.968714708398638891e+01
8.693440809148743938e+03 9.947021973469425404e+01
8.693640736495270176e+03 9.938605769257540601e+01
8.693840663841801870e+03 9.828244219694705919e+01
8.694040591188331746e+03 1.019321362695397397e+02
8.694240518534861621e+03 9.979423989279166562e+01
8.694440445881391497e+03 9.982784267785234533e+01
8.694640373227919554e+03 1.005764419559605614e+02
8.694840300574451248e+03 9.961561647762732719e+01
8.695040227920981124e+03 1.015618509556435072e+02
8.695240155267509181e+03 1.010137918070732610e+02
8.695440082614039056e+03 1.004415708141057166e+02
8.695640009960568932e+03 9.914666883421431010e+01
8.695839937307098808e+03 1.019849456176495863e+02
8.696039864653628683e+03 9.987245807368857697e+01
8.696239792000156740e+03 9.921183641883764892e+01
8.696439719346688435e+03 9.861115050633426904e+01
8.696639646693216491e+03 9.859868896605937039e+01
8.696839574039746367e+03 1.004425671096106214e+02
8.697039501386276243e+03 9.913769889755617726e+01
8.697239428732806118e+03 9.667735805472057109e+01
8.697439356079335994e+03 1.002025671962640274e+02
8.697639283425864051e+03 9.964671408364360161e+01
8.697839210772393926e+03 1.007216942472309995e+02
8.698039138118925621e+03 1.000553703012647304e+02
8.698239065465453677e+03 9.910138660684039280e+01
8.698438992811983553e+03 1.006072061994194655e+02
8.698638920158513429e+03 9.795902126614146255e+01
8.698838847505043304e+03 1.012613891295619908e+02
8.699038774851574999e+03 1.000538512490250298e+02
8.699238702198101237e+03 9.850382464524810189e+01
8.699438629544632931e+03 1.012189408319083697e+02
8.699638556891160988e+03 1.011225806127569911e+02
8.699838484237692683e+03 1.011767845188498711e+02
8.700038411584220739e+03 9.927404214061787968e+01
8.700238338930750615e+03 1.011003209856465759e+02
8.700438266277280491e+03 9.780625054242688066e+01
8.700638193623810366e+03 9.833580135884142237e+01
8.700838120970338423e+03 1.015319018270099178e+02
8.701038048316870118e+03 1.003003440507343100e+02
8.701237975663398174e+03 9.872392349034687697e+01
8.701437903009929869e+03 9.982769730693692622e+01
8.701637830356456107e+03 9.922635071658557138e+01
8.701837757702987801e+03 1.003755941720128675e+02
8.702037685049517677e+03 9.942978420176127941e+01
8.702237612396047552e+03 1.001715303700279378e+02
8.702437539742575609e+03 1.016131450877424527e+02
8.702637467089105485e+03 9.997177255599322621e+01
8.702837394435637179e+03 9.883910754675294186e+01
8.703037321782167055e+03 9.859259581820987250e+01
8.703237249128695112e+03 1.001495010484092063e+02
8.703437176475224987e+03 1.011898157630759556e+02
8.703637103821754863e+03 1.006546245074380295e+02
8.703837031168284739e+03 1.007522969790296941e+02
8.704036958514814614e+03 9.646557935662859506e+01
8.704236885861342671e+03 1.004968931706975042e+02
8.704436813207874366e+03 1.000691216778585328e+02
8.704636740554402422e+03 9.833584160895833293e+01
8.704836667900932298e+03 1.001288610811422330e+02
8.705036595247462174e+03 9.964856014914047933e+01
8.705236522593992049e+03 1.033213904213258587e+02
8.705436449940521925e+03 1.012525360092853361e+02
8.705636377287049982e+03 1.018062296535064348e+02
8.705836304633579857e+03 1.005593668021798095e+02
8.706036231980111552e+03 1.002324839679194639e+02
8.706236159326639608e+03 9.752310083663773810e+01
8.706436086673169484e+03 9.802520045452311592e+01
8.706636014019697541e+03 9.807566941489096735e+01
8.706835941366229235e+03 9.786722354508580679e+01
8.707035868712760930e+03 9.601042126752153649e+01
8.707235796059287168e+03 9.826456089553984441e+01
8.707435723405818862e+03 9.902347412241961422e+01
8.707635650752346919e+03 1.020736214638229882e+02
8.707835578098878614e+03 1.000238733931165456e+02
8.708035505445406670e+03 9.989126975647053541e+01
8.708235432791936546e+03 1.000195907357380207e+02
8.708435360138466422e+03 9.832705507540937617e+01
8.708635287484996297e+03 9.934470114882431346e+01
8.708835214831524354e+03 1.003400348763342720e+02
8.709035142178056049e+03 9.960039071579504366e+01
8.709235069524584105e+03 9.931680246466383721e+01
8.709434996871115800e+03 1.027023112262728120e+02
8.709634924217642038e+03 9.894554783415455290e+01
8.709834851564173732e+03 9.982331641746678486e+01
8.710034778910703608e+03 1.001374010584286651e+02
8.710234706257233483e+03 9.907021401841713271e+01
8.710434633603763359e+03 1.013351090509938501e+02
8.710634560950291416e+03 9.807639915284833876e+01
8.710834488296821291e+03 9.744755167738068735e+01
8.711034415643352986e+03 9.879153900071092664e+01
8.711234342989882862e+03 1.007276643292185128e+02
8.711434270336410918e+03 9.929051897566682783e+01
8.711634197682940794e+03 9.877413955328700013e+01
8.711834125029470670e+03 1.011788431854889438e+02
8.712034052376002364e+03 1.001766195356195084e+02
8.712233979722528602e+03 1.001650624631240447e+02
8.712433907069060297e+03 1.009270149063669919e+02
8.712633834415588353e+03 1.011218917408371141e+02
8.712833761762120048e+03 9.991732041760904792e+01
8.713033689108648105e+03 9.672360997385865744e+01
8.713233616455177980e+03 1.012262183254453589e+02
8.713433543801707856e+03 9.829496569720224386e+01
8.713633471148237732e+03 1.001764214879469961e+02
8.713833398494765788e+03 9.960615413414970476e+01
8.714033325841297483e+03 9.794980775171632104e+01
8.714233253187825539e+03 9.975158746446911096e+01
8.714433180534357234e+03 9.644668155211314797e+01
8.714633107880883472e+03 9.955595833101237702e+01
8.714833035227415166e+03 1.005022850275916255e+02
8.715032962573945042e+03 1.005177407148153890e+02
8.715232889920474918e+03 9.849692353543973411e+01
8.715432817267004793e+03 9.916110244723085998e+01
8.715632744613532850e+03 9.759563613477301658e+01
8.715832671960064545e+03 9.807106877012623158e+01
8.716032599306594420e+03 1.044396665315354085e+02
8.716232526653122477e+03 1.003852301494903969e+02
8.716432453999652353e+03 1.004977180062126649e+02
8.716632381346182228e+03 1.001855252909654439e+02
8.716832308692712104e+03 9.940566655904765980e+01
8.717032236039241980e+03 1.009754212544767427e+02
8.717232163385770036e+03 1.009707534191239802e+02
8.717432090732301731e+03 9.952178571114778549e+01
8.717632018078829788e+03 9.961889306726122584e+01
8.717831945425359663e+03 9.755960225993207757e+01
8.718031872771889539e+03 9.981332663202289268e+01
8.718231800118419415e+03 1.011146823185544861e+02
8.718431727464949290e+03 9.865608152549395982e+01
8.718631654811477347e+03 9.859511283566651230e+01
8.718831582158007222e+03 9.844396142628416158e+01
8.719031509504538917e+03 9.885012608940887446e+01
8.719231436851068793e+03 9.764391986745978613e+01
8.719431364197596849e+03 9.964553227704939786e+01
8.719631291544126725e+03 9.838775501836897774e+01
8.719831218890656601e+03 9.960535765332458880e+01
8.720031146237188295e+03 1.004821090140793558e+02
8.720231073583714533e+03 9.879377532564041076e+01
8.720431000930246228e+03 1.002073729890479257e+02
8.720630928276774284e+03 9.961152021700064552e+01
8.720830855623305979e+03 9.928658221626201907e+01
8.721030782969834036e+03 1.015588712169212329e+02
8.721230710316363911e+03 1.012579350093534174e+02
8.721430637662893787e+03 9.953030884093591624e+01
8.721630565009423663e+03 9.943401545629177463e+01
8.721830492355951719e+03 9.793041973519594023e+01
8.722030419702483414e+03 9.783462242046992685e+01
8.722230347049011471e+03 1.008574207890489873e+02
8.722430274395543165e+03 1.000461152631514778e+02
8.722630201742069403e+03 9.984776447573949554e+01
8.722830129088601097e+03 1.005803571822379894e+02
8.723030056435130973e+03 1.002252734317675333e+02
8.723229983781660849e+03 9.974068157683437619e+01
8.723429911128190724e+03 1.002887851958725633e+02
8.723629838474718781e+03 9.931719851862372650e+01
8.723829765821250476e+03 1.017098759635933050e+02
8.724029693167780351e+03 1.011796611238661967e+02
8.724229620514308408e+03 1.004268889555994235e+02
8.724429547860838284e+03 9.927726447741208915e+01
8.724629475207368159e+03 9.982645540009423257e+01
8.724829402553898035e+03 1.011422427131652171e+02
8.725029329900427911e+03 1.013069409526174525e+02
8.725229257246955967e+03 1.007823292992590609e+02
8.725429184593487662e+03 9.867679484904050469e+01
8.725629111940015719e+03 1.004564904912030414e+02
8.725829039286545594e+03 9.766539562186862611e+01
8.726028966633075470e+03 1.019826036753207745e+02
8.726228893979605346e+03 1.019803565246178039e+02
8.726428821326135221e+03 1.002018468246369594e+02
8.726628748672663278e+03 1.005085696116522200e+02
8.726828676019193153e+03 9.898936561633020403e+01
