8.477738968097390170e+03 9.751720944349065689e+01
8.477938914771166310e+03 9.964873848288148395e+01
8.478138861444942449e+03 9.964976654278062540e+01
8.478338808118718589e+03 9.972948512357521622e+01
8.478538754792492909e+03 9.914297718653806157e+01
8.478738701466270868e+03 9.946958142374896283e+01
8.478938648140047007e+03 1.023890805681459710e+02
8.479138594813821328e+03 9.992799372991541418e+01
8.479338541487599286e+03 1.012963995598854865e+02
8.479538488161373607e+03 9.973527058079231722e+01
8.479738434835149747e+03 9.919285568025470923e+01
8.479938381508927705e+03 9.975232254605865023e+01
8.480138328182702026e+03 1.004179946241326178e+02
8.480338274856476346e+03 9.796021678229566021e+01
8.480538221530252486e+03 1.005677287419004529e+02
8.480738168204028625e+03 1.019583215960499984e+02
8.480938114877804765e+03 1.015990507764766591e+02
8.481138061551580904e+03 9.908226404212165050e+01
8.481338008225357044e+03 1.013308475127810766e+02
8.481537954899131364e+03 9.829706176767712122e+01
8.481737901572909323e+03 9.947494173879297819e+01
8.481937848246685462e+03 1.007939518370245651e+02
8.482137794920459783e+03 1.003294672264986929e+02
8.482337741594237741e+03 9.814978991648176532e+01
8.482537688268012062e+03 1.005054319119618071e+02
8.482737634941788201e+03 9.943175857558979658e+01
8.482937581615564341e+03 1.020610605456498945e+02
8.483137528289338661e+03 9.557006847258845994e+01
8.483337474963114801e+03 1.012473839584788067e+02
8.483537421636890940e+03 1.009640430338907180e+02
8.483737368310667080e+03 9.884500400427513966e+01
8.483937314984443219e+03 9.745602083330065568e+01
8.484137261658219359e+03 1.015028255497836085e+02
8.484337208331995498e+03 9.665413082826488278e+01
8.484537155005769819e+03 9.990944569397636599e+01
8.484737101679547777e+03 1.000608054310761190e+02
8.484937048353323917e+03 1.004996392572661676e+02
8.485136995027098237e+03 1.035522015861153164e+02
8.485336941700876196e+03 1.009805246340843752e+02
8.485536888374650516e+03 9.944091329336437468e+01
8.485736835048424837e+03 9.801492406115885103e+01
8.485936781722202795e+03 9.809761566639593866e+01
8.486136728395977116e+03 9.936772753493460186e+01
8.486336675069753255e+03 9.836128319086739680e+01
8.486536621743529395e+03 9.812108166848589974e+01
8.486736568417305534e+03 9.776936103440741022e+01
8.486936515091081674e+03 9.405009782398273899e+01
8.487136461764857813e+03 9.817202154200531083e+01
8.487336408438633953e+03 9.833790200910274848e+01
8.487536355112408273e+03 1.016987490769977853e+02
8.487736301786186232e+03 9.859996416271097530e+01
8.487936248459962371e+03 1.010112966147687246e+02
8.488136195133736692e+03 1.034320882145140956e+02
8.488336141807512831e+03 1.010024099002601901e+02
8.488536088481287152e+03 1.021836723661311339e+02
8.488736035155063291e+03 9.945473279948222967e+01
8.488935981828841250e+03 9.749669993480721075e+01
8.489135928502615570e+03 9.899107166775270628e+01
8.489335875176391710e+03 9.895214893146548718e+01
8.489535821850167849e+03 1.010387331841227905e+02
8.489735768523943989e+03 9.619189527831990461e+01
8.489935715197720128e+03 9.915817439160676372e+01
8.490135661871496268e+03 1.007909721340981122e+02
8.490335608545272407e+03 9.773874182760610552e+01
8.490535555219046728e+03 9.982234229954225668e+01
8.490735501892824686e+03 9.982086126344547949e+01
8.490935448566600826e+03 9.846013156387635945e+01
8.491135395240373327e+03 9.885543628083817680e+01
8.491335341914151286e+03 9.969842756382827531e+01
8.491535288587925606e+03 9.807726638047746803e+01
8.491735235261701746e+03 9.984870360179451154e+01
8.491935181935479704e+03 1.003392170638757364e+02
8.492135128609254025e+03 1.000965450283423479e+02
8.492335075283030164e+03 1.017024956949131678e+02
8.492535021956806304e+03 9.597568521689839827e+01
8.492734968630582443e+03 9.661303832428315275e+01
8.492934915304358583e+03 9.876699715745672847e+01
8.493134861978134722e+03 9.866197870450882590e+01
8.493334808651910862e+03 9.564231628059417289e+01
8.493534755325685182e+03 9.919004852863930921e+01
8.493734701999461322e+03 9.528554636427232083e+01
8.493934648673237461e+03 9.834938552031512415e+01
8.494134595347011782e+03 9.512354517262559739e+01
8.494334542020789740e+03 9.440972649730282740e+01
8.494534488694564061e+03 9.279515702976783587e+01
8.494734435368340201e+03 8.642671012058161750e+01
8.494934382042118159e+03 7.987829390214577074e+01
8.495134328715892480e+03 7.205105267026931415e+01
8.495334275389668619e+03 6.514083086811814383e+01
8.495534222063444759e+03 5.650851278494160113e+01
8.495734168737220898e+03 5.536610755242530502e+01
8.495934115410997038e+03 5.695619216068977408e+01
8.496134062084773177e+03 6.236627029279436840e+01
8.496334008758549317e+03 7.267145833532583765e+01
8.496533955432321818e+03 7.755942880831823061e+01
8.496733902106099777e+03 8.412389474180513105e+01
8.496933848779875916e+03 8.853546807584942258e+01
8.497133795453650237e+03 9.153198937866562801e+01
8.497333742127428195e+03 9.658025327330352638e+01
8.497533688801202516e+03 9.843581727812527049e+01
8.497733635474978655e+03 9.813173110903152008e+01
8.497933582148756614e+03 9.732562092958545463e+01
8.498133528822530934e+03 1.025930057766327792e+02
8.498333475496307074e+03 9.971064609516974997e+01
8.498533422170083213e+03 9.949948841253998921e+01
8.498733368843859353e+03 1.003330710475308933e+02
8.498933315517635492e+03 1.001731206915182923e+02
8.499133262191409813e+03 9.693192538438226791e+01
8.499333208865185952e+03 9.880258743991699077e+01
8.499533155538960273e+03 9.872024941002023013e+01
8.499733102212738231e+03 1.008371638523240819e+02
8.499933048886514371e+03 9.665508549180316322e+01
8.500132995560288691e+03 1.020825851076846078e+02
8.500332942234066650e+03 9.846123117005797098e+01
8.500532888907840970e+03 9.688095489403237082e+01
8.500732835581617110e+03 9.816075883751376807e+01
8.500932782255395068e+03 1.037659310262166770e+02
8.501132728929169389e+03 9.818877546824160163e+01
8.501332675602945528e+03 9.862323203774850811e+01
8.501532622276721668e+03 9.885735073909729920e+01
8.501732568950497807e+03 1.013961686691589108e+02
8.501932515624272128e+03 1.000315312117497086e+02
8.502132462298048267e+03 1.008314104923358627e+02
8.502332408971824407e+03 9.981888054272548061e+01
8.502532355645598727e+03 9.825837328275993343e+01
8.502732302319376686e+03 9.865959122979192841e+01
8.502932248993152825e+03 9.919486343334085632e+01
8.503132195666927146e+03 9.660515845754019892e+01
8.503332142340705104e+03 1.000627490793964540e+02
8.503532089014479425e+03 9.712261481855671263e+01
8.503732035688255564e+03 1.009508155154438924e+02
8.503931982362033523e+03 9.954373858384579421e+01
8.504131929035807843e+03 9.820522484636032345e+01
8.504331875709583983e+03 9.945481368042912607e+01
8.504531822383358303e+03 1.012534128787873300e+02
8.504731769057134443e+03 1.006391556855757301e+02
8.504931715730910582e+03 9.954789601415497202e+01
8.505131662404686722e+03 9.885498953680395573e+01
8.505331609078462861e+03 9.961261690345628494e+01
8.505531555752237182e+03 1.002239086804371055e+02
8.505731502426015140e+03 9.917473229591546158e+01
8.505931449099791280e+03 1.014721197503824612e+02
8.506131395773565600e+03 9.922896019842018234e+01
8.506331342447343559e+03 9.996229530853086942e+01
8.506531289121117879e+03 1.015877788788163940e+02
8.506731235794894019e+03 1.011869681230603391e+02
8.506931182468671977e+03 1.025754797954626127e+02
8.507131129142446298e+03 9.947460509390917593e+01
8.507331075816220618e+03 9.881176424766324828e+01
8.507531022489996758e+03 9.908540296483560894e+01
8.507730969163772897e+03 1.000000431135186290e+02
8.507930915837549037e+03 9.835126387562063144e+01
8.508130862511325176e+03 9.981772117522019983e+01
8.508330809185101316e+03 9.718628576606926117e+01
8.508530755858875636e+03 1.001629497971355107e+02
8.508730702532653595e+03 9.966189560564731664e+01
8.508930649206429734e+03 9.733395576443646746e+01
8.509130595880204055e+03 1.003652336426970493e+02
8.509330542553982013e+03 1.013414082160540772e+02
8.509530489227756334e+03 9.905460225255794171e+01
8.509730435901532474e+03 9.932089821716932931e+01
8.509930382575308613e+03 9.958180393903380434e+01
8.510130329249082934e+03 1.000931391555967451e+02
8.510330275922859073e+03 1.034352673348820844e+02
8.510530222596635213e+03 9.952632472116779638e+01
8.510730169270411352e+03 1.011400020462377540e+02
8.510930115944187492e+03 9.622540487972567291e+01
8.511130062617963631e+03 9.740310911239672009e+01
8.511330009291739771e+03 9.719240745729334208e+01
8.511529955965514091e+03 9.545299932324043368e+01
8.511729902639292050e+03 9.774877655573642699e+01
8.511929849313068189e+03 9.650150101776277722e+01
8.512129795986842510e+03 9.698213023619099715e+01
8.512329742660620468e+03 9.934699887528982742e+01
8.512529689334394789e+03 9.674445736759426495e+01
8.512729636008169109e+03 9.925264767260837573e+01
8.512929582681947068e+03 9.689762227283689811e+01
8.513129529355721388e+03 1.000356843205938304e+02
8.513329476029497528e+03 9.760838963950192237e+01
8.513529422703273667e+03 1.015919286760258160e+02
8.513729369377049807e+03 9.863407838090388680e+01
8.513929316050825946e+03 1.013808042885704026e+02
8.514129262724602086e+03 9.799805277368648149e+01
8.514329209398378225e+03 1.026921305535207836e+02
8.514529156072152546e+03 1.003092996877300749e+02
8.514729102745930504e+03 9.973854639737122341e+01
8.514929049419706644e+03 1.019592124182058228e+02
8.515128996093480964e+03 9.951466167152115361e+01
8.515328942767257104e+03 9.825417546146351810e+01
8.515528889441031424e+03 9.602409729486598167e+01
8.515728836114807564e+03 9.934689045396295626e+01
8.515928782788585522e+03 9.731696440852458352e+01
8.516128729462359843e+03 9.760638042025786376e+01
8.516328676136135982e+03 1.007469057489865776e+02
8.516528622809912122e+03 9.852785338150296468e+01
8.516728569483688261e+03 1.018779572828832301e+02
8.516928516157464401e+03 9.893910649025977477e+01
8.517128462831240540e+03 9.969490201220565950e+01
8.517328409505016680e+03 9.804269168424153236e+01
8.517528356178791000e+03 1.004565047052379185e+02
8.517728302852568959e+03 9.917672658539038366e+01
8.517928249526345098e+03 1.022083111877646928e+02
8.518128196200117600e+03 9.947169901500427613e+01
8.518328142873893739e+03 1.008437286012820664e+02
8.518528089547669879e+03 1.018725701633874223e+02
8.518728036221446018e+03 1.004553396031434147e+02
8.518927982895222158e+03 9.961245181845903574e+01
8.519127929568998297e+03 1.006563697400306694e+02
8.519327876242774437e+03 9.921188148357708769e+01
8.519527822916548757e+03 1.006159408909561677e+02
8.519727769590326716e+03 9.788107551058229205e+01
8.519927716264102855e+03 9.966791369682584900e+01
8.520127662937877176e+03 1.002478416547630360e+02
8.520327609611655134e+03 9.889844780188499840e+01
8.520527556285429455e+03 1.008812593784024187e+02
8.520727502959203775e+03 1.006408649525398147e+02
8.520927449632981734e+03 9.914972736157274369e+01
8.521127396306756054e+03 9.938888811204040508e+01
8.521327342980532194e+03 9.759443885389404727e+01
8.521527289654308333e+03 1.013460249728579470e+02
8.521727236328084473e+03 9.896999190043251815e+01
8.521927183001860612e+03 1.017058840647076892e+02
8.522127129675636752e+03 9.931021415598253554e+01
8.522327076349412891e+03 9.870589425233151815e+01
8.522527023023187212e+03 1.013370768065262553e+02
8.522726969696965170e+03 9.674991388135103421e+01
8.522926916370741310e+03 9.937514548744809417e+01
8.523126863044515630e+03 9.997177668566219211e+01
8.523326809718293589e+03 1.015316934679019738e+02
8.523526756392066090e+03 9.969772318470243988e+01
8.523726703065842230e+03 9.936343308354391013e+01
8.523926649739620188e+03 1.007819510766490936e+02
8.524126596413394509e+03 9.722073708253959978e+01
8.524326543087170649e+03 9.676728161366779091e+01
8.524526489760946788e+03 9.841284015912826533e+01
8.524726436434722928e+03 9.686892678326898931e+01
8.524926383108499067e+03 9.787817502090138078e+01
8.525126329782275207e+03 1.005956966970176580e+02
8.525326276456051346e+03 9.827471510255064402e+01
8.525526223129825667e+03 1.007648425698023971e+02
8.525726169803603625e+03 1.025526472918153047e+02
8.525926116477379765e+03 9.723667253043410597e+01
8.526126063151152266e+03 9.826599784033149376e+01
8.526326009824930225e+03 1.027704675454678949e+02
8.526525956498704545e+03 1.006278661059140092e+02
8.526725903172480685e+03 9.840192488183970454e+01
8.526925849846258643e+03 9.926764763481965304e+01
8.527125796520032964e+03 9.955666565879593577e+01
8.527325743193809103e+03 9.851194017162718808e+01
8.527525689867585243e+03 9.889880023603875259e+01
8.527725636541361382e+03 1.014837592534977802e+02
8.527925583215137522e+03 9.997381662976442840e+01
8.528125529888913661e+03 9.925875991708288382e+01
8.528325476562689801e+03 1.012493758366974959e+02
8.528525423236464121e+03 1.014077439788212871e+02
8.528725369910242080e+03 9.914086376527249911e+01
8.528925316584016400e+03 9.898446644929690308e+01
8.529125263257790721e+03 9.685668803775803326e+01
8.529325209931568679e+03 9.752749457409650802e+01
8.529525156605343000e+03 9.667751234665919924e+01
8.529725103279119139e+03 9.800755687718982756e+01
8.529925049952897098e+03 1.012398736790706977e+02
8.530124996626671418e+03 9.749346359633044301e+01
8.530324943300447558e+03 9.902635970535150989e+01
8.530524889974223697e+03 9.795246838490096764e+01
8.530724836647999837e+03 9.910666161896685367e+01
8.530924783321775976e+03 9.700886041910673896e+01
8.531124729995552116e+03 1.001102511597160571e+02
8.531324676669328255e+03 1.006758560759801355e+02
8.531524623343100757e+03 1.001838309299870673e+02
8.531724570016878715e+03 9.824910785822291359e+01
8.531924516690654855e+03 9.800182107182250490e+01
8.532124463364429175e+03 9.723221315660036623e+01
8.532324410038207134e+03 1.001045174004317317e+02
8.532524356711981454e+03 9.734771216977517838e+01
8.532724303385757594e+03 9.730770202676683311e+01
8.532924250059535552e+03 9.594254095219433509e+01
8.533124196733309873e+03 9.643384571078318857e+01
8.533324143407086012e+03 9.747399209410440335e+01
8.533524090080862152e+03 9.782856645928750083e+01
8.533724036754638291e+03 9.812784261084343029e+01
8.533923983428414431e+03 9.906083294429980413e+01
8.534123930102190570e+03 9.627680291464358220e+01
8.534323876775964891e+03 9.633011755858333913e+01
8.534523823449739211e+03 9.442977627129678808e+01
8.534723770123517170e+03 9.690487048539760906e+01
8.534923716797293309e+03 9.657418564366710712e+01
8.535123663471067630e+03 9.706512672298417499e+01
8.535323610144845588e+03 9.611983188627415586e+01
8.535523556818619909e+03 9.763395154871926707e+01
8.535723503492396048e+03 9.332237559471828092e+01
8.535923450166174007e+03 9.627700664468393654e+01
8.536123396839948327e+03 9.144341535970607993e+01
8.536323343513724467e+03 9.211566325581586057e+01
8.536523290187500606e+03 9.334259612056601441e+01
8.536723236861276746e+03 9.342863924875460668e+01
8.536923183535051066e+03 9.027826565887177424e+01
8.537123130208827206e+03 9.114620483887917146e+01
8.537323076882603345e+03 9.080390259407116105e+01
8.537523023556377666e+03 8.638051251276421283e+01
8.537722970230155624e+03 8.471299500444526132e+01
8.537922916903931764e+03 8.224043623452224949e+01
8.538122863577706084e+03 7.651339055729937400e+01
8.538322810251484043e+03 7.608485225330697688e+01
8.538522756925258363e+03 7.076375417379021826e+01
8.538722703599034503e+03 6.702504432126056599e+01
8.538922650272812461e+03 6.548139487977867645e+01
8.539122596946586782e+03 5.961386649587803532e+01
8.539322543620362922e+03 5.379092556303819350e+01
8.539522490294139061e+03 4.510652524021823240e+01
8.539722436967913382e+03 4.302852338775621632e+01
8.539922383641689521e+03 4.286319088755076478e+01
8.540122330315465661e+03 4.621131246419862748e+01
8.540322276989241800e+03 5.168427069796640438e+01
8.540522223663016121e+03 5.907618073967810801e+01
8.540722170336794079e+03 6.628829569458912374e+01
8.540922117010570219e+03 7.053796036485111642e+01
8.541122063684344539e+03 7.289152661281619316e+01
8.541322010358122498e+03 7.661155075785491420e+01
8.541521957031896818e+03 8.137004177021783846e+01
8.541721903705672958e+03 8.424198879746460022e+01
8.541921850379450916e+03 8.785556840017719082e+01
8.542121797053225237e+03 8.828472642869307663e+01
8.542321743726999557e+03 8.805242373590630223e+01
8.542521690400775697e+03 8.784641135476404372e+01
8.542721637074551836e+03 9.039717295479240988e+01
8.542921583748327976e+03 9.096281744048177131e+01
8.543121530422104115e+03 9.338663877579628547e+01
8.543321477095880255e+03 9.349909726843037561e+01
8.543521423769654575e+03 9.462582535476977341e+01
8.543721370443432534e+03 9.567852646210991452e+01
8.543921317117208673e+03 9.518168240746268793e+01
8.544121263790982994e+03 9.446338079091975715e+01
8.544321210464760952e+03 9.482640588805655568e+01
8.544521157138535273e+03 9.466265048162310336e+01
8.544721103812311412e+03 9.922215134966273808e+01
8.544921050486089371e+03 9.726773689535899337e+01
8.545120997159861872e+03 9.952138132776499901e+01
8.545320943833638012e+03 9.825820282845262454e+01
8.545520890507414151e+03 9.894275080063101768e+01
8.545720837181190291e+03 9.708789574083608898e+01
8.545920783854966430e+03 9.663730608538733691e+01
8.546120730528742570e+03 9.991091731209988325e+01
8.546320677202518709e+03 9.757643186906500432e+01
8.546520623876293030e+03 9.530165030266547888e+01
8.546720570550070988e+03 1.011395448048693595e+02
8.546920517223847128e+03 9.895841892111427285e+01
8.547120463897621448e+03 9.930483802566271834e+01
8.547320410571399407e+03 9.793384977875432185e+01
8.547520357245173727e+03 9.873817864479126172e+01
8.547720303918948048e+03 1.011155695579738989e+02
8.547920250592726006e+03 1.004393049036200125e+02
8.548120197266500327e+03 1.000350787229780707e+02
8.548320143940276466e+03 9.861630297182615834e+01
8.548520090614052606e+03 1.009986065021604418e+02
8.548720037287828745e+03 9.810880910241921526e+01
8.548919983961604885e+03 9.808095521625330093e+01
8.549119930635381024e+03 9.888506592921166316e+01
8.549319877309157164e+03 9.867270708637306598e+01
8.549519823982931484e+03 9.929162507913875402e+01
8.549719770656709443e+03 1.019721468737851779e+02
8.549919717330485582e+03 1.021741761509002089e+02
8.550119664004259903e+03 9.934263147615968137e+01
8.550319610678037861e+03 9.712195060619660580e+01
8.550519557351810363e+03 1.034673701406587156e+02
8.550719504025586502e+03 1.008354453954610364e+02
8.550919450699364461e+03 1.011265795155494516e+02
8.551119397373138781e+03 9.937851039343163961e+01
8.551319344046914921e+03 1.006486949398923088e+02
8.551519290720691060e+03 9.961551165006886777e+01
8.551719237394467200e+03 1.001742852392895742e+02
8.551919184068243339e+03 9.970235099770646059e+01
8.552119130742019479e+03 1.009296735445399662e+02
8.552319077415795618e+03 1.009356077430661571e+02
8.552519024089569939e+03 9.793382729337848502e+01
8.552718970763347897e+03 1.002294514125962053e+02
8.552918917437124037e+03 9.766073226795448647e+01
8.553118864110896538e+03 1.018549261085358637e+02
8.553318810784674497e+03 9.939957833238666751e+01
8.553518757458448817e+03 1.001383892071710733e+02
8.553718704132224957e+03 9.879317330220615645e+01
8.553918650806002915e+03 9.922846858879441356e+01
8.554118597479777236e+03 9.770946568062166193e+01
8.554318544153553376e+03 9.829264008865460767e+01
8.554518490827329515e+03 1.012350013822047003e+02
8.554718437501105655e+03 1.016235393361339163e+02
8.554918384174881794e+03 9.732832033313339082e+01
8.555118330848657934e+03 9.758244163295928786e+01
8.555318277522434073e+03 1.001246567240230121e+02
8.555518224196208394e+03 9.955110764889464292e+01
8.555718170869986352e+03 9.978355780331884262e+01
8.555918117543760673e+03 1.000279209131256977e+02
8.556118064217534993e+03 9.966191101701078026e+01
8.556318010891312952e+03 9.926020914926886007e+01
8.556517957565087272e+03 9.958419466933845854e+01
8.556717904238863412e+03 1.003803490148997923e+02
8.556917850912641370e+03 1.000699471218447769e+02
8.557117797586415691e+03 9.939824759503285634e+01
8.557317744260191830e+03 9.964460250296436072e+01
8.557517690933967970e+03 1.008697462902638904e+02
8.557717637607744109e+03 9.982448510594271340e+01
8.557917584281520249e+03 1.006274973665418742e+02
8.558117530955296388e+03 1.012961787667801730e+02
8.558317477629072528e+03 1.002396888636869221e+02
8.558517424302846848e+03 1.012303646947723621e+02
8.558717370976622988e+03 1.001398490759762154e+02
8.558917317650399127e+03 9.842153985480393885e+01
8.559117264324173448e+03 9.830567892368139837e+01
8.559317210997951406e+03 1.036826626544730345e+02
8.559517157671725727e+03 9.886635703086083993e+01
8.559717104345501866e+03 1.007829144101539072e+02
8.559917051019279825e+03 9.817714848724178012e+01
8.560116997693054145e+03 9.963426181207864829e+01
8.560316944366830285e+03 1.009547291700319533e+02
8.560516891040606424e+03 1.014402510066746004e+02
8.560716837714382564e+03 1.023401912391576332e+02
8.560916784388158703e+03 1.001906297553659186e+02
8.561116731061934843e+03 9.932789466001023015e+01
8.561316677735709163e+03 9.958321696961651526e+01
8.561516624409483484e+03 1.002539448460340452e+02
8.561716571083261442e+03 1.003220969478280722e+02
8.561916517757037582e+03 9.989077039584604734e+01
8.562116464430811902e+03 9.947603685271860741e+01
8.562316411104589861e+03 1.022512130910459405e+02
8.562516357778364181e+03 9.824654593780769574e+01
8.562716304452140321e+03 9.978944852677429367e+01
8.562916251125918279e+03 9.929886579394310786e+01
8.563116197799692600e+03 9.826959043017757267e+01
8.563316144473468739e+03 9.924224446978412573e+01
8.563516091147244879e+03 9.879218637008798964e+01
8.563716037821021018e+03 9.923539427403227364e+01
8.563915984494797158e+03 9.923863651281463660e+01
8.564115931168571478e+03 9.656676367672308459e+01
8.564315877842347618e+03 9.921091387379858872e+01
8.564515824516121938e+03 1.008112518573494327e+02
8.564715771189899897e+03 1.012576503033587016e+02
8.564915717863676036e+03 9.911817221471682160e+01
8.565115664537450357e+03 1.009185454970981795e+02
8.565315611211228315e+03 1.000472073946992708e+02
8.565515557885002636e+03 9.893976487112144014e+01
8.565715504558778775e+03 9.883217305905505157e+01
8.565915451232556734e+03 9.815094682542637372e+01
8.566115397906331054e+03 9.901867437510766479e+01
8.566315344580107194e+03 1.005357172266484440e+02
8.566515291253883333e+03 1.007622338702441454e+02
8.566715237927657654e+03 1.019340435204132120e+02
8.566915184601433793e+03 1.012365097831551140e+02
8.567115131275209933e+03 9.741836876981797388e+01
8.567315077948986072e+03 1.000474656572859828e+02
8.567515024622760393e+03 9.627527946261314185e+01
8.567714971296538351e+03 9.895348730219227207e+01
8.567914917970314491e+03 1.021304975445000167e+02
8.568114864644088811e+03 1.014522158918459098e+02
8.568314811317866770e+03 9.972482021091121851e+01
8.568514757991641090e+03 1.012050411057075507e+02
8.568714704665417230e+03 9.896390588783279441e+01
8.568914651339195188e+03 9.934814499060364312e+01
8.569114598012969509e+03 9.964380895347900946e+01
8.569314544686745649e+03 1.021839129105816397e+02
8.569514491360519969e+03 9.900715695844884578e+01
8.569714438034296109e+03 1.001183580548885885e+02
8.569914384708072248e+03 1.004490124196940286e+02
8.570114331381848388e+03 1.006920573842435829e+02
8.570314278055624527e+03 1.000983465745382262e+02
8.570514224729398848e+03 9.876417809801135661e+01
8.570714171403176806e+03 9.826449481434396205e+01
8.570914118076952946e+03 1.014423117006126489e+02
8.571114064750727266e+03 9.992486131416791295e+01
8.571314011424505225e+03 9.912623907546240787e+01
8.571513958098279545e+03 9.826592784207825559e+01
8.571713904772055685e+03 9.588714754976132326e+01
8.571913851445833643e+03 1.012185961623205515e+02
8.572113798119606145e+03 1.001822657233951190e+02
8.572313744793382284e+03 9.989841370174291058e+01
8.572513691467158424e+03 9.867188618210123252e+01
8.572713638140934563e+03 1.006748154493415512e+02
8.572913584814710703e+03 1.015974713359853752e+02
8.573113531488486842e+03 9.901392161339342124e+01
8.573313478162262982e+03 9.891621374687748869e+01
8.573513424836037302e+03 9.956946533778874198e+01
8.573713371509815261e+03 9.859002864860813986e+01
8.573913318183591400e+03 9.947591544631605132e+01
8.574113264857365721e+03 1.017008869413209169e+02
8.574313211531143679e+03 1.010583683925534473e+02
8.574513158204918000e+03 1.002278775264306887e+02
8.574713104878694139e+03 1.011412286143747536e+02
8.574913051552470279e+03 9.925206515905131255e+01
8.575112998226244599e+03 9.824327552233590666e+01
8.575312944900020739e+03 9.884258758472375916e+01
8.575512891573796878e+03 1.017624338495275964e+02
8.575712838247573018e+03 9.721301861222248419e+01
8.575912784921349157e+03 1.002325977560324333e+02
8.576112731595125297e+03 9.950835924477684102e+01
8.576312678268901436e+03 9.832359693765751274e+01
8.576512624942675757e+03 1.002181502814782874e+02
8.576712571616453715e+03 9.691926973814234714e+01
8.576912518290229855e+03 1.033919823563184366e+02
8.577112464964004175e+03 9.990726552245675407e+01
8.577312411637782134e+03 1.010329809287592440e+02
8.577512358311554635e+03 9.994074620070226445e+01
8.577712304985330775e+03 1.009432328840472621e+02
8.577912251659108733e+03 9.571395037522971450e+01
8.578112198332883054e+03 1.001159166841894574e+02
8.578312145006659193e+03 1.013174239510070009e+02
8.578512091680435333e+03 1.007898070047062049e+02
8.578712038354211472e+03 9.806341844813553621e+01
8.578911985027987612e+03 9.931951428556095607e+01
8.579111931701763751e+03 9.774908926196644643e+01
8.579311878375539891e+03 9.776926453171807907e+01
8.579511825049314211e+03 1.012317543741407775e+02
8.579711771723092170e+03 9.827680761013429844e+01
8.579911718396868309e+03 9.887602290740917965e+01
8.580111665070642630e+03 9.771859474938666779e+01
8.580311611744418769e+03 9.658356341020470381e+01
8.580511558418193090e+03 9.807581259685555608e+01
8.580711505091969229e+03 1.013717082688388871e+02
8.580911451765747188e+03 1.007556044240410813e+02
8.581111398439521508e+03 1.037904796060448831e+02
8.581311345113297648e+03 9.863442555723379712e+01
8.581511291787073787e+03 1.028038255548207189e+02
8.581711238460849927e+03 9.830519804905109993e+01
8.581911185134626066e+03 9.980756977403413543e+01
8.582111131808402206e+03 9.706185478055675731e+01
8.582311078482178345e+03 9.803550326237179036e+01
8.582511025155952666e+03 9.813607145013234856e+01
8.582710971829730624e+03 1.009917814759771062e+02
8.582910918503504945e+03 1.016120808894150827e+02
8.583110865177279265e+03 1.015633258101569822e+02
8.583310811851057224e+03 9.880849845838100975e+01
8.583510758524831544e+03 1.008639921916408895e+02
8.583710705198607684e+03 1.014910295011710559e+02
8.583910651872385642e+03 9.698925820978416823e+01
8.584110598546159963e+03 1.023646227455521114e+02
8.584310545219936103e+03 1.003711674871319133e+02
8.584510491893712242e+03 1.010599112636090524e+02
8.584710438567488382e+03 1.017041433419141185e+02
8.584910385241264521e+03 1.003232534813598846e+02
8.585110331915040661e+03 1.008637381054481210e+02
8.585310278588816800e+03 1.009030730973434089e+02
8.585510225262591121e+03 9.938585380762715715e+01
8.585710171936367260e+03 1.020542966313965536e+02
8.585910118610143400e+03 1.005910172429685190e+02
8.586110065283917720e+03 1.007388793544750598e+02
8.586310011957695679e+03 9.851413545294906271e+01
8.586509958631469999e+03 9.866565784854299181e+01
8.586709905305246139e+03 1.005746208601217262e+02
8.586909851979024097e+03 9.931256961204539380e+01
8.587109798652798418e+03 1.002271901399069520e+02
8.587309745326574557e+03 1.007007544071912264e+02
8.587509692000350697e+03 9.828252919563762191e+01
8.587709638674126836e+03 1.008248633241852303e+02
8.587909585347902976e+03 1.001520206043677490e+02
8.588109532021679115e+03 9.923775304674704500e+01
8.588309478695453436e+03 1.001377566509583232e+02
8.588509425369227756e+03 9.980839509482035510e+01
8.588709372043003896e+03 1.010688685300309544e+02
8.588909318716781854e+03 1.014867949032144594e+02
8.589109265390556175e+03 9.967228825680791715e+01
8.589309212064332314e+03 9.882873052465701846e+01
8.589509158738108454e+03 1.023158818789418376e+02
8.589709105411884593e+03 1.002894051291035709e+02
8.589909052085660733e+03 9.732343767021313852e+01
8.590108998759436872e+03 9.896427227959571837e+01
8.590308945433213012e+03 1.009999436121209442e+02
8.590508892106987332e+03 9.783695429642409636e+01
8.590708838780765291e+03 9.804623310408391035e+01
8.590908785454541430e+03 1.017975736582991573e+02
8.591108732128313932e+03 1.018071459951191571e+02
8.591308678802091890e+03 1.011339669817766378e+02
8.591508625475866211e+03 1.020080861350782158e+02
8.591708572149642350e+03 1.017183677632003622e+02
8.591908518823420309e+03 9.714488428146827914e+01
8.592108465497194629e+03 9.940653960564191038e+01
8.592308412170970769e+03 1.006416368448384162e+02
8.592508358844746908e+03 9.986284630131574147e+01
8.592708305518523048e+03 9.960802040281346592e+01
8.592908252192299187e+03 1.005751836322941841e+02
8.593108198866075327e+03 1.010055519195448710e+02
8.593308145539851466e+03 1.008816397980534703e+02
8.593508092213625787e+03 9.897263085407814742e+01
8.593708038887401926e+03 1.009421362737504921e+02
8.593907985561178066e+03 1.020007493654891988e+02
8.594107932234952386e+03 9.645460395140953835e+01
8.594307878908730345e+03 9.974557236302385377e+01
8.594507825582504665e+03 1.004176651936981557e+02
8.594707772256280805e+03 9.832321066862135694e+01
8.594907718930058763e+03 1.000129945467262615e+02
8.595107665603833084e+03 9.881244081204633289e+01
8.595307612277609223e+03 1.020741608085347565e+02
8.595507558951385363e+03 9.971450193681779695e+01
8.595707505625161502e+03 9.648294032402375819e+01
8.595907452298937642e+03 9.948321967763709495e+01
8.596107398972713781e+03 9.757580705849903779e+01
8.596307345646489921e+03 9.314381694897909370e+01
8.596507292320262422e+03 9.725891078086233676e+01
8.596707238994040381e+03 9.829923969119570870e+01
8.596907185667816520e+03 9.918389988015599101e+01
8.597107132341590841e+03 9.738093156628065117e+01
8.597307079015368799e+03 9.955369989930096608e+01
8.597507025689143120e+03 1.001367839908949691e+02
8.597706972362919259e+03 1.002400651615907918e+02
8.597906919036697218e+03 1.008278157059766613e+02
8.598106865710471538e+03 9.986232480278825108e+01
8.598306812384247678e+03 9.973886202204901963e+01
8.598506759058023817e+03 1.017603174303689713e+02
8.598706705731799957e+03 9.955893223371722911e+01
8.598906652405576096e+03 1.010334909240482375e+02
8.599106599079350417e+03 1.004995843092199266e+02
8.599306545753126557e+03 9.806606026217187377e+01
8.599506492426900877e+03 9.956775337747359345e+01
8.599706439100678836e+03 1.010162701647815169e+02
8.599906385774454975e+03 1.010999185739459705e+02
8.600106332448229296e+03 9.921555357394102259e+01
8.600306279122007254e+03 9.937763427264307836e+01
8.600506225795781575e+03 1.009715743003152681e+02
8.600706172469557714e+03 9.896118511416092645e+01
8.600906119143335673e+03 9.885692952919191612e+01
8.601106065817109993e+03 1.014506236500257046e+02
8.601306012490886133e+03 1.023272165139175485e+02
8.601505959164662272e+03 9.745243823335378863e+01
8.601705905838438412e+03 1.002294638935758400e+02
8.601905852512212732e+03 1.014944333640729610e+02
8.602105799185988872e+03 1.010012464239772356e+02
8.602305745859765011e+03 1.012414641247111575e+02
8.602505692533539332e+03 9.975461951552365747e+01
8.602705639207317290e+03 1.005066039544604592e+02
8.602905585881093430e+03 1.027366477407914402e+02
8.603105532554867750e+03 1.026883711654639342e+02
8.603305479228645709e+03 1.020725667505517578e+02
8.603505425902420029e+03 9.936003259614369654e+01
8.603705372576196169e+03 9.996451356936591992e+01
8.603905319249974127e+03 1.000801537169213731e+02
8.604105265923748448e+03 9.933544396484919048e+01
8.604305212597524587e+03 9.895567111219638434e+01
8.604505159271298908e+03 9.915756619720680476e+01
8.604705105945075047e+03 9.952957265384294772e+01
8.604905052618851187e+03 9.942952811127864265e+01
8.605104999292627326e+03 9.794201474724670220e+01
8.605304945966403466e+03 1.041291797664820677e+02
8.605504892640177786e+03 9.952788531918423587e+01
8.605704839313955745e+03 9.829552591136764761e+01
8.605904785987731884e+03 9.885708292542391007e+01
8.606104732661506205e+03 9.750588845297565399e+01
8.606304679335284163e+03 9.857794462703901672e+01
8.606504626009058484e+03 1.009781104359586976e+02
8.606704572682834623e+03 1.026215609426308362e+02
8.606904519356612582e+03 1.016625587532405177e+02
8.607104466030386902e+03 9.976625121505773564e+01
8.607304412704161223e+03 1.010437708119623466e+02
8.607504359377937362e+03 1.001376976105356675e+02
8.607704306051713502e+03 1.009157053226206671e+02
8.607904252725489641e+03 9.945727625104645142e+01
8.608104199399265781e+03 1.016187640884176062e+02
8.608304146073041920e+03 9.790628091009108402e+01
8.608504092746816241e+03 9.852301726475936050e+01
8.608704039420594199e+03 9.928938477146597563e+01
8.608903986094370339e+03 9.818357578311390910e+01
8.609103932768144659e+03 9.610252562008862753e+01
8.609303879441922618e+03 9.750530227745838374e+01
8.609503826115696938e+03 9.386037700803650807e+01
8.609703772789473078e+03 9.291827813410887416e+01
8.609903719463249217e+03 9.651479165870429711e+01
8.610103666137023538e+03 9.872225299366382956e+01
8.610303612810799677e+03 9.967140589953457663e+01
8.610503559484575817e+03 1.005655476733823548e+02
8.610703506158351956e+03 1.020395521128251914e+02
8.610903452832128096e+03 9.857681587494199960e+01
8.611103399505904235e+03 1.001660781365748107e+02
8.611303346179680375e+03 9.883554409219797776e+01
8.611503292853454695e+03 9.794615917697574048e+01
8.611703239527232654e+03 1.000553698916798027e+02
8.611903186201008793e+03 9.990421193267019362e+01
8.612103132874783114e+03 9.634216404621108154e+01
8.612303079548561072e+03 1.032982969029716571e+02
8.612503026222335393e+03 9.770008234128899005e+01
8.612702972896109713e+03 9.852988421701265054e+01
8.612902919569887672e+03 1.004556076286211095e+02
8.613102866243661992e+03 1.009653766492730256e+02
8.613302812917438132e+03 9.919640714141536364e+01
8.613502759591214271e+03 9.969772566452245144e+01
8.613702706264990411e+03 1.010247803018883559e+02
8.613902652938766551e+03 1.004524556615564279e+02
8.614102599612542690e+03 9.723738414539805319e+01
8.614302546286318830e+03 1.012157065847547699e+02
8.614502492960093150e+03 1.004763337722960443e+02
8.614702439633871109e+03 9.803466110319476456e+01
8.614902386307647248e+03 1.031317655592457498e+02
8.615102332981421569e+03 9.850299832033510938e+01
8.615302279655197708e+03 9.839959449525679247e+01
8.615502226328972029e+03 9.958355348572959542e+01
8.615702173002748168e+03 1.000796881005246490e+02
8.615902119676526127e+03 9.937963745152929107e+01
8.616102066350300447e+03 9.941930350980302933e+01
8.616302013024076587e+03 9.894538017627739634e+01
8.616501959697852726e+03 1.000537689780838519e+02
8.616701906371628866e+03 1.003341797530226671e+02
8.616901853045405005e+03 9.948343374764122871e+01
8.617101799719181145e+03 1.017710989428734649e+02
8.617301746392957284e+03 9.858003570767166934e+01
8.617501693066731605e+03 9.984986603565576502e+01
8.617701639740509563e+03 9.953455919485897141e+01
8.617901586414285703e+03 1.021325358801110070e+02
8.618101533088058204e+03 1.010047104208134954e+02
8.618301479761836163e+03 1.006970555302778081e+02
8.618501426435610483e+03 1.012632351995887490e+02
8.618701373109386623e+03 1.001888996411701811e+02
8.618901319783164581e+03 9.914434763215865587e+01
8.619101266456938902e+03 9.603536194888269506e+01
8.619301213130715041e+03 9.748157719804592602e+01
8.619501159804491181e+03 9.662931951592621260e+01
8.619701106478267320e+03 1.016482139895399115e+02
8.619901053152043460e+03 9.698827688435335403e+01
8.620100999825819599e+03 1.007402666141782817e+02
8.620300946499595739e+03 1.003996588845885896e+02
8.620500893173370059e+03 1.010647970915312470e+02
8.620700839847146199e+03 9.888675906297329732e+01
8.620900786520922338e+03 1.002396102803687512e+02
8.621100733194696659e+03 9.963624988059984844e+01
8.621300679868474617e+03 9.964712630535954929e+01
8.621500626542248938e+03 9.845944025730243254e+01
8.621700573216025077e+03 1.010378615962102771e+02
8.621900519889803036e+03 1.015660915764894980e+02
8.622100466563577356e+03 9.985071914101385460e+01
8.622300413237353496e+03 9.860312190771765017e+01
8.622500359911129635e+03 1.003321542390608982e+02
8.622700306584905775e+03 1.005785489217471991e+02
8.622900253258681914e+03 1.011033254884913646e+02
8.623100199932458054e+03 1.036440651588401494e+02
8.623300146606234193e+03 1.002782308000389406e+02
8.623500093280006695e+03 9.999112274548427592e+01
8.623700039953784653e+03 1.002166836155730039e+02
8.623899986627560793e+03 1.008694153731837844e+02
8.624099933301335113e+03 1.023271503348621678e+02
8.624299879975113072e+03 1.005779401564237361e+02
8.624499826648887392e+03 9.998586356316039314e+01
8.624699773322663532e+03 9.856245052537261131e+01
8.624899719996441490e+03 1.015884410757410592e+02
8.625099666670215811e+03 1.015038880276332804e+02
8.625299613343991950e+03 1.006651556826033271e+02
8.625499560017768090e+03 1.002228587842252665e+02
8.625699506691544229e+03 9.915310339613506585e+01
8.625899453365320369e+03 9.941164587972872368e+01
8.626099400039094689e+03 9.924204964400544782e+01
8.626299346712870829e+03 1.006158819480830573e+02
8.626499293386645149e+03 1.015059400678521939e+02
8.626699240060423108e+03 9.933267504995627917e+01
8.626899186734199247e+03 1.021836867067983832e+02
8.627099133407973568e+03 1.013638005811875331e+02
8.627299080081751526e+03 9.954507629943462632e+01
8.627499026755525847e+03 9.681773348772313170e+01
8.627698973429301986e+03 1.001761623869852116e+02
8.627898920103079945e+03 9.922260276957825909e+01
8.628098866776854265e+03 1.025312848911780179e+02
8.628298813450630405e+03 9.970604011311910142e+01
8.628498760124406544e+03 9.842803795069232820e+01
8.628698706798182684e+03 9.853613591923866011e+01
8.628898653471957005e+03 9.911712614517588804e+01
8.629098600145733144e+03 9.951689121869070220e+01
8.629298546819509284e+03 9.993836996932640204e+01
8.629498493493283604e+03 1.012558778080864244e+02
8.629698440167061563e+03 1.010361068148471588e+02
8.629898386840837702e+03 1.000050038496873981e+02
8.630098333514612023e+03 9.925416031373212888e+01
8.630298280188389981e+03 9.813225869884792019e+01
8.630498226862164302e+03 1.006888299578797472e+02
8.630698173535940441e+03 1.002479464889982523e+02
8.630898120209718400e+03 1.011992117948424976e+02
8.631098066883492720e+03 1.008111011115351232e+02
8.631298013557268860e+03 1.008567631009199204e+02
8.631497960231043180e+03 9.978083561035288085e+01
8.631697906904819320e+03 9.943529632859497269e+01
8.631897853578595459e+03 9.928532642531713748e+01
8.632097800252371599e+03 1.002373338898040771e+02
8.632297746926147738e+03 9.873953331265343536e+01
8.632497693599922059e+03 1.013922972481347387e+02
8.632697640273700017e+03 9.982906981100973098e+01
8.632897586947476157e+03 9.866138848287060625e+01
8.633097533621250477e+03 9.943532752027527977e+01
8.633297480295028436e+03 1.000631512910245391e+02
8.633497426968802756e+03 1.006276357405989188e+02
8.633697373642578896e+03 9.980330772282540863e+01
8.633897320316356854e+03 1.016149612048472051e+02
8.634097266990131175e+03 1.008740526852556485e+02
8.634297213663905495e+03 9.879564668211050105e+01
8.634497160337681635e+03 1.015569083829539068e+02
8.634697107011457774e+03 1.002030547018296716e+02
8.634897053685233914e+03 1.000767392573574313e+02
8.635097000359010053e+03 1.001191413853485983e+02
8.635296947032786193e+03 9.853513760468271698e+01
8.635496893706560513e+03 9.834991460782120498e+01
8.635696840380338472e+03 9.824967308445407355e+01
8.635896787054114611e+03 1.005491168203551524e+02
8.636096733727888932e+03 1.005826657496393892e+02
8.636296680401666890e+03 9.725522983610193251e+01
8.636496627075441211e+03 9.946321249968602274e+01
8.636696573749217350e+03 1.012413985042868774e+02
8.636896520422993490e+03 9.919432989856034055e+01
8.637096467096767810e+03 1.019684459870219513e+02
8.637296413770543950e+03 1.010801500204705263e+02
8.637496360444320089e+03 1.004644482334216917e+02
8.637696307118096229e+03 1.018298171263180762e+02
8.637896253791872368e+03 1.000681905757142971e+02
8.638096200465648508e+03 1.011199898750142694e+02
8.638296147139424647e+03 9.980114581529160489e+01
8.638496093813198968e+03 9.956325774753693736e+01
8.638696040486976926e+03 9.588271550949711752e+01
8.638895987160753066e+03 1.020880257610978106e+02
8.639095933834527386e+03 9.802342799368064163e+01
8.639295880508305345e+03 9.676852670678447055e+01
8.639495827182079665e+03 9.936856653826025365e+01
8.639695773855853986e+03 1.003924892360784611e+02
8.639895720529631944e+03 1.013895582016225916e+02
8.640095667203406265e+03 1.005695467726470298e+02
8.640295613877182404e+03 1.009368253901931780e+02
8.640495560550958544e+03 1.009730401352449007e+02
8.640695507224734683e+03 9.954878548815982242e+01
8.640895453898510823e+03 1.005557866662029909e+02
8.641095400572286962e+03 1.000377223238954656e+02
8.641295347246063102e+03 9.968292024206417068e+01
8.641495293919837422e+03 9.942124902967491096e+01
8.641695240593615381e+03 9.969782169658218152e+01
8.641895187267391520e+03 9.989846297415046195e+01
8.642095133941165841e+03 9.937717689813389654e+01
8.642295080614941980e+03 9.843559378443426056e+01
8.642495027288716301e+03 1.013957432084529273e+02
8.642694973962492440e+03 9.883657300457034012e+01
8.642894920636270399e+03 9.901863573385939787e+01
8.643094867310044719e+03 9.986251859295587963e+01
8.643294813983820859e+03 1.009949863394483458e+02
8.643494760657596998e+03 9.923329783385659653e+01
8.643694707331373138e+03 9.727707740682967597e+01
8.643894654005149278e+03 9.934625325449123068e+01
8.644094600678925417e+03 1.006510371739065874e+02
8.644294547352701557e+03 1.004395360406780924e+02
8.644494494026475877e+03 9.830411056953904847e+01
8.644694440700253836e+03 1.016081389792342833e+02
8.644894387374029975e+03 9.906528771144800771e+01
8.645094334047802477e+03 1.011139197891250632e+02
8.645294280721580435e+03 9.758547926280070328e+01
8.645494227395354756e+03 9.734044263294018151e+01
8.645694174069130895e+03 9.956769439146665945e+01
8.645894120742908854e+03 9.905313753799565291e+01
8.646094067416683174e+03 1.003457593951953868e+02
8.646294014090459314e+03 1.010391952356787613e+02
8.646493960764235453e+03 9.941916474995991848e+01
8.646693907438011593e+03 9.989209567026780690e+01
8.646893854111787732e+03 1.012254074005346922e+02
8.647093800785563872e+03 9.747576814101545040e+01
8.647293747459340011e+03 1.006830298171936846e+02
8.647493694133114332e+03 9.926611714844875678e+01
8.647693640806890471e+03 9.979831653391549651e+01
8.647893587480666611e+03 1.008572052595482091e+02
8.648093534154440931e+03 1.015133391692071427e+02
8.648293480828218890e+03 1.011879423638778235e+02
8.648493427501993210e+03 9.849713332391520737e+01
8.648693374175769350e+03 9.758013263764949841e+01
8.648893320849547308e+03 9.922118934191544781e+01
8.649093267523321629e+03 9.984201016457382138e+01
8.649293214197097768e+03 9.793672797078886560e+01
8.649493160870873908e+03 9.891740436847138085e+01
8.649693107544650047e+03 1.000339285564879219e+02
8.649893054218426187e+03 1.007397729349264353e+02
8.650093000892202326e+03 1.011060809671770215e+02
8.650292947565978466e+03 1.005634083021002567e+02
8.650492894239750967e+03 1.016950400888363362e+02
8.650692840913528926e+03 1.004801104760053363e+02
8.650892787587305065e+03 9.688467527892970566e+01
8.651092734261079386e+03 9.747665169568082888e+01
8.651292680934857344e+03 9.940052892600597545e+01
8.651492627608631665e+03 9.879675215748470407e+01
8.651692574282407804e+03 9.756780392276455416e+01
8.651892520956185763e+03 9.794815950235791036e+01
8.652092467629960083e+03 9.976087584756615456e+01
8.652292414303736223e+03 9.529380748470038043e+01
8.652492360977512362e+03 1.001201294562907833e+02
8.652692307651288502e+03 9.739988220651041217e+01
8.652892254325064641e+03 1.008652289616095743e+02
8.653092200998838962e+03 9.651589308620400232e+01
8.653292147672615101e+03 9.901158006805034972e+01
8.653492094346389422e+03 9.851186722221733305e+01
8.653692041020167380e+03 1.003483876329427460e+02
8.653891987693943520e+03 9.909606804025972338e+01
8.654091934367717840e+03 9.823199810205287008e+01
8.654291881041495799e+03 1.011896147957717176e+02
8.654491827715270119e+03 9.758884076280085651e+01
8.654691774389046259e+03 1.005445007407850255e+02
8.654891721062824217e+03 9.766008645622339657e+01
8.655091667736598538e+03 9.838961539034961845e+01
8.655291614410374677e+03 9.590850577357207385e+01
8.655491561084150817e+03 9.791693668784168381e+01
8.655691507757926956e+03 9.566937051574706175e+01
8.655891454431701277e+03 9.971139155541114008e+01
8.656091401105477416e+03 9.833700133906461360e+01
8.656291347779253556e+03 9.440452044962292177e+01
8.656491294453027876e+03 9.659337079918147140e+01
8.656691241126805835e+03 9.549549429540986978e+01
8.656891187800581974e+03 9.685102841001751983e+01
8.657091134474356295e+03 9.037540826244790537e+01
8.657291081148134253e+03 9.092499602783925639e+01
8.657491027821908574e+03 9.377191660339731527e+01
8.657690974495684713e+03 9.181647595505300785e+01
8.657890921169462672e+03 8.906749189502967567e+01
8.658090867843236992e+03 8.709998972212554236e+01
8.658290814517013132e+03 8.298898789635316575e+01
8.658490761190785634e+03 7.931465880855660089e+01
8.658690707864563592e+03 7.345020913375923044e+01
8.658890654538339732e+03 7.009695271029364960e+01
8.659090601212114052e+03 6.370731234727325187e+01
8.659290547885892011e+03 6.020637897652215287e+01
8.659490494559666331e+03 5.263858215271906005e+01
8.659690441233442471e+03 4.811384589120977751e+01
8.659890387907220429e+03 4.516495135869521960e+01
8.660090334580994750e+03 5.194925063755040640e+01
8.660290281254770889e+03 5.734425302246630451e+01
8.660490227928547029e+03 6.057492069725405770e+01
8.660690174602323168e+03 6.599867836875961302e+01
8.660890121276099308e+03 7.453279318611635063e+01
8.661090067949875447e+03 7.752715693731738611e+01
8.661290014623649768e+03 8.400673459097747298e+01
8.661489961297424088e+03 8.684831650206126596e+01
8.661689907971202047e+03 8.971897333975226729e+01
8.661889854644978186e+03 8.846024016350465047e+01
8.662089801318752507e+03 8.995232253379271015e+01
8.662289747992530465e+03 9.087922461418244779e+01
8.662489694666304786e+03 9.203534068611031671e+01
8.662689641340080925e+03 9.479791746252223561e+01
8.662889588013858884e+03 9.110629763965968664e+01
8.663089534687633204e+03 9.355151261032561649e+01
8.663289481361409344e+03 9.442622451810734674e+01
8.663489428035185483e+03 9.378659223271687040e+01
8.663689374708961623e+03 9.549676596165699038e+01
8.663889321382735943e+03 9.599346657621174472e+01
8.664089268056512083e+03 9.561844144908873488e+01
8.664289214730288222e+03 9.730039320287329474e+01
8.664489161404062543e+03 1.003880285616156414e+02
8.664689108077840501e+03 9.871014534526868545e+01
8.664889054751616641e+03 9.813084154925947189e+01
8.665089001425390961e+03 9.805163800683301645e+01
8.665288948099168920e+03 9.874928413974048169e+01
8.665488894772943240e+03 9.766686075542212109e+01
8.665688841446719380e+03 9.905427723525990302e+01
8.665888788120497338e+03 9.921123611120225405e+01
8.666088734794271659e+03 1.010345814589138485e+02
8.666288681468047798e+03 1.017306212438803357e+02
8.666488628141823938e+03 9.828789398375162989e+01
8.666688574815598258e+03 9.915848853279707953e+01
8.666888521489374398e+03 9.895254043597908833e+01
8.667088468163150537e+03 9.878269702586696610e+01
8.667288414836926677e+03 1.005436906769935774e+02
8.667488361510700997e+03 9.769209349095356743e+01
8.667688308184478956e+03 1.011682916872447464e+02
8.667888254858255095e+03 9.938118923231465374e+01
8.668088201532029416e+03 9.918279378366426613e+01
8.668288148205807374e+03 1.005955555798979617e+02
8.668488094879581695e+03 9.940018807311116689e+01
8.668688041553357834e+03 1.003326475756195038e+02
8.668887988227135793e+03 9.883257672171718866e+01
8.669087934900910113e+03 9.807011263576390547e+01
8.669287881574684434e+03 9.697584647836606564e+01
8.669487828248460573e+03 1.022289036580975932e+02
8.669687774922236713e+03 1.002723922909566738e+02
8.669887721596012852e+03 9.961357143816626092e+01
8.670087668269788992e+03 9.701532137943979706e+01
8.670287614943565131e+03 9.846643968007319359e+01
8.670487561617339452e+03 1.015543142686034344e+02
8.670687508291117410e+03 9.809162486984676832e+01
8.670887454964893550e+03 9.991773012030706980e+01
8.671087401638667870e+03 1.003214304221526589e+02
8.671287348312445829e+03 9.856060619697998959e+01
8.671487294986220149e+03 9.890290393151023807e+01
8.671687241659996289e+03 1.000363361661164987e+02
8.671887188333774247e+03 9.615157961907713968e+01
8.672087135007546749e+03 9.615294425328411876e+01
8.672287081681322888e+03 9.564419325955825002e+01
8.672487028355099028e+03 9.774276827202653806e+01
8.672686975028875167e+03 9.593722923204832398e+01
8.672886921702651307e+03 9.798611931034687927e+01
8.673086868376427446e+03 9.942499941525670692e+01
8.673286815050203586e+03 9.719711570589510075e+01
8.673486761723977907e+03 9.986512462128877132e+01
8.673686708397755865e+03 9.962581063673393089e+01
8.673886655071532005e+03 9.778187351867802590e+01
8.674086601745306325e+03 1.012034507916040980e+02
8.674286548419084284e+03 9.920755781493826930e+01
8.674486495092858604e+03 9.730495556555236192e+01
8.674686441766632925e+03 1.006448072164107685e+02
8.674886388440410883e+03 9.989900501419322154e+01
8.675086335114185204e+03 1.020096841925747668e+02
8.675286281787961343e+03 1.001659343795936934e+02
8.675486228461737483e+03 9.889598191288810369e+01
8.675686175135513622e+03 1.011774606281692854e+02
8.675886121809289762e+03 9.875642208270211597e+01
8.676086068483065901e+03 9.960099595021982566e+01
8.676286015156842041e+03 1.016894220279503429e+02
8.676485961830616361e+03 1.001462768313968610e+02
8.676685908504394320e+03 9.997427402906251359e+01
8.676885855178170459e+03 1.013436703152712965e+02
8.677085801851944780e+03 1.005183038407896277e+02
8.677285748525722738e+03 9.869191303070411436e+01
8.677485695199495240e+03 9.961719302906135454e+01
8.677685641873271379e+03 9.987716492685673586e+01
8.677885588547049338e+03 9.880867133987165118e+01
8.678085535220823658e+03 1.006579087372627157e+02
8.678285481894599798e+03 9.908674846146163873e+01
8.678485428568375937e+03 9.848410825691577486e+01
8.678685375242152077e+03 9.922711960951758670e+01
8.678885321915928216e+03 9.823778413719101366e+01
8.679085268589704356e+03 1.008764493950811385e+02
8.679285215263480495e+03 1.016341696511576771e+02
8.679485161937254816e+03 9.920803824596369225e+01
8.679685108611032774e+03 1.004679910746021960e+02
8.679885055284808914e+03 1.011954464284741846e+02
8.680085001958581415e+03 9.941350894584442699e+01
8.680284948632359374e+03 1.015182716970459751e+02
8.680484895306133694e+03 1.000103328957113717e+02
8.680684841979909834e+03 9.952660471240776019e+01
8.680884788653687792e+03 1.014080432844349531e+02
8.681084735327462113e+03 1.000478114743133915e+02
8.681284682001238252e+03 1.002466611204882270e+02
8.681484628675014392e+03 1.004643315013292977e+02
8.681684575348790531e+03 9.854665703402709198e+01
8.681884522022566671e+03 9.869001025240025626e+01
8.682084468696342810e+03 1.006915447947361315e+02
8.682284415370118950e+03 1.008624285893179291e+02
8.682484362043893270e+03 9.952904689145407247e+01
8.682684308717671229e+03 1.017470390220161534e+02
8.682884255391445549e+03 1.007173294910448362e+02
8.683084202065219870e+03 9.946813303141836116e+01
8.683284148738997828e+03 9.727086667462046421e+01
8.683484095412772149e+03 1.011626677363879736e+02
8.683684042086548288e+03 9.826282397382631473e+01
8.683883988760326247e+03 1.009949608718855956e+02
8.684083935434100567e+03 1.011816807960595384e+02
8.684283882107876707e+03 9.784948493351483023e+01
8.684483828781652846e+03 9.932721695376130810e+01
8.684683775455428986e+03 1.002661772628598129e+02
8.684883722129205125e+03 1.017423887853108369e+02
8.685083668802981265e+03 1.009440881406337240e+02
8.685283615476757404e+03 9.918608902083448697e+01
8.685483562150529906e+03 9.900830321597102568e+01
8.685683508824307864e+03 9.518357106961558145e+01
8.685883455498084004e+03 9.352875702535170888e+01
8.686083402171858324e+03 8.482760737335219403e+01
8.686283348845636283e+03 8.496219433293728684e+01
8.686483295519410603e+03 8.635347326891148612e+01
8.686683242193186743e+03 8.949079388117449696e+01
8.686883188866964701e+03 9.550659898559536032e+01
8.687083135540739022e+03 9.574817901282480648e+01
8.687283082214515161e+03 1.000790575029735123e+02
8.687483028888291301e+03 1.000147202538804265e+02
8.687682975562067440e+03 9.950999151352563388e+01
8.687882922235843580e+03 1.011577774439272162e+02
8.688082868909619719e+03 1.004862608016831729e+02
8.688282815583394040e+03 1.012011765466824329e+02
8.688482762257168361e+03 1.022355486467296970e+02
8.688682708930946319e+03 9.971123240251355924e+01
8.688882655604722459e+03 1.000062843530703134e+02
8.689082602278496779e+03 9.706018687196329608e+01
8.689282548952274738e+03 1.002885962170520742e+02
8.689482495626049058e+03 9.904782690411218482e+01
8.689682442299825198e+03 1.012199147396780461e+02
8.689882388973603156e+03 9.917899952871829328e+01
8.690082335647377477e+03 9.705788252886648593e+01
8.690282282321153616e+03 9.832189027383735436e+01
8.690482228994929756e+03 9.772202673823601060e+01
8.690682175668705895e+03 9.640294440028417000e+01
8.690882122342480216e+03 1.027429227579586382e+02
8.691082069016256355e+03 1.014654327443049056e+02
8.691282015690032495e+03 9.770711717390250328e+01
8.691481962363806815e+03 9.983095637928620647e+01
8.691681909037584774e+03 9.993739156839848192e+01
8.691881855711360913e+03 1.010869452811103031e+02
8.692081802385135234e+03 9.908655326338522684e+01
8.692281749058913192e+03 9.904837451522291758e+01
8.692481695732687513e+03 9.942825096495693060e+01
8.692681642406463652e+03 9.930859403587179202e+01
8.692881589080241611e+03 1.002114933315346406e+02
8.693081535754015931e+03 9.886950303197782830e+01
8.693281482427792071e+03 1.009295220313099151e+02
8.693481429101568210e+03 1.003801578140555080e+02
8.693681375775342531e+03 1.022212666292247718e+02
8.693881322449118670e+03 9.710946717256599925e+01
8.694081269122894810e+03 9.743002511839384283e+01
8.694281215796670949e+03 1.010348485884428555e+02
8.694481162470445270e+03 1.012265276554761613e+02
8.694681109144223228e+03 9.763946730448459732e+01
8.694881055817999368e+03 9.918681893192244559e+01
8.695081002491773688e+03 9.934554448792826520e+01
8.695280949165551647e+03 9.930040513915018607e+01
8.695480895839325967e+03 1.003607538426558961e+02
8.695680842513102107e+03 1.006045957988854411e+02
8.695880789186880065e+03 9.851729339649551775e+01
8.696080735860654386e+03 9.973112940149751182e+01
8.696280682534428706e+03 9.672431154421283850e+01
8.696480629208204846e+03 9.930574275862697675e+01
8.696680575881980985e+03 9.995716874755845538e+01
8.696880522555757125e+03 9.773717232135670940e+01
8.697080469229533264e+03 9.910168263294865199e+01
8.697280415903309404e+03 1.015001020939819654e+02
8.697480362577083724e+03 1.003629477816336362e+02
8.697680309250861683e+03 1.003744534510432374e+02
8.697880255924637822e+03 9.880403939584510908e+01
8.698080202598412143e+03 9.942428339846057384e+01
8.698280149272190101e+03 9.790230603682948640e+01
8.698480095945964422e+03 9.881526525349863732e+01
8.698680042619740561e+03 1.006197285564778952e+02
8.698879989293518520e+03 1.010663645701624205e+02
8.699079935967291021e+03 1.018156861777997904e+02
8.699279882641067161e+03 9.940634572943156400e+01
8.699479829314843300e+03 1.016423318996223628e+02
8.699679775988619440e+03 1.014743566478143038e+02
8.699879722662395579e+03 1.011244690843263641e+02
8.700079669336171719e+03 9.941231345202922398e+01
8.700279616009947858e+03 9.832753492918794791e+01
8.700479562683722179e+03 9.952851190664493686e+01
8.700679509357500137e+03 1.002835661339569953e+02
8.700879456031276277e+03 1.017646559778741562e+02
8.701079402705050597e+03 9.950297066555887682e+01
8.701279349378828556e+03 1.020107426111595998e+02
8.701479296052602876e+03 9.944828780895045384e+01
8.701679242726377197e+03 1.033559615528385507e+02
8.701879189400155155e+03 9.949493925192524557e+01
8.702079136073929476e+03 1.006056880540947844e+02
8.702279082747705615e+03 9.650666466285974820e+01
8.702479029421481755e+03 9.811177233804291120e+01
8.702678976095257894e+03 1.021155796692689393e+02
8.702878922769034034e+03 1.021912420901030742e+02
8.703078869442810173e+03 1.008252434064349075e+02
8.703278816116586313e+03 9.938496405500968933e+01
8.703478762790360634e+03 9.879166576394180765e+01
8.703678709464138592e+03 1.005454650328201467e+02
8.703878656137914732e+03 1.002527597882028090e+02
8.704078602811689052e+03 1.003082007754159406e+02
8.704278549485467011e+03 9.995955525717813828e+01
8.704478496159239512e+03 1.012941396890561663e+02
8.704678442833015652e+03 1.011784808647379208e+02
8.704878389506793610e+03 1.016962730395916452e+02
8.705078336180567931e+03 9.887969573086247976e+01
8.705278282854344070e+03 1.021107543091839176e+02
8.705478229528120210e+03 9.741800740180687512e+01
8.705678176201896349e+03 1.023480086546171322e+02
8.705878122875672489e+03 9.864982621266973695e+01
8.706078069549448628e+03 1.001341738127518681e+02
8.706278016223224768e+03 1.002919218197472162e+02
8.706477962896999088e+03 9.904451595739466541e+01
8.706677909570777047e+03 1.003642657477983420e+02
8.706877856244553186e+03 1.002930640389652552e+02
8.707077802918327507e+03 1.026125727894202129e+02
8.707277749592103646e+03 1.007291477872831962e+02
8.707477696265877967e+03 1.000600497642905395e+02
8.707677642939654106e+03 9.922906448102072829e+01
8.707877589613432065e+03 1.002275937168293467e+02
8.708077536287206385e+03 9.802923109164213145e+01
8.708277482960982525e+03 9.978697006747141529e+01
8.708477429634758664e+03 9.846870699503547542e+01
8.708677376308534804e+03 9.844799077873354065e+01
8.708877322982310943e+03 9.733097812966369133e+01
8.709077269656087083e+03 9.938508323930294353e+01
8.709277216329863222e+03 1.001938801126756431e+02
8.709477163003637543e+03 1.003906910780709012e+02
8.709677109677415501e+03 9.769525421819099620e+01
8.709877056351189822e+03 1.025227801463607022e+02
8.710077003024964142e+03 1.045070420856877291e+02
8.710276949698742101e+03 9.939976416388140024e+01
8.710476896372516421e+03 9.919620455227423861e+01
8.710676843046292561e+03 9.927390946007804473e+01
8.710876789720070519e+03 9.792715282767623819e+01
8.711076736393844840e+03 9.889355713187872254e+01
8.711276683067620979e+03 1.007783243518123015e+02
8.711476629741397119e+03 1.021349869086247111e+02
8.711676576415173258e+03 9.956445670889978317e+01
8.711876523088949398e+03 1.010767502998534155e+02
8.712076469762725537e+03 9.962389035174864205e+01
8.712276416436501677e+03 9.804464125417966613e+01
8.712476363110275997e+03 9.936948346293917211e+01
8.712676309784052137e+03 1.004263899157214581e+02
8.712876256457828276e+03 9.907195644572864524e+01
8.713076203131602597e+03 1.018157709752282329e+02
8.713276149805380555e+03 9.832197800644014762e+01
8.713476096479154876e+03 9.813348275195978943e+01
8.713676043152931015e+03 1.000908439365105806e+02
8.713875989826708974e+03 1.009183630044883984e+02
8.714075936500483294e+03 1.015825948468234543e+02
8.714275883174259434e+03 1.008718911252794612e+02
8.714475829848035573e+03 1.008181348325284574e+02
8.714675776521811713e+03 9.970450204774955694e+01
8.714875723195587852e+03 1.001396701145419286e+02
8.715075669869363992e+03 1.023330345316086323e+02
8.715275616543138312e+03 9.776530154444974130e+01
8.715475563216912633e+03 9.916862195226747190e+01
8.715675509890690591e+03 9.966963062921701066e+01
8.715875456564466731e+03 1.008596944361726031e+02
8.716075403238241051e+03 9.805759052008329490e+01
8.716275349912019010e+03 9.832717516518272305e+01
8.716475296585793330e+03 1.017184903007683516e+02
8.716675243259569470e+03 9.849396307749933044e+01
8.716875189933347428e+03 1.003288503430320304e+02
8.717075136607121749e+03 1.011624071123236490e+02
8.717275083280897888e+03 1.032918451422051902e+02
8.717475029954674028e+03 9.917982297240084222e+01
8.717674976628450167e+03 9.901423446808048823e+01
8.717874923302226307e+03 1.009629431541177524e+02
8.718074869976000628e+03 1.020159822889266792e+02
8.718274816649776767e+03 1.009838333814796414e+02
8.718474763323551088e+03 1.015992699593764144e+02
8.718674709997329046e+03 9.959898368755979448e+01
8.718874656671105186e+03 1.007855725254801769e+02
8.719074603344879506e+03 1.012429851720447829e+02
8.719274550018657465e+03 9.973321680180718829e+01
8.719474496692431785e+03 1.000239281646747713e+02
8.719674443366207925e+03 9.976651232206140207e+01
8.719874390039985883e+03 1.013101241824657990e+02
8.720074336713760204e+03 1.028741456997618116e+02
8.720274283387536343e+03 9.843147798089611911e+01
8.720474230061312483e+03 9.969039494879608299e+01
8.720674176735086803e+03 9.689145343698237411e+01
8.720874123408862943e+03 1.021939935548474807e+02
8.721074070082639082e+03 1.008514004990537956e+02
8.721274016756415222e+03 1.004460146491491059e+02
8.721473963430189542e+03 1.000080999852632431e+02
8.721673910103967501e+03 9.676214692141373064e+01
8.721873856777743640e+03 1.003932630756191884e+02
8.722073803451517961e+03 1.004232396737883448e+02
8.722273750125295919e+03 9.803233232829978760e+01
8.722473696799070240e+03 1.011270305476825655e+02
8.722673643472846379e+03 9.732244268643222540e+01
8.722873590146624338e+03 9.976391326427625472e+01
8.723073536820398658e+03 1.019517932039013175e+02
8.723273483494174798e+03 9.800548279227767523e+01
8.723473430167949118e+03 9.777417997642535852e+01
8.723673376841725258e+03 1.013244334013258907e+02
8.723873323515501397e+03 9.667499936860208720e+01
8.724073270189277537e+03 1.013189327920210872e+02
8.724273216863053676e+03 9.960447517973911147e+01
8.724473163536827997e+03 9.868901327660326217e+01
8.724673110210605955e+03 9.762942903915191550e+01
8.724873056884382095e+03 1.011068354393706414e+02
8.725073003558156415e+03 1.030411817885296131e+02
8.725272950231934374e+03 1.019145126708940694e+02
8.725472896905708694e+03 1.006024816576232439e+02
8.725672843579484834e+03 9.636300844255781328e+01
8.725872790253262792e+03 1.017937122854037568e+02
8.726072736927035294e+03 9.709368486349733018e+01
8.726272683600811433e+03 9.877300820312282781e+01
8.726472630274587573e+03 1.017784566640487185e+02
8.726672576948363712e+03 1.022889102237395207e+02
8.726872523622139852e+03 1.010615955390195637e+02
8.727072470295915991e+03 9.977109544526808804e+01
8.727272416969692131e+03 9.985021675485016601e+01
8.727472363643466451e+03 1.004919909811178655e+02
8.727672310317244410e+03 9.854343325685219668e+01
