8.478586784424816869e+03 9.717487751855443889e+01
8.478786751094263309e+03 9.989567144805320709e+01
8.478986717763704291e+03 9.918832308436135747e+01
8.479186684433148912e+03 9.827168877983639561e+01
8.479386651102591713e+03 1.001363022030102456e+02
8.479586617772036334e+03 9.899085359794453609e+01
8.479786584441482773e+03 9.863482640511577415e+01
8.479986551110925575e+03 9.477182331320423714e+01
8.480186517780368376e+03 9.341100676173545025e+01
8.480386484449811178e+03 9.253528275168710593e+01
8.480586451119255798e+03 8.858398005727707414e+01
8.480786417788702238e+03 8.840777101561251072e+01
8.480986384458145039e+03 9.119259806856048556e+01
8.481186351127589660e+03 9.704897711298752938e+01
8.481386317797030642e+03 1.009911578053744847e+02
8.481586284466475263e+03 9.774393360892925386e+01
8.481786251135921702e+03 9.749762598830157856e+01
8.481986217805364504e+03 9.917350777406218754e+01
8.482186184474809124e+03 9.686126479986701554e+01
8.482386151144251926e+03 1.037208019216834032e+02
8.482586117813696546e+03 1.023351910613273077e+02
8.482786084483141167e+03 1.011442264067436980e+02
8.482986051152583968e+03 9.905841563227598101e+01
8.483186017822028589e+03 1.011206805085760436e+02
8.483385984491471390e+03 1.004183436274870331e+02
8.483585951160916011e+03 9.756261999541266050e+01
8.483785917830362450e+03 9.878775541571853580e+01
8.483985884499803433e+03 9.797705376356256579e+01
8.484185851169248053e+03 9.714380251700144697e+01
8.484385817838690855e+03 9.921209848602316583e+01
8.484585784508135475e+03 1.016433957105904540e+02
8.484785751177581915e+03 9.927960451652523943e+01
8.484985717847024716e+03 1.018876966692401567e+02
8.485185684516469337e+03 1.019373789939843391e+02
8.485385651185910319e+03 1.013215558755571521e+02
8.485585617855356759e+03 1.004991237728426086e+02
8.485785584524801379e+03 1.015784457789478381e+02
8.485985551194244181e+03 9.870157787544299310e+01
8.486185517863688801e+03 9.855104292101049168e+01
8.486385484533131603e+03 9.875133672426953524e+01
8.486585451202576223e+03 9.815398860184927798e+01
8.486785417872020844e+03 9.906374381197925061e+01
8.486985384541463645e+03 1.027198904349362465e+02
8.487185351210908266e+03 9.831563930741431534e+01
8.487385317880351067e+03 1.000982862705169083e+02
8.487585284549797507e+03 9.667559607321342696e+01
8.487785251219242127e+03 1.034557470390133176e+02
8.487985217888683110e+03 9.992498374924410598e+01
8.488185184558127730e+03 9.873618951385758180e+01
8.488385151227570532e+03 1.027813365632765681e+02
8.488585117897016971e+03 9.637247570060303303e+01
8.488785084566461592e+03 9.798058352855480280e+01
8.488985051235904393e+03 9.956958722701320141e+01
8.489185017905347195e+03 9.880065654569011713e+01
8.489384984574789996e+03 9.998473904620705355e+01
8.489584951244236436e+03 9.989904723687627097e+01
8.489784917913681056e+03 1.009346432708161529e+02
8.489984884583123858e+03 9.239372582767451547e+01
8.490184851252568478e+03 9.869083595749759752e+01
8.490384817922011280e+03 9.736298279808369216e+01
8.490584784591455900e+03 9.539348950843982777e+01
8.490784751260900521e+03 9.918626442724158210e+01
8.490984717930343322e+03 9.654599469085309238e+01
8.491184684599787943e+03 9.696450507214949255e+01
8.491384651269230744e+03 9.566187578827737070e+01
8.491584617938677184e+03 9.995916311634644558e+01
8.491784584608119985e+03 9.810036298029568513e+01
8.491984551277562787e+03 9.542245938068157329e+01
8.492184517947007407e+03 9.937518769987940459e+01
8.492384484616450209e+03 9.531903190099106382e+01
8.492584451285896648e+03 9.771440920602236702e+01
8.492784417955341269e+03 9.606559249945833301e+01
8.492984384624782251e+03 9.663256881958596978e+01
8.493184351294226872e+03 9.307931391377657349e+01
8.493384317963669673e+03 9.716486161492208851e+01
8.493584284633116113e+03 9.534323105798436870e+01
8.493784251302560733e+03 9.737715277311328066e+01
8.493984217972003535e+03 9.329750263432087820e+01
8.494184184641448155e+03 8.881119298036463761e+01
8.494384151310889138e+03 8.799698627302130660e+01
8.494584117980335577e+03 8.952161072499821159e+01
8.494784084649780198e+03 8.800503704689569417e+01
8.494984051319222999e+03 8.312273570124403932e+01
8.495184017988667620e+03 7.952538601797422757e+01
8.495383984658110421e+03 7.490986120251920966e+01
8.495583951327555042e+03 6.908302956582522825e+01
8.495783917996999662e+03 5.823089408127944466e+01
8.495983884666442464e+03 5.820969913049022182e+01
8.496183851335887084e+03 5.172993736873932136e+01
8.496383818005331705e+03 4.153828187732786148e+01
8.496583784674776325e+03 4.391235704521487548e+01
8.496783751344220946e+03 4.310308278064185572e+01
8.496983718013661928e+03 5.337097495526641211e+01
8.497183684683106549e+03 5.992012924561379350e+01
8.497383651352551169e+03 6.611617204318392282e+01
8.497583618021995790e+03 7.295586529744501547e+01
8.497783584691440410e+03 7.778119710257931274e+01
8.497983551360883212e+03 8.091816991013182303e+01
8.498183518030326013e+03 8.868760153840992189e+01
8.498383484699770634e+03 9.047018639994051625e+01
8.498583451369215254e+03 9.167093350065088941e+01
8.498783418038659875e+03 9.432023578984166079e+01
8.498983384708102676e+03 9.333165537076936857e+01
8.499183351377547297e+03 9.724032370797040414e+01
8.499383318046991917e+03 9.474058828335461158e+01
8.499583284716434719e+03 9.683870919243061337e+01
8.499783251385879339e+03 9.381666524076246105e+01
8.499983218055322141e+03 8.942363508307325048e+01
8.500183184724766761e+03 9.176482117802191851e+01
8.500383151394211382e+03 9.171463291725875422e+01
8.500583118063656002e+03 9.269136403980022010e+01
8.500783084733098804e+03 9.448442355022922357e+01
8.500983051402541605e+03 9.211923227194640162e+01
8.501183018071986226e+03 9.639415854107403447e+01
8.501382984741430846e+03 9.425356074634194670e+01
8.501582951410875467e+03 9.924314270974460328e+01
8.501782918080320087e+03 9.536796092867149355e+01
8.501982884749762889e+03 9.689648023545191791e+01
8.502182851419205690e+03 9.883883152843094422e+01
8.502382818088650311e+03 9.608983326823587845e+01
8.502582784758094931e+03 9.989047185258580441e+01
8.502782751427539552e+03 1.007202325626142994e+02
8.502982718096982353e+03 9.995467822338343922e+01
8.503182684766426974e+03 9.907725329958154248e+01
8.503382651435869775e+03 9.689413434113210144e+01
8.503582618105314396e+03 9.643596027501999401e+01
8.503782584774759016e+03 1.009371397096641942e+02
8.503982551444201818e+03 1.022417482637298036e+02
8.504182518113646438e+03 9.748384371360786815e+01
8.504382484783091058e+03 9.709727287608551194e+01
8.504582451452535679e+03 9.313605210614520047e+01
8.504782418121978480e+03 9.763687798462255785e+01
8.504982384791421282e+03 9.994805428265631519e+01
8.505182351460865902e+03 9.753510526694819305e+01
8.505382318130310523e+03 9.880854465328076230e+01
8.505582284799755143e+03 9.727092028303012228e+01
8.505782251469199764e+03 9.967176462859349328e+01
8.505982218138640746e+03 1.060839633996745448e+02
8.506182184808085367e+03 9.696366424544022777e+01
8.506382151477529987e+03 9.966180422103633418e+01
8.506582118146974608e+03 9.929456391921056024e+01
8.506782084816419228e+03 9.536089625401966430e+01
8.506982051485862030e+03 9.754042771686120261e+01
8.507182018155306650e+03 9.921310548577834254e+01
8.507381984824749452e+03 9.722513780996006005e+01
8.507581951494194072e+03 1.032639182568663756e+02
8.507781918163638693e+03 9.856084728782138882e+01
8.507981884833081494e+03 9.833524216788384820e+01
8.508181851502527934e+03 1.000143659708631958e+02
8.508381818171970735e+03 9.878953342400669158e+01
8.508581784841413537e+03 9.971703206981457868e+01
8.508781751510858157e+03 9.816023229288367702e+01
8.508981718180300959e+03 1.027197433577161121e+02
8.509181684849747398e+03 9.877483934930255316e+01
8.509381651519190200e+03 9.910878636891654025e+01
8.509581618188634820e+03 9.709838810272098897e+01
8.509781584858077622e+03 9.926881894317860144e+01
8.509981551527520423e+03 9.938616520235639484e+01
8.510181518196966863e+03 1.004321677055568358e+02
8.510381484866409664e+03 1.014019654839073752e+02
8.510581451535854285e+03 9.950823071418015786e+01
8.510781418205298905e+03 9.837906824894984936e+01
8.510981384874741707e+03 1.024919781637338474e+02
8.511181351544186327e+03 1.028466335629649393e+02
8.511381318213629129e+03 1.006965567888618978e+02
8.511581284883073749e+03 1.038526331888700298e+02
8.511781251552518370e+03 9.880934517205355405e+01
8.511981218221961171e+03 9.280500288815348142e+01
8.512181184891407611e+03 8.667898445603154300e+01
8.512381151560848593e+03 8.333773416666035416e+01
8.512581118230293214e+03 7.858844418516341079e+01
8.512781084899737834e+03 8.128325936248182870e+01
8.512981051569180636e+03 8.445925656863414588e+01
8.513181018238627075e+03 8.789186206451290673e+01
8.513380984908069877e+03 8.732176704068969286e+01
8.513580951577514497e+03 9.136657406475889331e+01
8.513780918246957299e+03 9.028556904474477562e+01
8.513980884916400100e+03 9.447465683439554596e+01
8.514180851585846540e+03 9.543423886179284921e+01
8.514380818255289341e+03 1.007919913251973725e+02
8.514580784924733962e+03 9.961532118773790501e+01
8.514780751594178582e+03 9.988508990553998501e+01
8.514980718263619565e+03 1.020468396090153220e+02
8.515180684933066004e+03 9.933277277752044654e+01
8.515380651602508806e+03 1.013609410861994178e+02
8.515580618271953426e+03 9.687519112258242160e+01
8.515780584941398047e+03 9.851798445465568932e+01
8.515980551610840848e+03 1.001958380201598970e+02
8.516180518280287288e+03 9.368950726726615130e+01
8.516380484949728270e+03 9.275973275863802314e+01
8.516580451619172891e+03 9.400557497271236684e+01
8.516780418288617511e+03 9.205602327053794909e+01
8.516980384958060313e+03 9.150099764034399641e+01
8.517180351627506752e+03 9.565562225422775100e+01
8.517380318296949554e+03 9.701329733294599578e+01
8.517580284966392355e+03 9.692927109488618953e+01
8.517780251635836976e+03 1.001949305832166033e+02
8.517980218305281596e+03 9.885524000490470087e+01
8.518180184974726217e+03 9.972635823430935886e+01
8.518380151644169018e+03 9.979196591407676920e+01
8.518580118313613639e+03 9.586940990556561815e+01
8.518780084983058259e+03 1.017370441514083694e+02
8.518980051652501061e+03 1.002580682913853423e+02
8.519180018321945681e+03 1.016420201656259223e+02
8.519379984991388483e+03 9.513574994703661503e+01
8.519579951660833103e+03 9.659356705879639549e+01
8.519779918330277724e+03 9.680031594777119608e+01
8.519979884999722344e+03 9.803022945724950432e+01
8.520179851669165146e+03 9.947044871205007155e+01
8.520379818338607947e+03 9.739637451053226869e+01
8.520579785008052568e+03 9.863905130299821167e+01
8.520779751677497188e+03 1.009299482858790782e+02
8.520979718346941809e+03 9.686490755433078448e+01
8.521179685016386429e+03 1.010077144630126469e+02
8.521379651685827412e+03 9.711665111804190076e+01
8.521579618355272032e+03 9.771028295512176953e+01
8.521779585024716653e+03 9.893499940672684545e+01
8.521979551694161273e+03 9.760092904235126809e+01
8.522179518363605894e+03 9.920275820617824536e+01
8.522379485033048695e+03 9.970979437478723639e+01
8.522579451702493316e+03 9.776704595473819381e+01
8.522779418371936117e+03 1.017993437437620230e+02
8.522979385041380738e+03 9.506349238229788057e+01
8.523179351710825358e+03 9.621583668667690858e+01
8.523379318380268160e+03 9.573192236023886892e+01
8.523579285049712780e+03 1.009706740940448242e+02
8.523779251719157401e+03 9.972829814801600889e+01
8.523979218388600202e+03 1.026301036873228583e+02
8.524179185058044823e+03 9.572396212353041278e+01
8.524379151727487624e+03 9.685838768954455702e+01
8.524579118396932245e+03 9.508021030717236499e+01
8.524779085066376865e+03 9.394770141653759765e+01
8.524979051735821486e+03 9.357690764092784264e+01
8.525179018405266106e+03 9.450427870075857584e+01
8.525378985074707089e+03 9.240224437270131830e+01
8.525578951744151709e+03 9.415536103604277685e+01
8.525778918413596330e+03 9.318836987289039087e+01
8.525978885083040950e+03 8.931589287236778318e+01
8.526178851752485571e+03 9.073088909314026296e+01
8.526378818421928372e+03 9.181173167790711886e+01
8.526578785091371174e+03 9.863008661749697126e+01
8.526778751760815794e+03 9.772023634700187245e+01
8.526978718430260415e+03 9.325765809907206005e+01
8.527178685099705035e+03 9.475390520142465789e+01
8.527378651769147837e+03 9.747569327874528256e+01
8.527578618438592457e+03 9.698522231089734191e+01
8.527778585108037078e+03 9.945864537261603289e+01
8.527978551777479879e+03 9.889709634488670531e+01
8.528178518446924500e+03 1.019869828294117298e+02
8.528378485116367301e+03 9.504419081414059178e+01
8.528578451785811922e+03 1.001883323771969714e+02
8.528778418455258361e+03 9.789700230971706674e+01
8.528978385124701163e+03 9.726605959613155505e+01
8.529178351794143964e+03 9.392329581225673962e+01
8.529378318463586766e+03 9.813978262644897654e+01
8.529578285133031386e+03 9.696024087943156644e+01
8.529778251802477826e+03 9.658317361012655056e+01
8.529978218471920627e+03 9.268609575133406508e+01
8.530178185141365248e+03 9.616919978343143782e+01
8.530378151810808049e+03 9.069238043434764052e+01
8.530578118480250851e+03 1.008480889829509550e+02
8.530778085149697290e+03 9.866677874474811460e+01
8.530978051819140092e+03 9.722948214628705443e+01
8.531178018488584712e+03 9.907713353344711038e+01
8.531377985158027514e+03 9.385337673873452502e+01
8.531577951827472134e+03 9.906892346358642953e+01
8.531777918496916755e+03 9.754933401781437396e+01
8.531977885166359556e+03 9.413216966180334566e+01
8.532177851835804177e+03 9.267355049405225031e+01
8.532377818505246978e+03 9.528964493649581868e+01
8.532577785174691599e+03 9.373770883476090887e+01
8.532777751844138038e+03 9.231666708933681775e+01
8.532977718513579021e+03 9.255907475617229352e+01
8.533177685183023641e+03 9.413154452390939753e+01
8.533377651852466443e+03 9.385889232505883228e+01
8.533577618521911063e+03 9.588966908941590361e+01
8.533777585191357502e+03 9.125854759118016091e+01
8.533977551860800304e+03 9.358133131778886593e+01
8.534177518530244924e+03 9.051483570498554343e+01
8.534377485199685907e+03 8.813736530978492567e+01
8.534577451869130527e+03 9.094121314690841018e+01
8.534777418538576967e+03 8.771258012655674463e+01
8.534977385208019768e+03 8.811409879107232257e+01
8.535177351877464389e+03 8.951245946996097302e+01
8.535377318546907190e+03 9.055855310728259155e+01
8.535577285216349992e+03 9.156504988840148940e+01
8.535777251885796431e+03 8.567253883948593796e+01
8.535977218555239233e+03 8.994222213589711146e+01
8.536177185224683853e+03 8.557262064843594374e+01
8.536377151894126655e+03 8.465770891453999525e+01
8.536577118563571275e+03 8.229703740648587029e+01
8.536777085233017715e+03 8.045576293794802325e+01
8.536977051902458697e+03 8.492224859288184291e+01
8.537177018571903318e+03 8.426444073487706987e+01
8.537376985241346119e+03 7.760966208825435331e+01
8.537576951910790740e+03 7.710538967261190635e+01
8.537776918580237179e+03 7.843013639022036898e+01
8.537976885249679981e+03 7.566272909576791506e+01
8.538176851919122782e+03 7.048719804271082978e+01
8.538376818588565584e+03 7.038790656993677430e+01
8.538576785258010204e+03 6.949525457226654623e+01
8.538776751927456644e+03 6.849672027805456764e+01
8.538976718596899445e+03 6.707466863711773897e+01
8.539176685266344066e+03 6.931578900126346809e+01
8.539376651935786867e+03 6.195098491414449882e+01
8.539576618605231488e+03 5.635372224283339904e+01
8.539776585274676108e+03 5.437942890068082846e+01
8.539976551944118910e+03 4.871860933171262076e+01
8.540176518613563530e+03 4.261755903857704197e+01
8.540376485283006332e+03 3.912352519432957365e+01
8.540576451952452771e+03 3.336372874405056166e+01
8.540776418621895573e+03 3.608532578625029430e+01
8.540976385291338374e+03 3.360256768056176924e+01
8.541176351960782995e+03 4.346614530542897370e+01
8.541376318630225796e+03 4.592170887834205217e+01
8.541576285299672236e+03 5.446912061745763367e+01
8.541776251969116856e+03 5.584328880477273316e+01
8.541976218638559658e+03 5.813656245740892814e+01
8.542176185308002459e+03 6.171058102743425877e+01
8.542376151977445261e+03 6.452010900934834581e+01
8.542576118646891700e+03 6.768531057768331038e+01
8.542776085316336321e+03 7.336524448882148874e+01
8.542976051985779122e+03 7.295376133837424959e+01
8.543176018655223743e+03 7.688738271115538225e+01
8.543375985324664725e+03 7.559092779128465622e+01
8.543575951994111165e+03 7.906780184107067555e+01
8.543775918663555785e+03 7.511741586276248484e+01
8.543975885332998587e+03 8.108637165943491709e+01
8.544175852002443207e+03 8.394365270232711396e+01
8.544375818671886009e+03 8.672029485653864356e+01
8.544575785341332448e+03 8.452475730097218332e+01
8.544775752010775250e+03 8.900096959635199312e+01
8.544975718680218051e+03 8.686613677774502662e+01
8.545175685349662672e+03 8.645022067912246655e+01
8.545375652019105473e+03 8.821033777451447122e+01
8.545575618688551913e+03 8.550068979294472626e+01
8.545775585357996533e+03 8.708848011192323213e+01
8.545975552027437516e+03 8.862569832466819264e+01
8.546175518696882136e+03 8.954597174832387907e+01
8.546375485366324938e+03 8.835581316997001977e+01
8.546575452035771377e+03 9.027679202690043780e+01
8.546775418705215998e+03 8.896133050051194857e+01
8.546975385374658799e+03 8.682990780617461724e+01
8.547175352044101601e+03 9.536306952191264941e+01
8.547375318713544402e+03 8.985366520435312054e+01
8.547575285382990842e+03 9.077276415622006311e+01
8.547775252052435462e+03 9.312339948589749383e+01
8.547975218721878264e+03 9.450106578613419117e+01
8.548175185391322884e+03 9.395875159780464969e+01
8.548375152060765686e+03 9.115077719227370778e+01
8.548575118730210306e+03 9.536414000290605486e+01
8.548775085399654927e+03 9.133153205736901725e+01
8.548975052069097728e+03 9.450708815029956611e+01
8.549175018738542349e+03 9.222590830344357471e+01
8.549374985407986969e+03 9.913449379221697200e+01
8.549574952077431590e+03 9.449487780545601368e+01
8.549774918746874391e+03 9.571594714638651169e+01
8.549974885416317193e+03 9.055676731313153027e+01
8.550174852085761813e+03 9.974433269060862983e+01
8.550374818755206434e+03 9.493376832341785132e+01
8.550574785424651054e+03 9.388978871178214547e+01
8.550774752094095675e+03 1.026199797224762591e+02
8.550974718763538476e+03 9.618418836712980635e+01
8.551174685432981278e+03 9.680777894546167772e+01
8.551374652102425898e+03 9.712347433093906091e+01
8.551574618771870519e+03 9.681934665503136728e+01
8.551774585441315139e+03 9.624792555611207945e+01
8.551974552110757941e+03 9.770662856941056873e+01
8.552174518780202561e+03 9.596915636214059475e+01
8.552374485449645363e+03 9.853949434900368942e+01
8.552574452119089983e+03 9.808921661958274285e+01
8.552774418788534604e+03 9.613879249853353315e+01
8.552974385457977405e+03 9.573451874708489129e+01
8.553174352127422026e+03 9.890844695755494342e+01
8.553374318796866646e+03 9.895462960745491898e+01
8.553574285466311267e+03 9.728782703538830390e+01
8.553774252135754068e+03 9.484271010310941108e+01
8.553974218805196870e+03 1.005958527953124957e+02
8.554174185474641490e+03 9.932133990050375871e+01
8.554374152144086111e+03 9.774997928663385949e+01
8.554574118813530731e+03 9.577608230257641253e+01
8.554774085482975352e+03 9.692660765945281298e+01
8.554974052152416334e+03 9.678493903919006414e+01
8.555174018821860955e+03 9.339855275780968213e+01
8.555373985491305575e+03 9.305987421904117696e+01
8.555573952160750196e+03 8.991967410042801134e+01
8.555773918830194816e+03 9.627387088580746877e+01
8.555973885499637618e+03 9.389891404879513459e+01
8.556173852169082238e+03 1.009214505355432578e+02
8.556373818838525040e+03 1.011929587705712237e+02
8.556573785507969660e+03 9.263406075011381802e+01
8.556773752177414281e+03 9.943659019008472910e+01
8.556973718846857082e+03 9.862349365002492618e+01
8.557173685516301703e+03 1.004034082897096027e+02
8.557373652185746323e+03 9.625102146453927787e+01
8.557573618855189125e+03 9.941377176744961730e+01
8.557773585524633745e+03 1.009256820705565758e+02
8.557973552194076547e+03 9.584915565399762727e+01
8.558173518863521167e+03 9.961975113670320070e+01
8.558373485532965788e+03 9.770495248046752579e+01
8.558573452202410408e+03 9.745282499463118597e+01
8.558773418871853210e+03 9.825024019828991584e+01
8.558973385541296011e+03 9.732885488024463427e+01
8.559173352210740632e+03 1.005192694823946198e+02
8.559373318880185252e+03 9.866120738427167680e+01
8.559573285549629873e+03 9.534088847309210735e+01
8.559773252219074493e+03 9.591549292120126324e+01
8.559973218888517295e+03 9.805897750051985895e+01
8.560173185557961915e+03 9.714885177641147607e+01
8.560373152227404717e+03 9.827411067981864790e+01
8.560573118896849337e+03 1.008357582166662212e+02
8.560773085566293958e+03 1.010671750092126899e+02
8.560973052235736759e+03 9.520114297574458817e+01
8.561173018905183199e+03 9.850881700132913465e+01
8.561372985574624181e+03 1.035167130365840507e+02
8.561572952244068802e+03 1.005853292922045767e+02
8.561772918913513422e+03 9.846398200911799847e+01
8.561972885582956224e+03 1.010833312678784068e+02
8.562172852252402663e+03 9.895128004421600565e+01
8.562372818921845465e+03 1.000415768349636920e+02
8.562572785591290085e+03 1.008241907189106001e+02
8.562772752260732886e+03 9.886257301558123345e+01
8.562972718930175688e+03 1.011762466771123741e+02
8.563172685599622127e+03 1.007195205873493791e+02
8.563372652269064929e+03 1.012103665387835889e+02
8.563572618938509549e+03 9.654155494959852035e+01
8.563772585607954170e+03 1.001507526937293022e+02
8.563972552277395152e+03 9.827008100735299934e+01
8.564172518946841592e+03 9.960824821467376466e+01
8.564372485616284393e+03 9.707323295795303864e+01
8.564572452285729014e+03 9.776063794931425832e+01
8.564772418955173634e+03 1.025723755103529413e+02
8.564972385624616436e+03 9.528993638752787376e+01
8.565172352294062875e+03 9.952473269454750948e+01
8.565372318963503858e+03 9.853348301282613875e+01
8.565572285632948478e+03 9.848379558139539824e+01
8.565772252302393099e+03 1.014128407475656957e+02
8.565972218971835900e+03 9.969306056071711453e+01
8.566172185641282340e+03 9.780488834305064927e+01
8.566372152310725141e+03 9.386234663411406132e+01
8.566572118980167943e+03 9.969051062942764929e+01
8.566772085649612563e+03 9.550434442645745037e+01
8.566972052319055365e+03 9.939624677969894151e+01
8.567172018988501804e+03 1.001881616866883462e+02
8.567371985657944606e+03 9.969340148090483922e+01
8.567571952327389226e+03 1.005516850460959688e+02
8.567771918996833847e+03 1.039407211658682400e+02
8.567971885666274829e+03 9.771244758759681304e+01
8.568171852335721269e+03 1.007398526994653167e+02
8.568371819005164070e+03 1.021502574737681783e+02
8.568571785674608691e+03 9.771869306605316297e+01
8.568771752344053311e+03 9.830441756802618158e+01
8.568971719013496113e+03 9.764927999264361347e+01
8.569171685682940733e+03 1.002624744557388112e+02
8.569371652352383535e+03 1.014683086882166521e+02
8.569571619021828155e+03 9.749727011856739978e+01
8.569771585691272776e+03 9.648539576889271530e+01
8.569971552360715577e+03 9.578923028827622943e+01
8.570171519030162017e+03 9.557300763261090992e+01
8.570371485699604818e+03 9.568295382614078903e+01
8.570571452369047620e+03 9.746948096156519625e+01
8.570771419038492240e+03 9.615220536555573005e+01
8.570971385707936861e+03 9.730253210138957343e+01
8.571171352377381481e+03 1.000958598060633733e+02
8.571371319046824283e+03 9.516008764480729099e+01
8.571571285716268903e+03 9.922437486880548363e+01
8.571771252385711705e+03 1.002824042296229834e+02
8.571971219055156325e+03 9.707492418958676694e+01
8.572171185724600946e+03 9.898443003428162967e+01
8.572371152394043747e+03 1.007695037442949086e+02
8.572571119063488368e+03 1.002449026087562487e+02
8.572771085732932988e+03 1.011856479265916846e+02
8.572971052402375790e+03 9.871244701478543959e+01
8.573171019071820410e+03 9.752312375222682306e+01
8.573370985741263212e+03 9.887267120744591864e+01
8.573570952410707832e+03 9.724660271164727021e+01
8.573770919080152453e+03 9.661470864441308493e+01
8.573970885749597073e+03 9.966732563557837921e+01
8.574170852419041694e+03 1.000184983667984540e+02
8.574370819088482676e+03 9.685865644955619302e+01
8.574570785757927297e+03 9.813296903178823527e+01
8.574770752427371917e+03 9.810018864898417235e+01
8.574970719096816538e+03 1.014728393546981096e+02
8.575170685766261158e+03 9.301239923163127798e+01
8.575370652435703960e+03 9.915552579403009759e+01
8.575570619105146761e+03 9.560837823526354384e+01
8.575770585774591382e+03 9.729364382080395046e+01
8.575970552444036002e+03 9.959191091233103066e+01
8.576170519113480623e+03 9.912457736112163786e+01
8.576370485782923424e+03 9.746268186109965370e+01
8.576570452452368045e+03 9.960680503279100151e+01
8.576770419121812665e+03 1.003556246523965001e+02
8.576970385791255467e+03 1.004468246596032941e+02
8.577170352460700087e+03 9.636482307976933726e+01
8.577370319130142889e+03 9.772703765549158561e+01
8.577570285799587509e+03 9.749203160218407049e+01
8.577770252469032130e+03 9.806410003536815623e+01
8.577970219138476750e+03 9.778066213259751294e+01
8.578170185807919552e+03 1.018290596660292380e+02
8.578370152477362353e+03 1.007821795435669827e+02
8.578570119146806974e+03 9.789512899711446892e+01
8.578770085816251594e+03 9.915730599074707641e+01
8.578970052485696215e+03 1.005304561747732777e+02
8.579170019155140835e+03 9.918620349592447383e+01
8.579369985824583637e+03 9.953398986421318284e+01
8.579569952494026438e+03 9.830065844760117955e+01
8.579769919163471059e+03 9.928634814544099640e+01
8.579969885832915679e+03 9.646783151848150339e+01
8.580169852502360300e+03 9.737540526999465840e+01
8.580369819171803101e+03 9.271348650791381374e+01
8.580569785841247722e+03 8.871441693713944687e+01
8.580769752510690523e+03 8.600222261697008719e+01
8.580969719180135144e+03 8.654286484378434352e+01
8.581169685849579764e+03 9.708814948338661566e+01
8.581369652519022566e+03 9.468165949016902516e+01
8.581569619188467186e+03 9.255171811702777518e+01
8.581769585857913626e+03 1.000839901823640190e+02
8.581969552527356427e+03 1.018429696159485331e+02
8.582169519196799229e+03 9.842911155424586411e+01
8.582369485866242030e+03 9.952706284309105911e+01
8.582569452535686651e+03 1.001908723474153788e+02
8.582769419205133090e+03 1.004017480964759415e+02
8.582969385874575892e+03 9.964428276533944029e+01
8.583169352544020512e+03 9.729342400092103560e+01
8.583369319213461495e+03 9.058997299867330355e+01
8.583569285882906115e+03 9.663435485982428474e+01
8.583769252552352555e+03 9.154961347596965027e+01
8.583969219221795356e+03 9.870621609881789027e+01
8.584169185891239977e+03 1.009648421523932598e+02
8.584369152560682778e+03 9.900174932129456806e+01
8.584569119230127399e+03 9.733697604653958990e+01
8.584769085899572019e+03 1.022867557157236007e+02
8.584969052569014821e+03 9.949618114605044639e+01
8.585169019238459441e+03 1.023413953202773570e+02
8.585368985907902243e+03 9.651238833043250054e+01
8.585568952577346863e+03 9.766315535433037098e+01
8.585768919246793303e+03 1.045336365105185621e+02
8.585968885916234285e+03 1.011316063633167914e+02
8.586168852585678906e+03 1.018403949010456557e+02
8.586368819255121707e+03 9.936937162718044192e+01
8.586568785924566328e+03 1.020455389529316079e+02
8.586768752594012767e+03 9.783683376145187083e+01
8.586968719263455569e+03 9.485877640202284056e+01
8.587168685932898370e+03 9.770396856349414350e+01
8.587368652602341172e+03 9.633699135623851362e+01
8.587568619271785792e+03 1.022552440536546214e+02
8.587768585941232232e+03 9.710830081939403158e+01
8.587968552610675033e+03 1.030950946372705204e+02
8.588168519280119654e+03 9.700992633366547579e+01
8.588368485949562455e+03 9.846287024478378669e+01
8.588568452619005257e+03 1.028315104704840053e+02
8.588768419288451696e+03 9.805213463237768678e+01
8.588968385957894498e+03 1.004635723877618858e+02
8.589168352627339118e+03 9.987412624639745218e+01
8.589368319296781920e+03 1.003063391866169809e+02
8.589568285966226540e+03 9.836466666252705693e+01
8.589768252635671161e+03 9.868974011254148593e+01
8.589968219305113962e+03 1.011901326970513537e+02
8.590168185974558583e+03 1.016450819885040460e+02
8.590368152644001384e+03 1.011867845049638674e+02
8.590568119313446005e+03 9.991973651208354568e+01
8.590768085982892444e+03 1.041353941447101477e+02
8.590968052652335246e+03 1.003396091176727367e+02
8.591168019321778047e+03 9.526394905206967678e+01
8.591367985991220849e+03 9.649234080255614288e+01
8.591567952660665469e+03 9.542500072421465518e+01
8.591767919330111908e+03 9.873457089998281333e+01
8.591967885999554710e+03 9.978118452439909447e+01
8.592167852668999330e+03 9.690562559771501583e+01
8.592367819338440313e+03 9.811061607566590226e+01
8.592567786007886752e+03 1.004187866562706830e+02
8.592767752677331373e+03 9.862036251952854116e+01
8.592967719346774174e+03 1.003328703570319789e+02
8.593167686016218795e+03 1.000254508373978268e+02
8.593367652685661596e+03 9.999689980250411736e+01
8.593567619355108036e+03 9.784716938427145294e+01
8.593767586024550837e+03 9.896374507970915602e+01
8.593967552693993639e+03 1.002383366503683249e+02
8.594167519363438259e+03 1.006266924786954888e+02
8.594367486032881061e+03 9.771168716448961789e+01
8.594567452702327500e+03 9.610424280030649413e+01
8.594767419371772121e+03 9.815551308674321263e+01
8.594967386041213103e+03 1.010573899248137764e+02
8.595167352710657724e+03 1.005646383622980267e+02
8.595367319380100525e+03 1.003867777649246165e+02
8.595567286049546965e+03 9.872379050839646197e+01
8.595767252718991585e+03 9.592929523708234285e+01
8.595967219388434387e+03 9.960961250862206384e+01
8.596167186057879007e+03 9.736774486544337037e+01
8.596367152727319990e+03 9.681785399628242317e+01
8.596567119396766429e+03 9.599426813719129825e+01
8.596767086066211050e+03 9.399597751920535416e+01
8.596967052735653851e+03 8.843890126505631599e+01
8.597167019405098472e+03 8.870739029375563689e+01
8.597366986074541273e+03 8.698682727339716791e+01
8.597566952743985894e+03 9.393467558300210385e+01
8.597766919413430514e+03 9.379160928482923509e+01
8.597966886082873316e+03 9.907529692075809180e+01
8.598166852752317936e+03 1.022082055639912852e+02
8.598366819421760738e+03 1.012919315744309898e+02
8.598566786091207177e+03 9.632190212071158442e+01
8.598766752760649979e+03 9.971817488232264282e+01
8.598966719430092780e+03 9.892351598857062811e+01
8.599166686099537401e+03 9.986647097642877213e+01
8.599366652768980202e+03 1.011222519209669883e+02
8.599566619438426642e+03 1.007792466745565605e+02
8.599766586107871262e+03 9.505123544537217128e+01
8.599966552777314064e+03 9.956167201563248170e+01
8.600166519446756865e+03 1.015886363922389251e+02
8.600366486116199667e+03 1.007503362431930185e+02
8.600566452785646106e+03 9.900603287918777085e+01
8.600766419455090727e+03 1.008519994811722995e+02
8.600966386124533528e+03 1.010899024282024925e+02
8.601166352793978149e+03 9.575667176955009552e+01
8.601366319463419131e+03 9.682522575738374826e+01
8.601566286132865571e+03 9.978098212035666847e+01
8.601766252802310191e+03 1.006272929570168344e+02
8.601966219471752993e+03 9.909798943016605222e+01
8.602166186141197613e+03 1.042941628918616601e+02
8.602366152810640415e+03 9.660344196550154550e+01
8.602566119480086854e+03 9.942463478050019887e+01
8.602766086149529656e+03 9.850637581153048927e+01
8.602966052818972457e+03 9.779141334429280619e+01
8.603166019488417078e+03 1.002762703264950233e+02
8.603365986157861698e+03 1.004217574324885476e+02
8.603565952827306319e+03 9.931328420318841665e+01
8.603765919496750939e+03 9.882652371674146252e+01
8.603965886166191922e+03 1.024342680948662263e+02
8.604165852835636542e+03 1.029505411226741813e+02
8.604365819505081163e+03 1.005567891020265563e+02
8.604565786174525783e+03 9.474062660397329694e+01
8.604765752843970404e+03 1.003172080902274104e+02
8.604965719513413205e+03 9.629889515449805515e+01
8.605165686182857826e+03 9.705351775169472717e+01
8.605365652852300627e+03 9.557102840655765874e+01
8.605565619521745248e+03 9.455218226962198003e+01
8.605765586191189868e+03 9.860059138361826570e+01
8.605965552860632670e+03 9.802695224019778664e+01
8.606165519530077290e+03 9.841503619063041697e+01
8.606365486199521911e+03 9.859738103526375141e+01
8.606565452868964712e+03 9.391206983678929987e+01
8.606765419538409333e+03 9.816121020661502428e+01
8.606965386207852134e+03 9.635572111504446013e+01
8.607165352877296755e+03 9.742592105765425003e+01
8.607365319546741375e+03 1.022044705825227879e+02
8.607565286216185996e+03 9.985234374397623469e+01
8.607765252885630616e+03 9.660068216880523551e+01
8.607965219555071599e+03 9.561474749751953084e+01
8.608165186224516219e+03 1.025717133062839537e+02
8.608365152893960840e+03 1.004146745742592088e+02
8.608565119563405460e+03 9.777392689565476758e+01
8.608765086232850081e+03 9.762002487006932938e+01
8.608965052902292882e+03 9.854757145679720054e+01
8.609165019571735684e+03 9.580985843324835116e+01
8.609364986241180304e+03 9.899698393005364494e+01
8.609564952910624925e+03 9.392505270527929895e+01
8.609764919580069545e+03 9.333756473958160882e+01
8.609964886249512347e+03 8.877640976764745062e+01
8.610164852918956967e+03 8.348856527268623040e+01
8.610364819588401588e+03 8.479751528922982118e+01
8.610564786257844389e+03 8.617115129726236944e+01
8.610764752927289010e+03 8.975295805749161104e+01
8.610964719596731811e+03 9.777619374222190629e+01
8.611164686266176432e+03 9.818080661185375391e+01
8.611364652935621052e+03 9.632486883678217282e+01
8.611564619605065673e+03 1.018580587546473311e+02
8.611764586274508474e+03 9.784762271138880863e+01
8.611964552943951276e+03 9.962286507444451900e+01
8.612164519613395896e+03 1.017390574474394072e+02
8.612364486282840517e+03 9.608998836527565857e+01
8.612564452952285137e+03 1.002290571556583387e+02
8.612764419621729758e+03 9.983896393723823337e+01
8.612964386291170740e+03 1.007448569314941835e+02
8.613164352960615361e+03 9.686990126269891732e+01
8.613364319630059981e+03 9.836027352329250562e+01
8.613564286299504602e+03 9.971472954303079916e+01
8.613764252968949222e+03 9.822479074170453828e+01
8.613964219638392024e+03 9.621957437202435415e+01
8.614164186307838463e+03 9.586647901880010636e+01
8.614364152977279446e+03 9.737460957915739357e+01
8.614564119646724066e+03 9.499501048364267319e+01
8.614764086316168687e+03 9.461422144198932926e+01
8.614964052985611488e+03 9.350682997572958755e+01
8.615164019655057928e+03 9.428262871699442371e+01
8.615363986324500729e+03 9.707652675255944530e+01
8.615563952993943531e+03 9.787946094909709416e+01
8.615763919663388151e+03 1.043335641451748472e+02
8.615963886332830953e+03 1.017278406278294085e+02
8.616163853002277392e+03 1.000748650833397022e+02
8.616363819671720194e+03 9.857238451310486482e+01
8.616563786341164814e+03 9.695407544375584052e+01
8.616763753010609435e+03 9.682897494229428048e+01
8.616963719680050417e+03 1.006209429812496836e+02
8.617163686349496857e+03 9.801374701013575930e+01
8.617363653018939658e+03 9.865446997264072593e+01
8.617563619688384279e+03 1.005199677298082861e+02
8.617763586357828899e+03 9.904918579414946578e+01
8.617963553027271701e+03 1.014122902012926062e+02
8.618163519696716321e+03 1.025572778587998357e+02
8.618363486366159123e+03 1.005054984270632872e+02
8.618563453035603743e+03 9.598428139429309169e+01
8.618763419705048364e+03 1.029427894985856540e+02
8.618963386374491165e+03 9.770750260089188544e+01
8.619163353043937605e+03 1.014308812640855848e+02
8.619363319713380406e+03 9.862993668266325642e+01
8.619563286382823208e+03 9.642567558745214740e+01
8.619763253052267828e+03 9.403643066260339367e+01
8.619963219721710630e+03 8.738971851479328734e+01
8.620163186391157069e+03 8.829752447826324158e+01
8.620363153060599871e+03 8.965792474402419998e+01
8.620563119730044491e+03 9.096265660090485028e+01
8.620763086399487293e+03 9.472730989989159411e+01
8.620963053068930094e+03 9.943113864681694736e+01
8.621163019738376533e+03 9.910395327063798732e+01
8.621362986407819335e+03 9.833868077317089273e+01
8.621562953077263955e+03 1.008037346482587964e+02
8.621762919746708576e+03 1.013195094173630508e+02
8.621962886416151377e+03 1.015636440713837345e+02
8.622162853085595998e+03 1.000339188046373238e+02
8.622362819755038799e+03 9.954243943789505522e+01
8.622562786424483420e+03 1.000401983066950748e+02
8.622762753093928040e+03 9.764612952364475973e+01
8.622962719763370842e+03 9.830000802351320033e+01
8.623162686432817281e+03 9.859690402914425533e+01
8.623362653102258264e+03 1.006295117254760640e+02
8.623562619771702884e+03 1.004838316831760068e+02
8.623762586441147505e+03 9.781653957351123552e+01
8.623962553110590306e+03 9.920093726046121674e+01
8.624162519780036746e+03 9.982595187567629580e+01
8.624362486449479547e+03 1.002357776359445296e+02
8.624562453118924168e+03 9.896866228704949719e+01
8.624762419788366969e+03 9.558742461373333299e+01
8.624962386457811590e+03 1.031981418474480279e+02
8.625162353127256210e+03 9.660794646006341679e+01
8.625362319796699012e+03 1.011356765049135049e+02
8.625562286466143632e+03 9.795116885753112967e+01
8.625762253135588253e+03 9.506455458461111618e+01
8.625962219805031054e+03 1.021009407633278556e+02
8.626162186474475675e+03 1.032930293737228737e+02
8.626362153143918476e+03 1.066656855031357054e+02
8.626562119813363097e+03 9.927300319986667887e+01
8.626762086482807717e+03 9.738244090423629018e+01
8.626962053152252338e+03 1.058775426994887994e+02
8.627162019821695139e+03 9.821523708055399027e+01
8.627361986491137941e+03 1.007865475111794780e+02
8.627561953160582561e+03 9.815418227176729715e+01
8.627761919830027182e+03 9.596549706608088570e+01
8.627961886499471802e+03 9.638064261822603385e+01
8.628161853168916423e+03 9.811781154120916426e+01
8.628361819838359224e+03 9.940579867221752863e+01
8.628561786507802026e+03 1.032649164238334833e+02
8.628761753177246646e+03 1.029497063903766332e+02
8.628961719846691267e+03 1.012136672816340166e+02
8.629161686516135887e+03 1.015362698559631980e+02
8.629361653185578689e+03 1.007900977925792745e+02
8.629561619855023309e+03 1.002472658869520217e+02
8.629761586524466111e+03 1.017926726482580762e+02
8.629961553193910731e+03 1.018508000319602331e+02
8.630161519863355352e+03 9.850114438529850247e+01
8.630361486532798153e+03 9.999000217027045778e+01
8.630561453202242774e+03 9.824408991549269388e+01
8.630761419871687394e+03 9.505211742300603817e+01
8.630961386541132015e+03 9.392809106273632835e+01
8.631161353210574816e+03 9.335197989923102568e+01
8.631361319880017618e+03 9.702387392771306907e+01
8.631561286549462238e+03 9.630730208805493930e+01
8.631761253218906859e+03 9.982885188392373266e+01
8.631961219888351479e+03 1.009606020614636606e+02
8.632161186557796100e+03 1.001683745936377790e+02
8.632361153227237082e+03 9.870382106227728514e+01
8.632561119896681703e+03 9.890068972039806283e+01
8.632761086566126323e+03 9.693856441342201435e+01
8.632961053235570944e+03 9.759009207677489428e+01
8.633161019905015564e+03 9.754162263891284113e+01
8.633360986574458366e+03 9.900352796940119049e+01
8.633560953243902986e+03 1.014699718546877278e+02
8.633760919913345788e+03 9.670670515561813829e+01
8.633960886582790408e+03 9.815943893934993980e+01
8.634160853252235029e+03 1.027989729359386075e+02
8.634360819921677830e+03 1.007946845836026881e+02
8.634560786591122451e+03 1.004915396570991959e+02
8.634760753260567071e+03 9.718163603159587183e+01
8.634960719930009873e+03 9.505213877357482488e+01
8.635160686599454493e+03 1.009974641859490276e+02
8.635360653268897295e+03 9.762552720245201954e+01
8.635560619938341915e+03 9.744975720990876766e+01
8.635760586607788355e+03 9.842239615244299955e+01
8.635960553277231156e+03 9.874341174848669311e+01
8.636160519946675777e+03 9.892937641016280281e+01
8.636360486616116759e+03 9.783427733503557988e+01
8.636560453285561380e+03 1.013914926057355501e+02
8.636760419955007819e+03 9.880720284052293323e+01
8.636960386624450621e+03 9.915445327781382900e+01
8.637160353293895241e+03 9.578229433282307070e+01
8.637360319963338043e+03 1.004425676393077964e+02
8.637560286632780844e+03 9.667086125925746387e+01
8.637760253302227284e+03 9.964798693062130042e+01
8.637960219971670085e+03 9.683608774234443217e+01
8.638160186641114706e+03 9.870730332148221464e+01
8.638360153310557507e+03 9.690897100631117667e+01
8.638560119980002128e+03 9.778072014539726808e+01
8.638760086649446748e+03 9.956806945119613772e+01
8.638960053318889550e+03 9.928444304235779327e+01
8.639160019988334170e+03 1.022657043638034935e+02
8.639359986657776972e+03 9.840136777777915711e+01
8.639559953327221592e+03 9.892959815937807377e+01
8.639759919996668032e+03 1.021805354744748655e+02
8.639959886666110833e+03 1.015987396249130654e+02
8.640159853335553635e+03 1.017603183662346424e+02
8.640359820004996436e+03 1.022862478908689070e+02
8.640559786674441057e+03 1.012036381206167874e+02
8.640759753343887496e+03 9.915938532022076402e+01
8.640959720013330298e+03 9.821677924802290249e+01
8.641159686682774918e+03 9.836905739710842056e+01
8.641359653352215901e+03 9.572595400892554096e+01
8.641559620021660521e+03 9.696584648383390004e+01
8.641759586691106961e+03 9.843947068758836849e+01
8.641959553360549762e+03 9.697777931584933242e+01
8.642159520029994383e+03 9.938143381197106407e+01
8.642359486699437184e+03 1.015428440681722577e+02
8.642559453368881805e+03 1.025927358614239751e+02
8.642759420038326425e+03 9.802500648085924695e+01
8.642959386707769227e+03 9.875388594000229148e+01
8.643159353377213847e+03 9.634867268073877256e+01
8.643359320046656649e+03 9.751536558422978374e+01
8.643559286716101269e+03 1.018656764237190231e+02
8.643759253385547709e+03 9.911857771945685158e+01
8.643959220054988691e+03 9.989871880072230681e+01
8.644159186724433312e+03 9.625835194079868984e+01
8.644359153393876113e+03 9.707540969234769079e+01
8.644559120063320734e+03 9.792699502772853748e+01
8.644759086732767173e+03 9.566988339467698665e+01
8.644959053402209975e+03 9.856819522642270215e+01
8.645159020071654595e+03 9.927770791046697241e+01
8.645358986741095578e+03 9.858909874445953392e+01
8.645558953410540198e+03 9.759238093184276863e+01
8.645758920079986638e+03 9.980078670906193850e+01
8.645958886749429439e+03 9.721013090761827868e+01
8.646158853418874060e+03 1.006536547181018477e+02
8.646358820088316861e+03 9.415303247678114928e+01
8.646558786757761482e+03 9.374504445291697152e+01
8.646758753427206102e+03 9.483512556164018292e+01
8.646958720096648904e+03 8.866807860052989554e+01
8.647158686766093524e+03 8.913819613004139342e+01
8.647358653435536326e+03 9.820003265572965745e+01
8.647558620104982765e+03 9.861204366721976555e+01
8.647758586774427386e+03 9.948335476550832368e+01
8.647958553443868368e+03 9.955345818415278814e+01
8.648158520113312989e+03 9.931215093622095935e+01
8.648358486782755790e+03 9.523607697732904853e+01
8.648558453452202230e+03 1.013634672981395823e+02
8.648758420121646850e+03 9.769461065502204633e+01
8.648958386791089652e+03 9.613164315084802070e+01
8.649158353460532453e+03 9.666322694492669143e+01
8.649358320129975255e+03 9.667289238457729539e+01
8.649558286799421694e+03 9.420041563868339551e+01
8.649758253468866315e+03 1.000146391457530228e+02
8.649958220138309116e+03 9.712059302758986234e+01
8.650158186807753737e+03 9.635506629704580916e+01
8.650358153477196538e+03 9.824850135647041327e+01
8.650558120146641158e+03 9.598709378409046167e+01
8.650758086816085779e+03 9.285320604120447285e+01
8.650958053485528580e+03 9.949603096678315239e+01
8.651158020154973201e+03 9.679599549735476671e+01
8.651357986824416002e+03 9.869862860263970106e+01
8.651557953493862442e+03 9.664448079075985731e+01
8.651757920163305243e+03 9.683882561698956692e+01
8.651957886832748045e+03 9.816941624879501660e+01
8.652157853502192665e+03 9.836247925338803100e+01
8.652357820171635467e+03 9.506303147378214646e+01
8.652557786841081906e+03 9.429802580700361148e+01
8.652757753510526527e+03 9.740188914020640709e+01
8.652957720179967509e+03 9.438227564737806574e+01
8.653157686849412130e+03 9.611981351590054601e+01
8.653357653518854931e+03 9.563569685359273365e+01
8.653557620188301371e+03 9.321281722779556844e+01
8.653757586857745991e+03 9.440049111628525225e+01
8.653957553527188793e+03 9.311337118966942228e+01
8.654157520196633413e+03 9.557352077339825769e+01
8.654357486866074396e+03 9.540130201428604551e+01
8.654557453535520835e+03 9.554139131722162404e+01
8.654757420204965456e+03 9.270521777355040172e+01
8.654957386874408257e+03 9.313784363971356584e+01
8.655157353543852878e+03 9.466292145764190025e+01
8.655357320213295679e+03 9.479814120461649907e+01
8.655557286882740300e+03 9.487259682795021831e+01
8.655757253552184920e+03 9.176562599778709739e+01
8.655957220221627722e+03 9.030161535908835901e+01
8.656157186891072342e+03 9.387644627561311950e+01
8.656357153560515144e+03 9.102364788183413680e+01
8.656557120229961583e+03 8.852914571356899387e+01
8.656757086899406204e+03 9.130810709400927294e+01
8.656957053568847186e+03 8.473105408437326957e+01
8.657157020238291807e+03 8.782766780762065650e+01
8.657356986907736427e+03 8.893195543132179637e+01
8.657556953577181048e+03 8.634887291227302342e+01
8.657756920246625668e+03 8.586373642211076174e+01
8.657956886916068470e+03 8.436644620164716457e+01
8.658156853585511271e+03 8.489403967617943181e+01
8.658356820254955892e+03 8.023699771743606846e+01
8.658556786924400512e+03 7.759123894474514316e+01
8.658756753593845133e+03 7.602510236710079994e+01
8.658956720263287934e+03 7.058293316552783381e+01
8.659156686932732555e+03 7.003975038955232435e+01
8.659356653602177175e+03 6.605465253124803837e+01
8.659556620271619977e+03 6.329294711979021315e+01
8.659756586941064597e+03 6.253654722311889458e+01
8.659956553610507399e+03 5.414635871636151876e+01
8.660156520279952019e+03 4.856894949641674941e+01
8.660356486949396640e+03 4.113591370096654742e+01
8.660556453618841260e+03 3.872153708323463661e+01
8.660756420288284062e+03 3.668009067147661284e+01
8.660956386957726863e+03 3.958497402957757316e+01
8.661156353627171484e+03 4.253179638339585722e+01
8.661356320296616104e+03 5.231015699922109263e+01
8.661556286966060725e+03 5.679270493311157963e+01
8.661756253635505345e+03 5.938427319552022254e+01
8.661956220304948147e+03 6.273493357264818115e+01
8.662156186974390948e+03 6.898716686266499210e+01
8.662356153643835569e+03 7.193385153434817880e+01
8.662556120313280189e+03 7.338187613615654925e+01
8.662756086982724810e+03 7.673510246432824999e+01
8.662956053652167611e+03 8.102522042285983161e+01
8.663156020321612232e+03 7.965626177586455015e+01
8.663355986991055033e+03 8.216284437524298312e+01
8.663555953660499654e+03 8.524018373531518478e+01
8.663755920329944274e+03 8.472082321478492872e+01
8.663955886999387076e+03 8.629116809618629702e+01
8.664155853668831696e+03 8.542791676441269999e+01
8.664355820338276317e+03 8.663210245235481466e+01
8.664555787007720937e+03 8.850791895860101022e+01
8.664755753677163739e+03 9.021439728765885491e+01
8.664955720346606540e+03 9.505535312681612936e+01
8.665155687016051161e+03 8.775766610773438003e+01
8.665355653685495781e+03 8.889435279552266422e+01
8.665555620354940402e+03 9.409892617540444348e+01
8.665755587024385022e+03 9.162468103839117362e+01
8.665955553693826005e+03 8.642679276821053236e+01
8.666155520363270625e+03 8.536207955743542186e+01
8.666355487032715246e+03 9.013484804119524085e+01
8.666555453702159866e+03 9.463247246696171544e+01
8.666755420371604487e+03 9.273555629833643366e+01
8.666955387041047288e+03 9.364178068856449499e+01
8.667155353710491909e+03 9.551186227642085669e+01
8.667355320379934710e+03 9.374531692965429386e+01
8.667555287049379331e+03 9.620622564686026124e+01
8.667755253718823951e+03 9.333512953899543163e+01
8.667955220388266753e+03 9.838227435887584704e+01
8.668155187057713192e+03 9.618344881113290512e+01
8.668355153727155994e+03 9.584368178883036649e+01
8.668555120396598795e+03 9.604911543254209505e+01
8.668755087066043416e+03 9.941625496439597498e+01
8.668955053735486217e+03 9.902685022922761959e+01
8.669155020404932657e+03 9.267641223034385689e+01
8.669354987074375458e+03 9.658722468241637671e+01
8.669554953743820079e+03 9.811294048166442394e+01
8.669754920413262880e+03 9.412354052913210012e+01
8.669954887082705682e+03 9.730018011080349538e+01
8.670154853752152121e+03 9.573306417665457957e+01
8.670354820421594923e+03 9.500879689644561665e+01
8.670554787091039543e+03 9.416761635358071203e+01
8.670754753760484164e+03 9.468798698820069148e+01
8.670954720429926965e+03 9.628502126269367523e+01
8.671154687099371586e+03 9.670581544517976624e+01
8.671354653768814387e+03 9.582469561168515781e+01
8.671554620438259008e+03 9.832842694335271005e+01
8.671754587107703628e+03 9.696543230877276187e+01
8.671954553777146430e+03 1.018753607468199220e+02
8.672154520446592869e+03 9.922898441102364586e+01
8.672354487116033852e+03 9.838635779257114677e+01
8.672554453785478472e+03 9.516381379807354790e+01
8.672754420454923093e+03 9.393056872061698925e+01
8.672954387124365894e+03 9.186932613310317208e+01
8.673154353793812334e+03 8.661493998787207715e+01
8.673354320463255135e+03 8.005046119607797550e+01
8.673554287132699756e+03 8.052793172749117900e+01
8.673754253802142557e+03 7.631049779481573125e+01
8.673954220471585359e+03 8.014397591160049217e+01
8.674154187141031798e+03 8.306330425230827075e+01
8.674354153810474600e+03 8.974837123695591856e+01
8.674554120479919220e+03 1.008871827125388734e+02
8.674754087149363841e+03 9.706760957073299778e+01
8.674954053818804823e+03 9.636143306254109575e+01
8.675154020488251263e+03 9.755712198354524389e+01
8.675353987157694064e+03 1.019060645348333765e+02
8.675553953827138685e+03 9.732513573170800214e+01
8.675753920496583305e+03 9.687525707034974687e+01
8.675953887166026107e+03 9.791994297649580403e+01
8.676153853835472546e+03 1.018082833601892929e+02
8.676353820504913529e+03 9.709917532909724969e+01
8.676553787174358149e+03 9.762755342524485513e+01
8.676753753843802770e+03 9.897599656730828599e+01
8.676953720513245571e+03 9.991186585526043018e+01
8.677153687182692011e+03 9.582731203755812999e+01
8.677353653852134812e+03 9.546047015884954590e+01
8.677553620521577614e+03 9.813111026607688814e+01
8.677753587191022234e+03 9.668612970225976255e+01
8.677953553860466855e+03 9.512382507129224507e+01
8.678153520529911475e+03 9.419538807321474394e+01
8.678353487199354277e+03 9.330586625802358469e+01
8.678553453868798897e+03 9.066966386788001842e+01
8.678753420538241699e+03 9.594874308916992334e+01
8.678953387207686319e+03 9.217296223728389748e+01
8.679153353877130940e+03 9.254311255430502570e+01
8.679353320546573741e+03 8.999349795909944305e+01
8.679553287216018362e+03 9.462850795032811391e+01
8.679753253885462982e+03 9.627741488976357687e+01
8.679953220554907602e+03 9.650360274569293040e+01
8.680153187224350404e+03 9.917388814626170301e+01
8.680353153893793205e+03 9.865454836862213028e+01
8.680553120563237826e+03 9.751127788212976100e+01
8.680753087232682446e+03 1.000687374203709226e+02
8.680953053902127067e+03 9.578342322154909994e+01
8.681153020571571687e+03 9.477531148150941931e+01
8.681352987241012670e+03 8.841782867139595226e+01
8.681552953910457290e+03 8.950314619731135224e+01
8.681752920579901911e+03 8.847066058400002930e+01
8.681952887249346531e+03 9.470333803750058621e+01
8.682152853918791152e+03 9.952760077948160244e+01
8.682352820588233953e+03 9.554516470012507057e+01
8.682552787257678574e+03 9.860212852970654751e+01
8.682752753927121375e+03 9.790172870337096356e+01
8.682952720596565996e+03 9.970845181574375715e+01
8.683152687266010616e+03 9.774440066325892928e+01
8.683352653935453418e+03 9.578618384636386907e+01
8.683552620604898038e+03 1.002131271086204549e+02
8.683752587274342659e+03 1.032518295561000627e+02
8.683952553943785460e+03 9.793570879894032544e+01
8.684152520613230081e+03 9.896164762734005649e+01
8.684352487282672882e+03 9.663086813661418262e+01
8.684552453952117503e+03 1.014146690088191463e+02
8.684752420621562123e+03 9.815586545329399826e+01
8.684952387291006744e+03 9.802171920937168181e+01
8.685152353960451364e+03 9.756116597428948012e+01
8.685352320629892347e+03 9.857760304001129725e+01
8.685552287299336967e+03 9.637135313040263895e+01
8.685752253968781588e+03 9.747130034136695542e+01
8.685952220638226208e+03 9.620022793566064934e+01
8.686152187307670829e+03 9.428227915945724646e+01
8.686352153977113630e+03 9.080137988516226244e+01
8.686552120646556432e+03 8.225906159679107077e+01
8.686752087316001052e+03 7.805498631739217785e+01
8.686952053985445673e+03 6.265229684379974628e+01
8.687152020654890293e+03 6.250889879021994489e+01
8.687351987324333095e+03 6.789369444881965876e+01
8.687551953993777715e+03 7.194134837748269717e+01
8.687751920663222336e+03 8.118708739274238440e+01
8.687951887332665137e+03 9.032198018517472349e+01
8.688151854002109758e+03 8.813235788141373916e+01
8.688351820671552559e+03 9.590612541520634693e+01
8.688551787340997180e+03 9.379148302203091703e+01
8.688751754010443619e+03 9.516508705399529333e+01
8.688951720679886421e+03 1.012653860962381316e+02
8.689151687349329222e+03 9.990357895593157878e+01
8.689351654018772024e+03 9.827668265186503049e+01
8.689551620688216644e+03 1.012647049813095634e+02
8.689751587357663084e+03 9.969069437165400416e+01
8.689951554027105885e+03 9.912136674583409501e+01
8.690151520696550506e+03 9.896491073030148300e+01
8.690351487365993307e+03 9.653016330224546948e+01
8.690551454035436109e+03 9.957056946530789787e+01
8.690751420704882548e+03 9.901542716760556573e+01
8.690951387374325350e+03 9.666271510551305823e+01
8.691151354043769970e+03 9.684862795942915170e+01
8.691351320713212772e+03 9.983474695652367359e+01
8.691551287382657392e+03 9.929703134410740972e+01
8.691751254052102013e+03 9.831144528159789786e+01
8.691951220721544814e+03 1.001314939217247399e+02
8.692151187390989435e+03 1.003317148676128454e+02
8.692351154060432236e+03 1.002556493813191878e+02
8.692551120729876857e+03 9.799620226801104650e+01
8.692751087399323296e+03 9.822338234041124849e+01
8.692951054068764279e+03 9.610983305842748337e+01
8.693151020738208899e+03 9.620476389036861065e+01
8.693350987407651701e+03 9.800922526716458094e+01
8.693550954077096321e+03 1.032073200609248289e+02
8.693750920746542761e+03 1.023656595935051143e+02
8.693950887415985562e+03 9.654748636014453211e+01
8.694150854085430183e+03 9.901737241025070091e+01
8.694350820754871165e+03 1.003707714952143846e+02
8.694550787424315786e+03 9.817762215402622417e+01
8.694750754093762225e+03 9.846666587140332183e+01
8.694950720763205027e+03 9.923473192750006433e+01
8.695150687432649647e+03 1.004178185272673716e+02
8.695350654102092449e+03 9.994615160797177111e+01
8.695550620771535250e+03 9.930924110555767470e+01
8.695750587440981690e+03 1.011435424133841963e+02
8.695950554110424491e+03 1.000822409572831901e+02
8.696150520779869112e+03 1.032844313455329939e+02
8.696350487449311913e+03 9.989331987367623356e+01
8.696550454118756534e+03 9.989005551028407126e+01
8.696750420788202973e+03 9.509261215317599181e+01
8.696950387457643956e+03 9.846376373632806178e+01
8.697150354127088576e+03 9.634923526839214958e+01
8.697350320796531378e+03 9.824531119585293482e+01
8.697550287465975998e+03 9.484876431214060233e+01
8.697750254135422438e+03 8.950026277155676269e+01
8.697950220804865239e+03 8.565450433001734609e+01
8.698150187474308041e+03 8.901253178565332291e+01
8.698350154143750842e+03 9.196110818477781379e+01
8.698550120813195463e+03 9.754958806425194950e+01
8.698750087482641902e+03 9.788814947972819880e+01
8.698950054152084704e+03 9.901144299275587457e+01
8.699150020821529324e+03 9.802587335814318692e+01
8.699349987490972126e+03 9.424211370318336378e+01
8.699549954160416746e+03 9.085988438607145667e+01
8.699749920829861367e+03 9.595530537673398896e+01
8.699949887499304168e+03 9.963714132393951672e+01
8.700149854168748789e+03 9.864039469740755806e+01
8.700349820838191590e+03 9.816883810761611073e+01
8.700549787507638030e+03 9.967647630291874350e+01
8.700749754177080831e+03 1.015720988074396018e+02
8.700949720846523633e+03 9.921584820952546124e+01
8.701149687515968253e+03 9.687042922953331470e+01
8.701349654185411055e+03 9.698079902717203993e+01
8.701549620854857494e+03 1.031790024329743289e+02
8.701749587524302115e+03 9.812725374698867142e+01
8.701949554193744916e+03 1.039585732610287181e+02
8.702149520863187718e+03 9.811096929189247362e+01
8.702349487532630519e+03 9.597786932016563810e+01
8.702549454202076959e+03 9.927538745766561590e+01
8.702749420871521579e+03 9.827937414489571211e+01
8.702949387540964381e+03 1.025950622827334371e+02
8.703149354210409001e+03 1.018884396773647438e+02
8.703349320879849984e+03 1.021323578968504080e+02
8.703549287549296423e+03 1.000104662928258250e+02
8.703749254218741044e+03 1.009980023338931261e+02
8.703949220888183845e+03 9.685860479044983151e+01
8.704149187557628466e+03 9.936891659695908174e+01
8.704349154227071267e+03 9.506392110990196898e+01
8.704549120896515888e+03 9.875243357798353827e+01
8.704749087565960508e+03 1.027118182213836519e+02
8.704949054235403310e+03 9.902454392921387694e+01
8.705149020904847930e+03 1.021760864665809549e+02
8.705348987574290732e+03 1.009894359488454967e+02
8.705548954243737171e+03 9.807371014685389810e+01
8.705748920913181792e+03 9.809890876567169471e+01
8.705948887582622774e+03 9.521139572761983061e+01
8.706148854252067395e+03 9.699411418680989527e+01
8.706348820921510196e+03 9.772225714109936234e+01
8.706548787590956636e+03 9.598810021061811426e+01
8.706748754260401256e+03 9.642899766186118882e+01
8.706948720929844058e+03 9.864589751573934961e+01
8.707148687599286859e+03 9.860682486669641378e+01
8.707348654268729661e+03 1.002518410093565535e+02
8.707548620938176100e+03 9.939281160043822183e+01
8.707748587607620721e+03 9.879500153852498556e+01
8.707948554277063522e+03 9.589729847101411053e+01
8.708148520946508143e+03 9.592891208030229677e+01
8.708348487615950944e+03 9.433457587469007422e+01
8.708548454285395565e+03 8.844907067074734641e+01
8.708748420954840185e+03 9.147333642485929772e+01
8.708948387624282987e+03 8.533168906602999471e+01
8.709148354293727607e+03 8.813613554827054486e+01
8.709348320963170409e+03 9.316836556782273249e+01
8.709548287632616848e+03 9.670565512440258260e+01
8.709748254302059649e+03 9.809352628534126950e+01
8.709948220971502451e+03 9.824877857594748320e+01
8.710148187640947071e+03 9.797167715340438576e+01
8.710348154310391692e+03 9.841386848097778284e+01
8.710548120979836312e+03 9.987620570713929169e+01
8.710748087649280933e+03 9.753996836185166330e+01
8.710948054318723734e+03 9.490795899968311744e+01
8.711148020988166536e+03 9.667225836823374152e+01
8.711347987657611156e+03 8.911068680779314377e+01
8.711547954327055777e+03 8.414754927283006225e+01
8.711747920996500397e+03 8.929258593058700910e+01
8.711947887665943199e+03 8.924329899918772924e+01
8.712147854335387819e+03 9.554330666496653635e+01
8.712347821004830621e+03 9.992454222139696185e+01
8.712547787674275241e+03 9.698223253316491821e+01
8.712747754343719862e+03 9.848805342836180898e+01
8.712947721013162663e+03 1.019648125488441082e+02
8.713147687682607284e+03 1.007830057820421956e+02
8.713347654352051904e+03 9.861673078976515683e+01
8.713547621021496525e+03 1.027586535384371444e+02
8.713747587690939326e+03 1.016077244626341383e+02
8.713947554360382128e+03 1.015111898983249716e+02
8.714147521029826748e+03 9.946542017408668812e+01
8.714347487699271369e+03 9.939368489471230816e+01
8.714547454368715989e+03 1.000403742206967763e+02
8.714747421038160610e+03 1.014285973804359173e+02
8.714947387707601592e+03 1.018869408689381260e+02
8.715147354377046213e+03 9.882277286053836463e+01
8.715347321046490833e+03 1.024501786097406182e+02
8.715547287715935454e+03 9.873238843389700037e+01
8.715747254385380074e+03 9.588637354420843906e+01
8.715947221054822876e+03 9.376907386235731678e+01
8.716147187724267496e+03 9.358406969751278837e+01
8.716347154393710298e+03 9.122037856332065076e+01
8.716547121063154918e+03 9.146475666322629650e+01
8.716747087732599539e+03 9.532792703034925808e+01
8.716947054402042340e+03 1.011544775487693073e+02
8.717147021071486961e+03 9.668762024944329880e+01
8.717346987740931581e+03 9.664181752267586489e+01
8.717546954410374383e+03 9.850073759751821001e+01
8.717746921079819003e+03 9.947600758353100048e+01
8.717946887749261805e+03 9.819004418188609407e+01
8.718146854418706425e+03 9.819900672597665903e+01
8.718346821088151046e+03 9.801478358317983464e+01
8.718546787757595666e+03 9.849062263590263910e+01
8.718746754427038468e+03 9.710125390048150962e+01
8.718946721096481269e+03 9.918093346146763167e+01
8.719146687765925890e+03 9.913450732350776207e+01
8.719346654435370510e+03 9.998985166707142014e+01
8.719546621104815131e+03 9.682660014491992229e+01
8.719746587774259751e+03 1.015758730688711040e+02
8.719946554443702553e+03 9.572300546477205785e+01
8.720146521113145354e+03 9.861960638796261946e+01
8.720346487782589975e+03 9.960710709992976319e+01
8.720546454452034595e+03 9.994648254037956292e+01
8.720746421121479216e+03 1.021703113611856679e+02
8.720946387790922017e+03 9.851233667177376674e+01
8.721146354460368457e+03 9.776020842493792884e+01
8.721346321129809439e+03 1.000726747670289996e+02
8.721546287799254060e+03 9.862002185210795346e+01
8.721746254468698680e+03 1.023624193362873029e+02
8.721946221138141482e+03 1.018570842869598891e+02
8.722146187807587921e+03 9.926572019460660101e+01
8.722346154477030723e+03 1.003668335465110886e+02
8.722546121146475343e+03 9.697540194841701577e+01
8.722746087815918145e+03 1.001483684085267640e+02
8.722946054485360946e+03 9.693447406386336240e+01
8.723146021154807386e+03 9.760127234606324009e+01
8.723345987824250187e+03 9.872157401630485651e+01
8.723545954493694808e+03 9.808989333554443135e+01
8.723745921163139428e+03 9.944280289015392782e+01
8.723945887832580411e+03 9.559552389782743376e+01
8.724145854502026850e+03 9.891753729269849771e+01
8.724345821171469652e+03 9.826876660981056943e+01
8.724545787840914272e+03 9.988336521931789491e+01
8.724745754510358893e+03 1.031579853617256646e+02
8.724945721179801694e+03 9.715267742213906388e+01
8.725145687849248134e+03 9.782701883694880962e+01
8.725345654518689116e+03 1.011044398812441898e+02
8.725545621188133737e+03 9.871973821355456380e+01
8.725745587857578357e+03 9.809044361236801990e+01
8.725945554527021159e+03 9.983886641439146103e+01
8.726145521196467598e+03 9.698676897904752536e+01
8.726345487865910400e+03 9.641714913327533054e+01
8.726545454535353201e+03 9.200475874740925519e+01
8.726745421204797822e+03 9.337788202693155881e+01
8.726945387874240623e+03 9.390967287677450770e+01
8.727145354543687063e+03 1.006822684802569796e+02
8.727345321213129864e+03 9.669099659201569352e+01
8.727545287882574485e+03 9.444768494577033380e+01
8.727745254552019105e+03 1.002360455169895062e+02
8.727945221221460088e+03 1.008208290925642814e+02
8.728145187890906527e+03 1.023651957138975348e+02
8.728345154560349329e+03 9.866528993879893505e+01
8.728545121229793949e+03 9.678557451626387831e+01
