8.477965044165395739e+03 9.923953949303975719e+01
8.478164996171155508e+03 1.007876765378128852e+02
8.478364948176913458e+03 1.013756786420471627e+02
8.478564900182673227e+03 9.985721341962167230e+01
8.478764852188431178e+03 1.003291829057681355e+02
8.478964804194189128e+03 9.937739079180938973e+01
8.479164756199948897e+03 9.841571382014215885e+01
8.479364708205706847e+03 9.841418431702209091e+01
8.479564660211466617e+03 9.603952022449175274e+01
8.479764612217222748e+03 9.452738366280036075e+01
8.479964564222982517e+03 9.353733150141735564e+01
8.480164516228740467e+03 9.249634522054778074e+01
8.480364468234498418e+03 9.585502840680570102e+01
8.480564420240258187e+03 9.800433983270457361e+01
8.480764372246016137e+03 1.004966455194765445e+02
8.480964324251775906e+03 9.747917550111945673e+01
8.481164276257535676e+03 1.000188689245210156e+02
8.481364228263291807e+03 1.016698527050128007e+02
8.481564180269051576e+03 9.972528486835811634e+01
8.481764132274809526e+03 1.001478616312103753e+02
8.481964084280569296e+03 1.006297936626369705e+02
8.482164036286329065e+03 9.943685865523401901e+01
8.482363988292087015e+03 9.810493378810353704e+01
8.482563940297844965e+03 9.976376574281398746e+01
8.482763892303601097e+03 1.004271962481420104e+02
8.482963844309360866e+03 9.951732513745879771e+01
8.483163796315120635e+03 1.013799121092278170e+02
8.483363748320878585e+03 9.825122935931830170e+01
8.483563700326638354e+03 9.819843743613412812e+01
8.483763652332394486e+03 9.853239390173227719e+01
8.483963604338154255e+03 9.992802340194377564e+01
8.484163556343914024e+03 1.001598781949001307e+02
8.484363508349671974e+03 9.997159170763242741e+01
8.484563460355431744e+03 9.989781736388660249e+01
8.484763412361189694e+03 1.005589794166276079e+02
8.484963364366947644e+03 1.017843240430351699e+02
8.485163316372707413e+03 9.939220875813570899e+01
8.485363268378465364e+03 9.991085075428625828e+01
8.485563220384225133e+03 9.669409412846745511e+01
8.485763172389981264e+03 9.889582893867503799e+01
8.485963124395741033e+03 1.009819032330795068e+02
8.486163076401498984e+03 9.988623444222993442e+01
8.486363028407256934e+03 9.943770071343860195e+01
8.486562980413016703e+03 1.006625672237986038e+02
8.486762932418774653e+03 9.818903850551909329e+01
8.486962884424534423e+03 9.972034366734774835e+01
8.487162836430294192e+03 9.897645635326934155e+01
8.487362788436050323e+03 9.985542743344444716e+01
8.487562740441810092e+03 1.018569124261044010e+02
8.487762692447568043e+03 9.887986466572644417e+01
8.487962644453327812e+03 9.919657711159008784e+01
8.488162596459087581e+03 1.014608946994010381e+02
8.488362548464845531e+03 9.963339363619276412e+01
8.488562500470603482e+03 9.960292137150214842e+01
8.488762452476359613e+03 9.931211058520655399e+01
8.488962404482119382e+03 9.831822588411080233e+01
8.489162356487879151e+03 9.959050873848404706e+01
8.489362308493637101e+03 9.840720540849036979e+01
8.489562260499396871e+03 9.963361048246930807e+01
8.489762212505153002e+03 9.734633824040864170e+01
8.489962164510912771e+03 9.832742565197035844e+01
8.490162116516672540e+03 9.791662911928035840e+01
8.490362068522430491e+03 9.637067836293488199e+01
8.490562020528190260e+03 9.950666770503399050e+01
8.490761972533948210e+03 9.805102173586055869e+01
8.490961924539706160e+03 9.803838933681589651e+01
8.491161876545465930e+03 9.888034718750006391e+01
8.491361828551223880e+03 9.898198715190119401e+01
8.491561780556983649e+03 9.724726426873664309e+01
8.491761732562739780e+03 9.762855269712642325e+01
8.491961684568499550e+03 9.677272255266160528e+01
8.492161636574257500e+03 9.606028630563970694e+01
8.492361588580015450e+03 9.809505733677994499e+01
8.492561540585775219e+03 9.727120480254191648e+01
8.492761492591533170e+03 9.789964411761943097e+01
8.492961444597292939e+03 9.593560492058811917e+01
8.493161396603052708e+03 9.700372748792311484e+01
8.493361348608808839e+03 9.522907272096148290e+01
8.493561300614568609e+03 9.781604158741370725e+01
8.493761252620326559e+03 9.333356733926638071e+01
8.493961204626086328e+03 9.206643694650097132e+01
8.494161156631846097e+03 9.039238548827859177e+01
8.494361108637604048e+03 8.917908152846396774e+01
8.494561060643361998e+03 8.527020127887462309e+01
8.494761012649118129e+03 7.861716373845813166e+01
8.494960964654877898e+03 7.321480362939472286e+01
8.495160916660637668e+03 6.777334089930664618e+01
8.495360868666395618e+03 6.114358727549221584e+01
8.495560820672155387e+03 5.728071512282046029e+01
8.495760772677911518e+03 5.108026704149005326e+01
8.495960724683671287e+03 4.680601647880607885e+01
8.496160676689431057e+03 4.750380421912647222e+01
8.496360628695189007e+03 5.675322197365726140e+01
8.496560580700948776e+03 6.266289920688792137e+01
8.496760532706706726e+03 7.009575961322624948e+01
8.496960484712464677e+03 7.624200449777032418e+01
8.497160436718224446e+03 8.193223272196114237e+01
8.497360388723982396e+03 8.623805801064035848e+01
8.497560340729742165e+03 9.022425406425317362e+01
8.497760292735498297e+03 9.274162408065276963e+01
8.497960244741258066e+03 9.239529813392299218e+01
8.498160196747016016e+03 9.163436512816012680e+01
8.498360148752773966e+03 9.713164940266626957e+01
8.498560100758533736e+03 9.528519862126361772e+01
8.498760052764291686e+03 9.597699234439619431e+01
8.498960004770051455e+03 9.426627027270860992e+01
8.499159956775811224e+03 9.457672449291027306e+01
8.499359908781567356e+03 9.373997628576975671e+01
8.499559860787327125e+03 9.412109946592232745e+01
8.499759812793085075e+03 9.288626343730707902e+01
8.499959764798844844e+03 9.235644876889776356e+01
8.500159716804604614e+03 9.256210484738132038e+01
8.500359668810362564e+03 9.232925294693048102e+01
8.500559620816120514e+03 9.388291095135609510e+01
8.500759572821876645e+03 9.533544740545067953e+01
8.500959524827636415e+03 9.614858182408369203e+01
8.501159476833396184e+03 9.709753738155551162e+01
8.501359428839154134e+03 9.702530065341066745e+01
8.501559380844913903e+03 9.712947587040211772e+01
8.501759332850670035e+03 9.974210498468919184e+01
8.501959284856429804e+03 9.930088023786561280e+01
8.502159236862189573e+03 9.936560912877102680e+01
8.502359188867947523e+03 9.977264599229806663e+01
8.502559140873707292e+03 9.706372791948705014e+01
8.502759092879465243e+03 1.001703854709980988e+02
8.502959044885223193e+03 1.002769902498767038e+02
8.503158996890982962e+03 9.981369684221321847e+01
8.503358948896740912e+03 9.945975346064388134e+01
8.503558900902500682e+03 1.005744948243411159e+02
8.503758852908256813e+03 1.009496997148299329e+02
8.503958804914016582e+03 9.896331697743104883e+01
8.504158756919776351e+03 9.822142017342982001e+01
8.504358708925532483e+03 9.639581321522906876e+01
8.504558660931292252e+03 9.855217865498508445e+01
8.504758612937050202e+03 9.977840367923504061e+01
8.504958564942809971e+03 1.000725744307206924e+02
8.505158516948569741e+03 9.797292291537216613e+01
8.505358468954327691e+03 9.861453647175807191e+01
8.505558420960085641e+03 9.823629129526968029e+01
8.505758372965843591e+03 9.906900799106333011e+01
8.505958324971603361e+03 1.003713015075030910e+02
8.506158276977363130e+03 9.741614366541679715e+01
8.506358228983121080e+03 1.009212613707232720e+02
8.506558180988880849e+03 9.900341617043144993e+01
8.506758132994635162e+03 9.921055439655593489e+01
8.506958085000394931e+03 9.919953270816262147e+01
8.507158037006154700e+03 9.969778972165644859e+01
8.507357989011912650e+03 9.945686436498834837e+01
8.507557941017672420e+03 9.938729057209060613e+01
8.507757893023430370e+03 9.767077555147615442e+01
8.507957845029188320e+03 9.995923847417169839e+01
8.508157797034948089e+03 9.991620585589352288e+01
8.508357749040706040e+03 9.777983466890873387e+01
8.508557701046465809e+03 9.909400636895087189e+01
8.508757653052223759e+03 1.015024553681068227e+02
8.508957605057983528e+03 9.940347546726458461e+01
8.509157557063741478e+03 1.009354028630428957e+02
8.509357509069499429e+03 9.983329072333221177e+01
8.509557461075259198e+03 9.824041677159587493e+01
8.509757413081015329e+03 9.722706302335144812e+01
8.509957365086775098e+03 9.882753290460455275e+01
8.510157317092534868e+03 9.905295173202627268e+01
8.510357269098290999e+03 9.854047884429969884e+01
8.510557221104050768e+03 9.889877317421358782e+01
8.510757173109808718e+03 1.023619741136297563e+02
8.510957125115568488e+03 9.924672544861385859e+01
8.511157077121328257e+03 9.612393687438557777e+01
8.511357029127086207e+03 9.816375986644096940e+01
8.511556981132844157e+03 9.511361080170573246e+01
8.511756933138602108e+03 9.109763105229170321e+01
8.511956885144361877e+03 8.555116941609546188e+01
8.512156837150121646e+03 8.854913672643181144e+01
8.512356789155879596e+03 9.079736761121726829e+01
8.512556741161639366e+03 9.491767118286294647e+01
8.512756693167393678e+03 9.398790863860429567e+01
8.512956645173153447e+03 9.609323807882091728e+01
8.513156597178913216e+03 9.540720638729915493e+01
8.513356549184671167e+03 9.706091271098736684e+01
8.513556501190430936e+03 9.762904269034841320e+01
8.513756453196188886e+03 9.859365690364603552e+01
8.513956405201946836e+03 1.007955966029056043e+02
8.514156357207706606e+03 1.006703735891005778e+02
8.514356309213464556e+03 9.950613722207688738e+01
8.514556261219224325e+03 9.932222302395433644e+01
8.514756213224982275e+03 1.004048807247206838e+02
8.514956165230742045e+03 9.719283223882234779e+01
8.515156117236499995e+03 9.916969867706967534e+01
8.515356069242257945e+03 1.000456387247248529e+02
8.515556021248017714e+03 1.006964188218763923e+02
8.515755973253773845e+03 9.890097177315955435e+01
8.515955925259533615e+03 9.787466589845915621e+01
8.516155877265293384e+03 9.848690035783610597e+01
8.516355829271049515e+03 9.785993979059009007e+01
8.516555781276809284e+03 9.905884524191189655e+01
8.516755733282567235e+03 9.843543656040694145e+01
8.516955685288327004e+03 1.000762315977075048e+02
8.517155637294086773e+03 9.820655736431119465e+01
8.517355589299844723e+03 9.914912047938624085e+01
8.517555541305602674e+03 9.894062932197674343e+01
8.517755493311360624e+03 9.864538305781285032e+01
8.517955445317120393e+03 1.010173012210801033e+02
8.518155397322880162e+03 1.006884447212797227e+02
8.518355349328638113e+03 9.961198401933403090e+01
8.518555301334397882e+03 9.902739708032248700e+01
8.518755253340152194e+03 9.942580166685411314e+01
8.518955205345911963e+03 1.004579773427302172e+02
8.519155157351671733e+03 1.000228269846831921e+02
8.519355109357429683e+03 9.887895669733617865e+01
8.519555061363189452e+03 9.784493626047890302e+01
8.519755013368947402e+03 9.937573958636571092e+01
8.519954965374705353e+03 9.986078574320762868e+01
8.520154917380465122e+03 9.817917446740139553e+01
8.520354869386223072e+03 9.840644596306674430e+01
8.520554821391982841e+03 9.972569678957263761e+01
8.520754773397740792e+03 9.856340928420894443e+01
8.520954725403500561e+03 9.823843311644831999e+01
8.521154677409258511e+03 9.902449447548140427e+01
8.521354629415016461e+03 9.841306451980319991e+01
8.521554581420776231e+03 9.998587162025270914e+01
8.521754533426532362e+03 9.843077167130094551e+01
8.521954485432292131e+03 9.894870276908142159e+01
8.522154437438051900e+03 9.894381803010256249e+01
8.522354389443808032e+03 9.928777907920287760e+01
8.522554341449567801e+03 1.000731597340827363e+02
8.522754293455325751e+03 9.845790921908115934e+01
8.522954245461085520e+03 9.969905108974431585e+01
8.523154197466845289e+03 9.699184005985436841e+01
8.523354149472603240e+03 9.850051281482978993e+01
8.523554101478361190e+03 1.001249895987860725e+02
8.523754053484119140e+03 9.788376026368393923e+01
8.523954005489878909e+03 9.915828592174442235e+01
8.524153957495638679e+03 9.785097286652826654e+01
8.524353909501396629e+03 9.635896760793995952e+01
8.524553861507156398e+03 9.506590253762500708e+01
8.524753813512910710e+03 9.436406040790116379e+01
8.524953765518670480e+03 9.427600480651065595e+01
8.525153717524430249e+03 9.326454506250027521e+01
8.525353669530188199e+03 9.406481167089870610e+01
8.525553621535947968e+03 9.513507779991481073e+01
8.525753573541705919e+03 9.606915471123880934e+01
8.525953525547463869e+03 9.812961006527783070e+01
8.526153477553223638e+03 9.923964829885768779e+01
8.526353429558981588e+03 9.756595469120385644e+01
8.526553381564741358e+03 1.002308539162326042e+02
8.526753333570499308e+03 9.869562939221549414e+01
8.526953285576259077e+03 9.845929859517342209e+01
8.527153237582017027e+03 9.826133812686600777e+01
8.527353189587774978e+03 9.759753212696256242e+01
8.527553141593534747e+03 9.890900834442699363e+01
8.527753093599290878e+03 1.004579807305580204e+02
8.527953045605050647e+03 9.782340340933370726e+01
8.528152997610810417e+03 1.007687132712578943e+02
8.528352949616566548e+03 9.681363625507107429e+01
8.528552901622326317e+03 9.823248312464826881e+01
8.528752853628084267e+03 9.855466094114383679e+01
8.528952805633844036e+03 9.931249613312972713e+01
8.529152757639603806e+03 9.869773431353280557e+01
8.529352709645361756e+03 9.706891499223941366e+01
8.529552661651119706e+03 9.716721386993590670e+01
8.529752613656877656e+03 9.764262117529960960e+01
8.529952565662637426e+03 9.853486743148366145e+01
8.530152517668397195e+03 9.803010299462086152e+01
8.530352469674155145e+03 9.613717178782950157e+01
8.530552421679914914e+03 9.894911159538855827e+01
8.530752373685669227e+03 9.708553794081943522e+01
8.530952325691428996e+03 9.749283791788015208e+01
8.531152277697188765e+03 9.615175987360910881e+01
8.531352229702946715e+03 9.615680670807560659e+01
8.531552181708706485e+03 9.630519168390569007e+01
8.531752133714464435e+03 9.602512924832213059e+01
8.531952085720222385e+03 9.543624250564877798e+01
8.532152037725982154e+03 9.624218566896993821e+01
8.532351989731740105e+03 9.683339355145601246e+01
8.532551941737499874e+03 9.669756157269284813e+01
8.532751893743257824e+03 9.685475651558459731e+01
8.532951845749017593e+03 9.458446599927576415e+01
8.533151797754775544e+03 9.338789478090438934e+01
8.533351749760533494e+03 9.539674900754346254e+01
8.533551701766293263e+03 9.233217503880254640e+01
8.533751653772049394e+03 9.329185226654236374e+01
8.533951605777809164e+03 9.318801990397439283e+01
8.534151557783568933e+03 8.949554801427517248e+01
8.534351509789325064e+03 9.150002641285087179e+01
8.534551461795084833e+03 9.248583024437549227e+01
8.534751413800842784e+03 9.346766006831489904e+01
8.534951365806602553e+03 9.178738326093407807e+01
8.535151317812362322e+03 9.228737961268150514e+01
8.535351269818120272e+03 8.909269910279397209e+01
8.535551221823878222e+03 8.998279447070422066e+01
8.535751173829636173e+03 9.018840475229194453e+01
8.535951125835395942e+03 8.838479516653620749e+01
8.536151077841155711e+03 8.665901401117872638e+01
8.536351029846913661e+03 8.861801558041061355e+01
8.536550981852673431e+03 8.405511328299270701e+01
8.536750933858427743e+03 8.438046800002817349e+01
8.536950885864187512e+03 8.197082875605616437e+01
8.537150837869947281e+03 8.172119495094892727e+01
8.537350789875705232e+03 7.952899184560065748e+01
8.537550741881465001e+03 7.877670507161059277e+01
8.537750693887222951e+03 7.635451981732013849e+01
8.537950645892980901e+03 7.552597324066024953e+01
8.538150597898740671e+03 7.275256361810687622e+01
8.538350549904498621e+03 7.143823179095207365e+01
8.538550501910258390e+03 6.931652618171258950e+01
8.538750453916016340e+03 6.559516552214387275e+01
8.538950405921776110e+03 6.141713863145606211e+01
8.539150357927534060e+03 5.798864222706490068e+01
8.539350309933292010e+03 5.334999123943892840e+01
8.539550261939051779e+03 4.567595197398424745e+01
8.539750213944807911e+03 4.157765471604900398e+01
8.539950165950567680e+03 3.624497182094914649e+01
8.540150117956327449e+03 3.708889463385686724e+01
8.540350069962083580e+03 4.243281711783033927e+01
8.540550021967843350e+03 4.889920986721385532e+01
8.540749973973601300e+03 5.424040946137115071e+01
8.540949925979361069e+03 5.825775084835212425e+01
8.541149877985120838e+03 6.257339150780799031e+01
8.541349829990878789e+03 6.578457221910734631e+01
8.541549781996636739e+03 6.659573181191153424e+01
8.541749734002394689e+03 7.142766149124646802e+01
8.541949686008154458e+03 7.317944452207849793e+01
8.542149638013914227e+03 7.304218408445031230e+01
8.542349590019672178e+03 7.654288265733492835e+01
8.542549542025431947e+03 8.107959435497663492e+01
8.542749494031186259e+03 8.035097435515369568e+01
8.542949446036946028e+03 8.182151888053347477e+01
8.543149398042705798e+03 8.141595647123720880e+01
8.543349350048463748e+03 8.287431258463102779e+01
8.543549302054223517e+03 8.364107034194263690e+01
8.543749254059981467e+03 8.443784959892580844e+01
8.543949206065739418e+03 8.634547340061820364e+01
8.544149158071499187e+03 8.790501195461314410e+01
8.544349110077257137e+03 8.931651875649077965e+01
8.544549062083016906e+03 8.916374874524200322e+01
8.544749014088774857e+03 9.126131762492153143e+01
8.544948966094534626e+03 9.099640291691838456e+01
8.545148918100292576e+03 8.976427419676446107e+01
8.545348870106050526e+03 9.287604667070529274e+01
8.545548822111810296e+03 9.358268594524264472e+01
8.545748774117566427e+03 9.485208294042625710e+01
8.545948726123326196e+03 9.334352182229612538e+01
8.546148678129085965e+03 9.317177371401720620e+01
8.546348630134842097e+03 9.518412434785082610e+01
8.546548582140601866e+03 9.477114909723297842e+01
8.546748534146359816e+03 9.496198972780076986e+01
8.546948486152119585e+03 9.479247254215391649e+01
8.547148438157879355e+03 9.522936545798077645e+01
8.547348390163637305e+03 9.440048761215793149e+01
8.547548342169395255e+03 9.572516640574549740e+01
8.547748294175153205e+03 9.724803160566114002e+01
8.547948246180912975e+03 9.484884637333207991e+01
8.548148198186672744e+03 9.606337326123068010e+01
8.548348150192430694e+03 9.551788660060354630e+01
8.548548102198190463e+03 9.476912044390671497e+01
8.548748054203944776e+03 9.414477213780483567e+01
8.548948006209704545e+03 9.602019771537865722e+01
8.549147958215464314e+03 9.833075184838524763e+01
8.549347910221222264e+03 9.547406273309556468e+01
8.549547862226982033e+03 9.890414551747025484e+01
8.549747814232739984e+03 9.780815377949652145e+01
8.549947766238497934e+03 9.825872564127134012e+01
8.550147718244257703e+03 9.615410781315483746e+01
8.550347670250015653e+03 9.754662104097114650e+01
8.550547622255775423e+03 9.759408782228018708e+01
8.550747574261533373e+03 9.708421795075072680e+01
8.550947526267293142e+03 9.611794150856941599e+01
8.551147478273051092e+03 9.590334052271539633e+01
8.551347430278809043e+03 9.731479876959713238e+01
8.551547382284568812e+03 9.893749401477006700e+01
8.551747334290324943e+03 9.789890025486734260e+01
8.551947286296084712e+03 9.691287340081302659e+01
8.552147238301844482e+03 9.901002040581850849e+01
8.552347190307600613e+03 9.817831725668462184e+01
8.552547142313360382e+03 9.936142488648262372e+01
8.552747094319118332e+03 9.957641385213723595e+01
8.552947046324878102e+03 9.854573287824740646e+01
8.553146998330637871e+03 9.630348966341492201e+01
8.553346950336395821e+03 1.015333978041872882e+02
8.553546902342153771e+03 9.982102081391076354e+01
8.553746854347911722e+03 9.956647841527038167e+01
8.553946806353671491e+03 9.823270358842192707e+01
8.554146758359431260e+03 9.621581068534796088e+01
8.554346710365189210e+03 9.506638902363260968e+01
8.554546662370948980e+03 9.322795953518428291e+01
8.554746614376703292e+03 9.045192148453702430e+01
8.554946566382463061e+03 9.340161059755912731e+01
8.555146518388222830e+03 9.187837543305485610e+01
8.555346470393980780e+03 9.822254266647310317e+01
8.555546422399740550e+03 9.918201194888462169e+01
8.555746374405498500e+03 1.000656752987294311e+02
8.555946326411256450e+03 9.891922574987557937e+01
8.556146278417016219e+03 9.976262952550619900e+01
8.556346230422774170e+03 9.721591990751960566e+01
8.556546182428533939e+03 9.920492000799829668e+01
8.556746134434291889e+03 9.570060737442547349e+01
8.556946086440051658e+03 9.979305932127830658e+01
8.557146038445809609e+03 9.875808970629560690e+01
8.557345990451567559e+03 9.788124148247138123e+01
8.557545942457327328e+03 9.684323510521159051e+01
8.557745894463083459e+03 9.966241100979904388e+01
8.557945846468843229e+03 9.831193878107775674e+01
8.558145798474602998e+03 9.646645178984736901e+01
8.558345750480359129e+03 1.001236962026383424e+02
8.558545702486118898e+03 1.006966687357970613e+02
8.558745654491876849e+03 9.792744728037223467e+01
8.558945606497636618e+03 9.981499338590916182e+01
8.559145558503396387e+03 9.897023972263828284e+01
8.559345510509154337e+03 9.624462620258135814e+01
8.559545462514912288e+03 9.631349791190977783e+01
8.559745414520670238e+03 9.980307108423043871e+01
8.559945366526430007e+03 9.924902855369390409e+01
8.560145318532189776e+03 1.007281679453531495e+02
8.560345270537947727e+03 9.832570499690281451e+01
8.560545222543707496e+03 9.813825117882670668e+01
8.560745174549461808e+03 9.898515724923943537e+01
8.560945126555221577e+03 1.001860489100184992e+02
8.561145078560981347e+03 9.834845986362893200e+01
8.561345030566739297e+03 9.854119564424497923e+01
8.561544982572499066e+03 1.008107420773055054e+02
8.561744934578257016e+03 9.649273477680348776e+01
8.561944886584014967e+03 9.889009111092184412e+01
8.562144838589774736e+03 9.780190727126253591e+01
8.562344790595532686e+03 1.017205755309676647e+02
8.562544742601292455e+03 1.000718466882006368e+02
8.562744694607050405e+03 9.932119335194248322e+01
8.562944646612810175e+03 9.883156581887232051e+01
8.563144598618568125e+03 1.001328692009164172e+02
8.563344550624326075e+03 9.767322000254478098e+01
8.563544502630085844e+03 9.876001245328455980e+01
8.563744454635841976e+03 9.800978145963529187e+01
8.563944406641601745e+03 9.936679651366269184e+01
8.564144358647361514e+03 1.006321781344538095e+02
8.564344310653117645e+03 9.604658515758607962e+01
8.564544262658877415e+03 9.966563941087383682e+01
8.564744214664635365e+03 1.002944191043944073e+02
8.564944166670395134e+03 9.844132973758210881e+01
8.565144118676154903e+03 9.631867851657079882e+01
8.565344070681912854e+03 9.822443216268079880e+01
8.565544022687670804e+03 9.964495462725889752e+01
8.565743974693428754e+03 9.983478688128464285e+01
8.565943926699188523e+03 9.937129835601989214e+01
8.566143878704948293e+03 9.793297719263229340e+01
8.566343830710706243e+03 9.912118152283848360e+01
8.566543782716466012e+03 9.896480782821402045e+01
8.566743734722220324e+03 9.919909563919578943e+01
8.566943686727980094e+03 9.985578282107323389e+01
8.567143638733739863e+03 9.829199735181659037e+01
8.567343590739497813e+03 1.005184360491772537e+02
8.567543542745257582e+03 9.872860450376536789e+01
8.567743494751015533e+03 9.997524535991190930e+01
8.567943446756773483e+03 1.006486146806024067e+02
8.568143398762533252e+03 1.007591958838178385e+02
8.568343350768291202e+03 9.833649994529663729e+01
8.568543302774050971e+03 1.005608386115961963e+02
8.568743254779808922e+03 9.959957942932302899e+01
8.568943206785568691e+03 1.002114157948295485e+02
8.569143158791326641e+03 9.843412260772348077e+01
8.569343110797084591e+03 9.856602377199352816e+01
8.569543062802844361e+03 9.767731295405775427e+01
8.569743014808600492e+03 9.701145812561270532e+01
8.569942966814360261e+03 9.709480024752831184e+01
8.570142918820120030e+03 9.900333010397667977e+01
8.570342870825876162e+03 9.807252221840546724e+01
8.570542822831635931e+03 9.992219064647392202e+01
8.570742774837393881e+03 1.013590651618163747e+02
8.570942726843153650e+03 1.008251957394782039e+02
8.571142678848913420e+03 1.003477020410991400e+02
8.571342630854671370e+03 1.012027923949195127e+02
8.571542582860429320e+03 9.865139372703650622e+01
8.571742534866187270e+03 9.926898208148423919e+01
8.571942486871947040e+03 9.957055762273363086e+01
8.572142438877706809e+03 1.003365734428849549e+02
8.572342390883464759e+03 9.949016479440474825e+01
8.572542342889224528e+03 9.805115945072101624e+01
8.572742294894978841e+03 9.890429653160683188e+01
8.572942246900738610e+03 9.872518627869010288e+01
8.573142198906498379e+03 1.004760278631157746e+02
8.573342150912256329e+03 1.008758015323288504e+02
8.573542102918016099e+03 9.918385080523611919e+01
8.573742054923774049e+03 9.970358821744288491e+01
8.573942006929531999e+03 1.008048112149915596e+02
8.574141958935291768e+03 9.920925001495518813e+01
8.574341910941049719e+03 1.006967325951802366e+02
8.574541862946809488e+03 9.987750288401973364e+01
8.574741814952567438e+03 9.849281583704744492e+01
8.574941766958327207e+03 9.901418665094853111e+01
8.575141718964085157e+03 9.838428760888264435e+01
8.575341670969843108e+03 1.001893929101990892e+02
8.575541622975602877e+03 1.015463353819895929e+02
8.575741574981359008e+03 9.980801888782082187e+01
8.575941526987118777e+03 1.003802316296974908e+02
8.576141478992878547e+03 9.861102665850386018e+01
8.576341430998634678e+03 9.858431727095016583e+01
8.576541383004394447e+03 9.942353451854549462e+01
8.576741335010152397e+03 9.928559559199050000e+01
8.576941287015912167e+03 9.904603711409971822e+01
8.577141239021671936e+03 1.000028544625200482e+02
8.577341191027429886e+03 9.923166087693009274e+01
8.577541143033187836e+03 9.936438760600729836e+01
8.577741095038945787e+03 9.975524220172479772e+01
8.577941047044705556e+03 9.968154017923366439e+01
8.578140999050465325e+03 9.919588344220559861e+01
8.578340951056223275e+03 9.975004169387754871e+01
8.578540903061983045e+03 9.936263322088485950e+01
8.578740855067737357e+03 9.981617928320261512e+01
8.578940807073497126e+03 1.005613107460225422e+02
8.579140759079256895e+03 9.906434534853558205e+01
8.579340711085014846e+03 9.898437998734561916e+01
8.579540663090774615e+03 9.797246762499261763e+01
8.579740615096532565e+03 9.620580601828122269e+01
8.579940567102290515e+03 9.367135789437050164e+01
8.580140519108050285e+03 9.186572535200606637e+01
8.580340471113808235e+03 9.170370389191148774e+01
8.580540423119568004e+03 9.755408962563113562e+01
8.580740375125325954e+03 9.787299359138899035e+01
8.580940327131085724e+03 9.933982176845498202e+01
8.581140279136843674e+03 9.763204525146070978e+01
8.581340231142601624e+03 1.006689944369763197e+02
8.581540183148361393e+03 9.978047709722351044e+01
8.581740135154117525e+03 9.989587200028269365e+01
8.581940087159877294e+03 9.992774991894692960e+01
8.582140039165637063e+03 9.830832357616742456e+01
8.582339991171393194e+03 9.765010365391108849e+01
8.582539943177152963e+03 9.887710841759290759e+01
8.582739895182910914e+03 9.779190171726339997e+01
8.582939847188670683e+03 9.637823681386221608e+01
8.583139799194430452e+03 1.010500817918148613e+02
8.583339751200188402e+03 9.868201604675158478e+01
8.583539703205946353e+03 1.016857917377760145e+02
8.583739655211704303e+03 1.009038750861753471e+02
8.583939607217464072e+03 1.015352701933219777e+02
8.584139559223223841e+03 1.017210219661198920e+02
8.584339511228981792e+03 9.758542449753709036e+01
8.584539463234741561e+03 1.008694599194779613e+02
8.584739415240495873e+03 9.831094715136644879e+01
8.584939367246255642e+03 9.895535394459655265e+01
8.585139319252015412e+03 9.725593606985457029e+01
8.585339271257773362e+03 9.939948167309297844e+01
8.585539223263533131e+03 9.979059809234682632e+01
8.585739175269291081e+03 9.907960491965984318e+01
8.585939127275049032e+03 1.008663868001511332e+02
8.586139079280808801e+03 9.958293390863285310e+01
8.586339031286566751e+03 9.632622172498646762e+01
8.586538983292326520e+03 1.006349606147068982e+02
8.586738935298084471e+03 9.951339451275353554e+01
8.586938887303844240e+03 1.005768464750314308e+02
8.587138839309602190e+03 9.871272063256449769e+01
8.587338791315360140e+03 9.930350110686208609e+01
8.587538743321119910e+03 9.988766821487226366e+01
8.587738695326876041e+03 9.984851398768797992e+01
8.587938647332635810e+03 9.991958058208699356e+01
8.588138599338395579e+03 1.008914714772287198e+02
8.588338551344151711e+03 9.970016465230676772e+01
8.588538503349911480e+03 9.956348781036241746e+01
8.588738455355669430e+03 1.028653681682537524e+02
8.588938407361429199e+03 9.955770329781273631e+01
8.589138359367188968e+03 1.013691128829908905e+02
8.589338311372946919e+03 9.999619033571528348e+01
8.589538263378704869e+03 1.004558059492059243e+02
8.589738215384462819e+03 9.950769866979202050e+01
8.589938167390222588e+03 1.002462430144119310e+02
8.590138119395982358e+03 9.962510248471680541e+01
8.590338071401740308e+03 1.003440385515352062e+02
8.590538023407500077e+03 1.004850099049535288e+02
8.590737975413254389e+03 9.746358863371962400e+01
8.590937927419014159e+03 9.662683904587677830e+01
8.591137879424773928e+03 9.907880966340164264e+01
8.591337831430531878e+03 9.874216929830777190e+01
8.591537783436291647e+03 9.850782721917455831e+01
8.591737735442049598e+03 9.963689882695285860e+01
8.591937687447807548e+03 1.009876624629317234e+02
8.592137639453567317e+03 1.007961475953295718e+02
8.592337591459325267e+03 9.789483901723762926e+01
8.592537543465085037e+03 9.833364913910297389e+01
8.592737495470842987e+03 1.018303387402567921e+02
8.592937447476602756e+03 1.001703090700577121e+02
8.593137399482360706e+03 9.807606217132861559e+01
8.593337351488118657e+03 9.905083554741000285e+01
8.593537303493878426e+03 9.923635553459617142e+01
8.593737255499634557e+03 9.915574230653453469e+01
8.593937207505394326e+03 9.613061305744226104e+01
8.594137159511154096e+03 9.576239267115298048e+01
8.594337111516910227e+03 9.872226175365196355e+01
8.594537063522669996e+03 9.760583031287511346e+01
8.594737015528427946e+03 9.817900936042653370e+01
8.594936967534187716e+03 9.765819944528544738e+01
8.595136919539947485e+03 9.598484612529922799e+01
8.595336871545705435e+03 9.835381697121758293e+01
8.595536823551463385e+03 9.620363331909840099e+01
8.595736775557221335e+03 9.545135377434660029e+01
8.595936727562981105e+03 9.424874394253703258e+01
8.596136679568740874e+03 9.574027698137142295e+01
8.596336631574498824e+03 9.006329881364895584e+01
8.596536583580258593e+03 8.930075553246787479e+01
8.596736535586012906e+03 9.040281531566819240e+01
8.596936487591772675e+03 9.380311989220042790e+01
8.597136439597532444e+03 9.333226630860852424e+01
8.597336391603290394e+03 9.756908156463205728e+01
8.597536343609050164e+03 9.988088587692610076e+01
8.597736295614808114e+03 9.880621688969108618e+01
8.597936247620566064e+03 9.952167975418083756e+01
8.598136199626325833e+03 9.879858624656249333e+01
8.598336151632083784e+03 1.011578744517028241e+02
8.598536103637843553e+03 9.989068412441068290e+01
8.598736055643601503e+03 9.892091438242697166e+01
8.598936007649361272e+03 9.921777990864620733e+01
8.599135959655119223e+03 9.836067286835962875e+01
8.599335911660877173e+03 9.952923111567260150e+01
8.599535863666636942e+03 1.006887770807618239e+02
8.599735815672393073e+03 9.983400966205024929e+01
8.599935767678152843e+03 1.015305242799642826e+02
8.600135719683912612e+03 9.931888180481212203e+01
8.600335671689668743e+03 9.902673586605843070e+01
8.600535623695428512e+03 9.962309378876173582e+01
8.600735575701186463e+03 1.000006111569851441e+02
8.600935527706946232e+03 9.936280414710813602e+01
8.601135479712706001e+03 9.995995821729360387e+01
8.601335431718463951e+03 9.898600988108098875e+01
8.601535383724221902e+03 9.861894778211625123e+01
8.601735335729979852e+03 1.015741501288036801e+02
8.601935287735739621e+03 9.970022928775621551e+01
8.602135239741499390e+03 1.005234202679925630e+02
8.602335191747257340e+03 9.949617815945698851e+01
8.602535143753017110e+03 9.932617808283995942e+01
8.602735095758771422e+03 9.888879604853573824e+01
8.602935047764531191e+03 9.743766660348924802e+01
8.603134999770290960e+03 9.969634861231540413e+01
8.603334951776048911e+03 9.942179526212512997e+01
8.603534903781808680e+03 1.002593215789862029e+02
8.603734855787566630e+03 1.006196827437288732e+02
8.603934807793324580e+03 9.923674996697489803e+01
8.604134759799084350e+03 9.791738930319084488e+01
8.604334711804842300e+03 9.840437126314789396e+01
8.604534663810602069e+03 9.819663272068183346e+01
8.604734615816360019e+03 9.837133819523414502e+01
8.604934567822119789e+03 9.809271523237293877e+01
8.605134519827877739e+03 9.854010748939515452e+01
8.605334471833635689e+03 1.001302129248448125e+02
8.605534423839395458e+03 9.971602955989003192e+01
8.605734375845151590e+03 9.916020909598150013e+01
8.605934327850911359e+03 9.955603847748169244e+01
8.606134279856671128e+03 9.890362601902523920e+01
8.606334231862427259e+03 9.985797185135952247e+01
8.606534183868187029e+03 9.889760297613760542e+01
8.606734135873944979e+03 9.900561321573607643e+01
8.606934087879704748e+03 1.009757947733123871e+02
8.607134039885464517e+03 9.956626819351583890e+01
8.607333991891222468e+03 9.974807155825713778e+01
8.607533943896980418e+03 9.877377045123876087e+01
8.607733895902738368e+03 9.889365525022957115e+01
8.607933847908498137e+03 1.010863232714054050e+02
8.608133799914257906e+03 9.816560780661127694e+01
8.608333751920015857e+03 9.938971795597905157e+01
8.608533703925775626e+03 9.836970105437792711e+01
8.608733655931529938e+03 9.951821915997679469e+01
8.608933607937289707e+03 1.001881820198795907e+02
8.609133559943049477e+03 9.801402527071630288e+01
8.609333511948807427e+03 9.315005797446745817e+01
8.609533463954567196e+03 8.848496395855586627e+01
8.609733415960325146e+03 8.579069565776001127e+01
8.609933367966083097e+03 9.155637062318854191e+01
8.610133319971842866e+03 9.439933080339844196e+01
8.610333271977600816e+03 9.761925170206141900e+01
8.610533223983360585e+03 9.781832870399308888e+01
8.610733175989118536e+03 1.000974418596328093e+02
8.610933127994878305e+03 1.013010126760114957e+02
8.611133080000636255e+03 9.885024076958985972e+01
8.611333032006394205e+03 9.856414491675265310e+01
8.611532984012153975e+03 9.813236099608039353e+01
8.611732936017910106e+03 1.001215861662417552e+02
8.611932888023669875e+03 1.006165006068947463e+02
8.612132840029429644e+03 9.974980167362525663e+01
8.612332792035185776e+03 1.003135105080411336e+02
8.612532744040945545e+03 9.894869874357158324e+01
8.612732696046703495e+03 9.906165605350636838e+01
8.612932648052463264e+03 9.809199542793624005e+01
8.613132600058223034e+03 1.024707387493780431e+02
8.613332552063980984e+03 1.001953195156152105e+02
8.613532504069740753e+03 9.957374073677651438e+01
8.613732456075496884e+03 9.893974946323852748e+01
8.613932408081256654e+03 9.624572090745708408e+01
8.614132360087016423e+03 9.697834080326745720e+01
8.614332312092774373e+03 9.743008043466421952e+01
8.614532264098534142e+03 9.710263059020893195e+01
8.614732216104290274e+03 9.999417431589775163e+01
8.614932168110048224e+03 9.778197670938428132e+01
8.615132120115807993e+03 1.000380855061122531e+02
8.615332072121565943e+03 9.933026905310583743e+01
8.615532024127325712e+03 9.898443050639636454e+01
8.615731976133083663e+03 9.985582641642672286e+01
8.615931928138843432e+03 1.006682909007354283e+02
8.616131880144601382e+03 9.895257492004024868e+01
8.616331832150359332e+03 9.964583962615449764e+01
8.616531784156119102e+03 1.005860645200589545e+02
8.616731736161877052e+03 9.945096425601430212e+01
8.616931688167636821e+03 1.011392411816432713e+02
8.617131640173396590e+03 1.009925540138243889e+02
8.617331592179152722e+03 9.906883986828788125e+01
8.617531544184912491e+03 1.013920787412756965e+02
8.617731496190668622e+03 9.878028221904801853e+01
8.617931448196428391e+03 9.898628522983815969e+01
8.618131400202188161e+03 9.966028932749649982e+01
8.618331352207946111e+03 9.974375286575350685e+01
8.618531304213704061e+03 9.720797376939223966e+01
8.618731256219462011e+03 9.979679897020631074e+01
8.618931208225221781e+03 9.938016495453663879e+01
8.619131160230981550e+03 9.557496773111773791e+01
8.619331112236739500e+03 8.868028422660218268e+01
8.619531064242499269e+03 8.810477276850322426e+01
8.619731016248255401e+03 9.203247436488717881e+01
8.619930968254015170e+03 9.495541489676246272e+01
8.620130920259774939e+03 9.843905759466234429e+01
8.620330872265532889e+03 9.887679606098063800e+01
8.620530824271292659e+03 1.004652108505163284e+02
8.620730776277048790e+03 9.905689549125689553e+01
8.620930728282806740e+03 1.013523372627058308e+02
8.621130680288566509e+03 1.011429611451454207e+02
8.621330632294324460e+03 9.847030134631989995e+01
8.621530584300084229e+03 9.986338296164301198e+01
8.621730536305842179e+03 9.833979411220288114e+01
8.621930488311601948e+03 1.010543409007412095e+02
8.622130440317359898e+03 9.894121355629224013e+01
8.622330392323117849e+03 1.002377835206897174e+02
8.622530344328877618e+03 1.018439905574865350e+02
8.622730296334635568e+03 1.006119549766350758e+02
8.622930248340395337e+03 9.936517354039339978e+01
8.623130200346155107e+03 1.014126570068457198e+02
8.623330152351911238e+03 1.014549380165065600e+02
8.623530104357671007e+03 9.951169538450359653e+01
8.623730056363427138e+03 9.948148426609914452e+01
8.623930008369186908e+03 9.858190576486296663e+01
8.624129960374946677e+03 1.011877990942208356e+02
8.624329912380704627e+03 1.002221053261376227e+02
8.624529864386462577e+03 9.941019040040134769e+01
8.624729816392220528e+03 1.005300341013909957e+02
8.624929768397980297e+03 9.892900084239708747e+01
8.625129720403740066e+03 9.670290962034256665e+01
8.625329672409498016e+03 1.005591915572098713e+02
8.625529624415257786e+03 1.000665409324682429e+02
8.625729576421013917e+03 1.005402331176356512e+02
8.625929528426773686e+03 1.004835917622101533e+02
8.626129480432533455e+03 1.007338466758955917e+02
8.626329432438291406e+03 9.902717116532598141e+01
8.626529384444051175e+03 1.002451570473434970e+02
8.626729336449807306e+03 9.957022848142189275e+01
8.626929288455565256e+03 9.954828062028211377e+01
8.627129240461325026e+03 1.013166492197121045e+02
8.627329192467082976e+03 9.775393211833961971e+01
8.627529144472842745e+03 1.006718046919113192e+02
8.627729096478600695e+03 9.732415729025341022e+01
8.627929048484360464e+03 9.979222270999278521e+01
8.628129000490118415e+03 9.897231312068690556e+01
8.628328952495876365e+03 9.908612180889144838e+01
8.628528904501636134e+03 1.007834083626459289e+02
8.628728856507394084e+03 9.981015150141062975e+01
8.628928808513153854e+03 1.011699622396115785e+02
8.629128760518913623e+03 9.954551472020961000e+01
8.629328712524669754e+03 9.811927929908770807e+01
8.629528664530429523e+03 1.018572426492244460e+02
8.629728616536185655e+03 1.014198646098843710e+02
8.629928568541945424e+03 9.920990523091326452e+01
8.630128520547705193e+03 9.881930801130434361e+01
8.630328472553463143e+03 9.883477850520877439e+01
8.630528424559221094e+03 9.911186826977125008e+01
8.630728376564979044e+03 9.809084619413278006e+01
8.630928328570738813e+03 9.900855888243894753e+01
8.631128280576498582e+03 9.804847738938182999e+01
8.631328232582256533e+03 1.004690326646628478e+02
8.631528184588016302e+03 1.006867919231303290e+02
8.631728136593772433e+03 9.914386599547496814e+01
8.631928088599532202e+03 1.014887838405760334e+02
8.632128040605291972e+03 9.948124889062457044e+01
8.632327992611049922e+03 1.007705691572456885e+02
8.632527944616809691e+03 1.014833451490043075e+02
8.632727896622565822e+03 9.901036378006349992e+01
8.632927848628323773e+03 9.940635290619519537e+01
8.633127800634083542e+03 1.004217487310595942e+02
8.633327752639841492e+03 1.012397430760686632e+02
8.633527704645601261e+03 1.011625363830852109e+02
8.633727656651359212e+03 9.935869668390718346e+01
8.633927608657118981e+03 9.958954998954567372e+01
8.634127560662876931e+03 9.764882316832753872e+01
8.634327512668634881e+03 9.759770518986505294e+01
8.634527464674394651e+03 9.918480817991675735e+01
8.634727416680152601e+03 1.014349556274293889e+02
8.634927368685912370e+03 9.874261222447063346e+01
8.635127320691672139e+03 9.862264587381955039e+01
8.635327272697428270e+03 9.910187558612145153e+01
8.635527224703188040e+03 9.882789270903485601e+01
8.635727176708944171e+03 9.899288627722222600e+01
8.635927128714703940e+03 1.006331233461690005e+02
8.636127080720463709e+03 9.886648793718937611e+01
8.636327032726221660e+03 9.917912285813254414e+01
8.636526984731979610e+03 1.011317865601610890e+02
8.636726936737737560e+03 9.981778319000964927e+01
8.636926888743497329e+03 1.016599341776532128e+02
8.637126840749257099e+03 1.002785328672738387e+02
8.637326792755015049e+03 1.004936256568994537e+02
8.637526744760774818e+03 9.929040004599690405e+01
8.637726696766530949e+03 9.897166950394931462e+01
8.637926648772290719e+03 1.002400098314025030e+02
8.638126600778050488e+03 1.001244457097061513e+02
8.638326552783808438e+03 1.007025874625171724e+02
8.638526504789568207e+03 9.749748291991285498e+01
8.638726456795324339e+03 9.923924792778896631e+01
8.638926408801082289e+03 9.886602212037955439e+01
8.639126360806842058e+03 9.828309063210622298e+01
8.639326312812600008e+03 1.006894428083072057e+02
8.639526264818359778e+03 9.847534751671607012e+01
8.639726216824117728e+03 9.614674621318589232e+01
8.639926168829877497e+03 1.011281168279779621e+02
8.640126120835635447e+03 9.786844818129053181e+01
8.640326072841393398e+03 1.016265881813273921e+02
8.640526024847153167e+03 9.960746240399602414e+01
8.640725976852911117e+03 9.890434900036126464e+01
8.640925928858670886e+03 1.008632030374059525e+02
8.641125880864430655e+03 9.991596740797621123e+01
8.641325832870186787e+03 9.998775980353613591e+01
8.641525784875946556e+03 9.795843419536716112e+01
8.641725736881702687e+03 1.002777778073963901e+02
8.641925688887462456e+03 9.941456664647236607e+01
8.642125640893222226e+03 1.001819592694164243e+02
8.642325592898980176e+03 9.888508231546113336e+01
8.642525544904738126e+03 9.827264748700888219e+01
8.642725496910496076e+03 9.848751196268560193e+01
8.642925448916255846e+03 9.950940273241606349e+01
8.643125400922015615e+03 9.847291856859938264e+01
8.643325352927773565e+03 9.837316059103156363e+01
8.643525304933533334e+03 9.913719050850841086e+01
8.643725256939289466e+03 1.000970927224415732e+02
8.643925208945049235e+03 1.006321962654305793e+02
8.644125160950809004e+03 9.899179293532368717e+01
8.644325112956566954e+03 1.020417103780737591e+02
8.644525064962326724e+03 9.865258507134876709e+01
8.644725016968082855e+03 9.974902896429613008e+01
8.644924968973840805e+03 1.005068744207188445e+02
8.645124920979600574e+03 1.010117974867178816e+02
8.645324872985358525e+03 9.979057659363569144e+01
8.645524824991118294e+03 9.906925121894438746e+01
8.645724776996876244e+03 9.734260920977371256e+01
8.645924729002636013e+03 9.633315631894517139e+01
8.646124681008393964e+03 9.506864204590037559e+01
8.646324633014151914e+03 9.138347626052454586e+01
8.646524585019911683e+03 9.457922343327172143e+01
8.646724537025669633e+03 9.544166527410570211e+01
8.646924489031429403e+03 9.666690320793162527e+01
8.647124441037189172e+03 9.811022433737933568e+01
8.647324393042945303e+03 1.001953717559632651e+02
8.647524345048705072e+03 9.990560387534453923e+01
8.647724297054461204e+03 9.766887801230133448e+01
8.647924249060220973e+03 9.981827724629452803e+01
8.648124201065980742e+03 9.757966634433431352e+01
8.648324153071738692e+03 9.866637206546310779e+01
8.648524105077496642e+03 9.722413829126824680e+01
8.648724057083254593e+03 9.766590683386471028e+01
8.648924009089014362e+03 9.877685770695306644e+01
8.649123961094774131e+03 9.857194726194192924e+01
8.649323913100532081e+03 9.805660052089304202e+01
8.649523865106291851e+03 9.783099698057662863e+01
8.649723817112047982e+03 9.983493364647522128e+01
8.649923769117807751e+03 9.815865184338491645e+01
8.650123721123567520e+03 9.793819984116065314e+01
8.650323673129325471e+03 9.748183359313304663e+01
8.650523625135085240e+03 9.760181688550022727e+01
8.650723577140841371e+03 9.948982644361950634e+01
8.650923529146599321e+03 9.897907827880756315e+01
8.651123481152359091e+03 9.754405971976842693e+01
8.651323433158117041e+03 9.670029673570600437e+01
8.651523385163876810e+03 9.885086785471202120e+01
8.651723337169634760e+03 9.755387955799031374e+01
8.651923289175394530e+03 9.571644755605784383e+01
8.652123241181152480e+03 9.808494350458340705e+01
8.652323193186910430e+03 9.859474725606322920e+01
8.652523145192670199e+03 9.612174118441794235e+01
8.652723097198428150e+03 9.710718502760335014e+01
8.652923049204187919e+03 9.642778286222709028e+01
8.653123001209947688e+03 9.628150975212523122e+01
8.653322953215703819e+03 9.645386953432716837e+01
8.653522905221463589e+03 9.674392045654215622e+01
8.653722857227219720e+03 9.862864663143815847e+01
8.653922809232979489e+03 9.504147314694762372e+01
8.654122761238739258e+03 9.592803862898234968e+01
8.654322713244497209e+03 9.650585539884841069e+01
8.654522665250255159e+03 9.656362329515842191e+01
8.654722617256013109e+03 9.458001164763315671e+01
8.654922569261772878e+03 9.462321432840697355e+01
8.655122521267532647e+03 9.458787595323660469e+01
8.655322473273290598e+03 9.557250657614312672e+01
8.655522425279050367e+03 9.417360178400565474e+01
8.655722377284806498e+03 9.187891839945135075e+01
8.655922329290566267e+03 9.282295481169289530e+01
8.656122281296326037e+03 9.150240349652466421e+01
8.656322233302083987e+03 9.068012006296697791e+01
8.656522185307843756e+03 9.037653684216851957e+01
8.656722137313599887e+03 8.811536012451020383e+01
8.656922089319357838e+03 8.727982938192270979e+01
8.657122041325117607e+03 8.883699499566905899e+01
8.657321993330875557e+03 8.534987572137005429e+01
8.657521945336635326e+03 8.533168172581306976e+01
8.657721897342393277e+03 8.260208789025236342e+01
8.657921849348153046e+03 8.056525731790901546e+01
8.658121801353910996e+03 7.961170255884285041e+01
8.658321753359668946e+03 7.725492161745620479e+01
8.658521705365428716e+03 7.317598620568324463e+01
8.658721657371186666e+03 7.197122758670413134e+01
8.658921609376946435e+03 6.778750534798460592e+01
8.659121561382706204e+03 6.424901791304600351e+01
8.659321513388462336e+03 6.010793723085363638e+01
8.659521465394222105e+03 5.014943359328723460e+01
8.659721417399978236e+03 4.592955818885006636e+01
8.659921369405738005e+03 3.777777118156751612e+01
8.660121321411497775e+03 3.887305539091745743e+01
8.660321273417255725e+03 4.299285309007461819e+01
8.660521225423013675e+03 4.857902498066549413e+01
8.660721177428771625e+03 5.688051430844077316e+01
8.660921129434531395e+03 6.153322627690690894e+01
8.661121081440291164e+03 6.561248299749053103e+01
8.661321033446049114e+03 7.006758108160170195e+01
8.661520985451808883e+03 7.300841115050123165e+01
8.661720937457565014e+03 7.606550249682467779e+01
8.661920889463324784e+03 7.812949816906305500e+01
8.662120841469084553e+03 7.963586319036829764e+01
8.662320793474842503e+03 8.173985984032391627e+01
8.662520745480602272e+03 8.130507173452372172e+01
8.662720697486358404e+03 8.335762496568852953e+01
8.662920649492116354e+03 8.303533605239384485e+01
8.663120601497876123e+03 8.589267630922148555e+01
8.663320553503634073e+03 8.599985745011979077e+01
8.663520505509393843e+03 8.692529009761241809e+01
8.663720457515151793e+03 8.875423030422639670e+01
8.663920409520911562e+03 9.025732187889013858e+01
8.664120361526669512e+03 9.168310067090921223e+01
8.664320313532427463e+03 9.288993484280071300e+01
8.664520265538187232e+03 9.308568844907988193e+01
8.664720217543945182e+03 9.315396057040163669e+01
8.664920169549704951e+03 9.301156114040632872e+01
8.665120121555464721e+03 9.555472430283576557e+01
8.665320073561220852e+03 9.461610486144250842e+01
8.665520025566980621e+03 9.446211028465916115e+01
8.665719977572736752e+03 9.656159981880881560e+01
8.665919929578496522e+03 9.758905939762527737e+01
8.666119881584256291e+03 9.527693762089327834e+01
8.666319833590014241e+03 9.580197767046301749e+01
8.666519785595772191e+03 9.632881293754003593e+01
8.666719737601530142e+03 9.490299850182975661e+01
8.666919689607289911e+03 9.608763996264337948e+01
8.667119641613049680e+03 9.508063217692205171e+01
8.667319593618807630e+03 9.792650865749145339e+01
8.667519545624567399e+03 9.732062767954140270e+01
8.667719497630323531e+03 9.822697759255031258e+01
8.667919449636083300e+03 9.684488686963798898e+01
8.668119401641843069e+03 9.739617517954867765e+01
8.668319353647601019e+03 9.896706995769241644e+01
8.668519305653360789e+03 9.479242636697394175e+01
8.668719257659116920e+03 9.824441617982022024e+01
8.668919209664874870e+03 9.738709161508151624e+01
8.669119161670634639e+03 9.929933637518443845e+01
8.669319113676392590e+03 9.933554978232325539e+01
8.669519065682152359e+03 9.655215633803845776e+01
8.669719017687910309e+03 9.694383249877321873e+01
8.669918969693670078e+03 9.637533960644141473e+01
8.670118921699428029e+03 9.734200830387004544e+01
8.670318873705185979e+03 9.769885711159101049e+01
8.670518825710945748e+03 9.779236509016273260e+01
8.670718777716703698e+03 9.947343430730961700e+01
8.670918729722463468e+03 1.002789163454697672e+02
8.671118681728223237e+03 9.993987252235433516e+01
8.671318633733979368e+03 9.771659393734987020e+01
8.671518585739739137e+03 9.844942947219350060e+01
8.671718537745495269e+03 1.001213049311207186e+02
8.671918489751255038e+03 9.746937241198475022e+01
8.672118441757014807e+03 9.727883364547253109e+01
8.672318393762772757e+03 9.404174212846533010e+01
8.672518345768530708e+03 8.854941112116125623e+01
8.672718297774288658e+03 8.783432154422243343e+01
8.672918249780048427e+03 8.884678785759771813e+01
8.673118201785808196e+03 9.139557845295497884e+01
8.673318153791566147e+03 9.388815150853666580e+01
8.673518105797325916e+03 9.599611676322147957e+01
8.673718057803082047e+03 9.692332612720569784e+01
8.673918009808841816e+03 9.814973812621093430e+01
8.674117961814601586e+03 9.695321945836724353e+01
8.674317913820359536e+03 1.008108078433922401e+02
8.674517865826119305e+03 9.862084993161640512e+01
8.674717817831875436e+03 9.755440410110712435e+01
8.674917769837633386e+03 9.917548932653183158e+01
8.675117721843393156e+03 9.856669263226351063e+01
8.675317673849151106e+03 9.962190532646768304e+01
8.675517625854910875e+03 9.971318905616308825e+01
8.675717577860668825e+03 9.642815341981642518e+01
8.675917529866428595e+03 1.001214240871571519e+02
8.676117481872186545e+03 9.789075037078372077e+01
8.676317433877944495e+03 1.000436755885876323e+02
8.676517385883704264e+03 9.924014919750759134e+01
8.676717337889462215e+03 9.843849222216113048e+01
8.676917289895221984e+03 9.880079735290071596e+01
8.677117241900981753e+03 9.788854306824053708e+01
8.677317193906737884e+03 9.567829633626395491e+01
8.677517145912497654e+03 9.630449459397347312e+01
8.677717097918253785e+03 9.341024182804657983e+01
8.677917049924013554e+03 9.586400274635701635e+01
8.678117001929773323e+03 9.595877467695559915e+01
8.678316953935531274e+03 9.485982728068179881e+01
8.678516905941289224e+03 9.616518185927533580e+01
8.678716857947047174e+03 9.669514834510979995e+01
8.678916809952806943e+03 9.758013422288296113e+01
8.679116761958566713e+03 9.895636204717131079e+01
8.679316713964324663e+03 9.966138890080686963e+01
8.679516665970084432e+03 9.856369710924529670e+01
8.679716617975840563e+03 9.956311024458031511e+01
8.679916569981600333e+03 9.924945068910456314e+01
8.680116521987360102e+03 9.956419391015354847e+01
8.680316473993118052e+03 9.942089932126773988e+01
8.680516425998877821e+03 9.833353338597072479e+01
8.680716378004633953e+03 9.643082187790393789e+01
8.680916330010391903e+03 9.744340380852702310e+01
8.681116282016151672e+03 9.814567280178484054e+01
8.681316234021909622e+03 9.899676863298145690e+01
8.681516186027669391e+03 9.966874364038822876e+01
8.681716138033427342e+03 1.000894079364758227e+02
8.681916090039187111e+03 9.974802641163041983e+01
8.682116042044945061e+03 9.859264985477551591e+01
8.682315994050703011e+03 1.014395760690066055e+02
8.682515946056462781e+03 9.879758164332535841e+01
8.682715898062220731e+03 9.856072435382593255e+01
8.682915850067980500e+03 9.898158988955147208e+01
8.683115802073740269e+03 1.007649650988699079e+02
8.683315754079496401e+03 9.988173498246551674e+01
8.683515706085256170e+03 9.945963874496852952e+01
8.683715658091014120e+03 9.884798155809713194e+01
8.683915610096772070e+03 9.603565035301554076e+01
8.684115562102531840e+03 9.894254812353499062e+01
8.684315514108289790e+03 9.813213019320716057e+01
8.684515466114047740e+03 9.821783163395572558e+01
8.684715418119805690e+03 9.782243515165352221e+01
8.684915370125565460e+03 9.725991375680111162e+01
8.685115322131325229e+03 9.968897629705548979e+01
8.685315274137083179e+03 9.968854778210182133e+01
8.685515226142842948e+03 9.979124998355720777e+01
8.685715178148599080e+03 9.722677094752579308e+01
8.685915130154358849e+03 9.476251946294884476e+01
8.686115082160118618e+03 8.895099605611173388e+01
8.686315034165876568e+03 8.175363329243276667e+01
8.686514986171636338e+03 7.716735068696954158e+01
8.686714938177394288e+03 8.058381786531306545e+01
8.686914890183150419e+03 8.727077994691150309e+01
8.687114842188910188e+03 9.102155446238093361e+01
8.687314794194668139e+03 9.518860540777345136e+01
8.687514746200427908e+03 9.881136356186411263e+01
8.687714698206185858e+03 9.836796780252814187e+01
8.687914650211945627e+03 1.001534706112626907e+02
8.688114602217703577e+03 9.894666417305300854e+01
8.688314554223461528e+03 9.879779540131671922e+01
8.688514506229221297e+03 9.933528510337508521e+01
8.688714458234979247e+03 9.959685702127917750e+01
8.688914410240739016e+03 1.001903603346808325e+02
8.689114362246498786e+03 9.824921719913032803e+01
8.689314314252254917e+03 1.010850122212068953e+02
8.689514266258014686e+03 9.876192348357861306e+01
8.689714218263772636e+03 1.009930021607400050e+02
8.689914170269530587e+03 1.003860529232490961e+02
8.690114122275290356e+03 1.000981349484372629e+02
8.690314074281048306e+03 9.889763256187853813e+01
8.690514026286806256e+03 9.962155208111434490e+01
8.690713978292564207e+03 1.001821351745054756e+02
8.690913930298323976e+03 9.933690468550061325e+01
8.691113882304083745e+03 9.860265723602688581e+01
8.691313834309841695e+03 1.004902969796489032e+02
8.691513786315601465e+03 9.985548696740083585e+01
8.691713738321357596e+03 9.854289369034319179e+01
8.691913690327117365e+03 9.884510668387113697e+01
8.692113642332877134e+03 9.832789466606932649e+01
8.692313594338635085e+03 9.691987860320166703e+01
8.692513546344394854e+03 9.825182127689392075e+01
8.692713498350152804e+03 9.779605834780211637e+01
8.692913450355908935e+03 9.847068184193223317e+01
8.693113402361668705e+03 1.001659486306429869e+02
8.693313354367426655e+03 9.823404880692751817e+01
8.693513306373186424e+03 9.848383834281926852e+01
8.693713258378944374e+03 1.006543971923866252e+02
8.693913210384704144e+03 9.974542350178352024e+01
8.694113162390462094e+03 1.004027173051516684e+02
8.694313114396220044e+03 1.005615619564372878e+02
8.694513066401979813e+03 1.000069075120373157e+02
8.694713018407737763e+03 9.979249713335786964e+01
8.694912970413497533e+03 9.910684308122634434e+01
8.695112922419257302e+03 1.005739068505615990e+02
8.695312874425013433e+03 9.916315136950636600e+01
8.695512826430773202e+03 9.961702315421376852e+01
8.695712778436531153e+03 9.962977167198948791e+01
8.695912730442289103e+03 1.014859360785678462e+02
8.696112682448048872e+03 9.931285486598784473e+01
8.696312634453806822e+03 9.927945532512578097e+01
8.696512586459564773e+03 9.940838942439496861e+01
8.696712538465322723e+03 9.878130193646593682e+01
8.696912490471082492e+03 9.794053718054200885e+01
8.697112442476842261e+03 9.463855983826910290e+01
8.697312394482600212e+03 9.324752260472489240e+01
8.697512346488359981e+03 9.357414896560025852e+01
8.697712298494116112e+03 9.589261912451355840e+01
8.697912250499875881e+03 9.811444501809249630e+01
8.698112202505635651e+03 1.002024074409671215e+02
8.698312154511393601e+03 9.981116615691718152e+01
8.698512106517153370e+03 1.004846211554414737e+02
8.698712058522911320e+03 9.931167224591895604e+01
8.698912010528667452e+03 9.900402962791953598e+01
8.699111962534427221e+03 9.940449891462854737e+01
8.699311914540185171e+03 9.839493133376409162e+01
8.699511866545944940e+03 9.873500792981175778e+01
8.699711818551702891e+03 1.004134464582613475e+02
8.699911770557462660e+03 1.001637327291023070e+02
8.700111722563220610e+03 9.940625223787833420e+01
8.700311674568978560e+03 9.951091158246423163e+01
8.700511626574738330e+03 9.754914623889548864e+01
8.700711578580496280e+03 9.986204644803432018e+01
8.700911530586256049e+03 1.007741481171586742e+02
8.701111482592015818e+03 1.001294957682941771e+02
8.701311434597771949e+03 9.944975023767510436e+01
8.701511386603531719e+03 9.936240779340477047e+01
8.701711338609289669e+03 9.735993671674518168e+01
8.701911290615047619e+03 9.809708520512856467e+01
8.702111242620807388e+03 9.958521287775226938e+01
8.702311194626565339e+03 1.000806180209817313e+02
8.702511146632323289e+03 9.856690330860371319e+01
8.702711098638081239e+03 1.001380558627385824e+02
8.702911050643841008e+03 1.005729541678947214e+02
8.703111002649600778e+03 9.992588444500012201e+01
8.703310954655358728e+03 1.000196631032182495e+02
8.703510906661118497e+03 9.793660972352539318e+01
8.703710858666874628e+03 1.002012788559932801e+02
8.703910810672634398e+03 1.015255240819283671e+02
8.704110762678394167e+03 9.885556231019188544e+01
8.704310714684152117e+03 1.005968872054489225e+02
8.704510666689911886e+03 9.873288768816939864e+01
8.704710618695669837e+03 9.901823310596132899e+01
8.704910570701425968e+03 9.962866166370565679e+01
8.705110522707185737e+03 9.953881078104092239e+01
8.705310474712943687e+03 1.003454646360452074e+02
8.705510426718703457e+03 1.006896031105440557e+02
8.705710378724461407e+03 9.906829270205480498e+01
8.705910330730221176e+03 1.007601145545072683e+02
8.706110282735979126e+03 1.007015019179591206e+02
8.706310234741737077e+03 9.885504457475151696e+01
8.706510186747496846e+03 1.001322715024882086e+02
8.706710138753254796e+03 1.011202248254540876e+02
8.706910090759014565e+03 1.012524800707680868e+02
8.707110042764774335e+03 9.662660755401118706e+01
8.707309994770530466e+03 9.969072535578780503e+01
8.707509946776290235e+03 9.717652878793931848e+01
8.707709898782048185e+03 9.727472362534602723e+01
8.707909850787806135e+03 9.125400239493650645e+01
8.708109802793565905e+03 9.074341319299269060e+01
8.708309754799323855e+03 8.880414064465480806e+01
8.708509706805081805e+03 9.215883488328508122e+01
8.708709658810839755e+03 9.571953944400384273e+01
8.708909610816599525e+03 9.804371701791649230e+01
8.709109562822359294e+03 9.783211200547698638e+01
8.709309514828117244e+03 1.007922790356760316e+02
8.709509466833877013e+03 9.817805625499900657e+01
8.709709418839633145e+03 9.762764124344862182e+01
8.709909370845392914e+03 1.006416140679720854e+02
8.710109322851152683e+03 9.914722924708446783e+01
8.710309274856910633e+03 9.724145976126203550e+01
8.710509226862670403e+03 9.649625305450719281e+01
8.710709178868428353e+03 9.440609319737019689e+01
8.710909130874184484e+03 9.206594059016008202e+01
8.711109082879944253e+03 9.163646999421104056e+01
8.711309034885702204e+03 9.324026433369492395e+01
8.711508986891461973e+03 9.538976880530327662e+01
8.711708938897219923e+03 9.840332737606433966e+01
8.711908890902979692e+03 9.850178792831574981e+01
8.712108842908737643e+03 9.951931742764898559e+01
8.712308794914495593e+03 9.944922588765423654e+01
8.712508746920255362e+03 9.838307328119664419e+01
8.712708698926013312e+03 9.892055806158747089e+01
8.712908650931773082e+03 1.000198079990359190e+02
8.713108602937532851e+03 9.806930871911957581e+01
8.713308554943288982e+03 9.786385131435713447e+01
8.713508506949048751e+03 9.953645944245123189e+01
8.713708458954806702e+03 1.005928744462169533e+02
8.713908410960564652e+03 9.926276621230367425e+01
8.714108362966324421e+03 9.999950111019323629e+01
8.714308314972082371e+03 1.007096544185807261e+02
8.714508266977840321e+03 9.953796989581465482e+01
8.714708218983598272e+03 9.859247057286368943e+01
8.714908170989358041e+03 9.827650706948806203e+01
8.715108122995117810e+03 9.809189367212660216e+01
8.715308075000875760e+03 9.636170648756306889e+01
8.715508027006635530e+03 9.337788471231674237e+01
8.715707979012391661e+03 9.314255817244838909e+01
8.715907931018151430e+03 9.475358868576043392e+01
8.716107883023911199e+03 9.554143144104504870e+01
8.716307835029669150e+03 9.873396855005958628e+01
8.716507787035428919e+03 1.008679819787232219e+02
8.716707739041186869e+03 9.863198372393544844e+01
8.716907691046943000e+03 1.008134218463900851e+02
8.717107643052702770e+03 9.915501392834505623e+01
8.717307595058460720e+03 9.837133613615701222e+01
8.717507547064220489e+03 1.002612127668862172e+02
8.717707499069978439e+03 9.902724026995677775e+01
8.717907451075738209e+03 9.943864169489538085e+01
8.718107403081496159e+03 9.952700840041002550e+01
8.718307355087254109e+03 9.842963598864005803e+01
8.718507307093013878e+03 9.844219007578489311e+01
8.718707259098771829e+03 1.003620039159368815e+02
8.718907211104531598e+03 9.911646975837676621e+01
8.719107163110291367e+03 1.013811571858466607e+02
8.719307115116047498e+03 9.902628347858949098e+01
8.719507067121807268e+03 1.018857223454171219e+02
8.719707019127565218e+03 9.830125882985947783e+01
8.719906971133323168e+03 9.927617029754424038e+01
8.720106923139082937e+03 9.986499757548618561e+01
8.720306875144840888e+03 1.000165901202082779e+02
8.720506827150598838e+03 1.018733977231260752e+02
8.720706779156356788e+03 9.980289528226484208e+01
8.720906731162116557e+03 1.004619933353406083e+02
8.721106683167876326e+03 9.936122595818763159e+01
8.721306635173634277e+03 1.004610262276824244e+02
8.721506587179394046e+03 1.014683655540382290e+02
8.721706539185150177e+03 1.003299169725316062e+02
8.721906491190909946e+03 9.994773679316331538e+01
8.722106443196669716e+03 1.007614759332831227e+02
8.722306395202427666e+03 1.013796937037002834e+02
8.722506347208187435e+03 1.003408041356353948e+02
8.722706299213945385e+03 9.980654258555439640e+01
8.722906251219703336e+03 9.883047734495096392e+01
8.723106203225461286e+03 9.915113775392390494e+01
8.723306155231219236e+03 1.003306825160583884e+02
8.723506107236979005e+03 9.845534027550559131e+01
8.723706059242736956e+03 9.896039231079591048e+01
8.723906011248496725e+03 9.935546867800641735e+01
8.724105963254256494e+03 1.005159698838485554e+02
8.724305915260012625e+03 9.757766972736337152e+01
8.724505867265772395e+03 9.930403756454579423e+01
8.724705819271530345e+03 1.016987034362136058e+02
8.724905771277290114e+03 9.966528130006997799e+01
8.725105723283049883e+03 9.854469480295014705e+01
8.725305675288807834e+03 9.885648681765231061e+01
8.725505627294565784e+03 9.698654483090572853e+01
8.725705579300323734e+03 9.427057997416230251e+01
8.725905531306081684e+03 9.612288773526522334e+01
8.726105483311841454e+03 9.780666811601739141e+01
8.726305435317599404e+03 9.719285082337269444e+01
8.726505387323359173e+03 9.711536482427671046e+01
8.726705339329115304e+03 9.717575709821001340e+01
8.726905291334875074e+03 9.822293785810288114e+01
8.727105243340634843e+03 1.001819849561311599e+02
8.727305195346392793e+03 9.898688456049833917e+01
8.727505147352152562e+03 9.983816723759822764e+01
8.727705099357910512e+03 9.919474308523253114e+01
8.727905051363668463e+03 9.962386468672531237e+01
