8.477710709012560983e+03 9.746478174530781757e+01
8.477910655019850310e+03 1.014497407145048982e+02
8.478110601027135999e+03 1.001642901542969213e+02
8.478310547034425326e+03 1.005105654281098708e+02
8.478510493041712834e+03 1.003047859612017163e+02
8.478710439049000342e+03 9.820102376962603330e+01
8.478910385056289670e+03 9.728238532820407158e+01
8.479110331063577178e+03 1.010095590086232136e+02
8.479310277070864686e+03 9.886741360612823826e+01
8.479510223078154013e+03 9.436212386451907719e+01
8.479710169085441521e+03 9.504447164051920538e+01
8.479910115092730848e+03 9.262542492343663980e+01
8.480110061100018356e+03 9.772416725139791538e+01
8.480310007107305864e+03 9.760490325097532605e+01
8.480509953114593372e+03 9.759043951574598452e+01
8.480709899121882700e+03 9.713195437218040240e+01
8.480909845129170208e+03 1.003158192683525556e+02
8.481109791136457716e+03 9.945741665236397466e+01
8.481309737143747043e+03 9.589193634874557404e+01
8.481509683151032732e+03 9.919860953407328452e+01
8.481709629158322059e+03 9.962742598260146565e+01
8.481909575165609567e+03 9.870380756565418778e+01
8.482109521172897075e+03 1.034031820568036864e+02
8.482309467180186402e+03 1.027339300716933934e+02
8.482509413187472092e+03 1.019575253744179548e+02
8.482709359194761419e+03 9.941497613618761875e+01
8.482909305202050746e+03 9.803833879308523080e+01
8.483109251209336435e+03 9.978203282802171259e+01
8.483309197216625762e+03 1.011719037997278434e+02
8.483509143223915089e+03 1.015994732005441961e+02
8.483709089231202597e+03 1.000846452330110452e+02
8.483909035238491924e+03 9.765391859872603675e+01
8.484108981245777613e+03 9.761502117490371688e+01
8.484308927253066940e+03 1.042251400069953746e+02
8.484508873260354449e+03 1.018292725448588243e+02
8.484708819267641957e+03 1.007685765062182952e+02
8.484908765274931284e+03 1.003778007369478473e+02
8.485108711282218792e+03 9.777747834183978171e+01
8.485308657289506300e+03 9.918511517505847053e+01
8.485508603296793808e+03 9.903627815125395273e+01
8.485708549304083135e+03 1.012936684882372163e+02
8.485908495311370643e+03 1.009931552947989246e+02
8.486108441318658151e+03 1.000533607664742703e+02
8.486308387325945660e+03 9.647330169552594725e+01
8.486508333333233168e+03 1.008031925837401843e+02
8.486708279340522495e+03 9.924936529448432054e+01
8.486908225347810003e+03 1.009268496130356851e+02
8.487108171355097511e+03 9.969513133118442738e+01
8.487308117362386838e+03 1.030558945677635876e+02
8.487508063369674346e+03 9.925509439485530550e+01
8.487708009376963673e+03 1.004944714542942563e+02
8.487907955384253000e+03 9.948613468162479023e+01
8.488107901391538689e+03 1.004622407333445295e+02
8.488307847398828017e+03 1.006154084268265905e+02
8.488507793406115525e+03 1.005780836061960031e+02
8.488707739413403033e+03 9.934844852737101917e+01
8.488907685420692360e+03 1.001447688175205144e+02
8.489107631427978049e+03 9.965130984871012743e+01
8.489307577435267376e+03 1.016006707839290613e+02
8.489507523442554884e+03 9.732334895126493279e+01
8.489707469449842392e+03 1.004977096551724571e+02
8.489907415457131719e+03 9.785975766152500910e+01
8.490107361464419228e+03 9.762955822619176161e+01
8.490307307471706736e+03 1.032805876541565482e+02
8.490507253478994244e+03 9.774765879158564985e+01
8.490707199486283571e+03 9.780865475645865104e+01
8.490907145493571079e+03 9.867290368252535870e+01
8.491107091500858587e+03 9.659323545595438532e+01
8.491307037508146095e+03 1.010106660228247648e+02
8.491506983515435422e+03 9.899234595809708992e+01
8.491706929522724749e+03 9.605579503016380727e+01
8.491906875530012258e+03 9.840874850786761385e+01
8.492106821537299766e+03 9.924368691845083390e+01
8.492306767544589093e+03 9.822204900949434148e+01
8.492506713551874782e+03 9.697312822867745297e+01
8.492706659559164109e+03 9.821038143074439120e+01
8.492906605566453436e+03 9.522691304359375408e+01
8.493106551573739125e+03 9.483286743389587059e+01
8.493306497581028452e+03 9.672441526524941935e+01
8.493506443588314141e+03 9.522263498338969612e+01
8.493706389595603468e+03 9.215101508940914243e+01
8.493906335602892796e+03 9.068009135098290585e+01
8.494106281610178485e+03 8.948747412745338181e+01
8.494306227617467812e+03 8.797253280210458115e+01
8.494506173624755320e+03 8.242016807712408877e+01
8.494706119632042828e+03 7.513796050123963255e+01
8.494906065639332155e+03 6.665298748627579073e+01
8.495106011646619663e+03 6.587720495133906695e+01
8.495305957653907171e+03 5.714941190265308535e+01
8.495505903661196498e+03 5.243962203290199398e+01
8.495705849668484007e+03 4.935525850760166833e+01
8.495905795675773334e+03 4.994684066795378641e+01
8.496105741683060842e+03 5.539881551150543260e+01
8.496305687690348350e+03 6.253592735219859122e+01
8.496505633697635858e+03 7.047205262807463555e+01
8.496705579704925185e+03 7.620117790235818234e+01
8.496905525712212693e+03 8.308224241829194057e+01
8.497105471719500201e+03 8.439321085140156242e+01
8.497305417726789528e+03 8.714477815646507963e+01
8.497505363734075218e+03 9.129472639498955289e+01
8.497705309741364545e+03 9.191116432247456203e+01
8.497905255748652053e+03 9.471188791481260694e+01
8.498105201755939561e+03 9.412780136506226825e+01
8.498305147763228888e+03 9.761979285683599983e+01
8.498505093770514577e+03 9.512438461012567359e+01
8.498705039777803904e+03 9.780310768469108496e+01
8.498904985785093231e+03 9.863814887808342746e+01
8.499104931792378920e+03 9.544614456078944897e+01
8.499304877799668247e+03 9.552357492520346227e+01
8.499504823806957575e+03 9.514893443882844792e+01
8.499704769814245083e+03 9.833522736757900873e+01
8.499904715821534410e+03 9.488008951221033271e+01
8.500104661828821918e+03 9.788753302236564480e+01
8.500304607836109426e+03 9.622923046036937933e+01
8.500504553843396934e+03 9.794664743809551055e+01
8.500704499850684442e+03 9.932248682280574315e+01
8.500904445857973769e+03 9.765764461698923071e+01
8.501104391865261277e+03 9.574008801281230774e+01
8.501304337872548786e+03 9.577008870096561566e+01
8.501504283879836294e+03 1.000223284653550451e+02
8.501704229887125621e+03 9.877715467839314556e+01
8.501904175894413129e+03 9.988955498610165762e+01
8.502104121901700637e+03 9.661286654247997774e+01
8.502304067908989964e+03 9.876228842050612400e+01
8.502504013916275653e+03 9.454096343786335410e+01
8.502703959923564980e+03 9.946796271705404990e+01
8.502903905930852488e+03 9.903820026656882192e+01
8.503103851938139996e+03 9.773641188228280896e+01
8.503303797945429324e+03 9.948242864488273085e+01
8.503503743952716832e+03 9.599456657150426508e+01
8.503703689960006159e+03 1.003820796125199593e+02
8.503903635967295486e+03 9.780040782040664737e+01
8.504103581974581175e+03 9.975239283462310880e+01
8.504303527981870502e+03 1.003025665369804642e+02
8.504503473989158010e+03 1.006541914377711606e+02
8.504703419996445518e+03 9.806297246746451890e+01
8.504903366003734845e+03 9.897894805469587709e+01
8.505103312011020535e+03 1.018872587885299481e+02
8.505303258018309862e+03 9.916880392096373953e+01
8.505503204025597370e+03 9.845272563256469311e+01
8.505703150032884878e+03 9.842009747517252549e+01
8.505903096040174205e+03 1.006106979156910768e+02
8.506103042047461713e+03 9.979651178664511235e+01
8.506302988054749221e+03 9.887424627539644462e+01
8.506502934062036729e+03 9.735035205359147881e+01
8.506702880069326056e+03 9.983962836856042600e+01
8.506902826076613565e+03 1.016700274757622964e+02
8.507102772083901073e+03 9.841561455943767101e+01
8.507302718091188581e+03 9.944058526105881413e+01
8.507502664098477908e+03 9.996435865311535451e+01
8.507702610105767235e+03 9.917447321480351263e+01
8.507902556113054743e+03 1.033809175396606292e+02
8.508102502120342251e+03 1.000790050943648595e+02
8.508302448127631578e+03 9.926377432968357084e+01
8.508502394134917267e+03 9.649414508790215450e+01
8.508702340142206594e+03 1.016095977861513830e+02
8.508902286149495922e+03 1.014120613703626503e+02
8.509102232156781611e+03 9.959959537172969135e+01
8.509302178164070938e+03 9.818490072543998792e+01
8.509502124171356627e+03 9.994950531201016020e+01
8.509702070178645954e+03 9.988630576643386405e+01
8.509902016185935281e+03 9.771606039336650440e+01
8.510101962193220970e+03 9.712524045134057360e+01
8.510301908200510297e+03 9.873614541405162015e+01
8.510501854207797805e+03 9.582020608177312226e+01
8.510701800215085314e+03 9.606977737588326249e+01
8.510901746222374641e+03 9.837346820537972292e+01
8.511101692229662149e+03 9.573533129610039794e+01
8.511301638236949657e+03 9.117733167480974998e+01
8.511501584244238984e+03 8.875748559351630718e+01
8.511701530251528311e+03 8.386368647569447887e+01
8.511901476258815819e+03 8.815050266329350848e+01
8.512101422266103327e+03 8.887439439089686744e+01
8.512301368273390835e+03 9.441519864305283249e+01
8.512501314280678343e+03 9.523378446173524026e+01
8.512701260287967671e+03 9.555471345931860583e+01
8.512901206295255179e+03 9.789530134705219666e+01
8.513101152302542687e+03 9.679255359093485822e+01
8.513301098309832014e+03 9.664014305229390800e+01
8.513501044317117703e+03 1.003673149741401573e+02
8.513700990324407030e+03 9.979417856289458655e+01
8.513900936331696357e+03 1.013560826697369208e+02
8.514100882338982046e+03 9.715880781550374934e+01
8.514300828346271373e+03 9.747641678828226475e+01
8.514500774353557063e+03 9.939380411000109916e+01
8.514700720360846390e+03 9.913110057687703147e+01
8.514900666368135717e+03 9.961737222370196321e+01
8.515100612375421406e+03 9.983483339662549838e+01
8.515300558382710733e+03 9.755670696651085905e+01
8.515500504390000060e+03 1.001346328482536734e+02
8.515700450397287568e+03 9.697433921761526676e+01
8.515900396404576895e+03 9.616042304056783507e+01
8.516100342411864403e+03 9.702646210904552504e+01
8.516300288419151912e+03 9.799218753009839133e+01
8.516500234426439420e+03 9.999566157759943508e+01
8.516700180433726928e+03 9.884541995267849757e+01
8.516900126441016255e+03 9.755344173084802151e+01
8.517100072448303763e+03 1.016683014570478889e+02
8.517300018455591271e+03 1.000683717873034482e+02
8.517499964462878779e+03 9.991965648649831166e+01
8.517699910470168106e+03 9.917117144275269425e+01
8.517899856477455614e+03 9.987471047941581048e+01
8.518099802484743122e+03 9.812191889381949750e+01
8.518299748492032450e+03 9.943034262352074393e+01
8.518499694499318139e+03 9.521989128580699457e+01
8.518699640506607466e+03 9.796722477102800042e+01
8.518899586513894974e+03 1.004834104954324800e+02
8.519099532521182482e+03 9.547926112360183026e+01
8.519299478528471809e+03 1.021534137810883749e+02
8.519499424535759317e+03 9.990422778999570141e+01
8.519699370543048644e+03 9.875922769346556152e+01
8.519899316550337971e+03 1.023681178266881489e+02
8.520099262557623661e+03 9.749918614137699535e+01
8.520299208564912988e+03 9.867459944602296673e+01
8.520499154572200496e+03 9.961901394315412972e+01
8.520699100579488004e+03 9.914760730176809034e+01
8.520899046586777331e+03 1.006953031648583021e+02
8.521098992594064839e+03 9.807084264247994554e+01
8.521298938601352347e+03 9.765892342563770967e+01
8.521498884608639855e+03 9.901494972881538104e+01
8.521698830615927363e+03 9.970587643753404450e+01
8.521898776623216690e+03 1.015329717720622824e+02
8.522098722630504199e+03 9.909039937302804901e+01
8.522298668637791707e+03 9.849068118522887971e+01
8.522498614645079215e+03 1.001582942575451938e+02
8.522698560652368542e+03 9.762427683710416204e+01
8.522898506659656050e+03 9.808391534364074005e+01
8.523098452666943558e+03 9.936965450594341576e+01
8.523298398674232885e+03 1.011104403462665999e+02
8.523498344681520393e+03 1.008657906456431874e+02
8.523698290688809720e+03 9.763551702849484570e+01
8.523898236696097229e+03 1.006729825197672739e+02
8.524098182703384737e+03 9.856966050081869923e+01
8.524298128710674064e+03 9.548538494772748209e+01
8.524498074717959753e+03 9.624637929373581358e+01
8.524698020725249080e+03 9.810756667288461585e+01
8.524897966732538407e+03 9.550596634686860398e+01
8.525097912739824096e+03 9.737066334482547347e+01
8.525297858747113423e+03 9.513749087288825024e+01
8.525497804754400931e+03 9.897237290290080125e+01
8.525697750761688440e+03 9.816965258740280831e+01
8.525897696768977767e+03 1.002094043820290921e+02
8.526097642776263456e+03 9.838707965773258479e+01
8.526297588783552783e+03 9.821681342518223801e+01
8.526497534790840291e+03 9.653760947369755741e+01
8.526697480798127799e+03 9.662286538307829176e+01
8.526897426805417126e+03 9.860637661789922959e+01
8.527097372812704634e+03 1.012372221710196243e+02
8.527297318819992142e+03 9.895197066536942998e+01
8.527497264827281469e+03 9.745472778887577192e+01
8.527697210834570797e+03 1.007819747626002282e+02
8.527897156841858305e+03 9.877949364958740830e+01
8.528097102849145813e+03 9.845853648530157898e+01
8.528297048856433321e+03 9.861886452094402955e+01
8.528496994863720829e+03 9.943672005359685784e+01
8.528696940871010156e+03 9.701199533050868240e+01
8.528896886878297664e+03 1.001974539017103325e+02
8.529096832885585172e+03 9.838678487840181219e+01
8.529296778892874499e+03 9.631530693880746696e+01
8.529496724900160189e+03 9.904141167621487796e+01
8.529696670907449516e+03 9.868671406881669839e+01
8.529896616914738843e+03 9.936694499070647169e+01
8.530096562922024532e+03 9.622726454365201221e+01
8.530296508929313859e+03 9.683790475177204371e+01
8.530496454936599548e+03 9.731918560657014439e+01
8.530696400943888875e+03 1.007096213592299421e+02
8.530896346951178202e+03 9.600837889727517904e+01
8.531096292958463891e+03 9.392824732601867765e+01
8.531296238965753219e+03 9.490111797174084529e+01
8.531496184973042546e+03 9.716071621115330004e+01
8.531696130980330054e+03 9.765597406630185162e+01
8.531896076987619381e+03 9.486111725956170915e+01
8.532096022994906889e+03 9.576548325384527516e+01
8.532295969002194397e+03 9.599413798168697554e+01
8.532495915009481905e+03 9.725436535008147132e+01
8.532695861016771232e+03 9.379287615397689137e+01
8.532895807024058740e+03 9.544999639672407454e+01
8.533095753031346248e+03 9.440934877632447808e+01
8.533295699038633757e+03 9.681289349113870912e+01
8.533495645045921265e+03 9.508328307285803760e+01
8.533695591053210592e+03 9.506664895860930642e+01
8.533895537060498100e+03 9.140185524619535329e+01
8.534095483067785608e+03 9.296920164486370197e+01
8.534295429075074935e+03 9.009916422185384022e+01
8.534495375082360624e+03 9.115427419181990842e+01
8.534695321089649951e+03 9.145743527912688364e+01
8.534895267096939278e+03 9.174586595257618171e+01
8.535095213104224968e+03 9.154276467391521521e+01
8.535295159111514295e+03 9.192542932061384420e+01
8.535495105118801803e+03 9.004980639239215634e+01
8.535695051126091130e+03 8.943023146059539386e+01
8.535894997133380457e+03 8.873494609843231729e+01
8.536094943140666146e+03 8.675094355823290471e+01
8.536294889147955473e+03 8.495314042208174499e+01
8.536494835155242981e+03 8.143528485187297861e+01
8.536694781162530489e+03 8.267433952300191891e+01
8.536894727169819816e+03 8.325854019237812054e+01
8.537094673177107325e+03 8.217091727481663099e+01
8.537294619184394833e+03 7.929219464025973707e+01
8.537494565191682341e+03 7.919226908025038369e+01
8.537694511198969849e+03 7.700139255329750654e+01
8.537894457206259176e+03 7.675375446692757464e+01
8.538094403213546684e+03 7.178717024227253773e+01
8.538294349220834192e+03 7.122979778246444482e+01
8.538494295228121700e+03 6.833899667599987993e+01
8.538694241235411027e+03 6.060235814942153354e+01
8.538894187242698536e+03 5.936494989339750816e+01
8.539094133249986044e+03 5.496404493510664935e+01
8.539294079257275371e+03 4.946639006415018969e+01
8.539494025264562879e+03 4.322497409601337637e+01
8.539693971271852206e+03 4.218503555733390442e+01
8.539893917279139714e+03 4.139698004364883133e+01
8.540093863286427222e+03 4.348129146687304569e+01
8.540293809293716549e+03 4.917783822202228095e+01
8.540493755301002238e+03 5.351096809772676721e+01
8.540693701308291566e+03 5.886079808830756832e+01
8.540893647315580893e+03 6.182921682597736890e+01
8.541093593322866582e+03 6.743051113435384991e+01
8.541293539330155909e+03 6.963435330301827264e+01
8.541493485337443417e+03 7.433295043550148762e+01
8.541693431344730925e+03 7.570962148896805388e+01
8.541893377352020252e+03 7.412255847204525594e+01
8.542093323359305941e+03 7.932884755017258271e+01
8.542293269366595268e+03 7.907532319717273595e+01
8.542493215373882776e+03 8.355198348240951134e+01
8.542693161381170285e+03 8.361430045749288809e+01
8.542893107388459612e+03 8.376406018635906037e+01
8.543093053395747120e+03 8.629803907820524955e+01
8.543292999403034628e+03 8.570099102846224071e+01
8.543492945410323955e+03 8.943481236133048640e+01
8.543692891417613282e+03 8.976633465528743727e+01
8.543892837424900790e+03 8.960740679306175593e+01
8.544092783432188298e+03 8.928168260412208213e+01
8.544292729439477625e+03 9.083151473610338655e+01
8.544492675446763315e+03 9.250248532020083303e+01
8.544692621454052642e+03 9.270283379397321255e+01
8.544892567461340150e+03 9.297388258569819186e+01
8.545092513468627658e+03 9.222559211538545298e+01
8.545292459475916985e+03 9.299872400158886876e+01
8.545492405483202674e+03 9.177092080582109190e+01
8.545692351490492001e+03 9.459474233312883484e+01
8.545892297497781328e+03 9.345293863903350484e+01
8.546092243505067017e+03 9.376992180888576911e+01
8.546292189512356344e+03 9.557784405250284010e+01
8.546492135519643853e+03 9.471608568538489692e+01
8.546692081526931361e+03 9.678959471346060184e+01
8.546892027534220688e+03 9.506954573983111345e+01
8.547091973541506377e+03 9.520918784259821166e+01
8.547291919548795704e+03 9.554740776494183763e+01
8.547491865556085031e+03 9.928717623527543878e+01
8.547691811563372539e+03 9.738630592402307684e+01
8.547891757570661866e+03 9.866089948106022689e+01
8.548091703577949374e+03 9.455553290787732124e+01
8.548291649585236883e+03 9.889403679437909034e+01
8.548491595592524391e+03 9.586142429771946638e+01
8.548691541599813718e+03 9.882955595859262132e+01
8.548891487607101226e+03 9.704338434021376258e+01
8.549091433614388734e+03 9.762873738875990171e+01
8.549291379621676242e+03 9.774277316537417448e+01
8.549491325628963750e+03 9.661871426194122137e+01
8.549691271636253077e+03 9.605197130040480147e+01
8.549891217643540585e+03 9.888701966880627481e+01
8.550091163650828094e+03 9.730067056419140670e+01
8.550291109658117421e+03 9.700095810595931312e+01
8.550491055665403110e+03 9.866377111741911676e+01
8.550691001672692437e+03 9.801938802849721810e+01
8.550890947679981764e+03 9.577960906720545609e+01
8.551090893687267453e+03 9.905674974782650111e+01
8.551290839694556780e+03 9.885482600659425145e+01
8.551490785701844288e+03 1.002348434012758389e+02
8.551690731709133615e+03 9.782200311419882155e+01
8.551890677716422942e+03 9.899509440786914638e+01
8.552090623723708632e+03 9.669218152534141097e+01
8.552290569730997959e+03 9.823227181679743580e+01
8.552490515738285467e+03 9.992580525173320893e+01
8.552690461745572975e+03 9.864327888903447672e+01
8.552890407752862302e+03 9.895796315187429570e+01
8.553090353760149810e+03 9.976682347217332847e+01
8.553290299767437318e+03 9.858094783950610918e+01
8.553490245774724826e+03 9.706167921976313551e+01
8.553690191782014153e+03 9.930711916435947728e+01
8.553890137789301662e+03 9.774133630903924086e+01
8.554090083796589170e+03 9.612629193081957624e+01
8.554290029803876678e+03 9.714456264291906962e+01
8.554489975811164186e+03 9.623897450027247658e+01
8.554689921818453513e+03 9.516633249711199483e+01
8.554889867825741021e+03 9.749496154222147482e+01
8.555089813833028529e+03 9.409647391267503735e+01
8.555289759840317856e+03 1.007616150203691348e+02
8.555489705847605364e+03 9.894045226785958391e+01
8.555689651854894691e+03 1.004247814265116716e+02
8.555889597862184019e+03 9.672800354836948600e+01
8.556089543869469708e+03 9.721475861529692963e+01
8.556289489876759035e+03 9.844362836738488909e+01
8.556489435884044724e+03 9.744727595891720284e+01
8.556689381891334051e+03 9.599330240338068165e+01
8.556889327898623378e+03 9.834215789545017117e+01
8.557089273905909067e+03 9.949199151646398320e+01
8.557289219913198394e+03 9.945705224856232007e+01
8.557489165920485902e+03 9.901832461069432156e+01
8.557689111927773411e+03 9.794150122151195603e+01
8.557889057935062738e+03 9.851480261421021112e+01
8.558089003942350246e+03 9.726291421780722146e+01
8.558288949949637754e+03 1.011499499917912317e+02
8.558488895956925262e+03 9.864280617374859617e+01
8.558688841964212770e+03 9.804132647713591098e+01
8.558888787971502097e+03 9.830253516997694874e+01
8.559088733978789605e+03 9.869944756757156767e+01
8.559288679986077113e+03 1.003633735709375827e+02
8.559488625993366441e+03 1.000894686476224535e+02
8.559688572000655768e+03 9.716359079149619049e+01
8.559888518007943276e+03 9.697490572870029268e+01
8.560088464015230784e+03 9.768216870011035269e+01
8.560288410022520111e+03 9.969907905368219758e+01
8.560488356029805800e+03 9.838559547202453359e+01
8.560688302037095127e+03 9.737043411780639701e+01
8.560888248044382635e+03 1.003156284887982395e+02
8.561088194051670143e+03 9.919292020319586811e+01
8.561288140058959470e+03 9.732724158816412796e+01
8.561488086066245160e+03 1.003220763537204903e+02
8.561688032073534487e+03 1.001005354644835847e+02
8.561887978080823814e+03 9.907048624214547772e+01
8.562087924088109503e+03 1.017562194708068972e+02
8.562287870095398830e+03 9.819220325784350223e+01
8.562487816102686338e+03 9.731537017307284998e+01
8.562687762109973846e+03 9.930474301473995524e+01
8.562887708117263173e+03 9.791228492062417388e+01
8.563087654124548862e+03 9.914564037378406169e+01
8.563287600131838190e+03 9.627036474827528423e+01
8.563487546139127517e+03 9.830421746638859304e+01
8.563687492146415025e+03 9.578374506816810197e+01
8.563887438153704352e+03 9.822590567536124695e+01
8.564087384160991860e+03 1.009852741631707005e+02
8.564287330168279368e+03 1.017587983415484274e+02
8.564487276175566876e+03 9.758247121746532571e+01
8.564687222182856203e+03 1.023245222517862061e+02
8.564887168190143711e+03 1.002191695547750214e+02
8.565087114197431220e+03 9.718986802572922556e+01
8.565287060204720547e+03 9.929552028823817977e+01
8.565487006212006236e+03 1.007007201647219148e+02
8.565686952219295563e+03 1.032646952673113248e+02
8.565886898226583071e+03 1.018645354005853392e+02
8.566086844233870579e+03 9.977867543966542030e+01
8.566286790241159906e+03 9.968569098305775356e+01
8.566486736248445595e+03 9.790834304120703280e+01
8.566686682255734922e+03 1.014751038392489875e+02
8.566886628263024249e+03 9.850711855643235992e+01
8.567086574270309939e+03 1.000983842917111559e+02
8.567286520277599266e+03 9.981621093324936567e+01
8.567486466284888593e+03 1.015863928027769134e+02
8.567686412292176101e+03 9.856136084417920529e+01
8.567886358299465428e+03 9.596305188556353016e+01
8.568086304306751117e+03 1.016776944249570960e+02
8.568286250314040444e+03 1.044392970886152483e+02
8.568486196321327952e+03 1.001004741206240283e+02
8.568686142328615460e+03 1.040849913061696981e+02
8.568886088335904788e+03 1.001623043628566165e+02
8.569086034343192296e+03 9.939799858489560336e+01
8.569285980350479804e+03 9.887975262277058164e+01
8.569485926357767312e+03 9.524418645979918097e+01
8.569685872365056639e+03 9.737981027369147569e+01
8.569885818372344147e+03 1.012045224108231736e+02
8.570085764379631655e+03 1.001375428788465740e+02
8.570285710386919163e+03 1.001409706226781680e+02
8.570485656394206671e+03 9.868271635187292645e+01
8.570685602401495998e+03 9.991527434223948489e+01
8.570885548408783507e+03 1.010293944260395875e+02
8.571085494416071015e+03 1.021903377296482063e+02
8.571285440423360342e+03 1.000835926024161751e+02
8.571485386430647850e+03 1.001983207053496017e+02
8.571685332437937177e+03 9.827642344094792293e+01
8.571885278445226504e+03 9.994647133284240681e+01
8.572085224452512193e+03 9.945350289386283293e+01
8.572285170459801520e+03 9.983578056301185200e+01
8.572485116467087209e+03 1.008352883371258741e+02
8.572685062474376537e+03 1.011231293854076227e+02
8.572885008481665864e+03 9.767713040802475177e+01
8.573084954488951553e+03 1.002533478842615864e+02
8.573284900496240880e+03 1.005009512306596946e+02
8.573484846503528388e+03 9.747614390467074941e+01
8.573684792510815896e+03 9.945272260213722859e+01
8.573884738518105223e+03 9.954585068194219843e+01
8.574084684525392731e+03 9.978514739839100400e+01
8.574284630532680239e+03 9.968669056101008152e+01
8.574484576539967748e+03 9.759622563484801105e+01
8.574684522547255256e+03 9.994916082515553057e+01
8.574884468554544583e+03 9.927735035537212127e+01
8.575084414561832091e+03 9.840771130446024983e+01
8.575284360569119599e+03 9.881223145193621349e+01
8.575484306576408926e+03 9.968426730988795725e+01
8.575684252583698253e+03 1.013182822767673628e+02
8.575884198590985761e+03 9.914106940655312883e+01
8.576084144598273269e+03 9.829293697398510687e+01
8.576284090605562596e+03 1.005304637809350936e+02
8.576484036612848286e+03 9.808109738289769552e+01
8.576683982620137613e+03 1.013227534084344796e+02
8.576883928627426940e+03 9.791335764121434693e+01
8.577083874634712629e+03 1.004211111072953457e+02
8.577283820642001956e+03 9.782805950851499688e+01
8.577483766649287645e+03 9.915506489126249789e+01
8.577683712656576972e+03 9.971763104029416525e+01
8.577883658663866299e+03 1.004740946691087373e+02
8.578083604671151988e+03 9.741667925863218613e+01
8.578283550678441316e+03 1.011284481848033465e+02
8.578483496685728824e+03 1.017285884949247077e+02
8.578683442693016332e+03 9.677662747662073173e+01
8.578883388700305659e+03 1.002086194413343350e+02
8.579083334707593167e+03 9.931342018958392259e+01
8.579283280714880675e+03 1.009349726948934318e+02
8.579483226722170002e+03 9.298133595304202004e+01
8.579683172729457510e+03 9.260590606933597257e+01
8.579883118736746837e+03 9.109925584777595020e+01
8.580083064744034345e+03 9.451131055671018544e+01
8.580283010751321854e+03 9.474619682769132112e+01
8.580482956758609362e+03 9.547841826596773274e+01
8.580682902765898689e+03 1.008943404789889371e+02
8.580882848773186197e+03 9.896931146308392613e+01
8.581082794780473705e+03 9.850253488707225813e+01
8.581282740787763032e+03 1.007161006939937948e+02
8.581482686795048721e+03 1.001433778478924808e+02
8.581682632802338048e+03 1.017117017293337966e+02
8.581882578809625556e+03 1.031056091744679577e+02
8.582082524816913065e+03 9.799108934562976003e+01
8.582282470824202392e+03 9.715313341653003931e+01
8.582482416831488081e+03 9.931859371776911871e+01
8.582682362838777408e+03 9.779708191792421701e+01
8.582882308846066735e+03 1.013814442321925497e+02
8.583082254853352424e+03 9.999365175608951972e+01
8.583282200860641751e+03 9.960516464083634958e+01
8.583482146867931078e+03 9.986674912383644198e+01
8.583682092875218586e+03 9.712570652982793717e+01
8.583882038882507914e+03 1.012611489427378046e+02
8.584081984889793603e+03 1.014231289256586166e+02
8.584281930897082930e+03 9.801947807217374020e+01
8.584481876904370438e+03 1.029427180792093139e+02
8.584681822911657946e+03 1.002977261442851216e+02
8.584881768918947273e+03 9.985543916525068653e+01
8.585081714926234781e+03 9.884931258722912162e+01
8.585281660933522289e+03 9.907626887430082263e+01
8.585481606940809797e+03 9.932714368289049389e+01
8.585681552948099124e+03 1.015744671637242220e+02
8.585881498955386633e+03 9.866407714301652732e+01
8.586081444962674141e+03 9.944986564018945785e+01
8.586281390969961649e+03 9.670776427668002384e+01
8.586481336977249157e+03 9.864881754092415633e+01
8.586681282984538484e+03 1.007694018039809691e+02
8.586881228991825992e+03 9.927455519456594857e+01
8.587081174999113500e+03 1.005178364186647428e+02
8.587281121006402827e+03 9.997079494326041527e+01
8.587481067013690335e+03 9.868246611482034325e+01
8.587681013020979663e+03 1.000124699561618797e+02
8.587880959028268990e+03 1.003236640601715237e+02
8.588080905035554679e+03 9.998152797185774432e+01
8.588280851042844006e+03 9.974314302249293007e+01
8.588480797050131514e+03 9.770118815610895524e+01
8.588680743057419022e+03 9.800790449281642225e+01
8.588880689064708349e+03 9.905288154613712948e+01
8.589080635071994038e+03 9.999556521879786430e+01
8.589280581079283365e+03 1.007139981036754506e+02
8.589480527086570874e+03 9.957429938318253448e+01
8.589680473093858382e+03 1.011621003826107597e+02
8.589880419101147709e+03 1.012405067765987923e+02
8.590080365108435217e+03 1.006685303391061836e+02
8.590280311115722725e+03 9.897352642609175177e+01
8.590480257123010233e+03 9.966800097056837160e+01
8.590680203130299560e+03 9.892089784003628949e+01
8.590880149137587068e+03 9.891338727359924121e+01
8.591080095144874576e+03 9.622435186681698838e+01
8.591280041152162084e+03 1.027059070697631000e+02
8.591479987159451412e+03 1.025204501120358742e+02
8.591679933166740739e+03 9.734725997972742562e+01
8.591879879174028247e+03 9.986894020533731009e+01
8.592079825181315755e+03 9.987215451955167111e+01
8.592279771188605082e+03 1.023981135165312679e+02
8.592479717195890771e+03 9.959257950660487779e+01
8.592679663203180098e+03 1.006092299919258153e+02
8.592879609210469425e+03 9.813903372020489257e+01
8.593079555217755114e+03 1.008497853478577468e+02
8.593279501225044442e+03 9.925818381991065564e+01
8.593479447232330131e+03 9.807676584355857585e+01
8.593679393239619458e+03 1.022273693786750073e+02
8.593879339246908785e+03 9.737098648210209717e+01
8.594079285254194474e+03 9.806163507800295065e+01
8.594279231261483801e+03 9.865047261814657986e+01
8.594479177268771309e+03 1.012599235240175659e+02
8.594679123276058817e+03 1.029494402828258188e+02
8.594879069283348144e+03 1.003947439533777271e+02
8.595079015290635652e+03 9.847855777925921927e+01
8.595278961297923161e+03 1.004357429184560715e+02
8.595478907305212488e+03 9.947272455822353265e+01
8.595678853312499996e+03 9.920618467772867177e+01
8.595878799319789323e+03 9.669922957538558705e+01
8.596078745327076831e+03 9.635000333222325253e+01
8.596278691334364339e+03 9.342526922354224439e+01
8.596478637341651847e+03 9.337426183159698212e+01
8.596678583348941174e+03 9.061803703869477999e+01
8.596878529356228682e+03 9.707631237051336370e+01
8.597078475363516191e+03 9.617886419304076639e+01
8.597278421370805518e+03 1.009275057677176619e+02
8.597478367378091207e+03 1.015355157457618418e+02
8.597678313385380534e+03 1.002206366943385945e+02
8.597878259392669861e+03 9.914189810890999865e+01
8.598078205399955550e+03 9.833432356321941370e+01
8.598278151407244877e+03 9.813497584922052397e+01
8.598478097414530566e+03 1.018648642681208258e+02
8.598678043421819893e+03 9.807953985696498478e+01
8.598877989429109221e+03 9.979532360709420402e+01
8.599077935436394910e+03 1.011121624925412448e+02
8.599277881443684237e+03 1.004045774801571866e+02
8.599477827450973564e+03 9.995338028274426279e+01
8.599677773458261072e+03 1.009254373567617762e+02
8.599877719465550399e+03 1.002242918021424885e+02
8.600077665472837907e+03 9.677412725905624313e+01
8.600277611480125415e+03 1.012946500141416237e+02
8.600477557487412923e+03 9.888363673735442205e+01
8.600677503494700431e+03 1.016793811083791184e+02
8.600877449501989759e+03 9.666204240712347939e+01
8.601077395509277267e+03 1.003788679269653983e+02
8.601277341516564775e+03 1.013820340235547377e+02
8.601477287523852283e+03 1.018915377838013256e+02
8.601677233531141610e+03 9.716116296924040796e+01
8.601877179538429118e+03 9.869568938700162164e+01
8.602077125545716626e+03 1.002472912475847266e+02
8.602277071553005953e+03 1.027864585304520091e+02
8.602477017560291642e+03 9.653853041034317073e+01
8.602676963567580970e+03 9.960925274927876671e+01
8.602876909574868478e+03 1.013158457364938130e+02
8.603076855582155986e+03 9.873579972493290313e+01
8.603276801589447132e+03 9.866995272412862050e+01
8.603476747596732821e+03 9.961830751057195243e+01
8.603676693604022148e+03 9.720162253172995293e+01
8.603876639611311475e+03 9.805465046993944611e+01
8.604076585618597164e+03 9.565302258813667891e+01
8.604276531625886491e+03 1.036199314601417854e+02
8.604476477633173999e+03 9.870833689364997099e+01
8.604676423640461508e+03 1.005632382977100292e+02
8.604876369647750835e+03 1.003618240190308626e+02
8.605076315655036524e+03 9.833447802533817139e+01
8.605276261662325851e+03 9.809758612947904055e+01
8.605476207669613359e+03 9.700003668921725364e+01
8.605676153676900867e+03 1.027123641660812012e+02
8.605876099684190194e+03 9.926453064332169163e+01
8.606076045691477702e+03 1.003710499056316650e+02
8.606275991698765210e+03 9.930266645793054181e+01
8.606475937706052719e+03 1.016961153650940446e+02
8.606675883713342046e+03 9.888648292562734810e+01
8.606875829720629554e+03 9.944098950193482267e+01
8.607075775727917062e+03 1.022805783247362825e+02
8.607275721735206389e+03 9.878049974404284228e+01
8.607475667742493897e+03 9.672696391985783748e+01
8.607675613749783224e+03 9.959592190631605035e+01
8.607875559757070732e+03 9.639761129681488683e+01
8.608075505764358240e+03 1.004853153990180488e+02
8.608275451771647568e+03 9.950485685634349409e+01
8.608475397778933257e+03 9.899558515384602231e+01
8.608675343786222584e+03 9.777767464991802626e+01
8.608875289793511911e+03 9.618341023654009803e+01
8.609075235800797600e+03 9.213856088945529166e+01
8.609275181808086927e+03 8.844849969754925212e+01
8.609475127815374435e+03 8.920920915894558334e+01
8.609675073822661943e+03 8.753278403638837801e+01
8.609875019829951270e+03 9.206375296576194955e+01
8.610074965837236959e+03 9.702977966345883942e+01
8.610274911844526287e+03 9.882576613448594571e+01
8.610474857851813795e+03 9.757232979908270920e+01
8.610674803859101303e+03 1.019201915261690772e+02
8.610874749866390630e+03 1.007049495210647336e+02
8.611074695873678138e+03 1.006031313583157214e+02
8.611274641880967465e+03 9.826600327695152259e+01
8.611474587888254973e+03 9.825618387050046465e+01
8.611674533895544300e+03 9.805059643877983433e+01
8.611874479902831808e+03 9.970281112373707799e+01
8.612074425910119317e+03 1.005202499149321511e+02
8.612274371917406825e+03 9.833138268253524927e+01
8.612474317924694333e+03 9.889711755361005885e+01
8.612674263931983660e+03 9.872766156398408555e+01
8.612874209939271168e+03 9.867914825351336106e+01
8.613074155946558676e+03 9.892294713718256105e+01
8.613274101953848003e+03 9.889444964883405476e+01
8.613474047961133692e+03 1.017968525216537330e+02
8.613673993968423019e+03 1.008015523221442038e+02
8.613873939975712346e+03 9.845456775731581445e+01
8.614073885982998036e+03 9.607553738407429478e+01
8.614273831990287363e+03 9.400095872372224903e+01
8.614473777997573052e+03 1.007658768543270327e+02
8.614673724004862379e+03 1.002854679472418695e+02
8.614873670012151706e+03 9.820359205359476107e+01
8.615073616019437395e+03 9.878825304198223023e+01
8.615273562026728541e+03 1.018043983804625014e+02
8.615473508034016049e+03 1.000693037935995164e+02
8.615673454041303557e+03 9.741512997611506819e+01
8.615873400048592885e+03 9.920792664875062883e+01
8.616073346055880393e+03 1.011417508208706693e+02
8.616273292063167901e+03 9.908782743018092276e+01
8.616473238070455409e+03 1.022713086239917004e+02
8.616673184077742917e+03 1.024757203484697641e+02
8.616873130085032244e+03 9.900618513252456410e+01
8.617073076092319752e+03 1.003034771347517307e+02
8.617273022099607260e+03 9.627075994345852905e+01
8.617472968106894768e+03 1.004039623890585062e+02
8.617672914114184096e+03 9.816543875653749751e+01
8.617872860121471604e+03 9.942926678123785678e+01
8.618072806128759112e+03 1.001783424712194517e+02
8.618272752136048439e+03 9.653286081792100504e+01
8.618472698143334128e+03 1.006690515249202633e+02
8.618672644150623455e+03 9.669782052602093358e+01
8.618872590157910963e+03 9.298131843475805169e+01
8.619072536165198471e+03 9.165414765272019793e+01
8.619272482172489617e+03 8.861041345190260188e+01
8.619472428179775306e+03 8.933358522635737131e+01
8.619672374187064634e+03 9.537978951708738862e+01
8.619872320194353961e+03 9.664682401221064367e+01
8.620072266201639650e+03 9.892973035697204409e+01
8.620272212208928977e+03 1.007257441653476491e+02
8.620472158216216485e+03 9.939440153968693892e+01
8.620672104223503993e+03 9.662669066357139513e+01
8.620872050230793320e+03 1.001452759469038227e+02
8.621071996238080828e+03 1.000109560367997972e+02
8.621271942245368336e+03 9.869267841896208893e+01
8.621471888252655845e+03 9.734907387768322451e+01
8.621671834259943353e+03 9.922356069117128641e+01
8.621871780267232680e+03 9.945670487636257917e+01
8.622071726274520188e+03 9.912101038908073747e+01
8.622271672281807696e+03 9.893609153519935262e+01
8.622471618289095204e+03 1.021652664368510983e+02
8.622671564296384531e+03 1.021655973224769127e+02
8.622871510303672039e+03 1.002320273066199690e+02
8.623071456310959547e+03 9.973678586104765031e+01
8.623271402318250693e+03 9.687276475974856282e+01
8.623471348325536383e+03 9.773606919559451001e+01
8.623671294332825710e+03 1.024401718715975704e+02
8.623871240340113218e+03 1.009115093500663107e+02
8.624071186347400726e+03 9.952338093895606619e+01
8.624271132354690053e+03 1.008238838877112613e+02
8.624471078361975742e+03 9.799655551101810147e+01
8.624671024369265069e+03 9.950568185246997643e+01
8.624870970376554396e+03 9.877536403838868750e+01
8.625070916383840085e+03 1.011364616573647339e+02
8.625270862391129413e+03 9.889023585169393016e+01
8.625470808398416921e+03 1.017543210794796948e+02
8.625670754405704429e+03 9.979425896583293820e+01
8.625870700412993756e+03 1.003801122276347826e+02
8.626070646420279445e+03 9.808298031419293750e+01
8.626270592427568772e+03 9.994824750672439961e+01
8.626470538434856280e+03 1.008705334261169071e+02
8.626670484442143788e+03 1.012813875743418777e+02
8.626870430449433115e+03 9.798534519162792833e+01
8.627070376456720624e+03 9.693175982558861392e+01
8.627270322464009951e+03 9.987888573679978776e+01
8.627470268471297459e+03 1.009780491119906003e+02
8.627670214478586786e+03 9.650057059972051832e+01
8.627870160485874294e+03 9.671147258158504201e+01
8.628070106493161802e+03 9.919832831372863780e+01
8.628270052500449310e+03 9.915375248568982158e+01
8.628469998507736818e+03 9.950008971049102513e+01
8.628669944515026145e+03 9.679529079078204745e+01
8.628869890522313653e+03 1.031629351892326412e+02
8.629069836529601162e+03 1.030112458909784436e+02
8.629269782536890489e+03 9.770953577378095645e+01
8.629469728544176178e+03 1.004431486892203935e+02
8.629669674551465505e+03 9.941237215611873523e+01
8.629869620558754832e+03 9.650807224010343077e+01
8.630069566566040521e+03 9.901405438926975933e+01
8.630269512573329848e+03 9.755771614459138164e+01
8.630469458580617356e+03 9.801191598824752305e+01
8.630669404587904864e+03 9.993724997803158772e+01
8.630869350595194192e+03 9.863771404845341806e+01
8.631069296602479881e+03 9.808183636618367984e+01
8.631269242609771027e+03 1.002198860726079914e+02
8.631469188617058535e+03 9.935419405192652675e+01
8.631669134624346043e+03 9.902094947710924089e+01
8.631869080631635370e+03 9.700936983503255817e+01
8.632069026638922878e+03 1.009559518455778573e+02
8.632268972646210386e+03 1.020179714432137672e+02
8.632468918653497894e+03 9.906695800205635294e+01
8.632668864660787222e+03 1.001488939917401524e+02
8.632868810668074730e+03 9.696175551526586389e+01
8.633068756675362238e+03 9.880444588275214812e+01
8.633268702682649746e+03 9.477632280537513054e+01
8.633468648689937254e+03 9.493964328076899051e+01
8.633668594697226581e+03 9.865711363044665916e+01
8.633868540704514089e+03 9.911203991429258053e+01
8.634068486711801597e+03 9.893180322882953703e+01
8.634268432719090924e+03 1.022945268853888052e+02
8.634468378726376613e+03 9.882538232743088713e+01
8.634668324733665941e+03 9.861155242612727534e+01
8.634868270740955268e+03 1.009980795342327013e+02
8.635068216748240957e+03 1.002499894402156286e+02
8.635268162755532103e+03 1.014685754417960624e+02
8.635468108762817792e+03 1.000534204637472158e+02
8.635668054770107119e+03 9.825530363122524591e+01
8.635868000777396446e+03 1.014856894260205138e+02
8.636067946784682135e+03 1.010038975971771436e+02
8.636267892791971462e+03 9.800021853785850112e+01
8.636467838799258971e+03 9.736913908309928445e+01
8.636667784806546479e+03 1.024810146820440480e+02
8.636867730813835806e+03 9.991681735759166827e+01
8.637067676821123314e+03 9.911909780494991651e+01
8.637267622828410822e+03 1.009247863900407509e+02
8.637467568835698330e+03 1.012576423774998347e+02
8.637667514842985838e+03 9.989867040384434915e+01
8.637867460850275165e+03 9.645425554829299131e+01
8.638067406857562673e+03 9.968651495288131059e+01
8.638267352864850182e+03 9.986035139207493216e+01
8.638467298872137690e+03 9.976914187330460493e+01
8.638667244879427017e+03 9.936252147408984570e+01
8.638867190886714525e+03 9.920035827448143095e+01
8.639067136894002033e+03 1.003676288173836184e+02
8.639267082901293179e+03 1.015831336264068767e+02
8.639467028908578868e+03 1.023487405644702761e+02
8.639666974915868195e+03 9.867811191213303346e+01
8.639866920923155703e+03 1.001380538660441601e+02
8.640066866930443211e+03 1.008102620080767053e+02
8.640266812937732539e+03 1.009431665409314860e+02
8.640466758945018228e+03 1.007022304103708024e+02
8.640666704952307555e+03 1.000132678040480982e+02
8.640866650959596882e+03 9.964487573750712102e+01
8.641066596966882571e+03 1.003338283905674473e+02
8.641266542974171898e+03 1.008309149639728304e+02
8.641466488981459406e+03 1.012618866939401130e+02
8.641666434988746914e+03 1.002443826589781821e+02
8.641866380996036241e+03 9.868657237481581035e+01
8.642066327003323750e+03 9.631706531013668382e+01
8.642266273010611258e+03 9.846555947477817483e+01
8.642466219017898766e+03 9.944496812981661549e+01
8.642666165025186274e+03 1.014504301612679882e+02
8.642866111032475601e+03 1.015834087131171657e+02
8.643066057039763109e+03 9.631047921251771982e+01
8.643266003047052436e+03 9.919032692040185850e+01
8.643465949054339944e+03 9.866228366352214607e+01
8.643665895061629271e+03 1.009753749480702254e+02
8.643865841068916779e+03 9.751783329450849180e+01
8.644065787076204288e+03 1.012401078516996478e+02
8.644265733083493615e+03 9.947158828212158710e+01
8.644465679090779304e+03 9.898200229567660813e+01
8.644665625098068631e+03 1.003595940231601276e+02
8.644865571105356139e+03 9.808941685631427276e+01
8.645065517112643647e+03 9.997704890345058004e+01
8.645265463119932974e+03 1.013115199424834287e+02
8.645465409127218663e+03 9.968201400224745612e+01
8.645665355134507990e+03 9.908235034248576767e+01
8.645865301141797318e+03 9.831795539638304149e+01
8.646065247149083007e+03 9.365442790516648586e+01
8.646265193156372334e+03 9.793719838667296074e+01
8.646465139163659842e+03 9.724772158128287458e+01
8.646665085170947350e+03 9.575186839435777131e+01
8.646865031178236677e+03 9.792319640847749440e+01
8.647064977185522366e+03 9.966868329085619393e+01
8.647264923192813512e+03 1.012407963650180989e+02
8.647464869200101020e+03 9.846112673376811131e+01
8.647664815207388529e+03 1.003700339900373280e+02
8.647864761214677856e+03 1.005051196596633787e+02
8.648064707221965364e+03 9.842104508141132158e+01
8.648264653229252872e+03 9.945790990086727845e+01
8.648464599236540380e+03 9.789121300300639916e+01
8.648664545243829707e+03 9.628392065878712458e+01
8.648864491251117215e+03 1.008065035952146502e+02
8.649064437258404723e+03 9.867471470780890286e+01
8.649264383265692231e+03 9.608927194918886983e+01
8.649464329272979739e+03 9.906805474054910121e+01
8.649664275280269067e+03 1.002774985953899431e+02
8.649864221287556575e+03 9.696326764933348841e+01
8.650064167294844083e+03 9.827990585000377166e+01
8.650264113302133410e+03 9.692616989184435283e+01
8.650464059309419099e+03 9.985625278597112242e+01
8.650664005316708426e+03 9.870678450801433712e+01
8.650863951323997753e+03 9.753599799220498312e+01
8.651063897331283442e+03 9.648358600450789879e+01
8.651263843338574588e+03 9.701773490497929231e+01
8.651463789345860278e+03 9.678950433395299058e+01
8.651663735353149605e+03 9.768310482613760826e+01
8.651863681360438932e+03 9.965825532823077992e+01
8.652063627367724621e+03 9.754517849932304330e+01
8.652263573375013948e+03 9.734393224670752431e+01
8.652463519382301456e+03 9.637248334675216199e+01
8.652663465389588964e+03 9.891675886970025999e+01
8.652863411396878291e+03 9.895358946320516225e+01
8.653063357404165799e+03 9.390231485491115393e+01
8.653263303411453307e+03 9.483775975369502476e+01
8.653463249418740816e+03 9.535830441332389285e+01
8.653663195426030143e+03 9.866789611853199915e+01
8.653863141433317651e+03 9.670760850629508809e+01
8.654063087440605159e+03 9.520225884416593942e+01
8.654263033447892667e+03 9.639685182743150449e+01
8.654462979455180175e+03 9.750221610815110296e+01
8.654662925462469502e+03 9.407869470125996259e+01
8.654862871469757010e+03 9.217165913025291957e+01
8.655062817477044518e+03 9.452180829446392352e+01
8.655262763484335665e+03 9.547545683036229036e+01
8.655462709491621354e+03 9.528592635894860052e+01
8.655662655498910681e+03 9.407917444343223679e+01
8.655862601506200008e+03 8.966994156677489514e+01
8.656062547513485697e+03 9.333602514637711067e+01
8.656262493520775024e+03 9.289701376042887659e+01
8.656462439528060713e+03 8.936475337551472364e+01
8.656662385535350040e+03 8.475552473117561192e+01
8.656862331542639367e+03 8.656123677958969154e+01
8.657062277549925057e+03 8.772994601442266571e+01
8.657262223557214384e+03 8.616175680563185324e+01
8.657462169564501892e+03 8.250636931708589827e+01
8.657662115571789400e+03 8.201422928639337329e+01
8.657862061579078727e+03 8.000871296074205929e+01
8.658062007586366235e+03 7.727657551006257108e+01
8.658261953593653743e+03 7.601981291854087885e+01
8.658461899600941251e+03 6.957802470041357878e+01
8.658661845608228759e+03 6.695740521040860926e+01
8.658861791615518086e+03 6.447889180762921058e+01
8.659061737622805595e+03 5.547223469700763587e+01
8.659261683630094922e+03 5.369916951204984912e+01
8.659461629637382430e+03 4.499771070546433549e+01
8.659661575644671757e+03 4.205055572991123825e+01
8.659861521651959265e+03 4.291998960691173437e+01
8.660061467659246773e+03 4.413198563790168549e+01
8.660261413666536100e+03 4.883859158543170054e+01
8.660461359673821789e+03 5.926578245833361080e+01
8.660661305681111116e+03 6.348152713952281800e+01
8.660861251688398625e+03 6.502939162074024182e+01
8.661061197695686133e+03 7.038900641250475587e+01
8.661261143702975460e+03 7.576874193519279288e+01
8.661461089710261149e+03 7.709368168878110339e+01
8.661661035717550476e+03 7.776899288335428650e+01
8.661860981724839803e+03 8.311252625568920394e+01
8.662060927732125492e+03 7.979602047308409851e+01
8.662260873739414819e+03 8.759586201029397046e+01
8.662460819746702327e+03 8.588676966209544617e+01
8.662660765753989836e+03 8.742078090781367905e+01
8.662860711761279163e+03 8.861599026169793092e+01
8.663060657768564852e+03 8.945251391736559299e+01
8.663260603775855998e+03 9.530113823636744996e+01
8.663460549783143506e+03 9.376757196986723386e+01
8.663660495790431014e+03 9.313554743816743553e+01
8.663860441797720341e+03 9.393012577980528022e+01
8.664060387805007849e+03 9.155832291367470077e+01
8.664260333812295357e+03 9.533335008710928093e+01
8.664460279819582865e+03 9.174207343569743500e+01
8.664660225826872193e+03 9.278517362635294319e+01
8.664860171834159701e+03 9.563111351940686689e+01
8.665060117841447209e+03 9.516772770932561798e+01
8.665260063848736536e+03 9.355837999419408391e+01
8.665460009856022225e+03 9.449898140248207312e+01
8.665659955863311552e+03 9.683100979492047600e+01
8.665859901870599060e+03 9.668086153570411057e+01
8.666059847877886568e+03 9.557578854369704402e+01
8.666259793885175895e+03 9.765263033936686554e+01
8.666459739892461585e+03 9.517540879397073184e+01
8.666659685899750912e+03 9.700573134678172948e+01
8.666859631907040239e+03 9.566210135051545649e+01
8.667059577914325928e+03 9.786635560218849150e+01
8.667259523921617074e+03 9.779356613052198099e+01
8.667459469928904582e+03 9.638789374988428449e+01
8.667659415936192090e+03 9.937941541197457695e+01
8.667859361943481417e+03 9.926896856878383346e+01
8.668059307950767106e+03 9.764488489248063274e+01
8.668259253958056433e+03 9.668005744406843860e+01
8.668459199965343942e+03 9.877611085082817510e+01
8.668659145972631450e+03 9.951840917803728814e+01
8.668859091979920777e+03 1.018491915240139889e+02
8.669059037987208285e+03 9.768265016804028278e+01
8.669258983994495793e+03 9.859944201791964247e+01
8.669458930001783301e+03 1.008983480800688284e+02
8.669658876009072628e+03 9.627585327332332099e+01
8.669858822016360136e+03 9.829370136184603268e+01
8.670058768023647644e+03 9.449381209228754130e+01
8.670258714030935153e+03 1.005404967446376361e+02
8.670458660038222661e+03 1.003347089441231361e+02
8.670658606045511988e+03 1.005472676344653280e+02
8.670858552052799496e+03 9.750439827414352578e+01
8.671058498060087004e+03 9.732562058925780946e+01
8.671258444067378150e+03 9.715515854828288411e+01
8.671458390074663839e+03 1.002007273336460429e+02
8.671658336081953166e+03 9.655714341864816674e+01
8.671858282089242493e+03 9.776230892515847870e+01
8.672058228096528183e+03 8.967210166240860758e+01
8.672258174103817510e+03 8.762746620523749641e+01
8.672458120111103199e+03 8.799858487080021519e+01
8.672658066118392526e+03 8.490253896314078474e+01
8.672858012125681853e+03 9.043087383404687785e+01
8.673057958132967542e+03 9.310087267151538981e+01
8.673257904140256869e+03 9.461230530458962562e+01
8.673457850147544377e+03 9.852417143454393056e+01
8.673657796154831885e+03 9.858319570340151472e+01
8.673857742162121212e+03 9.809523070941160938e+01
8.674057688169408721e+03 9.825804149689878386e+01
8.674257634176696229e+03 1.010789761165669773e+02
8.674457580183983737e+03 9.800395661544447989e+01
8.674657526191273064e+03 9.943565448502945969e+01
8.674857472198560572e+03 9.886229983559181278e+01
8.675057418205848080e+03 9.783549356128737884e+01
8.675257364213137407e+03 9.896833193027036657e+01
8.675457310220424915e+03 9.734159061382055711e+01
8.675657256227714242e+03 1.025392683407173990e+02
8.675857202235001751e+03 9.730695063732954964e+01
8.676057148242289259e+03 9.767193251553518962e+01
8.676257094249578586e+03 1.006892384626880244e+02
8.676457040256864275e+03 9.843044915668693307e+01
8.676656986264153602e+03 9.807342522334417367e+01
8.676856932271442929e+03 9.839868911699905141e+01
8.677056878278728618e+03 9.767164409739918085e+01
8.677256824286017945e+03 9.443197108197436762e+01
8.677456770293303634e+03 9.683146461361262425e+01
8.677656716300592961e+03 9.898628111671533247e+01
8.677856662307882289e+03 9.904052386240149985e+01
8.678056608315167978e+03 9.487520905020456041e+01
8.678256554322457305e+03 9.543265598297395513e+01
8.678456500329744813e+03 1.004736885502938719e+02
8.678656446337032321e+03 9.796869695493134600e+01
8.678856392344321648e+03 9.997354848354684975e+01
8.679056338351609156e+03 1.006240219570114647e+02
8.679256284358898483e+03 9.926472867412445567e+01
8.679456230366185991e+03 1.032192590988013592e+02
8.679656176373473500e+03 9.787777448391803148e+01
8.679856122380762827e+03 9.737232280937725193e+01
8.680056068388050335e+03 9.583545983008116309e+01
8.680256014395337843e+03 9.886645506712430631e+01
8.680455960402625351e+03 9.436475551962431041e+01
8.680655906409914678e+03 9.560845373674176528e+01
8.680855852417202186e+03 9.438424057337169870e+01
8.681055798424489694e+03 1.005516346196129689e+02
8.681255744431779021e+03 9.749648040297300611e+01
8.681455690439064711e+03 9.986396242029108805e+01
8.681655636446354038e+03 1.013991471783272686e+02
8.681855582453641546e+03 9.710207194242427420e+01
8.682055528460929054e+03 1.004297103232143655e+02
8.682255474468218381e+03 1.008492670169030134e+02
8.682455420475504070e+03 9.620597019735683375e+01
8.682655366482793397e+03 9.737696923478554822e+01
8.682855312490082724e+03 9.954254584890936997e+01
8.683055258497368413e+03 9.929884611595461763e+01
8.683255204504659559e+03 9.971322015093583957e+01
8.683455150511947068e+03 1.001087937658794260e+02
8.683655096519234576e+03 1.031322735571017404e+02
8.683855042526523903e+03 9.976892690824197985e+01
8.684054988533809592e+03 9.869378095975054066e+01
8.684254934541098919e+03 9.669245289797592591e+01
8.684454880548386427e+03 9.869062193106778125e+01
8.684654826555673935e+03 9.977156007994918241e+01
8.684854772562963262e+03 1.025861908492601202e+02
8.685054718570250770e+03 9.770145170506468446e+01
8.685254664577538279e+03 9.728347776922466039e+01
8.685454610584825787e+03 9.698849303262292665e+01
8.685654556592115114e+03 9.177230422146521960e+01
8.685854502599402622e+03 8.042070894389205193e+01
8.686054448606690130e+03 7.680639551838038415e+01
8.686254394613979457e+03 6.987220224222845388e+01
8.686454340621265146e+03 7.194617957078334314e+01
8.686654286628554473e+03 8.077658231249471044e+01
8.686854232635841981e+03 8.731843801947671579e+01
8.687054178643129490e+03 9.345170222725036524e+01
8.687254124650420636e+03 9.684656154295279862e+01
8.687454070657706325e+03 9.665948883347813592e+01
8.687654016664995652e+03 1.001464182668263163e+02
8.687853962672284979e+03 9.992944725645635629e+01
8.688053908679570668e+03 1.004847597930382221e+02
8.688253854686859995e+03 1.004365019935829082e+02
8.688453800694147503e+03 9.912503111154339308e+01
8.688653746701435011e+03 9.778594704129213255e+01
8.688853692708724338e+03 9.812331094365563899e+01
8.689053638716010028e+03 9.861134639659356083e+01
8.689253584723299355e+03 1.014705640633397508e+02
8.689453530730586863e+03 9.774493257459477036e+01
8.689653476737874371e+03 1.005559124063303216e+02
8.689853422745163698e+03 1.001399574792811507e+02
8.690053368752451206e+03 9.922616356602969745e+01
8.690253314759738714e+03 1.008715840615856933e+02
8.690453260767026222e+03 1.001002042016862106e+02
8.690653206774315549e+03 9.827689219322893166e+01
8.690853152781603058e+03 9.728213824589535363e+01
8.691053098788890566e+03 9.811451558231773618e+01
8.691253044796179893e+03 9.670979526960351791e+01
8.691452990803467401e+03 1.028968457705456245e+02
8.691652936810756728e+03 9.977753734308693367e+01
8.691852882818044236e+03 9.686467190581255693e+01
8.692052828825331744e+03 1.015562018496384127e+02
8.692252774832621071e+03 9.897860370168750421e+01
8.692452720839906760e+03 9.408405226955194678e+01
8.692652666847196087e+03 1.036467821108698928e+02
8.692852612854485415e+03 1.019832719218899797e+02
8.693052558861771104e+03 9.881491915789804636e+01
8.693252504869060431e+03 1.021613603978065044e+02
8.693452450876346120e+03 9.898870367753657717e+01
8.693652396883635447e+03 1.002207324764159750e+02
8.693852342890924774e+03 1.004495446799314351e+02
8.694052288898210463e+03 9.803436345675142150e+01
8.694252234905499790e+03 9.967513672703289274e+01
8.694452180912787298e+03 1.007338607622175459e+02
8.694652126920074807e+03 1.001132508012227476e+02
8.694852072927364134e+03 9.894873490039276476e+01
8.695052018934651642e+03 9.966258516599638995e+01
8.695251964941940969e+03 9.899429210708342453e+01
8.695451910949228477e+03 1.030758360579458781e+02
8.695651856956515985e+03 9.971251032548752846e+01
8.695851802963805312e+03 9.898190187299545073e+01
8.696051748971092820e+03 9.778907899235686330e+01
8.696251694978380328e+03 1.003001101512604691e+02
8.696451640985667837e+03 9.658708707118898928e+01
8.696651586992957164e+03 9.882994240467274949e+01
8.696851533000244672e+03 9.452992084870268741e+01
8.697051479007532180e+03 9.779478228311683097e+01
8.697251425014821507e+03 9.440384542073888952e+01
8.697451371022107196e+03 9.801506586106911811e+01
8.697651317029396523e+03 9.990025585074782555e+01
8.697851263036685850e+03 9.901493793162259749e+01
8.698051209043971539e+03 1.016481411130828150e+02
8.698251155051260866e+03 1.004355031046870153e+02
8.698451101058546556e+03 9.787734391424541514e+01
8.698651047065835883e+03 9.866610134511138597e+01
8.698850993073125210e+03 9.826264287706423772e+01
8.699050939080410899e+03 9.833153643898593543e+01
8.699250885087702045e+03 9.940737433489576347e+01
8.699450831094989553e+03 9.895834716340442583e+01
8.699650777102277061e+03 9.815877576951379524e+01
8.699850723109566388e+03 9.680589125578327980e+01
8.700050669116853896e+03 1.006232503698519452e+02
8.700250615124141405e+03 1.025461776012461286e+02
8.700450561131428913e+03 1.014334348196447166e+02
8.700650507138716421e+03 1.002422867309253576e+02
8.700850453146005748e+03 1.001686369648531496e+02
8.701050399153293256e+03 1.022699358485907908e+02
8.701250345160580764e+03 9.587989823578932658e+01
8.701450291167868272e+03 9.721802115041555226e+01
8.701650237175157599e+03 1.021832902795475917e+02
8.701850183182445107e+03 9.846212464546034937e+01
8.702050129189732615e+03 9.778245668313752503e+01
8.702250075197021943e+03 9.781095925942629776e+01
8.702450021204307632e+03 9.842211665919528230e+01
8.702649967211596959e+03 9.888735812200741293e+01
8.702849913218884467e+03 1.005632363546694847e+02
8.703049859226171975e+03 9.930216126321313652e+01
8.703249805233463121e+03 1.008434838971574976e+02
8.703449751240748810e+03 9.745892682702570653e+01
8.703649697248038137e+03 9.849901461443144512e+01
8.703849643255327464e+03 1.005241045052829918e+02
8.704049589262613154e+03 1.003491764356687526e+02
8.704249535269902481e+03 9.909474595308593337e+01
8.704449481277189989e+03 1.035893915689291020e+02
8.704649427284477497e+03 9.961073300043014456e+01
8.704849373291766824e+03 9.968612186363678518e+01
8.705049319299052513e+03 9.603485973656188435e+01
8.705249265306341840e+03 9.923310514894001244e+01
8.705449211313629348e+03 9.890140418354990004e+01
8.705649157320916856e+03 1.004379717801427176e+02
8.705849103328206184e+03 9.969579849180519204e+01
8.706049049335493692e+03 1.006865950665630578e+02
8.706248995342781200e+03 9.677238738974560306e+01
8.706448941350068708e+03 1.001176205423435732e+02
8.706648887357358035e+03 9.957542596031034066e+01
8.706848833364645543e+03 1.012623347617175540e+02
8.707048779371933051e+03 1.017089172431190178e+02
8.707248725379224197e+03 9.717465836605427398e+01
8.707448671386509886e+03 9.772343785482807732e+01
8.707648617393799213e+03 9.820366686439496107e+01
8.707848563401086722e+03 9.236559348315942941e+01
8.708048509408374230e+03 9.196266655561861114e+01
8.708248455415663557e+03 9.655998798521314086e+01
8.708448401422949246e+03 9.849419159333457685e+01
8.708648347430238573e+03 9.713181450147739326e+01
8.708848293437527900e+03 1.005339436036652785e+02
8.709048239444813589e+03 1.001274654953952847e+02
8.709248185452102916e+03 1.020054044297245639e+02
8.709448131459390424e+03 1.015587715214899873e+02
8.709648077466677933e+03 9.919752675394910568e+01
8.709848023473967260e+03 9.940516293104312240e+01
8.710047969481252949e+03 9.815672589533596692e+01
8.710247915488542276e+03 9.576885284452986014e+01
8.710447861495829784e+03 9.742215842481978427e+01
8.710647807503117292e+03 9.382975958101413028e+01
8.710847753510406619e+03 9.479322961911080370e+01
8.711047699517694127e+03 9.485394417462323702e+01
8.711247645524983454e+03 9.693321437931911078e+01
8.711447591532270962e+03 9.803108246028754991e+01
8.711647537539560290e+03 1.002332657977003123e+02
8.711847483546847798e+03 1.009315774562072221e+02
8.712047429554135306e+03 9.902964723367614397e+01
8.712247375561422814e+03 9.981872975521599756e+01
8.712447321568710322e+03 9.863629645263841894e+01
8.712647267575999649e+03 1.004487196461705594e+02
8.712847213583287157e+03 9.877914923931024305e+01
8.713047159590574665e+03 1.015457930800402693e+02
8.713247105597863992e+03 1.023947526698152757e+02
8.713447051605149682e+03 9.794967233682261565e+01
8.713646997612439009e+03 9.970594791037132154e+01
8.713846943619728336e+03 1.003350335293699800e+02
8.714046889627014025e+03 9.911361394933921076e+01
8.714246835634303352e+03 9.905061389877030820e+01
8.714446781641589041e+03 9.885069470620366872e+01
8.714646727648878368e+03 1.013247498981311168e+02
8.714846673656167695e+03 9.998858848518213449e+01
8.715046619663453384e+03 1.001280327280863673e+02
8.715246565670744531e+03 9.172417907438830298e+01
8.715446511678032039e+03 9.557781128947284799e+01
8.715646457685319547e+03 9.693082205919451155e+01
8.715846403692608874e+03 9.941483214123793744e+01
8.716046349699896382e+03 1.003582032830715889e+02
8.716246295707183890e+03 1.005780108581814858e+02
8.716446241714471398e+03 1.001380295841635899e+02
8.716646187721758906e+03 9.858140637900656600e+01
8.716846133729048233e+03 1.005942700929473830e+02
8.717046079736335741e+03 9.687423025305139390e+01
8.717246025743623250e+03 9.841425908053602711e+01
8.717445971750910758e+03 1.010496003913318930e+02
8.717645917758200085e+03 1.026532555460649689e+02
8.717845863765487593e+03 1.008971328811085186e+02
8.718045809772775101e+03 1.049010754837671016e+02
8.718245755780064428e+03 9.747762509834780076e+01
8.718445701787350117e+03 9.999002456520764781e+01
8.718645647794639444e+03 1.015490984905271006e+02
8.718845593801928771e+03 9.773859791465527280e+01
8.719045539809214461e+03 1.015511833152258703e+02
8.719245485816505607e+03 9.934717564167006287e+01
8.719445431823791296e+03 9.713616275226804930e+01
8.719645377831080623e+03 9.826933469430133528e+01
8.719845323838369950e+03 9.768971381063771275e+01
8.720045269845655639e+03 1.031020959238976928e+02
8.720245215852944966e+03 9.789548572773351509e+01
8.720445161860232474e+03 9.980203795645761033e+01
8.720645107867519982e+03 9.859799582635281467e+01
8.720845053874809309e+03 1.004358572529192770e+02
8.721044999882096818e+03 1.016930620283877289e+02
8.721244945889384326e+03 1.005386116826771570e+02
8.721444891896671834e+03 9.924484604086897832e+01
8.721644837903959342e+03 9.928073265771990918e+01
8.721844783911248669e+03 9.931232295411436439e+01
8.722044729918536177e+03 9.743922852242062049e+01
8.722244675925823685e+03 1.004303504885224640e+02
8.722444621933111193e+03 9.802687611564232384e+01
8.722644567940400520e+03 9.948616270226416702e+01
8.722844513947688029e+03 1.002618854885037649e+02
8.723044459954975537e+03 1.004572172255491864e+02
8.723244405962266683e+03 9.673046439634283900e+01
8.723444351969552372e+03 1.016406756118069268e+02
8.723644297976841699e+03 9.957555938341937463e+01
8.723844243984129207e+03 1.020559947625727375e+02
8.724044189991416715e+03 9.753975979729254675e+01
8.724244135998706042e+03 1.041210326083593003e+02
8.724444082005991731e+03 1.008446158972223401e+02
8.724644028013281059e+03 9.878313877706372637e+01
8.724843974020570386e+03 1.012597638849814103e+02
8.725043920027856075e+03 9.997190587928265870e+01
8.725243866035145402e+03 9.836306442085931678e+01
8.725443812042432910e+03 9.837318896944977098e+01
8.725643758049720418e+03 9.841647668961681461e+01
8.725843704057009745e+03 9.622827857298094045e+01
8.726043650064295434e+03 9.814944005087053824e+01
8.726243596071584761e+03 9.788433721832335266e+01
8.726443542078872269e+03 9.863138518194938342e+01
8.726643488086159778e+03 9.718906857102300023e+01
8.726843434093449105e+03 9.774168499816188671e+01
8.727043380100736613e+03 9.937243556481332973e+01
8.727243326108025940e+03 1.009049830439061566e+02
8.727443272115313448e+03 9.845793512390712010e+01
8.727643218122602775e+03 1.007614166869093566e+02
