8.480268537585247032e+03 9.855116928256735775e+01
8.480468543918679643e+03 1.022190662538529295e+02
8.480668550252112254e+03 1.048743725327103533e+02
8.480868556585546685e+03 1.032926463911348947e+02
8.481068562918979296e+03 9.862333732109297557e+01
8.481268569252413727e+03 1.051151762670231307e+02
8.481468575585849976e+03 9.760424265613939099e+01
8.481668581919280768e+03 9.420823973295161124e+01
8.481868588252715199e+03 1.027791986396384232e+02
8.482068594586147810e+03 9.843844835300704688e+01
8.482268600919582241e+03 9.736798658403697004e+01
8.482468607253016671e+03 9.591194463260779912e+01
8.482668613586449283e+03 9.621291988884793511e+01
8.482868619919881894e+03 9.687326747038599706e+01
8.483068626253316324e+03 9.918973475229834946e+01
8.483268632586750755e+03 9.731804296833828971e+01
8.483468638920185185e+03 9.612018828241976109e+01
8.483668645253617797e+03 9.868237811449357366e+01
8.483868651587050408e+03 1.028294476966665769e+02
8.484068657920483020e+03 9.832205570485214707e+01
8.484268664253917450e+03 1.030396858908323310e+02
8.484468670587351880e+03 1.062082014710222211e+02
8.484668676920786311e+03 1.014724308834453268e+02
8.484868683254220741e+03 1.053223766093177431e+02
8.485068689587651534e+03 9.590879523412095864e+01
8.485268695921085964e+03 9.558632803251528287e+01
8.485468702254520394e+03 9.801208813926469077e+01
8.485668708587953006e+03 9.877286973508385870e+01
8.485868714921387436e+03 1.026865408823814363e+02
8.486068721254820048e+03 9.947207082707980419e+01
8.486268727588254478e+03 1.000487892037577922e+02
8.486468733921688909e+03 1.048270867460971942e+02
8.486668740255121520e+03 9.159630048705659533e+01
8.486868746588555950e+03 9.685149152948763174e+01
8.487068752921988562e+03 1.041075609171189029e+02
8.487268759255421173e+03 1.016032976981936145e+02
8.487468765588855604e+03 1.029823979062112187e+02
8.487668771922290034e+03 9.980088036145639308e+01
8.487868778255724465e+03 1.020716002593504754e+02
8.488068784589157076e+03 9.725557517809819785e+01
8.488268790922591506e+03 1.075742850677640519e+02
8.488468797256024118e+03 9.584719328113571635e+01
8.488668803589456729e+03 1.012215683715075869e+02
8.488868809922891160e+03 9.836617542600818354e+01
8.489068816256323771e+03 9.330448948632179906e+01
8.489268822589760020e+03 1.025018027383405013e+02
8.489468828923192632e+03 1.025997553426721680e+02
8.489668835256625243e+03 1.013950225933960922e+02
8.489868841590059674e+03 9.968845502471120312e+01
8.490068847923492285e+03 1.066575955306515482e+02
8.490268854256926716e+03 9.566911151435114391e+01
8.490468860590361146e+03 9.599691222207675878e+01
8.490668866923793757e+03 1.043779832479050924e+02
8.490868873257228188e+03 9.470035893341804467e+01
8.491068879590660799e+03 1.034128330191466034e+02
8.491268885924095230e+03 9.932033250442701444e+01
8.491468892257529660e+03 9.929465779065932907e+01
8.491668898590960453e+03 1.019574519605673117e+02
8.491868904924394883e+03 1.015772928118827139e+02
8.492068911257827494e+03 1.005050944314206731e+02
8.492268917591263744e+03 9.695470796468130459e+01
8.492468923924698174e+03 1.005885000708881307e+02
8.492668930258130786e+03 9.579688285977884732e+01
8.492868936591563397e+03 1.027944983891641044e+02
8.493068942924996009e+03 9.710332070476833621e+01
8.493268949258430439e+03 9.794375640630481428e+01
8.493468955591864869e+03 1.041485913310206257e+02
8.493668961925297481e+03 1.035372267757953892e+02
8.493868968258733730e+03 9.903639287818927528e+01
8.494068974592164523e+03 9.929283749298039652e+01
8.494268980925598953e+03 9.611318091750982262e+01
8.494468987259033383e+03 9.728796623651835773e+01
8.494668993592465995e+03 1.046043918509996189e+02
8.494868999925900425e+03 9.605276317351409432e+01
8.495069006259331218e+03 9.865068564512510818e+01
8.495269012592767467e+03 9.404811701997527962e+01
8.495469018926201898e+03 9.502945140052368345e+01
8.495669025259634509e+03 9.474002409958281135e+01
8.495869031593068939e+03 1.053933793289926655e+02
8.496069037926501551e+03 9.359230705960669638e+01
8.496269044259934162e+03 1.019864318267257630e+02
8.496469050593368593e+03 9.416535367047323746e+01
8.496669056926801204e+03 9.524279362875743971e+01
8.496869063260237454e+03 9.723451442691614943e+01
8.497069069593670065e+03 8.548268358159262448e+01
8.497269075927102676e+03 8.052219842132181782e+01
8.497469082260537107e+03 7.450230498553870007e+01
8.497669088593969718e+03 6.721821923423669887e+01
8.497869094927404149e+03 6.015139147368810768e+01
8.498069101260836760e+03 5.535147301721143265e+01
8.498269107594271190e+03 5.187928329007344530e+01
8.498469113927705621e+03 4.566894952451232825e+01
8.498669120261138232e+03 5.954254156465687231e+01
8.498869126594572663e+03 6.274970066138265423e+01
8.499069132928005274e+03 7.381085425403826150e+01
8.499269139261439705e+03 8.378327901730929739e+01
8.499469145594874135e+03 8.251543187356944031e+01
8.499669151928304927e+03 9.104725235855352139e+01
8.499869158261741177e+03 9.545733329600500383e+01
8.500069164595173788e+03 9.610288702853320331e+01
8.500269170928608219e+03 9.398031778001252690e+01
8.500469177262042649e+03 9.537971403168924667e+01
8.500669183595473442e+03 1.024987654626059879e+02
8.500869189928907872e+03 9.935637974632969360e+01
8.501069196262340483e+03 1.034377674391740101e+02
8.501269202595774914e+03 1.046515932033444471e+02
8.501469208929211163e+03 1.003688666329819767e+02
8.501669215262643775e+03 9.434467433096546074e+01
8.501869221596076386e+03 9.913305486602335748e+01
8.502069227929508997e+03 9.685982364230810049e+01
8.502269234262943428e+03 9.508978367175622282e+01
8.502469240596377858e+03 9.860291825548654288e+01
8.502669246929810470e+03 9.713158846568374827e+01
8.502869253263243081e+03 1.032962724745804195e+02
8.503069259596677512e+03 9.151995160241744998e+01
8.503269265930111942e+03 1.014883042710608123e+02
8.503469272263546372e+03 1.046494666581282331e+02
8.503669278596978984e+03 1.005682858023183712e+02
8.503869284930413414e+03 9.959915319037034465e+01
8.504069291263844207e+03 1.039045002515536567e+02
8.504269297597278637e+03 9.587984888104287506e+01
8.504469303930714887e+03 9.845811440535962333e+01
8.504669310264147498e+03 1.003758488086207166e+02
8.504869316597581928e+03 9.757793614578471875e+01
8.505069322931012721e+03 9.649327252572724944e+01
8.505269329264447151e+03 9.517056195826467047e+01
8.505469335597881582e+03 9.412854084048332481e+01
8.505669341931314193e+03 9.735064269972137652e+01
8.505869348264748623e+03 1.028712387720615737e+02
8.506069354598183054e+03 9.952020104477288953e+01
8.506269360931615665e+03 1.030596990713711563e+02
8.506469367265050096e+03 1.043653284832601003e+02
8.506669373598482707e+03 1.110793185447809464e+02
8.506869379931917138e+03 1.012612041460037773e+02
8.507069386265349749e+03 1.010819261717298474e+02
8.507269392598784179e+03 9.221300520868419426e+01
8.507469398932216791e+03 9.921190141827571551e+01
8.507669405265651221e+03 9.996963200481609135e+01
8.507869411599085652e+03 1.013807969571579974e+02
8.508069417932518263e+03 9.750613870914871484e+01
8.508269424265952694e+03 9.820749856990457261e+01
8.508469430599385305e+03 9.554749544081391832e+01
8.508669436932817916e+03 1.037733159658302782e+02
8.508869443266252347e+03 1.009284067565541108e+02
8.509069449599684958e+03 9.682300586911162554e+01
8.509269455933121208e+03 9.875243527927686671e+01
8.509469462266555638e+03 9.050358235156636511e+01
8.509669468599986430e+03 9.471639096296141247e+01
8.509869474933420861e+03 9.947699561730631501e+01
8.510069481266853472e+03 1.018448354522513597e+02
8.510269487600287903e+03 9.266826077326611255e+01
8.510469493933722333e+03 9.526773198962057165e+01
8.510669500267154945e+03 9.518327088782281464e+01
8.510869506600589375e+03 9.614036252205079336e+01
8.511069512934021986e+03 1.018060753499126321e+02
8.511269519267456417e+03 9.605426243096583505e+01
8.511469525600890847e+03 9.987220267398400608e+01
8.511669531934323459e+03 1.072742523143902531e+02
8.511869538267756070e+03 1.037556608562292837e+02
8.512069544601188682e+03 1.001338122342085768e+02
8.512269550934624931e+03 9.142425684092611959e+01
8.512469557268059361e+03 9.987723270707284939e+01
8.512669563601491973e+03 1.010596907303185503e+02
8.512869569934926403e+03 9.970194925636612027e+01
8.513069576268357196e+03 9.998326167730029113e+01
8.513269582601791626e+03 9.696903803130669530e+01
8.513469588935226056e+03 9.948278862843676507e+01
8.513669595268658668e+03 1.000489906745771691e+02
8.513869601602094917e+03 1.005922597139138048e+02
8.514069607935525710e+03 8.797780809173497119e+01
8.514269614268960140e+03 8.163795091447680363e+01
8.514469620602394571e+03 9.058768635041523964e+01
8.514669626935827182e+03 9.567455026896439563e+01
8.514869633269261612e+03 9.762959675858584774e+01
8.515069639602694224e+03 9.929641193299518420e+01
8.515269645936128654e+03 9.987929748522948614e+01
8.515469652269563085e+03 9.763328217417428334e+01
8.515669658602995696e+03 9.564023825773413989e+01
8.515869664936430127e+03 1.030362436087014686e+02
8.516069671269862738e+03 1.013572093876869786e+02
8.516269677603295349e+03 9.738464467124953217e+01
8.516469683936729780e+03 9.547093572101265124e+01
8.516669690270162391e+03 9.866554110207972883e+01
8.516869696603598641e+03 9.910249127679711023e+01
8.517069702937031252e+03 1.022706978157983144e+02
8.517269709270465682e+03 1.085822405392718366e+02
8.517469715603898294e+03 9.637983726135283291e+01
8.517669721937330905e+03 1.002552631327743882e+02
8.517869728270765336e+03 1.057241810241720827e+02
8.518069734604197947e+03 9.486788921363798011e+01
8.518269740937632378e+03 1.032195413273914113e+02
8.518469747271068627e+03 9.302709346534096824e+01
8.518669753604499419e+03 1.000264213432869269e+02
8.518869759937933850e+03 1.044535874946670617e+02
8.519069766271366461e+03 9.289990038611884415e+01
8.519269772604800892e+03 9.652061091530407566e+01
8.519469778938235322e+03 1.034561010628064963e+02
8.519669785271666115e+03 1.017723024916885777e+02
8.519869791605102364e+03 9.594066454866168669e+01
8.520069797938534975e+03 1.064667741438294826e+02
8.520269804271969406e+03 1.005207736249582098e+02
8.520469810605403836e+03 1.055820904346019660e+02
8.520669816938836448e+03 9.988259288120310941e+01
8.520869823272269059e+03 1.007099546052931061e+02
8.521069829605701671e+03 1.029043401742382997e+02
8.521269835939136101e+03 9.775522903411913944e+01
8.521469842272572350e+03 1.031103017454326505e+02
8.521669848606004962e+03 9.770771932772450441e+01
8.521869854939437573e+03 9.267051852772397069e+01
8.522069861272870185e+03 9.882760821933702289e+01
8.522269867606304615e+03 9.861386067975436731e+01
8.522469873939739045e+03 9.418668843208646990e+01
8.522669880273171657e+03 1.006628690647995796e+02
8.522869886606606087e+03 9.941465687979111010e+01
8.523069892940038699e+03 1.029943369942812410e+02
8.523269899273473129e+03 1.045624151062224172e+02
8.523469905606907560e+03 1.037380600196951832e+02
8.523669911940340171e+03 1.004250363772135017e+02
8.523869918273774601e+03 9.511034935741673735e+01
8.524069924607207213e+03 9.401831202271820587e+01
8.524269930940639824e+03 9.133728008271972953e+01
8.524469937274076074e+03 1.037057261938971351e+02
8.524669943607508685e+03 9.886452540840885206e+01
8.524869949940943116e+03 9.952026772831943902e+01
8.525069956274375727e+03 9.762718366884806187e+01
8.525269962607808338e+03 1.008081238645916500e+02
8.525469968941242769e+03 1.063406288345910156e+02
8.525669975274675380e+03 1.026978404656092607e+02
8.525869981608109811e+03 9.289089838481848460e+01
8.526069987941544241e+03 9.662370783417324560e+01
8.526269994274978671e+03 9.847746043515472536e+01
8.526470000608411283e+03 9.741703113436724948e+01
8.526670006941843894e+03 1.024908300235048557e+02
8.526870013275278325e+03 1.000497392820776099e+02
8.527070019608710936e+03 9.751901251160565209e+01
8.527270025942145367e+03 9.706211389055796701e+01
8.527470032275577978e+03 1.006223133198652135e+02
8.527670038609012408e+03 1.035143564635575615e+02
8.527870044942446839e+03 9.850304298315070639e+01
8.528070051275879450e+03 1.031053959202474317e+02
8.528270057609313881e+03 9.692197585138715965e+01
8.528470063942748311e+03 9.782305331913866553e+01
8.528670070276179104e+03 9.892411075296620027e+01
8.528870076609613534e+03 1.032096056573341087e+02
8.529070082943046145e+03 9.632679501786395804e+01
8.529270089276482395e+03 9.662701813208450119e+01
8.529470095609916825e+03 1.006588192051545576e+02
8.529670101943349437e+03 1.002646876374420657e+02
8.529870108276782048e+03 9.647665914782140817e+01
8.530070114610214659e+03 1.032547670867752174e+02
8.530270120943649090e+03 1.033665068649471266e+02
8.530470127277083520e+03 9.903944301501167047e+01
8.530670133610517951e+03 9.821635731282566439e+01
8.530870139943950562e+03 9.281752734380999925e+01
8.531070146277383174e+03 1.016362237483300248e+02
8.531270152610817604e+03 9.945116365157538496e+01
8.531470158944252034e+03 1.033912286062791850e+02
8.531670165277684646e+03 1.057152340267915491e+02
8.531870171611119076e+03 9.757370221828182366e+01
8.532070177944549869e+03 9.905474685228524834e+01
8.532270184277986118e+03 1.003313263681191074e+02
8.532470190611420549e+03 9.909951013019338006e+01
8.532670196944853160e+03 8.901330024126305318e+01
8.532870203278287590e+03 1.010800859298891936e+02
8.533070209611718383e+03 1.024003780384116027e+02
8.533270215945152813e+03 9.399888006838168053e+01
8.533470222278587244e+03 1.004793916544026331e+02
8.533670228612019855e+03 9.357384604921462312e+01
8.533870234945456104e+03 9.900690174949620825e+01
8.534070241278888716e+03 9.608295285814037356e+01
8.534270247612321327e+03 9.437193466005994935e+01
8.534470253945755758e+03 9.028530496466630950e+01
8.534670260279188369e+03 9.946950708902637928e+01
8.534870266612622800e+03 9.613317840485392196e+01
8.535070272946055411e+03 9.907085041027251293e+01
8.535270279279491660e+03 9.864291074650076041e+01
8.535470285612924272e+03 1.004764094012005842e+02
8.535670291946356883e+03 9.930367657533078329e+01
8.535870298279791314e+03 9.602837827678051497e+01
8.536070304613223925e+03 9.553959344435016021e+01
8.536270310946658356e+03 9.387000739518909143e+01
8.536470317280090967e+03 9.381029048516600710e+01
8.536670323613523578e+03 9.728681005827863260e+01
8.536870329946959828e+03 9.713874375471721123e+01
8.537070336280392439e+03 1.013046551008284695e+02
8.537270342613826870e+03 9.683298149934930166e+01
8.537470348947261300e+03 9.706621848563125354e+01
8.537670355280692092e+03 9.672588576859793363e+01
8.537870361614126523e+03 9.896040318061164953e+01
8.538070367947559134e+03 9.604313131328228792e+01
8.538270374280993565e+03 9.821370672899055876e+01
8.538470380614429814e+03 9.589382950670197658e+01
8.538670386947860607e+03 9.546875197952743974e+01
8.538870393281295037e+03 9.033874981389621439e+01
8.539070399614727648e+03 9.286250510293697857e+01
8.539270405948162079e+03 8.027208295144838246e+01
8.539470412281596509e+03 9.058672299647459170e+01
8.539670418615029121e+03 9.733519658470116553e+01
8.539870424948463551e+03 9.010610319598481510e+01
8.540070431281896163e+03 8.722044822452262736e+01
8.540270437615330593e+03 8.025034960084821023e+01
8.540470443948765023e+03 8.024653440843734131e+01
8.540670450282197635e+03 7.293915262826178036e+01
8.540870456615632065e+03 7.649663638692138079e+01
8.541070462949062858e+03 7.877009481345037045e+01
8.541270469282497288e+03 6.320223923766468488e+01
8.541470475615933537e+03 6.447767520113457351e+01
8.541670481949366149e+03 5.473510095241275764e+01
8.541870488282800579e+03 4.639864499017765098e+01
8.542070494616231372e+03 4.208471689823075224e+01
8.542270500949665802e+03 4.009290720642001560e+01
8.542470507283100233e+03 3.763225481926170346e+01
8.542670513616532844e+03 3.594231218443894704e+01
8.542870519949967274e+03 5.002201689279700503e+01
8.543070526283401705e+03 5.857447804458546869e+01
8.543270532616834316e+03 5.830587721666930179e+01
8.543470538950268747e+03 6.939207601616972454e+01
8.543670545283701358e+03 6.548013528797339688e+01
8.543870551617135789e+03 7.206790926088984861e+01
8.544070557950568400e+03 7.298529758582002103e+01
8.544270564284001011e+03 8.467359860158411777e+01
8.544470570617437261e+03 8.757660190504819298e+01
8.544670576950869872e+03 7.682728023442294329e+01
8.544870583284304303e+03 8.543540124866812846e+01
8.545070589617736914e+03 8.899867345395584550e+01
8.545270595951171344e+03 8.525030033020105691e+01
8.545470602284603956e+03 9.631510391063611110e+01
8.545670608618036567e+03 9.016357588848471494e+01
8.545870614951470998e+03 9.048490250465337681e+01
8.546070621284905428e+03 9.544345986236240265e+01
8.546270627618339859e+03 9.569045715989000200e+01
8.546470633951774289e+03 9.384224359038186947e+01
8.546670640285205081e+03 8.897480959981646720e+01
8.546870646618639512e+03 8.510659510255980820e+01
8.547070652952072123e+03 9.220016995515402414e+01
8.547270659285506554e+03 9.407976399959532898e+01
8.547470665618940984e+03 9.154222096522195784e+01
8.547670671952373596e+03 9.555211211550459893e+01
8.547870678285808026e+03 8.858327332061679726e+01
8.548070684619240637e+03 9.516911961617616100e+01
8.548270690952675068e+03 1.015370301425328563e+02
8.548470697286109498e+03 9.703380311987770312e+01
8.548670703619542110e+03 9.149464976354941825e+01
8.548870709952974721e+03 8.735073865699119722e+01
8.549070716286409152e+03 1.072530108807613942e+02
8.549270722619843582e+03 9.621923788880020822e+01
8.549470728953278012e+03 9.261072334624071800e+01
8.549670735286710624e+03 9.689075780197073584e+01
8.549870741620143235e+03 8.894863344209024092e+01
8.550070747953575847e+03 9.282217045190107285e+01
8.550270754287010277e+03 1.008189654267502675e+02
8.550470760620444707e+03 9.448735365991393564e+01
8.550670766953879138e+03 1.037431405002237028e+02
8.550870773287313568e+03 9.475325484932763231e+01
8.551070779620744361e+03 9.525279674102011995e+01
8.551270785954178791e+03 9.611184229374173071e+01
8.551470792287613222e+03 1.011873121261394459e+02
8.551670798621045833e+03 9.365793282384414908e+01
8.551870804954480263e+03 1.064902551056416655e+02
8.552070811287911056e+03 9.598707973161681650e+01
8.552270817621347305e+03 1.007598642310514379e+02
8.552470823954781736e+03 1.011140090360466530e+02
8.552670830288214347e+03 9.751302269451062443e+01
8.552870836621648778e+03 9.769986794787149620e+01
8.553070842955081389e+03 9.993321152179180444e+01
8.553270849288514000e+03 9.850272740164737684e+01
8.553470855621948431e+03 1.058726708728157320e+02
8.553670861955381042e+03 9.370475308204967746e+01
8.553870868288817292e+03 1.036307408269640291e+02
8.554070874622249903e+03 9.548637231936946534e+01
8.554270880955684333e+03 9.744276295037525415e+01
8.554470887289116945e+03 1.014087046491720088e+02
8.554670893622549556e+03 1.034267108608109424e+02
8.554870899955983987e+03 1.027109103409429167e+02
8.555070906289416598e+03 9.742529231722564020e+01
8.555270912622852848e+03 9.550699830152311165e+01
8.555470918956285459e+03 8.589149634291413804e+01
8.555670925289718070e+03 9.999464893861434689e+01
8.555870931623152501e+03 1.010064991317243823e+02
8.556070937956585112e+03 9.746874047885279424e+01
8.556270944290019543e+03 9.569218689555194146e+01
8.556470950623453973e+03 9.184381496815667845e+01
8.556670956956884766e+03 9.679004329074075486e+01
8.556870963290321015e+03 9.383880646550927906e+01
8.557070969623753626e+03 9.602063974164693150e+01
8.557270975957188057e+03 1.029760670997478371e+02
8.557470982290622487e+03 1.014389047482396933e+02
8.557670988624053280e+03 9.924357955239958073e+01
8.557870994957487710e+03 1.038012625491503940e+02
8.558071001290920321e+03 1.002115592742194394e+02
8.558271007624354752e+03 1.019063934798296032e+02
8.558471013957791001e+03 9.682588268100832352e+01
8.558671020291223613e+03 9.914843342680335070e+01
8.558871026624656224e+03 1.040953659471189354e+02
8.559071032958088836e+03 1.005313288634483371e+02
8.559271039291523266e+03 9.999542259144243417e+01
8.559471045624957696e+03 1.017272610066833636e+02
8.559671051958390308e+03 1.032884038424418804e+02
8.559871058291826557e+03 1.005977454520092067e+02
8.560071064625257350e+03 1.029546324918088516e+02
8.560271070958691780e+03 9.547181816937721521e+01
8.560471077292126211e+03 1.032802304779632721e+02
8.560671083625558822e+03 1.019789405791511143e+02
8.560871089958993252e+03 9.970365815956475330e+01
8.561071096292424045e+03 9.778533250539759081e+01
8.561271102625858475e+03 1.012432778209834083e+02
8.561471108959294725e+03 1.036056762757296923e+02
8.561671115292727336e+03 1.057503228967459847e+02
8.561871121626161766e+03 9.999194366099543174e+01
8.562071127959594378e+03 9.655623263804952217e+01
8.562271134293026989e+03 9.946837364104597157e+01
8.562471140626461420e+03 9.337019207881515115e+01
8.562671146959894031e+03 9.951328006841229978e+01
8.562871153293328462e+03 9.213516209428888715e+01
8.563071159626762892e+03 1.054604925735402645e+02
8.563271165960195503e+03 9.591132959448621875e+01
8.563471172293629934e+03 1.016747917515070725e+02
8.563671178627062545e+03 1.046291303125209851e+02
8.563871184960496976e+03 1.027421710309136671e+02
8.564071191293929587e+03 9.748916222358680272e+01
8.564271197627364018e+03 9.772159412563776471e+01
8.564471203960798448e+03 1.003743914644840203e+02
8.564671210294231059e+03 1.003138781045170163e+02
8.564871216627665490e+03 9.806300820098668680e+01
8.565071222961098101e+03 9.869580196357577506e+01
8.565271229294532532e+03 1.013300181604690522e+02
8.565471235627966962e+03 1.079978827964932293e+02
8.565671241961397754e+03 1.005216450683760314e+02
8.565871248294832185e+03 1.025780065082365979e+02
8.566071254628266615e+03 9.422514337916018690e+01
8.566271260961701046e+03 9.898398399937305214e+01
8.566471267295135476e+03 9.896717706383191171e+01
8.566671273628566269e+03 1.031487638377031004e+02
8.566871279962000699e+03 9.162176019918712200e+01
8.567071286295433310e+03 9.832568908673565033e+01
8.567271292628867741e+03 1.002443044441325242e+02
8.567471298962302171e+03 9.782908778703551889e+01
8.567671305295736602e+03 1.066026224856214952e+02
8.567871311629169213e+03 9.856816989490407366e+01
8.568071317962601825e+03 9.916158588721850720e+01
8.568271324296036255e+03 1.008791370669419649e+02
8.568471330629470685e+03 9.790696853645704323e+01
8.568671336962903297e+03 1.011486030217472774e+02
8.568871343296335908e+03 9.819555990263273770e+01
8.569071349629770339e+03 1.000797950084023142e+02
8.569271355963204769e+03 9.954650984666812974e+01
8.569471362296639199e+03 9.821977400394995072e+01
8.569671368630071811e+03 9.287176395652059568e+01
8.569871374963506241e+03 9.573377558494379969e+01
8.570071381296937034e+03 9.626995134270126186e+01
8.570271387630371464e+03 9.523488639968796576e+01
8.570471393963805895e+03 9.838934210253070489e+01
8.570671400297240325e+03 1.002521207650741815e+02
8.570871406630674755e+03 9.638544824034850933e+01
8.571071412964107367e+03 1.022326992014084368e+02
8.571271419297539978e+03 9.908559233451651949e+01
8.571471425630974409e+03 9.389937619131926283e+01
8.571671431964407020e+03 9.539771751022499302e+01
8.571871438297841451e+03 1.077656412357686264e+02
8.572071444631274062e+03 9.849628025055736202e+01
8.572271450964708492e+03 9.267087804075123358e+01
8.572471457298142923e+03 1.049684674396029891e+02
8.572671463631575534e+03 9.937473133451128149e+01
8.572871469965009965e+03 9.832555460567574812e+01
8.573071476298442576e+03 9.766822724832918823e+01
8.573271482631877006e+03 9.856199659052850848e+01
8.573471488965309618e+03 9.941422378615411048e+01
8.573671495298742229e+03 9.738293260571087728e+01
8.573871501632178479e+03 9.827733204728404814e+01
8.574071507965611090e+03 9.521147389661523164e+01
8.574271514299045521e+03 9.840820222729414013e+01
8.574471520632478132e+03 9.649671132125352813e+01
8.574671526965910743e+03 1.049687921733820986e+02
8.574871533299345174e+03 9.406215598066454220e+01
8.575071539632777785e+03 1.044369532404915901e+02
8.575271545966214035e+03 9.648489613890147609e+01
8.575471552299648465e+03 9.915094085362501630e+01
8.575671558633079258e+03 9.912596346334674990e+01
8.575871564966513688e+03 9.853904563917858184e+01
8.576071571299946299e+03 9.877757440326094240e+01
8.576271577633380730e+03 1.005728341000230728e+02
8.576471583966815160e+03 1.010090559073872782e+02
8.576671590300247772e+03 1.009061360073068130e+02
8.576871596633682202e+03 9.934093350856596771e+01
8.577071602967114814e+03 1.028626159060099212e+02
8.577271609300549244e+03 1.038665009367709047e+02
8.577471615633983674e+03 9.879937325004493687e+01
8.577671621967416286e+03 1.012174667240481796e+02
8.577871628300848897e+03 9.003645228700108305e+01
8.578071634634281509e+03 9.927567350960238457e+01
8.578271640967715939e+03 9.578003915422942782e+01
8.578471647301152188e+03 9.898008010279204427e+01
8.578671653634584800e+03 1.046521141266065058e+02
8.578871659968019230e+03 1.030710005297676730e+02
8.579071666301450023e+03 9.821585203439478562e+01
8.579271672634884453e+03 1.017514400484377575e+02
8.579471678968318884e+03 9.772673278577465794e+01
8.579671685301751495e+03 1.065287218590089111e+02
8.579871691635187744e+03 1.021417534152302267e+02
8.580071697968618537e+03 1.034093571515215757e+02
8.580271704302052967e+03 9.820278391070957014e+01
8.580471710635487398e+03 9.805837895266050452e+01
8.580671716968920009e+03 1.020099147666137753e+02
8.580871723302354440e+03 9.560291747704673071e+01
8.581071729635787051e+03 9.892604106039897260e+01
8.581271735969219662e+03 1.036954136125574450e+02
8.581471742302655912e+03 1.013032140508353365e+02
8.581671748636088523e+03 1.010204381519124013e+02
8.581871754969522954e+03 9.434186179198198374e+01
8.582071761302955565e+03 9.562645058417828636e+01
8.582271767636389995e+03 9.504273454424198064e+01
8.582471773969822607e+03 9.297025606236282158e+01
8.582671780303255218e+03 8.979870888739112900e+01
8.582871786636689649e+03 8.653649402995526430e+01
8.583071792970124079e+03 9.982948831178057958e+01
8.583271799303558510e+03 9.462148733512050569e+01
8.583471805636991121e+03 1.036615860280376609e+02
8.583671811970423732e+03 9.620674169622748195e+01
8.583871818303858163e+03 9.929506967673820839e+01
8.584071824637290774e+03 1.019410489675286016e+02
8.584271830970725205e+03 9.701180311089748898e+01
8.584471837304161454e+03 1.067973200770446311e+02
8.584671843637592247e+03 8.901004673920694188e+01
8.584871849971026677e+03 1.047283150531549722e+02
8.585071856304459288e+03 1.042676486846838770e+02
8.585271862637893719e+03 1.098067357318975468e+02
8.585471868971328149e+03 9.901793695988479271e+01
8.585671875304758942e+03 9.304096041361593450e+01
8.585871881638193372e+03 1.089745936156309369e+02
8.586071887971627802e+03 9.794987538790087456e+01
8.586271894305062233e+03 9.867367417278681785e+01
8.586471900638496663e+03 9.764043504898832282e+01
8.586671906971929275e+03 9.719807730171389437e+01
8.586871913305361886e+03 1.017847258283307639e+02
8.587071919638794498e+03 9.695511301470412491e+01
8.587271925972228928e+03 1.040198969891908263e+02
8.587471932305663358e+03 9.889110608803846958e+01
8.587671938639097789e+03 9.879719618238652856e+01
8.587871944972532219e+03 1.014071364064369050e+02
8.588071951305963012e+03 1.061118011670076555e+02
8.588271957639397442e+03 9.337280946195082265e+01
8.588471963972831873e+03 1.021368459347167885e+02
8.588671970306264484e+03 9.688558318714066786e+01
8.588871976639698914e+03 9.932759336656256721e+01
8.589071982973131526e+03 1.042283048525854952e+02
8.589271989306565956e+03 1.034812736451179092e+02
8.589471995640000387e+03 9.749392076634988769e+01
8.589672001973432998e+03 9.446531986487850929e+01
8.589872008306867428e+03 1.023969282395190135e+02
8.590072014640300040e+03 1.059948570304079283e+02
8.590272020973732651e+03 1.032345116173526947e+02
8.590472027307167082e+03 9.991947126907253107e+01
8.590672033640601512e+03 1.033750344405248001e+02
8.590872039974035943e+03 9.838093167355921764e+01
8.591072046307468554e+03 9.852377879817170481e+01
8.591272052640901165e+03 1.006006153495283115e+02
8.591472058974335596e+03 9.925957425332630635e+01
8.591672065307768207e+03 1.010992276198335418e+02
8.591872071641202638e+03 1.017252044741123456e+02
8.592072077974635249e+03 1.016073977990417205e+02
8.592272084308071499e+03 1.013639900247079311e+02
8.592472090641504110e+03 9.927708600301271247e+01
8.592672096974936721e+03 9.881584273168968480e+01
8.592872103308371152e+03 9.517727012022639599e+01
8.593072109641803763e+03 1.055865072953397146e+02
8.593272115975238194e+03 9.951943376010633813e+01
8.593472122308672624e+03 9.831764784955375092e+01
8.593672128642103416e+03 9.423293251865875675e+01
8.593872134975539666e+03 1.003485992333411900e+02
8.594072141308972277e+03 9.983970723680155857e+01
8.594272147642406708e+03 9.536348481353340389e+01
8.594472153975841138e+03 9.797636672199118379e+01
8.594672160309271931e+03 1.017944349934004009e+02
8.594872166642706361e+03 9.870628253098833227e+01
8.595072172976138972e+03 9.727063480602265599e+01
8.595272179309575222e+03 9.984541693291552633e+01
8.595472185643009652e+03 1.068597476175790888e+02
8.595672191976442264e+03 9.374101123948049974e+01
8.595872198309874875e+03 9.309888784476815715e+01
8.596072204643307487e+03 9.963874722582194465e+01
8.596272210976741917e+03 9.941351944495841053e+01
8.596472217310176347e+03 1.002797537306951483e+02
8.596672223643608959e+03 9.798267019551461487e+01
8.596872229977043389e+03 1.031048230586823991e+02
8.597072236310476001e+03 1.023081543081460865e+02
8.597272242643910431e+03 1.015329198012968988e+02
8.597472248977344861e+03 9.277903829646014344e+01
8.597672255310777473e+03 9.121774297261136155e+01
8.597872261644211903e+03 9.208025581288484318e+01
8.598072267977642696e+03 9.512845609522085510e+01
8.598272274311077126e+03 1.010307704351421307e+02
8.598472280644513376e+03 8.852226499244601143e+01
8.598672286977945987e+03 9.407949014249638253e+01
8.598872293311380417e+03 9.166705135282870742e+01
8.599072299644813029e+03 9.800032157016656242e+01
8.599272305978245640e+03 8.998531651230912587e+01
8.599472312311680071e+03 1.062112998210470778e+02
8.599672318645112682e+03 9.494803301716150656e+01
8.599872324978548932e+03 1.001618364526965763e+02
8.600072331311981543e+03 1.064275133687051209e+02
8.600272337645414154e+03 1.042411393217784905e+02
8.600472343978848585e+03 1.036172971751498579e+02
8.600672350312281196e+03 9.597247867398382937e+01
8.600872356645715627e+03 1.073505589605184127e+02
8.601072362979148238e+03 9.921946020369892949e+01
8.601272369312582668e+03 9.697389562455875023e+01
8.601472375646017099e+03 9.968724171721328275e+01
8.601672381979449710e+03 1.037176136033028229e+02
8.601872388312884141e+03 9.324976534217303481e+01
8.602072394646316752e+03 1.022591686069274886e+02
8.602272400979751183e+03 9.391048963036095643e+01
8.602472407313183794e+03 1.052735087672933645e+02
8.602672413646616405e+03 1.002269981476745215e+02
8.602872419980050836e+03 1.024928051016976838e+02
8.603072426313485266e+03 9.937694854153710367e+01
8.603272432646919697e+03 1.010935255627657483e+02
8.603472438980354127e+03 1.037201842722870566e+02
8.603672445313784920e+03 1.047070073986350280e+02
8.603872451647219350e+03 9.178600081202112904e+01
8.604072457980651961e+03 9.298208927240735022e+01
8.604272464314086392e+03 8.917740396441492123e+01
8.604472470647522641e+03 9.803049507927147488e+01
8.604672476980953434e+03 1.020230580294209943e+02
8.604872483314387864e+03 9.558166295074173036e+01
8.605072489647820476e+03 1.065825760728196769e+02
8.605272495981254906e+03 1.047484570364893557e+02
8.605472502314689336e+03 9.756508420962784101e+01
8.605672508648121948e+03 9.645047715747075756e+01
8.605872514981554559e+03 1.040559274716377018e+02
8.606072521314988990e+03 1.033126421862535409e+02
8.606272527648423420e+03 9.449346230369661725e+01
8.606472533981857850e+03 1.004400921564264451e+02
8.606672540315290462e+03 9.453604205236727864e+01
8.606872546648724892e+03 9.731569508185073403e+01
8.607072552982155685e+03 9.355480534732095066e+01
8.607272559315590115e+03 9.883050772191224098e+01
8.607472565649024546e+03 9.765376346707276412e+01
8.607672571982458976e+03 1.063566373435967591e+02
8.607872578315893406e+03 9.898714267649729948e+01
8.608072584649324199e+03 1.010667553245056354e+02
8.608272590982758629e+03 9.931275222552859816e+01
8.608472597316193060e+03 1.010805634187866815e+02
8.608672603649625671e+03 9.784400351222285508e+01
8.608872609983060102e+03 9.610025597263597774e+01
8.609072616316494532e+03 9.411123752212215265e+01
8.609272622649927143e+03 1.023372983860385403e+02
8.609472628983361574e+03 1.009034571871279837e+02
8.609672635316794185e+03 1.018004990802195238e+02
8.609872641650228616e+03 1.032764865627831341e+02
8.610072647983661227e+03 9.918339091027783638e+01
8.610272654317093838e+03 1.025368766718618758e+02
8.610472660650528269e+03 9.476821537929524197e+01
8.610672666983962699e+03 1.027560432806183996e+02
8.610872673317397130e+03 1.014324847717353890e+02
8.611072679650829741e+03 9.862867435737560129e+01
8.611272685984264172e+03 9.987473901268893428e+01
8.611472692317696783e+03 9.315070186695476195e+01
8.611672698651129394e+03 9.592393989618848593e+01
8.611872704984563825e+03 8.911005358024698353e+01
8.612072711317996436e+03 8.816823202935975701e+01
8.612272717651432686e+03 8.816177050569922358e+01
8.612472723984867116e+03 8.426772016422658851e+01
8.612672730318297909e+03 1.029565600577167430e+02
8.612872736651732339e+03 1.004723054385583225e+02
8.613072742985164950e+03 9.773074157450440680e+01
8.613272749318599381e+03 9.754344257377614724e+01
8.613472755652033811e+03 9.582590534656947057e+01
8.613672761985466423e+03 1.012951989502312102e+02
8.613872768318900853e+03 9.636360150366921573e+01
8.614072774652333464e+03 1.034582378760265868e+02
8.614272780985767895e+03 9.965935772652987623e+01
8.614472787319202325e+03 1.021495058023954385e+02
8.614672793652634937e+03 9.615222049024345097e+01
8.614872799986067548e+03 1.010216357199844879e+02
8.615072806319500160e+03 1.004392874896316954e+02
8.615272812652936409e+03 9.691759654112244959e+01
8.615472818986370839e+03 9.564193427818024418e+01
8.615672825319803451e+03 1.050222264204204663e+02
8.615872831653236062e+03 9.930264784628403163e+01
8.616072837986668674e+03 9.563774452074036958e+01
8.616272844320103104e+03 9.932161406710483220e+01
8.616472850653537535e+03 1.064469017077015138e+02
8.616672856986970146e+03 9.856924412039026606e+01
8.616872863320406395e+03 9.909640901250743639e+01
8.617072869653837188e+03 9.645078701318610115e+01
8.617272875987271618e+03 1.021573621778199339e+02
8.617472882320706049e+03 9.900823199073121827e+01
8.617672888654138660e+03 9.598237722605301769e+01
8.617872894987573090e+03 9.706029589403595992e+01
8.618072901321005702e+03 1.037168332701267701e+02
8.618272907654438313e+03 9.796027940879339724e+01
8.618472913987874563e+03 9.562889974866195075e+01
8.618672920321307174e+03 9.350680435262823664e+01
8.618872926654741605e+03 1.055019182006781762e+02
8.619072932988174216e+03 9.386002206122465452e+01
8.619272939321606827e+03 9.941941441904369015e+01
8.619472945655041258e+03 9.518957331307701963e+01
8.619672951988473869e+03 1.013686786889871883e+02
8.619872958321910119e+03 1.013695620475503318e+02
8.620072964655342730e+03 9.862608538445724093e+01
8.620272970988777161e+03 9.565859437417410049e+01
8.620472977322209772e+03 9.645032355516806888e+01
8.620672983655642383e+03 1.033766404250254425e+02
8.620872989989076814e+03 9.910725693933605385e+01
8.621072996322509425e+03 1.020717138362828962e+02
8.621273002655943856e+03 1.014134205402633171e+02
8.621473008989378286e+03 9.089884780458928049e+01
8.621673015322810897e+03 9.016047491605303321e+01
8.621873021656245328e+03 9.428905069814196338e+01
8.622073027989677939e+03 9.553188444994881934e+01
8.622273034323112370e+03 9.428619706266051992e+01
8.622473040656546800e+03 9.449372645983706320e+01
8.622673046989977593e+03 1.021884963381873774e+02
8.622873053323412023e+03 9.974983209012235363e+01
8.623073059656846453e+03 1.039590201368772142e+02
8.623273065990280884e+03 9.904089252190338755e+01
8.623473072323715314e+03 9.254221153519152665e+01
8.623673078657147926e+03 9.693856033951108486e+01
8.623873084990580537e+03 1.024677886074381945e+02
8.624073091324013149e+03 9.795129993596685836e+01
8.624273097657447579e+03 1.042910009596289171e+02
8.624473103990883828e+03 9.691849631051417191e+01
8.624673110324316440e+03 9.621581317252613985e+01
8.624873116657749051e+03 9.099186074136700597e+01
8.625073122991181663e+03 9.691176396045304386e+01
8.625273129324616093e+03 9.570767384014285994e+01
8.625473135658050523e+03 9.085661720210299563e+01
8.625673141991483135e+03 1.054758739784435591e+02
8.625873148324917565e+03 9.990887751405496431e+01
8.626073154658350177e+03 9.778048887449281779e+01
8.626273160991784607e+03 9.744186635779365702e+01
8.626473167325219038e+03 1.052504974798901998e+02
8.626673173658651649e+03 9.731607908476163971e+01
8.626873179992086079e+03 9.741037240096824235e+01
8.627073186325516872e+03 1.033242860572250805e+02
8.627273192658951302e+03 9.980888395521726864e+01
8.627473198992385733e+03 9.870263315656592340e+01
8.627673205325820163e+03 1.024985138890499172e+02
8.627873211659254594e+03 9.780986109753888513e+01
8.628073217992687205e+03 1.022774385445979277e+02
8.628273224326119816e+03 1.004639935544944507e+02
8.628473230659554247e+03 9.756815285090775092e+01
8.628673236992986858e+03 1.010063716157139737e+02
8.628873243326421289e+03 1.029674792101012883e+02
8.629073249659855719e+03 9.462137081133921868e+01
8.629273255993290149e+03 9.707174683423652084e+01
8.629473262326722761e+03 1.016466748426048099e+02
8.629673268660155372e+03 9.899403658039773291e+01
8.629873274993589803e+03 9.771008725142543483e+01
8.630073281327022414e+03 1.069481589316644374e+02
8.630273287660456845e+03 9.812793692829949066e+01
8.630473293993889456e+03 1.080596304819761571e+02
8.630673300327323886e+03 9.941144492508173869e+01
8.630873306660758317e+03 1.086484729203245081e+02
8.631073312994190928e+03 9.847102355206240532e+01
8.631273319327625359e+03 1.069898651508385399e+02
8.631473325661059789e+03 9.932127967016045034e+01
8.631673331994490582e+03 9.953583789909906443e+01
8.631873338327925012e+03 1.067818899113586610e+02
8.632073344661357623e+03 9.209749302338262567e+01
8.632273350994793873e+03 9.571826810279461029e+01
8.632473357328228303e+03 1.000552931191996464e+02
8.632673363661659096e+03 1.014240868345465856e+02
8.632873369995093526e+03 9.386926846891358878e+01
8.633073376328526138e+03 1.036932998070060705e+02
8.633273382661960568e+03 1.024256642031869404e+02
8.633473388995394998e+03 9.896729378724155879e+01
8.633673395328829429e+03 9.705632371918760271e+01
8.633873401662262040e+03 1.015961643477524774e+02
8.634073407995694652e+03 1.033814333238750720e+02
8.634273414329129082e+03 9.841177050332146337e+01
8.634473420662563512e+03 9.384465018417145643e+01
8.634673426995996124e+03 9.993853742752759217e+01
8.634873433329430554e+03 1.000431841711733654e+02
8.635073439662861347e+03 9.778743465294068926e+01
8.635273445996297596e+03 1.026289874439504075e+02
8.635473452329732027e+03 9.864956763792926608e+01
8.635673458663164638e+03 1.052624913249351408e+02
8.635873464996599068e+03 9.676840547752435384e+01
8.636073471330029861e+03 1.100255784791491749e+02
8.636273477663464291e+03 9.877314370076831551e+01
8.636473483996898722e+03 1.009720600224404450e+02
8.636673490330331333e+03 9.273966977631175723e+01
8.636873496663767583e+03 1.006950741372827736e+02
8.637073502997200194e+03 1.006638903783577916e+02
8.637273509330632805e+03 9.749645297811308353e+01
8.637473515664067236e+03 1.029530407088750223e+02
8.637673521997499847e+03 1.031737160051061579e+02
8.637873528330934278e+03 9.774537107736539099e+01
8.638073534664366889e+03 1.015110215551178783e+02
8.638273540997799500e+03 9.492824626153026202e+01
8.638473547331235750e+03 9.462662117090989966e+01
8.638673553664668361e+03 1.001533605884112745e+02
8.638873559998102792e+03 9.789911097645207860e+01
8.639073566331535403e+03 9.925626882064976542e+01
8.639273572664969834e+03 1.003524237716624583e+02
8.639473578998402445e+03 1.023699956511062084e+02
8.639673585331835056e+03 9.701107727326915153e+01
8.639873591665271306e+03 9.764459642305705245e+01
8.640073597998703917e+03 9.197036997514396717e+01
8.640273604332138348e+03 9.867343010757936383e+01
8.640473610665572778e+03 9.967721612548723442e+01
8.640673616999003571e+03 9.627585252895394774e+01
8.640873623332438001e+03 1.046633090709449903e+02
8.641073629665870612e+03 9.604542793924974831e+01
8.641273635999305043e+03 1.025823674054859111e+02
8.641473642332741292e+03 9.200866182000714844e+01
8.641673648666172085e+03 9.971244954162771990e+01
8.641873654999606515e+03 9.827717356022741058e+01
8.642073661333039126e+03 9.719224734955179201e+01
8.642273667666473557e+03 1.018371740045895422e+02
8.642473673999907987e+03 1.031973994767416940e+02
8.642673680333340599e+03 9.577705597080159805e+01
8.642873686666773210e+03 9.610182884147629068e+01
8.643073693000207641e+03 9.589371231783782434e+01
8.643273699333642071e+03 1.065001120599345228e+02
8.643473705667076501e+03 9.981417309631004287e+01
8.643673712000509113e+03 1.016264025663630974e+02
8.643873718333941724e+03 1.017561057799182862e+02
8.644073724667374336e+03 9.718364705042115759e+01
8.644273731000808766e+03 9.554306814323217623e+01
8.644473737334245016e+03 9.714193996912996454e+01
8.644673743667677627e+03 9.541945749426798784e+01
8.644873750001112057e+03 1.023889713428893771e+02
8.645073756334542850e+03 1.014814272906432677e+02
8.645273762667977280e+03 9.954377226902207099e+01
8.645473769001411711e+03 1.011905877818652897e+02
8.645673775334844322e+03 9.853529710512330553e+01
8.645873781668278752e+03 1.034220349163790473e+02
8.646073788001713183e+03 1.024274844515029201e+02
8.646273794335145794e+03 1.092544916939302482e+02
8.646473800668580225e+03 1.025477708561190298e+02
8.646673807002012836e+03 1.009039132222966941e+02
8.646873813335447267e+03 1.050571778384701531e+02
8.647073819668879878e+03 9.905491917152343717e+01
8.647273826002312489e+03 1.038540727545745597e+02
8.647473832335746920e+03 9.866214489885226158e+01
8.647673838669181350e+03 9.412889060097467109e+01
8.647873845002615781e+03 9.717179405231979672e+01
8.648073851336048392e+03 9.346370649582173940e+01
8.648273857669482823e+03 1.039955976854619593e+02
8.648473864002915434e+03 9.268682987657675199e+01
8.648673870336348045e+03 9.964519197547613771e+01
8.648873876669782476e+03 1.041353799722610347e+02
8.649073883003216906e+03 1.043354318829927507e+02
8.649273889336651337e+03 1.010457346067463931e+02
8.649473895670083948e+03 9.985020067050663783e+01
8.649673902003516559e+03 9.977613337703810714e+01
8.649873908336950990e+03 9.461436018000119930e+01
8.650073914670383601e+03 9.762509399681529487e+01
8.650273921003818032e+03 9.530932566756125368e+01
8.650473927337252462e+03 9.642784405509792123e+01
8.650673933670685074e+03 1.036722708835257407e+02
8.650873940004119504e+03 1.007465947089466738e+02
8.651073946337552115e+03 9.354348519481101221e+01
8.651273952670986546e+03 9.676547158495225176e+01
8.651473959004420976e+03 1.014195555069459687e+02
8.651673965337853588e+03 1.059344102359000743e+02
8.651873971671286199e+03 1.029177362340164734e+02
8.652073978004718811e+03 1.045421808757097040e+02
8.652273984338155060e+03 1.025581801194467317e+02
8.652473990671589490e+03 1.009109813532322164e+02
8.652673997005022102e+03 1.007978610437251632e+02
8.652874003338454713e+03 9.290947380778280262e+01
8.653074009671887325e+03 9.986448350847545896e+01
8.653274016005321755e+03 1.013107550949918050e+02
8.653474022338756185e+03 9.957828286375864479e+01
8.653674028672190616e+03 9.745041159203876191e+01
8.653874035005625046e+03 1.093802575197251770e+02
8.654074041339055839e+03 1.007639430974502375e+02
8.654274047672490269e+03 1.093102472761587762e+02
8.654474054005924700e+03 9.878979622943279537e+01
8.654674060339357311e+03 9.554455470364571568e+01
8.654874066672791741e+03 1.092766816930659814e+02
8.655074073006222534e+03 9.307780704178246367e+01
8.655274079339658783e+03 8.965036822700132291e+01
8.655474085673093214e+03 1.004800718235491530e+02
8.655674092006525825e+03 1.026230725944232205e+02
8.655874098339960256e+03 9.970360652076384156e+01
8.656074104673392867e+03 9.473161429348220963e+01
8.656274111006825478e+03 1.032000063995735388e+02
8.656474117340259909e+03 9.902780201092248547e+01
8.656674123673692520e+03 9.535458086918939102e+01
8.656874130007128770e+03 9.171367766359099960e+01
8.657074136340561381e+03 9.629626850582121733e+01
8.657274142673993993e+03 9.956173588676190889e+01
8.657474149007428423e+03 9.620251611010640147e+01
8.657674155340861034e+03 9.593030592667388134e+01
8.657874161674295465e+03 9.385871365807111033e+01
8.658074168007728076e+03 9.444034020269069174e+01
8.658274174341164326e+03 9.485861379657097814e+01
8.658474180674596937e+03 9.048173656752967986e+01
8.658674187008029548e+03 9.864510479622603611e+01
8.658874193341463979e+03 9.728800950496079736e+01
8.659074199674896590e+03 9.087299763630421978e+01
8.659274206008331021e+03 9.672175965228592531e+01
8.659474212341765451e+03 9.664814110996306340e+01
8.659674218675196244e+03 9.408128639785844882e+01
8.659874225008632493e+03 8.615716542716346282e+01
8.660074231342065104e+03 8.753709904450423096e+01
8.660274237675499535e+03 9.420103496241178220e+01
8.660474244008933965e+03 8.935916637492948666e+01
8.660674250342364758e+03 9.089783764528166898e+01
8.660874256675799188e+03 8.864580297429830580e+01
8.661074263009231800e+03 7.412530336207075266e+01
8.661274269342666230e+03 6.703948940093974329e+01
8.661474275676102479e+03 7.226824636453642370e+01
8.661674282009535091e+03 6.811049358827023070e+01
8.661874288342967702e+03 5.784351579257185705e+01
8.662074294676400314e+03 4.895042850046660732e+01
8.662274301009834744e+03 3.088242846766787153e+01
8.662474307343269174e+03 3.458629663427566925e+01
8.662674313676701786e+03 4.326888668548571104e+01
8.662874320010134397e+03 4.927345892085022427e+01
8.663074326343568828e+03 5.182373964356447260e+01
8.663274332677003258e+03 6.317513226167523044e+01
8.663474339010437689e+03 7.502071777265200581e+01
8.663674345343870300e+03 7.391155830521992698e+01
8.663874351677304730e+03 8.238829668647386484e+01
8.664074358010735523e+03 8.356483683582220579e+01
8.664274364344169953e+03 8.959550573258860595e+01
8.664474370677606203e+03 8.969840983073873986e+01
8.664674377011038814e+03 8.866011211524683233e+01
8.664874383344473245e+03 9.156573532120775383e+01
8.665074389677905856e+03 9.233760308334736067e+01
8.665274396011338467e+03 9.122742693127528923e+01
8.665474402344772898e+03 9.547960762667416645e+01
8.665674408678205509e+03 9.254088199274031012e+01
8.665874415011639940e+03 8.560350781997594538e+01
8.666074421345074370e+03 1.038750144930665158e+02
8.666274427678506981e+03 9.055425631112683504e+01
8.666474434011941412e+03 9.841923400746372863e+01
8.666674440345374023e+03 9.656878058608641879e+01
8.666874446678808454e+03 9.661721326882886274e+01
8.667074453012241065e+03 9.216293640016640154e+01
8.667274459345675496e+03 9.430757192517530996e+01
8.667474465679108107e+03 1.002626671345611697e+02
8.667674472012542537e+03 9.084101201669319892e+01
8.667874478345976968e+03 9.110009589678108455e+01
8.668074484679409579e+03 9.627370349297638086e+01
8.668274491012844010e+03 9.787263481077577865e+01
8.668474497346276621e+03 9.594173055154139718e+01
8.668674503679709233e+03 9.491717766258712174e+01
8.668874510013143663e+03 1.060943995473416663e+02
8.669074516346578093e+03 9.907152656468569774e+01
8.669274522680012524e+03 1.010077246533856083e+02
8.669474529013446954e+03 9.976814291686596903e+01
8.669674535346877747e+03 1.016296113026924388e+02
8.669874541680312177e+03 1.022485684640049186e+02
8.670074548013744788e+03 9.638996007691812906e+01
8.670274554347179219e+03 9.859500576417529771e+01
8.670474560680613649e+03 9.903405648745297185e+01
8.670674567014048080e+03 9.566880199433475696e+01
8.670874573347480691e+03 1.021602420460691434e+02
8.671074579680913303e+03 1.047822153563910774e+02
8.671274586014347733e+03 9.719742895149791195e+01
8.671474592347782163e+03 9.670227556540552882e+01
8.671674598681214775e+03 9.875468584554010931e+01
8.671874605014647386e+03 9.722052088180984697e+01
8.672074611348079998e+03 1.017482255132914872e+02
8.672274617681516247e+03 9.620752168028657536e+01
8.672474624014950678e+03 9.961262382119083725e+01
8.672674630348383289e+03 1.014793466049051744e+02
8.672874636681817719e+03 9.148216712565177033e+01
8.673074643015248512e+03 9.652079840621075846e+01
8.673274649348682942e+03 1.014817619000202171e+02
8.673474655682117373e+03 9.308876608485509507e+01
8.673674662015551803e+03 1.019523618178166657e+02
8.673874668348986233e+03 1.035623177697447943e+02
8.674074674682417026e+03 9.746456174334628031e+01
8.674274681015851456e+03 9.892696554547838161e+01
8.674474687349285887e+03 9.607337652345971435e+01
8.674674693682718498e+03 9.485016168524460056e+01
8.674874700016152929e+03 9.089874287490312099e+01
8.675074706349585540e+03 8.235191056871008186e+01
8.675274712683019970e+03 8.757615392644113683e+01
8.675474719016454401e+03 8.885688337660336344e+01
8.675674725349887012e+03 9.230071972650260648e+01
8.675874731683321443e+03 9.138139592045432380e+01
8.676074738016754054e+03 8.994637524310071797e+01
8.676274744350188485e+03 9.560836400250371980e+01
8.676474750683621096e+03 1.018379700102225343e+02
8.676674757017053707e+03 1.024112342371976325e+02
8.676874763350489957e+03 1.001090071790913072e+02
8.677074769683922568e+03 9.747955031484211474e+01
8.677274776017356999e+03 1.007959579104220182e+02
8.677474782350789610e+03 1.020257651524157581e+02
8.677674788684222221e+03 1.017047807133713206e+02
8.677874795017656652e+03 9.639417849258056492e+01
8.678074801351089263e+03 1.016160269776829495e+02
8.678274807684525513e+03 9.953346116673684207e+01
8.678474814017959943e+03 1.030831371562570951e+02
8.678674820351390736e+03 9.456022767409712060e+01
8.678874826684825166e+03 1.020039133958173636e+02
8.679074833018257777e+03 1.004008021314959223e+02
8.679274839351692208e+03 9.154940936547222918e+01
8.679474845685126638e+03 9.840958473242298510e+01
8.679674852018557431e+03 9.572796609107534493e+01
8.679874858351993680e+03 1.006315558735518181e+02
8.680074864685426292e+03 9.818711491969624205e+01
8.680274871018860722e+03 9.993731654053139835e+01
8.680474877352295152e+03 1.009180845008833245e+02
8.680674883685727764e+03 9.694302182185748507e+01
8.680874890019160375e+03 1.066777033154919110e+02
8.681074896352592987e+03 8.943149981363221457e+01
8.681274902686027417e+03 1.019712768836049008e+02
8.681474909019463666e+03 1.027257254578471617e+02
8.681674915352896278e+03 9.748991755084408339e+01
8.681874921686330708e+03 9.630407942064675808e+01
8.682074928019761501e+03 1.102347559192121338e+02
8.682274934353195931e+03 1.053882536687599725e+02
8.682474940686630362e+03 1.021107142428227661e+02
8.682674947020062973e+03 9.710461163759771352e+01
8.682874953353497403e+03 9.551225926629881258e+01
8.683074959686930015e+03 9.716468193765564365e+01
8.683274966020364445e+03 9.568441761183979111e+01
8.683474972353798876e+03 8.883141973564957539e+01
8.683674978687231487e+03 9.620413081724451843e+01
8.683874985020665918e+03 9.806360801329880417e+01
8.684074991354098529e+03 9.757657894917068120e+01
8.684274997687531140e+03 9.923778735016480823e+01
8.684475004020967390e+03 1.018311863692834152e+02
8.684675010354400001e+03 9.781097513371797447e+01
8.684875016687834432e+03 1.037543013827804117e+02
8.685075023021267043e+03 9.884304734245509394e+01
8.685275029354699655e+03 1.044917004737708339e+02
8.685475035688134085e+03 9.684531840703256478e+01
8.685675042021566696e+03 9.581349953377119277e+01
8.685875048355001127e+03 1.045274866258438919e+02
8.686075054688435557e+03 9.586857364534505166e+01
8.686275061021869988e+03 9.704639181135235049e+01
8.686475067355302599e+03 9.358096437878802476e+01
8.686675073688735210e+03 1.020795520072461073e+02
8.686875080022169641e+03 9.723808175572388279e+01
8.687075086355602252e+03 1.039784595092911559e+02
8.687275092689036683e+03 1.008258140118614818e+02
8.687475099022471113e+03 1.004004261912654954e+02
8.687675105355903725e+03 1.006345022033144687e+02
8.687875111689338155e+03 9.997269663024943043e+01
8.688075118022770766e+03 8.980882865664912629e+01
8.688275124356205197e+03 8.755018185434816758e+01
8.688475130689639627e+03 7.803687212573666443e+01
8.688675137023070420e+03 7.395956770786045809e+01
8.688875143356504850e+03 6.888949739068048927e+01
8.689075149689939281e+03 7.480652472117154161e+01
8.689275156023373711e+03 8.398552096973855896e+01
8.689475162356808141e+03 1.012842291499289331e+02
8.689675168690240753e+03 9.084745801673015819e+01
8.689875175023673364e+03 9.513933597743665871e+01
8.690075181357105976e+03 9.985732345668175469e+01
8.690275187690540406e+03 1.033374030415967297e+02
8.690475194023974836e+03 1.109025332349180815e+02
8.690675200357409267e+03 1.038843430813910516e+02
8.690875206690841878e+03 1.034949449327845770e+02
8.691075213024274490e+03 1.031812099840142736e+02
8.691275219357708920e+03 9.279974936550195252e+01
8.691475225691143351e+03 1.053347784860450531e+02
8.691675232024575962e+03 1.038706310006069344e+02
8.691875238358010392e+03 1.047580168987553577e+02
8.692075244691441185e+03 9.671777074585502021e+01
8.692275251024877434e+03 9.346924506554985612e+01
8.692475257358311865e+03 9.502905220374726980e+01
8.692675263691744476e+03 1.065241187994337793e+02
8.692875270025178907e+03 9.979538360550357368e+01
8.693075276358611518e+03 1.031581231806091523e+02
8.693275282692044129e+03 1.068120357106558913e+02
8.693475289025478560e+03 1.097662251682769607e+02
8.693675295358912990e+03 1.007130171956616920e+02
8.693875301692347421e+03 9.499393628352532915e+01
8.694075308025780032e+03 1.065604900885445403e+02
8.694275314359212643e+03 1.006357866640543648e+02
8.694475320692647074e+03 1.035561324105781864e+02
8.694675327026079685e+03 9.652080726224383511e+01
8.694875333359514116e+03 9.223656734238470278e+01
8.695075339692946727e+03 9.761330965287145034e+01
8.695275346026382977e+03 1.001642787794032614e+02
8.695475352359815588e+03 9.614916172936531780e+01
8.695675358693248199e+03 9.968085100334008075e+01
8.695875365026682630e+03 9.919291920894728776e+01
8.696075371360115241e+03 9.403544575664457739e+01
8.696275377693549672e+03 1.060409856740914734e+02
8.696475384026982283e+03 1.021100906511751276e+02
8.696675390360414895e+03 1.013947835661397647e+02
8.696875396693851144e+03 1.083457386501927431e+02
8.697075403027283755e+03 9.647251507890428002e+01
8.697275409360718186e+03 1.033211657595296771e+02
8.697475415694152616e+03 1.018266953142802720e+02
8.697675422027583409e+03 9.454626886031778099e+01
8.697875428361017839e+03 1.010682182027047844e+02
8.698075434694450450e+03 9.846516853560942195e+01
8.698275441027886700e+03 9.829622734966066844e+01
8.698475447361321130e+03 9.973587144597631493e+01
8.698675453694753742e+03 1.043094946616236882e+02
8.698875460028186353e+03 9.961547128002017359e+01
8.699075466361618965e+03 1.032315800631931495e+02
8.699275472695053395e+03 1.037564848198844345e+02
8.699475479028487825e+03 9.803034317461053604e+01
8.699675485361920437e+03 9.135959385273316968e+01
8.699875491695354867e+03 9.616905299422334963e+01
8.700075498028787479e+03 1.015303066693589216e+02
8.700275504362221909e+03 9.609187506824264347e+01
8.700475510695656340e+03 1.018021088565891858e+02
8.700675517029088951e+03 1.004295783741454500e+02
8.700875523362523381e+03 1.018411264859198582e+02
8.701075529695954174e+03 8.910726681140219796e+01
8.701275536029388604e+03 9.965302765063017887e+01
8.701475542362824854e+03 9.919204356475550810e+01
8.701675548696257465e+03 9.777157926131013710e+01
8.701875555029691895e+03 1.053149015141838163e+02
8.702075561363122688e+03 9.942307634313462472e+01
8.702275567696557118e+03 9.461903162695924152e+01
8.702475574029991549e+03 9.495613717261730358e+01
8.702675580363424160e+03 1.040407977462862590e+02
8.702875586696860410e+03 9.049524328367903081e+01
8.703075593030293021e+03 1.011770588533027819e+02
8.703275599363725632e+03 1.025895314756353116e+02
8.703475605697160063e+03 1.016002369948086255e+02
8.703675612030592674e+03 1.005961129991491134e+02
8.703875618364027105e+03 9.476944019138396413e+01
8.704075624697459716e+03 1.022240053297980182e+02
8.704275631030892328e+03 9.690979067932728697e+01
8.704475637364328577e+03 9.741376828155668477e+01
8.704675643697761188e+03 9.584076914391569346e+01
8.704875650031195619e+03 9.633273219280619060e+01
8.705075656364628230e+03 1.019064076953369806e+02
8.705275662698062661e+03 9.868487948850133762e+01
8.705475669031495272e+03 1.035511323360919675e+02
8.705675675364927883e+03 1.090602763151427581e+02
8.705875681698362314e+03 9.987202287405663981e+01
8.706075688031796744e+03 1.036762392054163797e+02
8.706275694365231175e+03 1.007932222134967759e+02
8.706475700698665605e+03 9.416541482661479279e+01
8.706675707032096398e+03 1.028784114043457976e+02
8.706875713365530828e+03 1.002012907209527697e+02
8.707075719698963439e+03 9.230196822216981900e+01
8.707275726032397870e+03 9.725187032661837350e+01
8.707475732365832300e+03 9.676150344634459088e+01
8.707675738699264912e+03 1.045365829346335715e+02
8.707875745032699342e+03 1.035858135926237082e+02
8.708075751366131954e+03 9.779518657560922179e+01
8.708275757699566384e+03 1.002216616402960767e+02
8.708475764033000814e+03 1.023994419587979792e+02
8.708675770366433426e+03 9.938274038175268288e+01
8.708875776699866037e+03 1.040900372481600016e+02
8.709075783033300468e+03 9.923989797511191568e+01
8.709275789366734898e+03 9.740492706743467011e+01
8.709475795700169328e+03 9.391110960039415545e+01
8.709675802033601940e+03 1.042920427679875672e+02
8.709875808367034551e+03 1.002280322226531126e+02
8.710075814700467163e+03 8.961217654658260301e+01
8.710275821033901593e+03 1.056809578644982253e+02
8.710475827367336024e+03 9.018376142445815447e+01
8.710675833700770454e+03 9.170647521753950571e+01
8.710875840034204884e+03 9.797152385500847060e+01
8.711075846367635677e+03 9.810189349487359323e+01
8.711275852701070107e+03 1.072438177721822967e+02
8.711475859034504538e+03 1.011985481416753316e+02
8.711675865367937149e+03 9.420750230105630862e+01
8.711875871701371580e+03 1.018824267563484085e+02
8.712075878034804191e+03 9.867708150591516869e+01
8.712275884368238621e+03 9.555674923190363756e+01
8.712475890701673052e+03 9.757694839530508091e+01
8.712675897035105663e+03 1.094959120284145229e+02
8.712875903368540094e+03 9.701214621161726370e+01
8.713075909701972705e+03 9.023000380387004782e+01
8.713275916035405317e+03 9.809920373320643705e+01
8.713475922368839747e+03 9.555369838854520026e+01
8.713675928702274177e+03 9.266884260084745506e+01
8.713875935035708608e+03 9.857427369964365482e+01
8.714075941369141219e+03 9.818887672338502171e+01
8.714275947702575650e+03 9.934051569773637880e+01
8.714475954036008261e+03 1.002971683911062826e+02
8.714675960369440872e+03 9.899102234394869981e+01
8.714875966702875303e+03 1.056234878448406675e+02
8.715075973036307914e+03 1.005861049774252081e+02
8.715275979369744164e+03 1.008845617127485212e+02
8.715475985703176775e+03 9.446024731932682528e+01
8.715675992036609387e+03 9.771830383560870814e+01
8.715875998370043817e+03 1.059161131554376709e+02
8.716076004703476428e+03 9.727240986327132077e+01
8.716276011036910859e+03 1.029620875472072470e+02
8.716476017370345289e+03 9.499615761935352509e+01
8.716676023703776082e+03 9.854312836097656714e+01
8.716876030037212331e+03 1.014857537525121955e+02
8.717076036370644943e+03 1.016420022316104479e+02
8.717276042704079373e+03 9.694158630045097880e+01
8.717476049037513803e+03 1.008858205270196891e+02
8.717676055370946415e+03 9.961541134785549900e+01
8.717876061704379026e+03 1.008645736673819471e+02
8.718076068037811638e+03 1.015811046002224032e+02
8.718276074371247887e+03 9.877281149525656190e+01
8.718476080704682317e+03 1.010792445578275505e+02
8.718676087038114929e+03 9.887465086497321920e+01
8.718876093371547540e+03 1.009012158089209095e+02
8.719076099704980152e+03 9.157912953864176586e+01
8.719276106038414582e+03 9.753053189926254163e+01
8.719476112371849013e+03 1.065356585033775616e+02
8.719676118705281624e+03 1.029854560028396691e+02
8.719876125038717873e+03 9.645664680875779595e+01
8.720076131372148666e+03 1.000234556613234815e+02
8.720276137705583096e+03 1.017369721602570536e+02
8.720476144039017527e+03 1.057492059812802694e+02
8.720676150372450138e+03 9.991289429284258006e+01
8.720876156705884569e+03 9.721068563486831238e+01
8.721076163039315361e+03 1.056056015724206105e+02
8.721276169372749791e+03 9.931838887369949020e+01
8.721476175706186041e+03 9.617118869767988087e+01
8.721676182039618652e+03 9.492843325623167061e+01
8.721876188373053083e+03 9.802572980789960866e+01
8.722076194706485694e+03 1.000767757799540476e+02
8.722276201039918305e+03 9.631421273029283725e+01
8.722476207373352736e+03 9.906311895846131677e+01
8.722676213706785347e+03 1.033213176612822082e+02
8.722876220040221597e+03 1.031806803490208608e+02
8.723076226373654208e+03 1.017729220580896481e+02
8.723276232707088639e+03 1.036605161802561952e+02
8.723476239040521250e+03 1.027213245607237013e+02
8.723676245373953861e+03 1.020979665624589785e+02
8.723876251707388292e+03 1.048633605062957486e+02
8.724076258040820903e+03 1.038608560110990169e+02
8.724276264374255334e+03 9.776870959308033093e+01
8.724476270707689764e+03 1.022498966174107977e+02
8.724676277041122376e+03 1.036517149146747272e+02
8.724876283374556806e+03 1.021843072845353646e+02
8.725076289707989417e+03 1.014781836166974784e+02
8.725276296041423848e+03 9.388704986195824631e+01
8.725476302374858278e+03 9.604509949076543762e+01
8.725676308708289071e+03 1.035746291575901381e+02
8.725876315041723501e+03 9.810371339630872001e+01
8.726076321375157931e+03 1.064621670829111793e+02
8.726276327708592362e+03 1.063307287842395539e+02
8.726476334042026792e+03 1.086158551051749868e+02
8.726676340375457585e+03 1.006057243480875769e+02
8.726876346708892015e+03 9.821819956367495763e+01
8.727076353042324627e+03 1.012942871898323318e+02
8.727276359375759057e+03 1.015528565388827928e+02
8.727476365709193487e+03 1.046795717951806211e+02
8.727676372042627918e+03 9.581232180171508617e+01
8.727876378376060529e+03 1.115770253420429867e+02
8.728076384709493141e+03 1.002131794698663754e+02
8.728276391042927571e+03 9.452693264478475044e+01
8.728476397376362002e+03 9.454449582292478738e+01
8.728676403709794613e+03 9.687140401914312804e+01
8.728876410043229043e+03 9.903498462742632569e+01
8.729076416376661655e+03 9.361078299300054084e+01
8.729276422710096085e+03 9.676134793489129038e+01
8.729476429043530516e+03 9.113329846627658526e+01
8.729676435376963127e+03 9.746526529633530345e+01
8.729876441710397557e+03 9.468204275466472097e+01
8.730076448043828350e+03 9.612531178930426279e+01
8.730276454377262780e+03 9.600740096579995964e+01
