8.478445475818320119e+03 1.019926797466032156e+02
8.478645439155015993e+03 1.003411797492553461e+02
8.478845402491708228e+03 9.873996375905321088e+01
8.479045365828404101e+03 9.900590892896357786e+01
8.479245329165096337e+03 9.768540855381264976e+01
8.479445292501790391e+03 1.000172378573448100e+02
8.479645255838484445e+03 9.332202488957912578e+01
8.479845219175178499e+03 9.855611915272682211e+01
8.480045182511872554e+03 9.496816999860146780e+01
8.480245145848566608e+03 9.184858743126012826e+01
8.480445109185258843e+03 8.981063058614992656e+01
8.480645072521952898e+03 9.086755636336340558e+01
8.480845035858646952e+03 9.217097194985217357e+01
8.481044999195341006e+03 9.653329276270513049e+01
8.481244962532035061e+03 9.623139201914503360e+01
8.481444925868729115e+03 1.003872293899458299e+02
8.481644889205423169e+03 9.774026365324067456e+01
8.481844852542115405e+03 9.632349639132412733e+01
8.482044815878811278e+03 9.927315433433552982e+01
8.482244779215503513e+03 1.009748992743101610e+02
8.482444742552199386e+03 9.629175528723727950e+01
8.482644705888893441e+03 9.904273445155604350e+01
8.482844669225583857e+03 1.047806111273062299e+02
8.483044632562279730e+03 9.947341156300880982e+01
8.483244595898971966e+03 1.020178940219896617e+02
8.483444559235667839e+03 1.016246943222930099e+02
8.483644522572361893e+03 9.992747477389070809e+01
8.483844485909054129e+03 9.924870313484842654e+01
8.484044449245748183e+03 9.897069592648914238e+01
8.484244412582442237e+03 1.008658279838450085e+02
8.484444375919136291e+03 9.654239287411644455e+01
8.484644339255830346e+03 9.913640740308582622e+01
8.484844302592524400e+03 9.949490667202039162e+01
8.485044265929216635e+03 9.949258387504895040e+01
8.485244229265910690e+03 9.774609766706194591e+01
8.485444192602604744e+03 1.000159168099058604e+02
8.485644155939300617e+03 9.812588455982863422e+01
8.485844119275992853e+03 9.901877772098279706e+01
8.486044082612688726e+03 9.985572385894468539e+01
8.486244045949379142e+03 9.937878694101222266e+01
8.486444009286075016e+03 1.050632176222880929e+02
8.486643972622769070e+03 1.001537068008951081e+02
8.486843935959461305e+03 9.913881162663126645e+01
8.487043899296157178e+03 1.022557753275061003e+02
8.487243862632847595e+03 9.904656626055698609e+01
8.487443825969543468e+03 1.007435452281523851e+02
8.487643789306237522e+03 1.027327765160845701e+02
8.487843752642931577e+03 9.838005836482643929e+01
8.488043715979625631e+03 1.025286985031169849e+02
8.488243679316319685e+03 1.000077969786822223e+02
8.488443642653011921e+03 1.017179687132278616e+02
8.488643605989707794e+03 1.028407170515518771e+02
8.488843569326400029e+03 1.018375223737369168e+02
8.489043532663094084e+03 9.763933734461245706e+01
8.489243495999788138e+03 9.931515609918608334e+01
8.489443459336482192e+03 1.015484423719861553e+02
8.489643422673176246e+03 9.808930662234784847e+01
8.489843386009868482e+03 9.629605857785966805e+01
8.490043349346564355e+03 9.852306972051174228e+01
8.490243312683256590e+03 9.557550027322849928e+01
8.490443276019952464e+03 9.715275212641532221e+01
8.490643239356644699e+03 9.876245313671748249e+01
8.490843202693336934e+03 9.630439474745277550e+01
8.491043166030032808e+03 9.872221828754499029e+01
8.491243129366725043e+03 9.725053621535724346e+01
8.491443092703420916e+03 9.679215130643680709e+01
8.491643056040114971e+03 9.918622410727900274e+01
8.491843019376807206e+03 1.010636091904102187e+02
8.492042982713501260e+03 9.790683954511339948e+01
8.492242946050195314e+03 9.512243874215653250e+01
8.492442909386889369e+03 9.984402849845351113e+01
8.492642872723585242e+03 9.390870756011989329e+01
8.492842836060277477e+03 9.680912351617641320e+01
8.493042799396969713e+03 9.223161923512920168e+01
8.493242762733663767e+03 9.929087458179628811e+01
8.493442726070357821e+03 9.656680962411142843e+01
8.493642689407053695e+03 9.607327275196952598e+01
8.493842652743745930e+03 9.360072677383217865e+01
8.494042616080439984e+03 8.982107226585932835e+01
8.494242579417132220e+03 9.163127329199220128e+01
8.494442542753828093e+03 8.452333743070755645e+01
8.494642506090522147e+03 8.564901322975859443e+01
8.494842469427216201e+03 8.055210988636139291e+01
8.495042432763910256e+03 8.089482058732622249e+01
8.495242396100600672e+03 6.956227219882416080e+01
8.495442359437296545e+03 6.413980426915018995e+01
8.495642322773990600e+03 6.328466463550287813e+01
8.495842286110684654e+03 5.760800292885586060e+01
8.496042249447378708e+03 5.177571723090311906e+01
8.496242212784072763e+03 4.629268934779309319e+01
8.496442176120764998e+03 4.091819353044493823e+01
8.496642139457460871e+03 4.200688011455644499e+01
8.496842102794153107e+03 5.146037719821679701e+01
8.497042066130847161e+03 5.996839666105864808e+01
8.497242029467541215e+03 6.447485781661518445e+01
8.497441992804235269e+03 6.728848144048478730e+01
8.497641956140929324e+03 8.015317594885507901e+01
8.497841919477621559e+03 8.642802743899522966e+01
8.498041882814317432e+03 8.226464605998535262e+01
8.498241846151009668e+03 8.926866691429478351e+01
8.498441809487705541e+03 9.426020014198597607e+01
8.498641772824397776e+03 9.341482124798935160e+01
8.498841736161091831e+03 8.890798232579552973e+01
8.499041699497785885e+03 9.643282963649110684e+01
8.499241662834478120e+03 9.242356029660425065e+01
8.499441626171173993e+03 1.004041375671885561e+02
8.499641589507868048e+03 9.276660753437596441e+01
8.499841552844560283e+03 9.163935245922711204e+01
8.500041516181254337e+03 9.616218414527192238e+01
8.500241479517948392e+03 8.790616192905699222e+01
8.500441442854642446e+03 9.266432158648908057e+01
8.500641406191338319e+03 9.376084812608533525e+01
8.500841369528030555e+03 9.422766921166484622e+01
8.501041332864724609e+03 9.634776220400728164e+01
8.501241296201416844e+03 9.801242544057943462e+01
8.501441259538110899e+03 9.197994571092056049e+01
8.501641222874806772e+03 9.496106256153498748e+01
8.501841186211499007e+03 9.604182149667167323e+01
8.502041149548193061e+03 9.742520900241471793e+01
8.502241112884885297e+03 1.005827895853686726e+02
8.502441076221581170e+03 1.026134592740973659e+02
8.502641039558275224e+03 1.018012446175500116e+02
8.502841002894969279e+03 9.661137858618870666e+01
8.503040966231663333e+03 9.822943489087205649e+01
8.503240929568353749e+03 9.977248797080308407e+01
8.503440892905049623e+03 9.617133980257580106e+01
8.503640856241743677e+03 9.707188990737131462e+01
8.503840819578437731e+03 9.942480653652886247e+01
8.504040782915131786e+03 9.774801633804943890e+01
8.504240746251825840e+03 9.778387619587360291e+01
8.504440709588518075e+03 9.869795169880647734e+01
8.504640672925213948e+03 9.748790182212151478e+01
8.504840636261906184e+03 9.695965084380887333e+01
8.505040599598602057e+03 9.843489358967397607e+01
8.505240562935294292e+03 9.936615321381196964e+01
8.505440526271986528e+03 9.983495432577092288e+01
8.505640489608682401e+03 9.667981825666747397e+01
8.505840452945374636e+03 9.904793455143217784e+01
8.506040416282070510e+03 1.020700590916318191e+02
8.506240379618762745e+03 1.013098119795904921e+02
8.506440342955458618e+03 9.841734429388527872e+01
8.506640306292150854e+03 9.801395231121540519e+01
8.506840269628844908e+03 1.034741719572036374e+02
8.507040232965538962e+03 9.776172528449905030e+01
8.507240196302233016e+03 9.788112999706002881e+01
8.507440159638927071e+03 1.002949024349239551e+02
8.507640122975621125e+03 1.018384452210549682e+02
8.507840086312313360e+03 9.780781945465230365e+01
8.508040049649007415e+03 1.005417300104052600e+02
8.508240012985701469e+03 9.799956025115851332e+01
8.508439976322395523e+03 9.846855255783258087e+01
8.508639939659091397e+03 9.840948187019414206e+01
8.508839902995781813e+03 9.978193183312249914e+01
8.509039866332477686e+03 9.928514409649960726e+01
8.509239829669169922e+03 9.920203650064382828e+01
8.509439793005863976e+03 9.837757942211324291e+01
8.509639756342559849e+03 1.031209186750452460e+02
8.509839719679252084e+03 9.871138216958469513e+01
8.510039683015946139e+03 9.706967205410076360e+01
8.510239646352638374e+03 1.019995953605034060e+02
8.510439609689334247e+03 1.023487031514142984e+02
8.510639573026028302e+03 9.653077140661660849e+01
8.510839536362722356e+03 1.022593185819637540e+02
8.511039499699416410e+03 9.584017418194497395e+01
8.511239463036108646e+03 1.018027013204085733e+02
8.511439426372802700e+03 9.899091634199528755e+01
8.511639389709496754e+03 1.006992329994369442e+02
8.511839353046190809e+03 9.627727756852024754e+01
8.512039316382884863e+03 9.267508305596066975e+01
8.512239279719577098e+03 8.693071775242353283e+01
8.512439243056271152e+03 7.738498772896620892e+01
8.512639206392967026e+03 7.922567661025975383e+01
8.512839169729659261e+03 8.430615760342882936e+01
8.513039133066355134e+03 8.615354455752692786e+01
8.513239096403047370e+03 8.668357599374678557e+01
8.513439059739741424e+03 9.091389898181842000e+01
8.513639023076435478e+03 9.545607515131173670e+01
8.513838986413127714e+03 9.781763362727784283e+01
8.514038949749823587e+03 9.648948884545363569e+01
8.514238913086515822e+03 9.740879873073122042e+01
8.514438876423211696e+03 9.713956329472976847e+01
8.514638839759903931e+03 9.992322839744704766e+01
8.514838803096597985e+03 1.009706649564159164e+02
8.515038766433292039e+03 9.832389880351615830e+01
8.515238729769986094e+03 9.972865218271358856e+01
8.515438693106680148e+03 1.025615217689807963e+02
8.515638656443376021e+03 9.711488478541694747e+01
8.515838619780066438e+03 9.501232502249229128e+01
8.516038583116760492e+03 9.662839376089964105e+01
8.516238546453454546e+03 9.684680316737362205e+01
8.516438509790148601e+03 9.512121101617239560e+01
8.516638473126844474e+03 8.974936352770356507e+01
8.516838436463534890e+03 9.022329355918554938e+01
8.517038399800230764e+03 9.328629768330556260e+01
8.517238363136922999e+03 9.522273916953361095e+01
8.517438326473618872e+03 9.645830700873696628e+01
8.517638289810312926e+03 9.738414573031299426e+01
8.517838253147005162e+03 9.986659780939885422e+01
8.518038216483699216e+03 1.030731285917970155e+02
8.518238179820391451e+03 9.981481359413425025e+01
8.518438143157087325e+03 1.010846253017737695e+02
8.518638106493781379e+03 9.982798978368839471e+01
8.518838069830475433e+03 9.898966335598066735e+01
8.519038033167169488e+03 9.565107233257315045e+01
8.519237996503861723e+03 9.607770160325478059e+01
8.519437959840555777e+03 9.783840714598916577e+01
8.519637923177251650e+03 9.950246606135034710e+01
8.519837886513943886e+03 9.595863307217858562e+01
8.520037849850637940e+03 9.610716678802634760e+01
8.520237813187330175e+03 9.926087815521131574e+01
8.520437776524024230e+03 9.975872348839496340e+01
8.520637739860720103e+03 1.002922668551388341e+02
8.520837703197412338e+03 1.001276926186212677e+02
8.521037666534108212e+03 9.632023312222065670e+01
8.521237629870800447e+03 1.009841840358261322e+02
8.521437593207494501e+03 1.003895783315564074e+02
8.521637556544188556e+03 9.903990112105925903e+01
8.521837519880882610e+03 9.519521268482860421e+01
8.522037483217576664e+03 1.000598305435511008e+02
8.522237446554268899e+03 9.899205395283391340e+01
8.522437409890964773e+03 9.642059661927714842e+01
8.522637373227657008e+03 9.758099739406488027e+01
8.522837336564351062e+03 9.869812994518358096e+01
8.523037299901045117e+03 1.005260238433404965e+02
8.523237263237739171e+03 9.931600634807416839e+01
8.523437226574433225e+03 9.576233907624333597e+01
8.523637189911127280e+03 9.809543527913446326e+01
8.523837153247819515e+03 9.665859596178250968e+01
8.524037116584513569e+03 9.425644810465185230e+01
8.524237079921207624e+03 9.557175070768330727e+01
8.524437043257901678e+03 1.019884655585241973e+02
8.524637006594597551e+03 9.377774612513624675e+01
8.524836969931287967e+03 9.440894964096482056e+01
8.525036933267983841e+03 9.386736945651784936e+01
8.525236896604676076e+03 9.255396199734653351e+01
8.525436859941371949e+03 9.437020230826065870e+01
8.525636823278066004e+03 9.464928550521942441e+01
8.525836786614760058e+03 9.309393426306326091e+01
8.526036749951452293e+03 9.212901196443930019e+01
8.526236713288144529e+03 9.540518943985375699e+01
8.526436676624840402e+03 9.322322850404547978e+01
8.526636639961534456e+03 1.004016486851375305e+02
8.526836603298228511e+03 9.409146013458553170e+01
8.527036566634920746e+03 9.858275047966429838e+01
8.527236529971614800e+03 1.024112389687154518e+02
8.527436493308308854e+03 9.884171727338916469e+01
8.527636456645004728e+03 9.746062669123674027e+01
8.527836419981696963e+03 9.769351520046214432e+01
8.528036383318392836e+03 9.800825028618726265e+01
8.528236346655083253e+03 9.929497960677208823e+01
8.528436309991777307e+03 9.657905129037766301e+01
8.528636273328473180e+03 9.444177620851728250e+01
8.528836236665165416e+03 9.715100937259606440e+01
8.529036200001861289e+03 9.800159793740691327e+01
8.529236163338553524e+03 9.779973113971216492e+01
8.529436126675247579e+03 9.664022967275994347e+01
8.529636090011941633e+03 9.534142620694477444e+01
8.529836053348635687e+03 9.558125130506647338e+01
8.530036016685329741e+03 9.601282294807271001e+01
8.530235980022021977e+03 9.731469490413931567e+01
8.530435943358716031e+03 9.442616463377795810e+01
8.530635906695410085e+03 9.554834370592168113e+01
8.530835870032104140e+03 9.488288617510517042e+01
8.531035833368798194e+03 9.730256819378135447e+01
8.531235796705492248e+03 9.287996290403152955e+01
8.531435760042186303e+03 9.639766350197025702e+01
8.531635723378880357e+03 9.101743912982529139e+01
8.531835686715572592e+03 9.316273912609200636e+01
8.532035650052268466e+03 9.618233173966480365e+01
8.532235613388960701e+03 9.354134600618533568e+01
8.532435576725654755e+03 9.664971409357839605e+01
8.532635540062350628e+03 9.567546476712209369e+01
8.532835503399041045e+03 9.672980423256213101e+01
8.533035466735736918e+03 9.376785633144949372e+01
8.533235430072429153e+03 9.550413367455571745e+01
8.533435393409125027e+03 9.360944836314637030e+01
8.533635356745819081e+03 9.423078628390994993e+01
8.533835320082511316e+03 9.334419369002415579e+01
8.534035283419205371e+03 9.009894919227693322e+01
8.534235246755899425e+03 9.205637643143808191e+01
8.534435210092593479e+03 9.162906021294101322e+01
8.534635173429287534e+03 8.948214898130876804e+01
8.534835136765981588e+03 8.785102303702667825e+01
8.535035100102673823e+03 8.595753734755470532e+01
8.535235063439367877e+03 8.594114845763157007e+01
8.535435026776061932e+03 8.656588703796614936e+01
8.535634990112757805e+03 8.818401417669967657e+01
8.535834953449450040e+03 8.493496859522765874e+01
8.536034916786145914e+03 8.549431493217797140e+01
8.536234880122836330e+03 8.518736805825770375e+01
8.536434843459530384e+03 8.422615782637107884e+01
8.536634806796226258e+03 8.401236444075473742e+01
8.536834770132918493e+03 8.294347641759489420e+01
8.537034733469614366e+03 8.237712137814632740e+01
8.537234696806306602e+03 8.286057930378721892e+01
8.537434660143000656e+03 7.869604182390261826e+01
8.537634623479694710e+03 7.767113197597397800e+01
8.537834586816388764e+03 7.609764285753800550e+01
8.538034550153082819e+03 7.530214853263899499e+01
8.538234513489776873e+03 7.361093549439227957e+01
8.538434476826469108e+03 7.224131071685974348e+01
8.538634440163163163e+03 6.864660924681501797e+01
8.538834403499857217e+03 6.901067397448062479e+01
8.539034366836551271e+03 6.374757181077061574e+01
8.539234330173245326e+03 5.991132459279083378e+01
8.539434293509939380e+03 5.397189095748382215e+01
8.539634256846633434e+03 4.965937159121824607e+01
8.539834220183325669e+03 4.894020486302150630e+01
8.540034183520021543e+03 3.813336399253297060e+01
8.540234146856713778e+03 3.750682278585680507e+01
8.540434110193409651e+03 3.401118404976741516e+01
8.540634073530103706e+03 3.323599261941571115e+01
8.540834036866794122e+03 3.945626892430706079e+01
8.541034000203489995e+03 4.579046259432281119e+01
8.541233963540182231e+03 5.105186556332138537e+01
8.541433926876878104e+03 5.287062025791171038e+01
8.541633890213572158e+03 5.556659877590158203e+01
8.541833853550264394e+03 6.015222018260927683e+01
8.542033816886958448e+03 6.417618994187375847e+01
8.542233780223652502e+03 6.650402675660491525e+01
8.542433743560346556e+03 7.000653890840551696e+01
8.542633706897040611e+03 7.352047729642744400e+01
8.542833670233734665e+03 7.209620060822585685e+01
8.543033633570426900e+03 7.797654128144857566e+01
8.543233596907120955e+03 7.610331624757367308e+01
8.543433560243815009e+03 7.902709473745817093e+01
8.543633523580510882e+03 7.782570128857130953e+01
8.543833486917203118e+03 8.362669219868955395e+01
8.544033450253898991e+03 8.332699068307019274e+01
8.544233413590589407e+03 8.143693150299642980e+01
8.544433376927285281e+03 8.508067688740413814e+01
8.544633340263979335e+03 8.366635496026955821e+01
8.544833303600671570e+03 8.921238965812608512e+01
8.545033266937367443e+03 8.895456397419596328e+01
8.545233230274057860e+03 8.664642845773148849e+01
8.545433193610753733e+03 9.251482691960009674e+01
8.545633156947447787e+03 8.646523770056738556e+01
8.545833120284141842e+03 8.756965856418906924e+01
8.546033083620835896e+03 8.723611931804423136e+01
8.546233046957529950e+03 8.764685737586671621e+01
8.546433010294222186e+03 8.985373902322460538e+01
8.546632973630918059e+03 8.907105859566019035e+01
8.546832936967610294e+03 9.440157410361389623e+01
8.547032900304304349e+03 9.588712160430176823e+01
8.547232863640998403e+03 8.867114944297898660e+01
8.547432826977692457e+03 9.110756384534752783e+01
8.547632790314386511e+03 9.351807920580792199e+01
8.547832753651078747e+03 9.480158770723700457e+01
8.548032716987774620e+03 9.553598975929335779e+01
8.548232680324466855e+03 9.252028884076111126e+01
8.548432643661162729e+03 9.707656236761977198e+01
8.548632606997854964e+03 9.332144724660057022e+01
8.548832570334547199e+03 9.394532493636488368e+01
8.549032533671243073e+03 9.594097430051816389e+01
8.549232497007935308e+03 9.852773007372033476e+01
8.549432460344631181e+03 9.766084847887418618e+01
8.549632423681325236e+03 9.656632663681105555e+01
8.549832387018017471e+03 9.846263677296192895e+01
8.550032350354711525e+03 9.532319798169726255e+01
8.550232313691405579e+03 9.747684102536128137e+01
8.550432277028099634e+03 9.744932771197528609e+01
8.550632240364795507e+03 9.623667758526728733e+01
8.550832203701487742e+03 9.580003310237272274e+01
8.551032167038179978e+03 9.655282114153727946e+01
8.551232130374874032e+03 9.349017784867133685e+01
8.551432093711568086e+03 9.440118175402466250e+01
8.551632057048263960e+03 9.502578240124864806e+01
8.551832020384956195e+03 1.011542639019843506e+02
8.552031983721650249e+03 9.975274605345212819e+01
8.552231947058342485e+03 1.014706516105015055e+02
8.552431910395038358e+03 9.772184533546612784e+01
8.552631873731732412e+03 9.759658398483610142e+01
8.552831837068426466e+03 9.497730604600671711e+01
8.553031800405120521e+03 1.026998753975057639e+02
8.553231763741810937e+03 9.800856666792334693e+01
8.553431727078506810e+03 1.005215688465063408e+02
8.553631690415200865e+03 9.879765138894556742e+01
8.553831653751894919e+03 9.672279009152022411e+01
8.554031617088588973e+03 9.403346242535552335e+01
8.554231580425283028e+03 9.756432973764097483e+01
8.554431543761975263e+03 9.309294227538849498e+01
8.554631507098671136e+03 9.569027731001432358e+01
8.554831470435363372e+03 9.227527662773140094e+01
8.555031433772057426e+03 9.392560086683830889e+01
8.555231397108751480e+03 9.006064487674490238e+01
8.555431360445443715e+03 9.265532600695020449e+01
8.555631323782139589e+03 9.334423372028292931e+01
8.555831287118831824e+03 9.527683654756289400e+01
8.556031250455527697e+03 1.004312076162752163e+02
8.556231213792219933e+03 9.976492383996524893e+01
8.556431177128915806e+03 1.010110568889780325e+02
8.556631140465608041e+03 1.004398700558113404e+02
8.556831103802302096e+03 9.556937553351838233e+01
8.557031067138996150e+03 9.786436349744455754e+01
8.557231030475688385e+03 9.638112452849989609e+01
8.557430993812384258e+03 9.463220811027797197e+01
8.557630957149078313e+03 9.948068288445433893e+01
8.557830920485770548e+03 9.970929221312613322e+01
8.558030883822464602e+03 1.006863147477815090e+02
8.558230847159158657e+03 9.832666818336527115e+01
8.558430810495852711e+03 9.387886433067123448e+01
8.558630773832548584e+03 9.928505847111637195e+01
8.558830737169240820e+03 9.761591541862522092e+01
8.559030700505934874e+03 9.826688649639882556e+01
8.559230663842627109e+03 9.625894502191077606e+01
8.559430627179321164e+03 9.815004544062102809e+01
8.559630590516017037e+03 1.011861896144512656e+02
8.559830553852709272e+03 9.668006759939657968e+01
8.560030517189403326e+03 9.616077456908200816e+01
8.560230480526095562e+03 9.747652085440599024e+01
8.560430443862791435e+03 1.003816885866107924e+02
8.560630407199485489e+03 9.650433083378048593e+01
8.560830370536179544e+03 9.974437664716792540e+01
8.561030333872873598e+03 9.942481394161812602e+01
8.561230297209564014e+03 9.326496815299169896e+01
8.561430260546259888e+03 1.019831127533713726e+02
8.561630223882953942e+03 9.745730072785883635e+01
8.561830187219647996e+03 1.007869766586310618e+02
8.562030150556342051e+03 9.683113093200765320e+01
8.562230113893036105e+03 9.848728688012063515e+01
8.562430077229728340e+03 9.715129733151309210e+01
8.562630040566424213e+03 1.009833096123156793e+02
8.562830003903116449e+03 9.608474586916568683e+01
8.563029967239812322e+03 1.018514920398529142e+02
8.563229930576504557e+03 1.020821667388652401e+02
8.563429893913196793e+03 9.697117935910412712e+01
8.563629857249892666e+03 9.887354633037098495e+01
8.563829820586584901e+03 1.000692809458307408e+02
8.564029783923280775e+03 9.970800597100448215e+01
8.564229747259973010e+03 1.011807841169692637e+02
8.564429710596668883e+03 9.690403586451303397e+01
8.564629673933361119e+03 9.852291124505953235e+01
8.564829637270055173e+03 9.363029094488001647e+01
8.565029600606749227e+03 9.704936194355022394e+01
8.565229563943443281e+03 9.637633662988528727e+01
8.565429527280137336e+03 1.018898904115521731e+02
8.565629490616831390e+03 9.865419510221148869e+01
8.565829453953523625e+03 9.647278104172009705e+01
8.566029417290217680e+03 9.517921469313837690e+01
8.566229380626911734e+03 9.720103262138967182e+01
8.566429343963605788e+03 1.003278406810228347e+02
8.566629307300301662e+03 9.789153983374288259e+01
8.566829270636992078e+03 9.596026565408332942e+01
8.567029233973687951e+03 1.009106471388252544e+02
8.567229197310380187e+03 1.025259228453366092e+02
8.567429160647074241e+03 9.976746497722604090e+01
8.567629123983770114e+03 9.597392254368079989e+01
8.567829087320462349e+03 9.935465687041210003e+01
8.568029050657156404e+03 9.740696392650849589e+01
8.568229013993848639e+03 9.713504511200092395e+01
8.568428977330544512e+03 9.939062985149185181e+01
8.568628940667238567e+03 9.680691438775458835e+01
8.568828904003932621e+03 1.026550163443748005e+02
8.569028867340626675e+03 9.879205960107245232e+01
8.569228830677318911e+03 9.833365960754804291e+01
8.569428794014012965e+03 1.040445619659618899e+02
8.569628757350707019e+03 1.016398287151580178e+02
8.569828720687401074e+03 9.983773273249602198e+01
8.570028684024095128e+03 9.520731756120561329e+01
8.570228647360787363e+03 9.535843214997652240e+01
8.570428610697481417e+03 9.543764906795566105e+01
8.570628574034177291e+03 9.610680937848849226e+01
8.570828537370869526e+03 9.837699577019974129e+01
8.571028500707565399e+03 1.032252159714418696e+02
8.571228464044257635e+03 9.996770319384610559e+01
8.571428427380951689e+03 1.016584654462808714e+02
8.571628390717645743e+03 1.010259850596686420e+02
8.571828354054337979e+03 1.016586607632144990e+02
8.572028317391033852e+03 1.025707346132191162e+02
8.572228280727726087e+03 1.024295598508328879e+02
8.572428244064421961e+03 1.019307421106361744e+02
8.572628207401114196e+03 9.849866699445378515e+01
8.572828170737808250e+03 9.962289284827124902e+01
8.573028134074502304e+03 9.753025269860789592e+01
8.573228097411196359e+03 9.806536870216005752e+01
8.573428060747890413e+03 1.011917692666189765e+02
8.573628024084582648e+03 9.810972846411682724e+01
8.573827987421276703e+03 1.020700608695269125e+02
8.574027950757970757e+03 9.577382706746678309e+01
8.574227914094664811e+03 9.931455905353871572e+01
8.574427877431358866e+03 9.825796856601684226e+01
8.574627840768054739e+03 9.818726106835339351e+01
8.574827804104745155e+03 1.026732863759538361e+02
8.575027767441441028e+03 1.008514149859103526e+02
8.575227730778133264e+03 1.003430380669204141e+02
8.575427694114829137e+03 1.026948024974682312e+02
8.575627657451523191e+03 1.006275137554105896e+02
8.575827620788215427e+03 1.008438311765761881e+02
8.576027584124909481e+03 1.007194473738306186e+02
8.576227547461601716e+03 9.942186650591227703e+01
8.576427510798297590e+03 9.799511891316107892e+01
8.576627474134991644e+03 9.915087830048541662e+01
8.576827437471685698e+03 9.666246584910105355e+01
8.577027400808379753e+03 1.002359696855882163e+02
8.577227364145071988e+03 9.841442332526507641e+01
8.577427327481766042e+03 1.013237200281799772e+02
8.577627290818461915e+03 1.011042579972047974e+02
8.577827254155154151e+03 9.895546585028412778e+01
8.578027217491848205e+03 9.408999474024626863e+01
8.578227180828540440e+03 9.737572804621161993e+01
8.578427144165234495e+03 9.899166412486552247e+01
8.578627107501930368e+03 9.851085300114061738e+01
8.578827070838622603e+03 1.012626910210095161e+02
8.579027034175318477e+03 1.029863572074578570e+02
8.579226997512010712e+03 9.806280995744586448e+01
8.579426960848704766e+03 9.967107612787648918e+01
8.579626924185398821e+03 9.976200220764297910e+01
8.579826887522091056e+03 1.004224954249863799e+02
8.580026850858786929e+03 9.536188342986731925e+01
8.580226814195479164e+03 9.556966686627497154e+01
8.580426777532175038e+03 8.994795270239295348e+01
8.580626740868867273e+03 8.732783728426579728e+01
8.580826704205561327e+03 9.013916410356428344e+01
8.581026667542255382e+03 9.159657882658946448e+01
8.581226630878949436e+03 9.793273325765058246e+01
8.581426594215643490e+03 9.355349604023098209e+01
8.581626557552337545e+03 1.033252979656551958e+02
8.581826520889029780e+03 9.849026263789222924e+01
8.582026484225723834e+03 9.819171318996117748e+01
8.582226447562417889e+03 9.779468043886259920e+01
8.582426410899111943e+03 1.013628373980687627e+02
8.582626374235807816e+03 9.848749250059297822e+01
8.582826337572498232e+03 9.433160382325392845e+01
8.583026300909194106e+03 9.475906313598218844e+01
8.583226264245886341e+03 9.045998172769216694e+01
8.583426227582582214e+03 9.189018941977390398e+01
8.583626190919276269e+03 9.739206359120294110e+01
8.583826154255970323e+03 9.922451754076571717e+01
8.584026117592662558e+03 1.023430111499265820e+02
8.584226080929354794e+03 9.722340204054017931e+01
8.584426044266050667e+03 9.602182776946611398e+01
8.584626007602744721e+03 9.880328907801077776e+01
8.584825970939438776e+03 1.005992375592840347e+02
8.585025934276131011e+03 9.876034788305990730e+01
8.585225897612825065e+03 9.573647161039569653e+01
8.585425860949519119e+03 9.834021460536760628e+01
8.585625824286214993e+03 9.856342321060584766e+01
8.585825787622907228e+03 9.800151998096632155e+01
8.586025750959601282e+03 9.585877751398203372e+01
8.586225714296293518e+03 1.002242077855640616e+02
8.586425677632987572e+03 9.586749200112848257e+01
8.586625640969683445e+03 9.226941912502761056e+01
8.586825604306375681e+03 9.968090297807847833e+01
8.587025567643071554e+03 9.746551660273416928e+01
8.587225530979763789e+03 9.840330134695625475e+01
8.587425494316457844e+03 9.968101910617517092e+01
8.587625457653151898e+03 9.902845735801355431e+01
8.587825420989845952e+03 9.885703007359613537e+01
8.588025384326540006e+03 9.647615686825173498e+01
8.588225347663232242e+03 9.756525358337538023e+01
8.588425310999926296e+03 9.859742569428615866e+01
8.588625274336620350e+03 1.002429079405121968e+02
8.588825237673314405e+03 9.985691753848836072e+01
8.589025201010008459e+03 9.712589627338998355e+01
8.589225164346702513e+03 1.000550908115892952e+02
8.589425127683396568e+03 1.043465691097865715e+02
8.589625091020090622e+03 1.006650312265404494e+02
8.589825054356782857e+03 9.568888143878362484e+01
8.590025017693478731e+03 9.946685298226265104e+01
8.590224981030170966e+03 1.000250499173124581e+02
8.590424944366865020e+03 9.824735630195465319e+01
8.590624907703560893e+03 1.012236328596526533e+02
8.590824871040251310e+03 9.748852253987925565e+01
8.591024834376947183e+03 9.747085134753396574e+01
8.591224797713639418e+03 9.635767880454517353e+01
8.591424761050335292e+03 9.658464038408412478e+01
8.591624724387029346e+03 9.647556587058569733e+01
8.591824687723721581e+03 9.894112875398391793e+01
8.592024651060415636e+03 9.975480008921216779e+01
8.592224614397107871e+03 1.012723497320886992e+02
8.592424577733803744e+03 9.896352845418722666e+01
8.592624541070497799e+03 9.993704836005399272e+01
8.592824504407191853e+03 1.011026782633668830e+02
8.593024467743884088e+03 1.000989967570103261e+02
8.593224431080578142e+03 1.027732579084379978e+02
8.593424394417272197e+03 1.019424804217846514e+02
8.593624357753968070e+03 9.716710640093073437e+01
8.593824321090660305e+03 9.873871999301722724e+01
8.594024284427356179e+03 9.795311226482040468e+01
8.594224247764046595e+03 9.979183893080747225e+01
8.594424211100740649e+03 9.683303284970166658e+01
8.594624174437436523e+03 9.589720236531050546e+01
8.594824137774128758e+03 1.019637242961866548e+02
8.595024101110824631e+03 9.825333978620737696e+01
8.595224064447515048e+03 1.022286078717347806e+02
8.595424027784210921e+03 9.945274096045585566e+01
8.595623991120904975e+03 1.011831596496960231e+02
8.595823954457599029e+03 1.020620988840318546e+02
8.596023917794293084e+03 9.567310950826910698e+01
8.596223881130987138e+03 9.993220288033434429e+01
8.596423844467679373e+03 9.930479238776484863e+01
8.596623807804373428e+03 9.414092071268181883e+01
8.596823771141067482e+03 9.336088430158774543e+01
8.597023734477761536e+03 9.010813146033180487e+01
8.597223697814455591e+03 8.460455152855232086e+01
8.597423661151149645e+03 8.765521223097414349e+01
8.597623624487843699e+03 9.680785797854687758e+01
8.597823587824535934e+03 9.589529711255380562e+01
8.598023551161231808e+03 9.694193523782449518e+01
8.598223514497924043e+03 9.920301355184315639e+01
8.598423477834618097e+03 9.825555316791954397e+01
8.598623441171313971e+03 1.005730525932864055e+02
8.598823404508004387e+03 9.677249351717200909e+01
8.599023367844700260e+03 1.004897021474152723e+02
8.599223331181392496e+03 9.686123441224985697e+01
8.599423294518088369e+03 9.936456076662557280e+01
8.599623257854782423e+03 9.789471054708160125e+01
8.599823221191474659e+03 9.868644452751956919e+01
8.600023184528168713e+03 1.017618781047511760e+02
8.600223147864862767e+03 9.835471310467600858e+01
8.600423111201556821e+03 1.018637185148843542e+02
8.600623074538250876e+03 9.863537559842819746e+01
8.600823037874944930e+03 9.975675567264251242e+01
8.601023001211637165e+03 9.905274309677803046e+01
8.601222964548331220e+03 1.007247499518684322e+02
8.601422927885025274e+03 9.951562638866096222e+01
8.601622891221721147e+03 1.010861727076592445e+02
8.601822854558413383e+03 9.943991335369175033e+01
8.602022817895109256e+03 1.023778569354449104e+02
8.602222781231799672e+03 1.007535872371538943e+02
8.602422744568495546e+03 1.004015466567364712e+02
8.602622707905189600e+03 9.992570285668821839e+01
8.602822671241881835e+03 1.018440316958330527e+02
8.603022634578577708e+03 1.012562811774727436e+02
8.603222597915268125e+03 9.594010612671266358e+01
8.603422561251963998e+03 9.603879743584153061e+01
8.603622524588658052e+03 1.025701998704282971e+02
8.603822487925352107e+03 1.030885761488970616e+02
8.604022451262046161e+03 9.908272609753572624e+01
8.604222414598740215e+03 9.868353329669174911e+01
8.604422377935432451e+03 9.482021544803730251e+01
8.604622341272126505e+03 9.638294451183850242e+01
8.604822304608820559e+03 9.896819228308746119e+01
8.605022267945514614e+03 9.712525963421009578e+01
8.605222231282208668e+03 9.555309078916529586e+01
8.605422194618902722e+03 9.869332624683721633e+01
8.605622157955596776e+03 9.906538516720753762e+01
8.605822121292289012e+03 9.641670636123309635e+01
8.606022084628984885e+03 9.933361133336079263e+01
8.606222047965677120e+03 9.796516638778399511e+01
8.606422011302372994e+03 9.891289242623523137e+01
8.606621974639065229e+03 9.460339784254955475e+01
8.606821937975757464e+03 9.648746281487453302e+01
8.607021901312453338e+03 9.994186763901463166e+01
8.607221864649145573e+03 9.784002248881985508e+01
8.607421827985841446e+03 9.473722651178931642e+01
8.607621791322535501e+03 1.006278118829413302e+02
8.607821754659227736e+03 1.008289660343734369e+02
8.608021717995921790e+03 9.916634962386964958e+01
8.608221681332615844e+03 9.929944051344426725e+01
8.608421644669309899e+03 9.945431478180660179e+01
8.608621608006005772e+03 1.008010152019426755e+02
8.608821571342698007e+03 9.950552351323435119e+01
8.609021534679390243e+03 9.912813183097090075e+01
8.609221498016084297e+03 1.030217660474472012e+02
8.609421461352778351e+03 9.940477730367928189e+01
8.609621424689474225e+03 9.648464038284254229e+01
8.609821388026166460e+03 8.847750833658103886e+01
8.610021351362860514e+03 8.597944410673079574e+01
8.610221314699552750e+03 8.117009498826450908e+01
8.610421278036248623e+03 8.165737635577411879e+01
8.610621241372942677e+03 8.984950975602704659e+01
8.610821204709634912e+03 9.403613033972636970e+01
8.611021168046330786e+03 9.813973136398850272e+01
8.611221131383021202e+03 9.874524564448205410e+01
8.611421094719717075e+03 1.002685206125986213e+02
8.611621058056411130e+03 9.929597625307799547e+01
8.611821021393105184e+03 9.656667686724753707e+01
8.612020984729799238e+03 9.999885430366239802e+01
8.612220948066493293e+03 9.678510007691471628e+01
8.612420911403185528e+03 9.872980389754371799e+01
8.612620874739881401e+03 9.803427852258353425e+01
8.612820838076573636e+03 9.803693847458089294e+01
8.613020801413267691e+03 9.322702407810542979e+01
8.613220764749961745e+03 9.944850324962544619e+01
8.613420728086653980e+03 9.802962485098763068e+01
8.613620691423349854e+03 9.729912312783946504e+01
8.613820654760042089e+03 9.820968445703947225e+01
8.614020618096737962e+03 9.685283240547693140e+01
8.614220581433430198e+03 9.882094831536946344e+01
8.614420544770126071e+03 9.525604718439342378e+01
8.614620508106818306e+03 9.132008380197294173e+01
8.614820471443512361e+03 9.279767238360705051e+01
8.615020434780206415e+03 9.664880547455996407e+01
8.615220398116898650e+03 9.945323430479211879e+01
8.615420361453594523e+03 9.868526436263944390e+01
8.615620324790288578e+03 9.946182948545335023e+01
8.615820288126980813e+03 1.004342260900927073e+02
8.616020251463674867e+03 1.035664150076233341e+02
8.616220214800368922e+03 9.829904269453568588e+01
8.616420178137062976e+03 9.864832025379625691e+01
8.616620141473758849e+03 9.736609526836947737e+01
8.616820104810451085e+03 9.666574305583091586e+01
8.617020068147143320e+03 9.839884182764365050e+01
8.617220031483837374e+03 9.879323781378546698e+01
8.617419994820531429e+03 1.004628642468573787e+02
8.617619958157227302e+03 9.988006557973156418e+01
8.617819921493919537e+03 1.038106630508327157e+02
8.618019884830613591e+03 1.020240386304582785e+02
8.618219848167305827e+03 1.017696912261410205e+02
8.618419811504001700e+03 9.779331514587137519e+01
8.618619774840695754e+03 9.711865165651607867e+01
8.618819738177389809e+03 1.040021797839526414e+02
8.619019701514083863e+03 1.021030172609679312e+02
8.619219664850774279e+03 9.619299658342316661e+01
8.619419628187470153e+03 9.473194006168718317e+01
8.619619591524164207e+03 9.581866889361887729e+01
8.619819554860858261e+03 8.501189336215530545e+01
8.620019518197552316e+03 8.705666580858741099e+01
8.620219481534246370e+03 8.935211855168044792e+01
8.620419444870938605e+03 9.399866914643770599e+01
8.620619408207634478e+03 9.480733478090175481e+01
8.620819371544326714e+03 9.734701711097092414e+01
8.621019334881022587e+03 9.811312286547661188e+01
8.621219298217714822e+03 9.812453676752805620e+01
8.621419261554407058e+03 1.015493757363690719e+02
8.621619224891102931e+03 1.014440209450678481e+02
8.621819188227795166e+03 1.023611794158315860e+02
8.622019151564491040e+03 1.018238135574613210e+02
8.622219114901183275e+03 9.843439356890239367e+01
8.622419078237879148e+03 1.019610429436143306e+02
8.622619041574571384e+03 9.923829638626953908e+01
8.622819004911265438e+03 1.002529626846346389e+02
8.623018968247959492e+03 9.874844736577043136e+01
8.623218931584651727e+03 1.009467379385871055e+02
8.623418894921347601e+03 1.011808196080780675e+02
8.623618858258041655e+03 1.008126008555442752e+02
8.623818821594733890e+03 1.005420840774855975e+02
8.624018784931427945e+03 9.769709043225272183e+01
8.624218748268121999e+03 1.010635830393710677e+02
8.624418711604816053e+03 9.300249935965192094e+01
8.624618674941511927e+03 9.834628915111788672e+01
8.624818638278202343e+03 9.842619134010251969e+01
8.625018601614898216e+03 1.006187666239683409e+02
8.625218564951590452e+03 1.006889045968381140e+02
8.625418528288284506e+03 1.017195682845649003e+02
8.625618491624980379e+03 1.033916157337984885e+02
8.625818454961672614e+03 9.728376836750089751e+01
8.626018418298366669e+03 1.018385723550218529e+02
8.626218381635058904e+03 9.834790554139418362e+01
8.626418344971754777e+03 9.985539738080282746e+01
8.626618308308448832e+03 9.758121061663862861e+01
8.626818271645142886e+03 1.036131665115899523e+02
8.627018234981836940e+03 1.025569771900453446e+02
8.627218198318529176e+03 1.018973635499233126e+02
8.627418161655223230e+03 1.004417792926799393e+02
8.627618124991917284e+03 1.006322724860714857e+02
8.627818088328611339e+03 1.005712944841687744e+02
8.628018051665305393e+03 9.665029907041289903e+01
8.628218015001997628e+03 9.757528412333431334e+01
8.628417978338691682e+03 9.825990765811792471e+01
8.628617941675387556e+03 1.042803556444146693e+02
8.628817905012079791e+03 9.898264122227047324e+01
8.629017868348775664e+03 9.958191293625777973e+01
8.629217831685467900e+03 1.017350825842819404e+02
8.629417795022160135e+03 9.842497410703980165e+01
8.629617758358856008e+03 1.016495965115060613e+02
8.629817721695548244e+03 9.771235005909477422e+01
8.630017685032244117e+03 1.000864061986133606e+02
8.630217648368936352e+03 9.786984565774895373e+01
8.630417611705632225e+03 9.540341199331105315e+01
8.630617575042324461e+03 9.448957996668684700e+01
8.630817538379018515e+03 9.087966748586310928e+01
8.631017501715712569e+03 9.554149129552737918e+01
8.631217465052406624e+03 9.520387075635960628e+01
8.631417428389100678e+03 1.006024560927363325e+02
8.631617391725792913e+03 9.994976784027707595e+01
8.631817355062486968e+03 1.011911422397086824e+02
8.632017318399181022e+03 1.002134539613338831e+02
8.632217281735875076e+03 9.714596705322531989e+01
8.632417245072569131e+03 9.896923160099102290e+01
8.632617208409265004e+03 9.958320076261745157e+01
8.632817171745955420e+03 9.907113818478440237e+01
8.633017135082651293e+03 9.868109058417277879e+01
8.633217098419343529e+03 9.852009698978076813e+01
8.633417061756039402e+03 9.292048291777706481e+01
8.633617025092733456e+03 1.016280767116631694e+02
8.633816988429425692e+03 9.626750898924669286e+01
8.634016951766119746e+03 9.889256019232840345e+01
8.634216915102811981e+03 9.878067401673430936e+01
8.634416878439507855e+03 9.909279211048728087e+01
8.634616841776201909e+03 9.732474396637955749e+01
8.634816805112895963e+03 1.028471050893594878e+02
8.635016768449588199e+03 9.457177796269048997e+01
8.635216731786282253e+03 9.695135067809977159e+01
8.635416695122976307e+03 9.758610423888471530e+01
8.635616658459670361e+03 9.669192014028199367e+01
8.635816621796364416e+03 9.870465317023516150e+01
8.636016585133058470e+03 9.847886152165420981e+01
8.636216548469750705e+03 9.914786420837248215e+01
8.636416511806444760e+03 9.806436313432666907e+01
8.636616475143140633e+03 1.014028957693073636e+02
8.636816438479832868e+03 1.020723840685291464e+02
8.637016401816528742e+03 9.977862277177686678e+01
8.637216365153220977e+03 1.006996665480695867e+02
8.637416328489915031e+03 9.868368715277894410e+01
8.637616291826609086e+03 9.779532025122836103e+01
8.637816255163301321e+03 9.931605612565306274e+01
8.638016218499997194e+03 1.027066799062708355e+02
8.638216181836689429e+03 9.560098373566981422e+01
8.638416145173385303e+03 1.005631327982499243e+02
8.638616108510077538e+03 1.026124596093016521e+02
8.638816071846771592e+03 9.809713111399922525e+01
8.639016035183465647e+03 1.002614847078643123e+02
8.639215998520159701e+03 9.831807006121732684e+01
8.639415961856853755e+03 9.677988777963362566e+01
8.639615925193547810e+03 1.031104741310032722e+02
8.639815888530240045e+03 1.000800420234918988e+02
8.640015851866934099e+03 1.005839227026439033e+02
8.640215815203628154e+03 9.888878137683146008e+01
8.640415778540322208e+03 1.002717141715827580e+02
8.640615741877018081e+03 1.017103687415034869e+02
8.640815705213708497e+03 9.807322037148105665e+01
8.641015668550404371e+03 9.579184993284701477e+01
8.641215631887096606e+03 9.571531728506877812e+01
8.641415595223792479e+03 1.017415841912982302e+02
8.641615558560486534e+03 9.622514020708388216e+01
8.641815521897180588e+03 9.456016664017379014e+01
8.642015485233872823e+03 1.030039724819116174e+02
8.642215448570565059e+03 1.036169024866109112e+02
8.642415411907260932e+03 9.787869652161256795e+01
8.642615375243954986e+03 9.808785221003454069e+01
8.642815338580649041e+03 1.001117374410039673e+02
8.643015301917341276e+03 9.814325524800929657e+01
8.643215265254035330e+03 1.001716604722844295e+02
8.643415228590729384e+03 9.785088599255620068e+01
8.643615191927425258e+03 1.003600830042090735e+02
8.643815155264117493e+03 1.019253849741164544e+02
8.644015118600811547e+03 9.861057565166697714e+01
8.644215081937503783e+03 9.886313844889259883e+01
8.644415045274197837e+03 9.550177685880761658e+01
8.644615008610893710e+03 9.672447618656681811e+01
8.644814971947585946e+03 9.789291720299154065e+01
8.645014935284281819e+03 9.909733711631997721e+01
8.645214898620974054e+03 9.825792376059780509e+01
8.645414861957668109e+03 9.833318299583557121e+01
8.645614825294362163e+03 1.011036955126101446e+02
8.645814788631056217e+03 9.740476910615534223e+01
8.646014751967750271e+03 1.004948758800815938e+02
8.646214715304442507e+03 9.676286882121216593e+01
8.646414678641136561e+03 9.582570102219875707e+01
8.646614641977830615e+03 9.092008018825080740e+01
8.646814605314524670e+03 9.317452851672874203e+01
8.647014568651218724e+03 9.651265882810733387e+01
8.647214531987912778e+03 9.602227963321944060e+01
8.647414495324606833e+03 9.975164868040653232e+01
8.647614458661300887e+03 9.574103714980979873e+01
8.647814421997993122e+03 9.631673140282235579e+01
8.648014385334688995e+03 9.820922635855377791e+01
8.648214348671381231e+03 9.738172243723626309e+01
8.648414312008075285e+03 9.588709642853885384e+01
8.648614275344771158e+03 9.782260705720949545e+01
8.648814238681461575e+03 9.967420290638520441e+01
8.649014202018157448e+03 9.768171287802977076e+01
8.649214165354849683e+03 1.001769078752303272e+02
8.649414128691545557e+03 9.877342820891649922e+01
8.649614092028239611e+03 9.831348928751921790e+01
8.649814055364931846e+03 9.787128331184983665e+01
8.650014018701625901e+03 9.776112905135887843e+01
8.650213982038318136e+03 9.722104860212263588e+01
8.650413945375014009e+03 9.867127540708868594e+01
8.650613908711708063e+03 9.385787125067912484e+01
8.650813872048402118e+03 9.599210350074807252e+01
8.651013835385094353e+03 9.328026141916252811e+01
8.651213798721788407e+03 9.083151849704672998e+01
8.651413762058482462e+03 9.554965307754061143e+01
8.651613725395178335e+03 1.015014819924605263e+02
8.651813688731870570e+03 1.032735446528704273e+02
8.652013652068566444e+03 9.572310954193012833e+01
8.652213615405256860e+03 9.837742266766926491e+01
8.652413578741950914e+03 9.528557586340255625e+01
8.652613542078646788e+03 9.450488029580570526e+01
8.652813505415339023e+03 9.348298968942977183e+01
8.653013468752034896e+03 9.320855624411417750e+01
8.653213432088725312e+03 9.384814093363125664e+01
8.653413395425421186e+03 9.591979859710262701e+01
8.653613358762115240e+03 9.140811890970088882e+01
8.653813322098809294e+03 9.537212873471349894e+01
8.654013285435503349e+03 9.629844580676083865e+01
8.654213248772197403e+03 9.566804159998336843e+01
8.654413212108889638e+03 9.409154819393171465e+01
8.654613175445583693e+03 9.265383638528074073e+01
8.654813138782277747e+03 9.461510089137144064e+01
8.655013102118971801e+03 9.446335764930778112e+01
8.655213065455665856e+03 9.494364047217919733e+01
8.655413028792359910e+03 9.093078575015310605e+01
8.655612992129053964e+03 9.455035486284225499e+01
8.655812955465746199e+03 9.031788522217740933e+01
8.656012918802442073e+03 9.150190254854204852e+01
8.656212882139134308e+03 9.242120245969402959e+01
8.656412845475828362e+03 8.987008105674205183e+01
8.656612808812522417e+03 8.796716256866420736e+01
8.656812772149214652e+03 8.792752264699147702e+01
8.657012735485910525e+03 8.820432996833797290e+01
8.657212698822602761e+03 8.575570315667320642e+01
8.657412662159298634e+03 8.735561123645847204e+01
8.657612625495992688e+03 8.211641050696499633e+01
8.657812588832684924e+03 8.009034375216299395e+01
8.658012552169378978e+03 8.137414118803964413e+01
8.658212515506073032e+03 7.970623193482690283e+01
8.658412478842767086e+03 7.620202716059145587e+01
8.658612442179461141e+03 7.341319600411912916e+01
8.658812405516155195e+03 7.537631279643697724e+01
8.659012368852847430e+03 6.918148125693311101e+01
8.659212332189541485e+03 6.771723608303234698e+01
8.659412295526235539e+03 6.396123121063450867e+01
8.659612258862931412e+03 5.544417236645914215e+01
8.659812222199623648e+03 5.070592841914232451e+01
8.660012185536319521e+03 4.840468429250029914e+01
8.660212148873009937e+03 4.189771212242077070e+01
8.660412112209705811e+03 3.993324423616223839e+01
8.660612075546399865e+03 3.878758822148579810e+01
8.660812038883092100e+03 3.892423107420763984e+01
8.661012002219787973e+03 4.493772501456298585e+01
8.661211965556478390e+03 5.035671228359407792e+01
8.661411928893174263e+03 5.214054366650675831e+01
8.661611892229868317e+03 5.844319823408375925e+01
8.661811855566562372e+03 6.590157173155400017e+01
8.662011818903256426e+03 6.938679973680469004e+01
8.662211782239950480e+03 7.114889610114495611e+01
8.662411745576642716e+03 7.552605299385851367e+01
8.662611708913336770e+03 7.718745526605643192e+01
8.662811672250030824e+03 7.423209288351851853e+01
8.663011635586724879e+03 7.986380641073183995e+01
8.663211598923418933e+03 7.955424662807276093e+01
8.663411562260112987e+03 8.411397695306769151e+01
8.663611525596807041e+03 8.385940844922706106e+01
8.663811488933499277e+03 8.576879874095651246e+01
8.664011452270195150e+03 8.662764783067200369e+01
8.664211415606887385e+03 8.737424826443960058e+01
8.664411378943583259e+03 8.938788729052994597e+01
8.664611342280275494e+03 8.887317905114741734e+01
8.664811305616967729e+03 8.960207809481660490e+01
8.665011268953663603e+03 8.917416840440711212e+01
8.665211232290355838e+03 9.154601589854111410e+01
8.665411195627051711e+03 8.928925502996659702e+01
8.665611158963745766e+03 9.007097856689485127e+01
8.665811122300438001e+03 8.880436969506170897e+01
8.666011085637132055e+03 9.290477551561505720e+01
8.666211048973826109e+03 9.368429848739611998e+01
8.666411012310520164e+03 9.345352628137572992e+01
8.666610975647216037e+03 9.389436193244065976e+01
8.666810938983908272e+03 9.613663838499122960e+01
8.667010902320600508e+03 9.891332378371012624e+01
8.667210865657294562e+03 9.689313750439721673e+01
8.667410828993988616e+03 9.639669877121994546e+01
8.667610792330684490e+03 9.431674128535271961e+01
8.667810755667376725e+03 9.516338008127738135e+01
8.668010719004070779e+03 9.319545296905143061e+01
8.668210682340763015e+03 9.627510603393692179e+01
8.668410645677458888e+03 9.700579642945649539e+01
8.668610609014152942e+03 9.560375017972317835e+01
8.668810572350845177e+03 9.530462585375994422e+01
8.669010535687541051e+03 9.565675095672834516e+01
8.669210499024231467e+03 9.485422466432368083e+01
8.669410462360927340e+03 9.736610108907414940e+01
8.669610425697621395e+03 9.891728259306910331e+01
8.669810389034315449e+03 9.931363316402472208e+01
8.670010352371009503e+03 9.517460892628187707e+01
8.670210315707703558e+03 9.020636000618745243e+01
8.670410279044395793e+03 9.436986448544774930e+01
8.670610242381091666e+03 9.636001602147355527e+01
8.670810205717783901e+03 9.720430465547458709e+01
8.671010169054477956e+03 9.816404175542626831e+01
8.671210132391172010e+03 9.837241793609298668e+01
8.671410095727864245e+03 9.789147016139195046e+01
8.671610059064560119e+03 9.639060376556918186e+01
8.671810022401252354e+03 9.686012755181931766e+01
8.672009985737948227e+03 9.704445336900118946e+01
8.672209949074640463e+03 9.775354130928847951e+01
8.672409912411336336e+03 9.502672521253610682e+01
8.672609875748028571e+03 9.806891821317388747e+01
8.672809839084722626e+03 8.770568481697809204e+01
8.673009802421416680e+03 8.431195842031111454e+01
8.673209765758108915e+03 7.850762122224108452e+01
8.673409729094804788e+03 7.497788690505284137e+01
8.673609692431498843e+03 7.985376947240418133e+01
8.673809655768191078e+03 8.441890941304059481e+01
8.674009619104885132e+03 8.674348811761443301e+01
8.674209582441579187e+03 9.208249178693860415e+01
8.674409545778273241e+03 9.443492308945785396e+01
8.674609509114969114e+03 9.941976110576548820e+01
8.674809472451659531e+03 1.011476150429424337e+02
8.675009435788353585e+03 9.638919153273110396e+01
8.675209399125047639e+03 9.965315226410797322e+01
8.675409362461741694e+03 9.663103917432317758e+01
8.675609325798437567e+03 1.030994291727954391e+02
8.675809289135129802e+03 9.716212080704117682e+01
8.676009252471823856e+03 9.772632016413331257e+01
8.676209215808516092e+03 9.923095997603847707e+01
8.676409179145211965e+03 9.958571334872594605e+01
8.676609142481906019e+03 9.933714126927415577e+01
8.676809105818600074e+03 9.750596385086552687e+01
8.677009069155294128e+03 9.675256353730819114e+01
8.677209032491984544e+03 1.005460266530436400e+02
8.677408995828680418e+03 9.779965569096968636e+01
8.677608959165374472e+03 9.612990106927220779e+01
8.677808922502068526e+03 9.597985936382245598e+01
8.678008885838762581e+03 9.483073439559879603e+01
8.678208849175456635e+03 9.359939756874315719e+01
8.678408812512148870e+03 9.340759152511007812e+01
8.678608775848844743e+03 9.315512773210525665e+01
8.678808739185536979e+03 9.406033353997551671e+01
8.679008702522232852e+03 9.360854348873048991e+01
8.679208665858925087e+03 9.333750876948123221e+01
8.679408629195617323e+03 9.383531586653741385e+01
8.679608592532313196e+03 1.004302121451827503e+02
8.679808555869005431e+03 9.679509390258859014e+01
8.680008519205701305e+03 1.000649075201461358e+02
8.680208482542393540e+03 9.910174498312026969e+01
8.680408445879089413e+03 9.944226334118883415e+01
8.680608409215781649e+03 9.464508789720079562e+01
8.680808372552475703e+03 9.724598650218848661e+01
8.681008335889169757e+03 9.327124323343882395e+01
8.681208299225861992e+03 9.064848290425702260e+01
8.681408262562557866e+03 9.180494293021341434e+01
8.681608225899251920e+03 8.756054906605427846e+01
8.681808189235944155e+03 9.543561501136107950e+01
8.682008152572638210e+03 9.340532216905324958e+01
8.682208115909332264e+03 9.930928937539040646e+01
8.682408079246026318e+03 9.807663675820124638e+01
8.682608042582722192e+03 9.932970121163457122e+01
8.682808005919412608e+03 9.738706413886245628e+01
8.683007969256108481e+03 9.933829736964311508e+01
8.683207932592800717e+03 9.819586457569236870e+01
8.683407895929494771e+03 1.034815517019292201e+02
8.683607859266190644e+03 1.017910632902439687e+02
8.683807822602882879e+03 9.931437926814162154e+01
8.684007785939576934e+03 1.000596061931600929e+02
8.684207749276269169e+03 1.015693775537103534e+02
8.684407712612965042e+03 9.714538135103897787e+01
8.684607675949659097e+03 9.450144451782188071e+01
8.684807639286353151e+03 9.761696616102729251e+01
8.685007602623047205e+03 9.912586165364288604e+01
8.685207565959739441e+03 9.900544016676889214e+01
8.685407529296433495e+03 9.703101781743173149e+01
8.685607492633127549e+03 9.514471899949397482e+01
8.685807455969821604e+03 9.732755323547780790e+01
8.686007419306515658e+03 9.589277309606818278e+01
8.686207382643207893e+03 9.005079347968701597e+01
8.686407345979901947e+03 8.115070585122767000e+01
8.686607309316597821e+03 7.704096546114632815e+01
8.686807272653290056e+03 6.212159634337788816e+01
8.687007235989985929e+03 6.217877358183826431e+01
8.687207199326678165e+03 6.856510883802054934e+01
8.687407162663370400e+03 7.700115238194953804e+01
8.687607126000066273e+03 8.380454923993299587e+01
8.687807089336758509e+03 9.010970770925477780e+01
8.688007052673454382e+03 9.257094012465709909e+01
8.688207016010146617e+03 9.551742050826105412e+01
8.688406979346842490e+03 9.794648011802161136e+01
8.688606942683534726e+03 9.734930142081459792e+01
8.688806906020228780e+03 1.019154426279453958e+02
8.689006869356922834e+03 1.003030791566753805e+02
8.689206832693616889e+03 1.015206033657208451e+02
8.689406796030310943e+03 9.965075106860459186e+01
8.689606759367003178e+03 9.789205730292698604e+01
8.689806722703697233e+03 9.725692322048843153e+01
8.690006686040391287e+03 1.009463772443553324e+02
8.690206649377085341e+03 9.915440914032389230e+01
8.690406612713779396e+03 9.693521680407614838e+01
8.690606576050475269e+03 1.023473444706656466e+02
8.690806539387165685e+03 9.806969093392088155e+01
8.691006502723861558e+03 9.815331408678747493e+01
8.691206466060553794e+03 9.726897774661571816e+01
8.691406429397249667e+03 9.554053613420543911e+01
8.691606392733943721e+03 9.976471368383433003e+01
8.691806356070635957e+03 1.005627908044813950e+02
8.692006319407330011e+03 9.908459931732782877e+01
8.692206282744022246e+03 1.034272605986110989e+02
8.692406246080718120e+03 1.006229139832744437e+02
8.692606209417412174e+03 9.785143856096217974e+01
8.692806172754106228e+03 9.917950783425624195e+01
8.693006136090798464e+03 9.701926330603176041e+01
8.693206099427492518e+03 1.010501068804010742e+02
8.693406062764186572e+03 9.825844438982916529e+01
8.693606026100880626e+03 9.937350284735595096e+01
8.693805989437574681e+03 1.013348030246805109e+02
8.694005952774268735e+03 1.015908044752414412e+02
8.694205916110960970e+03 1.018856263458114171e+02
8.694405879447655025e+03 1.004611750001311066e+02
8.694605842784350898e+03 9.987700804815034417e+01
8.694805806121043133e+03 9.667796898410101392e+01
8.695005769457739007e+03 9.928252204436047634e+01
8.695205732794431242e+03 1.054889995898620469e+02
8.695405696131125296e+03 9.785859740024596931e+01
8.695605659467819351e+03 9.874268980654244388e+01
8.695805622804511586e+03 9.732149906607777723e+01
8.696005586141207459e+03 9.963997306742426474e+01
8.696205549477899694e+03 9.790030598151167851e+01
8.696405512814593749e+03 1.001247333707318319e+02
8.696605476151287803e+03 1.000338175256235047e+02
8.696805439487981857e+03 9.924535108333007827e+01
8.697005402824675912e+03 9.779217444272464377e+01
8.697205366161369966e+03 9.651487122961491139e+01
8.697405329498064020e+03 9.187044109661019320e+01
8.697605292834758075e+03 8.837446384570685609e+01
8.697805256171450310e+03 9.199107895913496691e+01
8.698005219508144364e+03 9.082201026799809540e+01
8.698205182844838419e+03 9.515221057802367000e+01
8.698405146181532473e+03 1.001176659043690904e+02
8.698605109518228346e+03 9.990242731559077072e+01
8.698805072854918762e+03 9.590916963631059389e+01
8.699005036191614636e+03 9.773543284795100305e+01
8.699204999528306871e+03 9.746001993006541397e+01
8.699404962865002744e+03 9.638765231769920661e+01
8.699604926201696799e+03 9.656009833016652522e+01
8.699804889538389034e+03 9.641919708038682302e+01
8.700004852875083088e+03 9.263827502284095772e+01
8.700204816211775324e+03 1.000152118999407662e+02
8.700404779548471197e+03 9.941166069822538987e+01
8.700604742885165251e+03 9.560546410904406400e+01
8.700804706221859306e+03 9.830405529295545364e+01
8.701004669558551541e+03 9.683255519030728919e+01
8.701204632895245595e+03 9.916315299672800165e+01
8.701404596231939649e+03 1.005921540297845098e+02
8.701604559568635523e+03 9.693187826730175516e+01
8.701804522905327758e+03 9.764068658173137294e+01
8.702004486242021812e+03 1.005817185510177154e+02
8.702204449578714048e+03 9.941758561167300456e+01
8.702404412915408102e+03 1.023593143900955482e+02
8.702604376252103975e+03 1.003222143735897589e+02
8.702804339588796211e+03 9.714088276672143252e+01
8.703004302925492084e+03 1.025683738876444124e+02
8.703204266262184319e+03 1.004144611320862452e+02
8.703404229598878374e+03 1.015576643223105862e+02
8.703604192935572428e+03 1.004155777609207973e+02
8.703804156272266482e+03 9.787760727948669626e+01
8.704004119608960536e+03 9.896336944598388641e+01
8.704204082945652772e+03 9.728404854601896545e+01
8.704404046282346826e+03 9.853641260443868077e+01
8.704604009619040880e+03 9.838505537026559011e+01
8.704803972955734935e+03 9.861558116935620433e+01
8.705003936292428989e+03 1.017960001299785660e+02
8.705203899629123043e+03 9.724129170124857069e+01
8.705403862965817098e+03 1.008234715062867792e+02
8.705603826302511152e+03 9.748710271974614727e+01
8.705803789639203387e+03 9.538102722756296714e+01
8.706003752975897442e+03 9.492949071139673833e+01
8.706203716312591496e+03 9.827326170287730633e+01
8.706403679649285550e+03 9.482858804887457893e+01
8.706603642985981423e+03 9.593486855199716956e+01
8.706803606322671840e+03 1.008401453054276828e+02
8.707003569659367713e+03 9.585988046452200706e+01
8.707203532996059948e+03 1.011791382408950710e+02
8.707403496332755822e+03 9.852895071300524421e+01
8.707603459669449876e+03 9.882312446580431242e+01
8.707803423006142111e+03 9.773191772931569687e+01
8.708003386342836166e+03 9.858473574417746477e+01
8.708203349679528401e+03 9.660970643203361874e+01
8.708403313016224274e+03 9.253689681103988107e+01
8.708603276352918328e+03 8.459625804877362043e+01
8.708803239689612383e+03 8.580708001598694068e+01
8.709003203026304618e+03 8.809344971753336040e+01
8.709203166362998672e+03 9.070960816532517867e+01
8.709403129699692727e+03 9.258304455215346707e+01
8.709603093036388600e+03 9.498164149097736697e+01
8.709803056373080835e+03 1.002705868978958819e+02
8.710003019709776709e+03 9.839365385590994606e+01
8.710202983046467125e+03 1.008872486756700937e+02
8.710402946383161179e+03 9.929521557114506436e+01
8.710602909719857053e+03 9.599377370132206977e+01
8.710802873056549288e+03 9.836825917900200977e+01
8.711002836393245161e+03 9.582423998283439914e+01
8.711202799729935577e+03 8.675402064982141326e+01
8.711402763066631451e+03 8.566932573185694366e+01
8.711602726403325505e+03 8.479744268869887946e+01
8.711802689740019559e+03 8.773291835948866435e+01
8.712002653076713614e+03 9.203601901173924205e+01
8.712202616413405849e+03 9.763572542661871978e+01
8.712402579750099903e+03 9.652500623174371697e+01
8.712602543086793958e+03 1.022376399305637449e+02
8.712802506423488012e+03 9.948771189572734386e+01
8.713002469760182066e+03 1.002333951431113945e+02
8.713202433096876121e+03 1.007803826078438050e+02
8.713402396433570175e+03 9.552069529370533019e+01
8.713602359770264229e+03 1.013164319201788430e+02
8.713802323106956464e+03 9.878110589573840628e+01
8.714002286443652338e+03 9.700915197237046073e+01
8.714202249780344573e+03 1.011057784283082697e+02
8.714402213117038627e+03 9.927461875879969000e+01
8.714602176453732682e+03 1.035532399588921777e+02
8.714802139790424917e+03 9.712831192558324744e+01
8.715002103127120790e+03 1.015833159933105208e+02
8.715202066463813026e+03 1.009810818552040814e+02
8.715402029800508899e+03 9.766961907648303054e+01
8.715601993137202953e+03 9.883426717620758950e+01
8.715801956473895189e+03 8.988149727795791932e+01
8.716001919810589243e+03 9.316740573137920478e+01
8.716201883147283297e+03 8.861822810413339369e+01
8.716401846483977351e+03 9.062657732805902810e+01
8.716601809820671406e+03 9.349067730624250316e+01
8.716801773157365460e+03 9.778731113167042110e+01
8.717001736494057695e+03 1.000214951260587242e+02
8.717201699830751750e+03 9.875526101698532955e+01
8.717401663167445804e+03 9.847809510591449111e+01
8.717601626504141677e+03 9.790163796883805958e+01
8.717801589840833913e+03 9.538410463415097240e+01
8.718001553177527967e+03 9.931440711651578113e+01
8.718201516514220202e+03 1.004215736048121101e+02
8.718401479850914257e+03 9.833838605481781769e+01
8.718601443187610130e+03 9.985127913999630778e+01
8.718801406524302365e+03 9.479696566716505401e+01
8.719001369860998238e+03 1.029922186098474555e+02
8.719201333197688655e+03 1.003732182551302685e+02
8.719401296534384528e+03 9.907980864034580293e+01
8.719601259871078582e+03 9.908745711582031390e+01
8.719801223207772637e+03 1.007372519442405121e+02
8.720001186544466691e+03 1.026672575775503731e+02
8.720201149881160745e+03 9.778370934766627443e+01
8.720401113217852981e+03 1.005914540995302531e+02
8.720601076554547035e+03 1.016402872548444378e+02
8.720801039891241089e+03 1.025865629395398742e+02
8.721001003227935144e+03 9.840133249535244886e+01
8.721200966564629198e+03 1.011501291743726085e+02
8.721400929901323252e+03 9.857705516114756961e+01
8.721600893238017306e+03 1.008443605324095813e+02
8.721800856574709542e+03 1.038952976338642173e+02
8.722000819911405415e+03 9.952356482414992911e+01
8.722200783248097650e+03 1.020912323789582388e+02
8.722400746584793524e+03 9.795277215029969398e+01
8.722600709921485759e+03 1.015546927142506775e+02
8.722800673258177994e+03 9.751443720174020768e+01
8.723000636594873868e+03 1.005249227739714115e+02
8.723200599931566103e+03 1.001118803006425821e+02
8.723400563268261976e+03 9.659150140722722711e+01
8.723600526604956030e+03 9.613854796181385609e+01
8.723800489941648266e+03 1.006867148817894559e+02
8.724000453278342320e+03 9.564129826793814004e+01
8.724200416615036374e+03 1.001212566036630136e+02
8.724400379951730429e+03 1.017291110646895760e+02
8.724600343288424483e+03 1.000268765361895333e+02
8.724800306625118537e+03 9.604637479231713826e+01
8.725000269961810773e+03 9.962318682792752611e+01
8.725200233298504827e+03 9.916886918545723972e+01
8.725400196635198881e+03 1.008410819339294306e+02
8.725600159971894755e+03 1.000693361567555542e+02
8.725800123308586990e+03 9.496722402859022338e+01
8.726000086645281044e+03 9.637806701753532934e+01
8.726200049981973280e+03 9.666896811872993567e+01
8.726400013318669153e+03 9.363602415099467180e+01
8.726599976655363207e+03 9.313041354695762664e+01
8.726799939992055442e+03 9.923508034712826031e+01
8.726999903328751316e+03 9.653568823795794174e+01
8.727199866665441732e+03 9.525579509456142091e+01
8.727399830002137605e+03 9.718107781057409511e+01
8.727599793338831660e+03 1.003427419153520788e+02
8.727799756675525714e+03 1.046737143966449679e+02
8.727999720012219768e+03 1.005035761924365403e+02
8.728199683348913823e+03 1.014086982007919744e+02
8.728399646685606058e+03 1.001565862010588859e+02
