8.478615046428638379e+03 1.011011835037714093e+02
8.478815013764640753e+03 1.006888428533566469e+02
8.479014981100639488e+03 9.803887068380744552e+01
8.479214948436641862e+03 9.836967896597269601e+01
8.479414915772640597e+03 1.003796935583743561e+02
8.479614883108641152e+03 9.795202259567763292e+01
8.479814850444643525e+03 9.601564973337248432e+01
8.480014817780642261e+03 9.501593172329469894e+01
8.480214785116642815e+03 9.737608923059173094e+01
8.480414752452643370e+03 9.341238805464882944e+01
8.480614719788645743e+03 8.571403675652150866e+01
8.480814687124648117e+03 9.046799802310552252e+01
8.481014654460646852e+03 9.253899757929353598e+01
8.481214621796647407e+03 9.298258467349062073e+01
8.481414589132647961e+03 9.861115933388275323e+01
8.481614556468648516e+03 9.900131630305776298e+01
8.481814523804650889e+03 9.771186246312032608e+01
8.482014491140649625e+03 9.274987855389038316e+01
8.482214458476650179e+03 9.949405600780048076e+01
8.482414425812650734e+03 1.016572731074230518e+02
8.482614393148651288e+03 9.878769810836193699e+01
8.482814360484653662e+03 9.708844745351836991e+01
8.483014327820652397e+03 9.953156309592118589e+01
8.483214295156654771e+03 1.031515102209114900e+02
8.483414262492655325e+03 9.552139474842813627e+01
8.483614229828655880e+03 1.022210485139874550e+02
8.483814197164656434e+03 9.417988507576119162e+01
8.484014164500656989e+03 9.998696815686200523e+01
8.484214131836657543e+03 1.006289660711145615e+02
8.484414099172658098e+03 9.935822412509914159e+01
8.484614066508658652e+03 9.993823593427423191e+01
8.484814033844659207e+03 9.620551286736871077e+01
8.485014001180659761e+03 9.883332062600452161e+01
8.485213968516660316e+03 1.015117100454613137e+02
8.485413935852660870e+03 9.835037402549946250e+01
8.485613903188663244e+03 9.799301865727581173e+01
8.485813870524663798e+03 1.005707690029012440e+02
8.486013837860664353e+03 9.717017923940784385e+01
8.486213805196664907e+03 9.486957451842810940e+01
8.486413772532663643e+03 9.897396975392398133e+01
8.486613739868666016e+03 1.011055913520882967e+02
8.486813707204666571e+03 9.427904118216994789e+01
8.487013674540667125e+03 9.798586410886117903e+01
8.487213641876667680e+03 9.660289654149340777e+01
8.487413609212666415e+03 1.006134711178240480e+02
8.487613576548668789e+03 1.008319819409187090e+02
8.487813543884669343e+03 9.819004946070508311e+01
8.488013511220669898e+03 9.751226120565380029e+01
8.488213478556672271e+03 1.009423101663636260e+02
8.488413445892671007e+03 9.959602768165132147e+01
8.488613413228673380e+03 9.967101755385817796e+01
8.488813380564673935e+03 1.007160772254269858e+02
8.489013347900674489e+03 1.008533715369603954e+02
8.489213315236675044e+03 9.658213518016722787e+01
8.489413282572673779e+03 9.914443136386380218e+01
8.489613249908676153e+03 9.543763455539331630e+01
8.489813217244676707e+03 9.979861848619204068e+01
8.490013184580675443e+03 9.741589962902644118e+01
8.490213151916677816e+03 9.762952108200387613e+01
8.490413119252676552e+03 9.605194142108847188e+01
8.490613086588678925e+03 9.886515889972895366e+01
8.490813053924681299e+03 9.797937117110299710e+01
8.491013021260680034e+03 9.520886392000548426e+01
8.491212988596682408e+03 1.021887770590283111e+02
8.491412955932681143e+03 9.924505443462709309e+01
8.491612923268683517e+03 9.784791237679135634e+01
8.491812890604684071e+03 1.007200107759028782e+02
8.492012857940682807e+03 1.001267613660926088e+02
8.492212825276685180e+03 9.725322196590072110e+01
8.492412792612683916e+03 9.685506763701698674e+01
8.492612759948684470e+03 9.531653186532761879e+01
8.492812727284686844e+03 9.477208462106061404e+01
8.493012694620685579e+03 9.618444776895574932e+01
8.493212661956689772e+03 9.487181711706712406e+01
8.493412629292688507e+03 9.600351799053083823e+01
8.493612596628689062e+03 9.764265176275571889e+01
8.493812563964691435e+03 9.151391041293418027e+01
8.494012531300690171e+03 9.242630977928227765e+01
8.494212498636692544e+03 9.111778982095495394e+01
8.494412465972691280e+03 9.047228021941020870e+01
8.494612433308691834e+03 8.801347191751516164e+01
8.494812400644694208e+03 8.495454537010809304e+01
8.495012367980692943e+03 7.850514798549352236e+01
8.495212335316695317e+03 7.604059042737053176e+01
8.495412302652694052e+03 7.326642725052344929e+01
8.495612269988694607e+03 7.134554343155018330e+01
8.495812237324698799e+03 6.045912666369838462e+01
8.496012204660697535e+03 5.825729448536769439e+01
8.496212171996698089e+03 4.844428594891999751e+01
8.496412139332698644e+03 4.580131589443117690e+01
8.496612106668699198e+03 4.285960997197597777e+01
8.496812074004701572e+03 4.453617488149261305e+01
8.497012041340700307e+03 4.973005851178731263e+01
8.497212008676700862e+03 6.384338164630561607e+01
8.497411976012701416e+03 6.765092996114917412e+01
8.497611943348701971e+03 7.308874848958015491e+01
8.497811910684704344e+03 7.818692430443148567e+01
8.498011878020703080e+03 7.827505203990952509e+01
8.498211845356705453e+03 8.878754707826969650e+01
8.498411812692706008e+03 8.860858779508113514e+01
8.498611780028706562e+03 8.994592658321693079e+01
8.498811747364707117e+03 9.083975771949764066e+01
8.499011714700707671e+03 9.367199477267016050e+01
8.499211682036708225e+03 9.233427358312287936e+01
8.499411649372708780e+03 9.487641571544351393e+01
8.499611616708709334e+03 9.381234514738508778e+01
8.499811584044709889e+03 9.508250059743049576e+01
8.500011551380710443e+03 8.951186291995512079e+01
8.500211518716710998e+03 9.443171973073303604e+01
8.500411486052711552e+03 9.278235809053569483e+01
8.500611453388712107e+03 9.262065763208853753e+01
8.500811420724714480e+03 9.039132441416533936e+01
8.501011388060715035e+03 9.158447460097605131e+01
8.501211355396715589e+03 9.332380242758627276e+01
8.501411322732716144e+03 9.888793073248015730e+01
8.501611290068716698e+03 9.571400258369104108e+01
8.501811257404717253e+03 9.748011415875529906e+01
8.502011224740717807e+03 1.003776869172971686e+02
8.502211192076718362e+03 9.898689652475312073e+01
8.502411159412717097e+03 9.676465878059183012e+01
8.502611126748719471e+03 9.583884670018363749e+01
8.502811094084720025e+03 9.966491508864639570e+01
8.503011061420720580e+03 9.779409924930395448e+01
8.503211028756722953e+03 1.000272285271812649e+02
8.503410996092721689e+03 9.818249919574748219e+01
8.503610963428724062e+03 9.867565413508067707e+01
8.503810930764724617e+03 1.025041584241478319e+02
8.504010898100725171e+03 9.708047070679818091e+01
8.504210865436725726e+03 9.799049219421434032e+01
8.504410832772724461e+03 9.864182927000572931e+01
8.504610800108726835e+03 9.812488719128455728e+01
8.504810767444727389e+03 9.702198136397079509e+01
8.505010734780726125e+03 9.778299361625902009e+01
8.505210702116728498e+03 9.824444589976046416e+01
8.505410669452727234e+03 1.000282469064414101e+02
8.505610636788729607e+03 9.819314087820315251e+01
8.505810604124731981e+03 9.776761248337346899e+01
8.506010571460730716e+03 9.870444970495881876e+01
8.506210538796733090e+03 9.999756328798831362e+01
8.506410506132731825e+03 9.905626862164284319e+01
8.506610473468734199e+03 9.774755018460490419e+01
8.506810440804734753e+03 9.986413055344024770e+01
8.507010408140733489e+03 1.000965871840602119e+02
8.507210375476735862e+03 9.560660965598198402e+01
8.507410342812734598e+03 1.004397437459703326e+02
8.507610310148735152e+03 9.535884480855855827e+01
8.507810277484737526e+03 1.012730728564566220e+02
8.508010244820736261e+03 9.678461838849899834e+01
8.508210212156740454e+03 1.014358293383242540e+02
8.508410179492739189e+03 1.036814285215148317e+02
8.508610146828739744e+03 9.800559924293283132e+01
8.508810114164742117e+03 1.002666823832983596e+02
8.509010081500740853e+03 9.883962861130584088e+01
8.509210048836743226e+03 9.882489274113517297e+01
8.509410016172741962e+03 1.014576900386417435e+02
8.509609983508742516e+03 1.023374608147915126e+02
8.509809950844744890e+03 9.853478960716714141e+01
8.510009918180743625e+03 9.745876358041216747e+01
8.510209885516745999e+03 1.008774943521341072e+02
8.510409852852744734e+03 1.015608704151755006e+02
8.510609820188745289e+03 9.948440867205161453e+01
8.510809787524749481e+03 9.785424752006314009e+01
8.511009754860748217e+03 1.004395825586044140e+02
8.511209722196748771e+03 1.013135167833412282e+02
8.511409689532749326e+03 9.748705991664785131e+01
8.511609656868749880e+03 9.878592282896821075e+01
8.511809624204752254e+03 9.486943845782150220e+01
8.512009591540750989e+03 9.579831812957138482e+01
8.512209558876751544e+03 9.026399982575330228e+01
8.512409526212752098e+03 8.585798774948486312e+01
8.512609493548752653e+03 7.868958123770586610e+01
8.512809460884755026e+03 8.110229196376914729e+01
8.513009428220753762e+03 8.296056133948977163e+01
8.513209395556754316e+03 8.405347712248838832e+01
8.513409362892756690e+03 8.862543699686396792e+01
8.513609330228757244e+03 9.371185787302634651e+01
8.513809297564757799e+03 8.918815061003984113e+01
8.514009264900758353e+03 9.599532015430210663e+01
8.514209232236758908e+03 9.735331045932800009e+01
8.514409199572759462e+03 9.625313976730210186e+01
8.514609166908760017e+03 1.003118956713417163e+02
8.514809134244760571e+03 9.583402169412931926e+01
8.515009101580761126e+03 1.013075400268949124e+02
8.515209068916761680e+03 9.926680680473121754e+01
8.515409036252762235e+03 9.740224936262283961e+01
8.515609003588762789e+03 1.001581036959478865e+02
8.515808970924765163e+03 9.829256661475798751e+01
8.516008938260765717e+03 9.625365689187205476e+01
8.516208905596766272e+03 9.324155290054687839e+01
8.516408872932766826e+03 9.535876018366870710e+01
8.516608840268767381e+03 9.293257758265673374e+01
8.516808807604767935e+03 9.718954815895524746e+01
8.517008774940768490e+03 8.818104274146331534e+01
8.517208742276769044e+03 9.639473147347705151e+01
8.517408709612767780e+03 9.747627205685047613e+01
8.517608676948770153e+03 9.942994804137720166e+01
8.517808644284770708e+03 9.834455732266567907e+01
8.518008611620771262e+03 9.667957741363120761e+01
8.518208578956771817e+03 9.694758224295291882e+01
8.518408546292772371e+03 1.013911795422340987e+02
8.518608513628774745e+03 1.009135802626206555e+02
8.518808480964775299e+03 1.006077457949631651e+02
8.519008448300775854e+03 9.978611998996518651e+01
8.519208415636776408e+03 1.005151438154319123e+02
8.519408382972775144e+03 9.927393851597342689e+01
8.519608350308777517e+03 1.003466527208799732e+02
8.519808317644778072e+03 9.810293593833640102e+01
8.520008284980776807e+03 9.403558046415608374e+01
8.520208252316779181e+03 9.882057457334191497e+01
8.520408219652777916e+03 9.752265520671289778e+01
8.520608186988780290e+03 9.831405688753943650e+01
8.520808154324782663e+03 9.852023314126128639e+01
8.521008121660781399e+03 1.000043065194015952e+02
8.521208088996783772e+03 9.730705906904987046e+01
8.521408056332782508e+03 1.012241987127008542e+02
8.521608023668784881e+03 9.427219531379421369e+01
8.521807991004785436e+03 9.952338038279458488e+01
8.522007958340784171e+03 1.008743767120917028e+02
8.522207925676786544e+03 9.924858832390663110e+01
8.522407893012785280e+03 9.793106825750537325e+01
8.522607860348787653e+03 9.667696310509012392e+01
8.522807827684788208e+03 9.960288452411381854e+01
8.523007795020786943e+03 1.026288586068192643e+02
8.523207762356789317e+03 9.662255430576868775e+01
8.523407729692789871e+03 9.621138798717205987e+01
8.523607697028790426e+03 9.823315746790734693e+01
8.523807664364792799e+03 9.660515147163741290e+01
8.524007631700791535e+03 1.010716861342484663e+02
8.524207599036793908e+03 9.917668198043068628e+01
8.524407566372792644e+03 9.400846053062282692e+01
8.524607533708793198e+03 9.520216355479401216e+01
8.524807501044795572e+03 9.835728764720114725e+01
8.525007468380794307e+03 9.381935367471970721e+01
8.525207435716796681e+03 9.065657341633573196e+01
8.525407403052795416e+03 9.267176387489740819e+01
8.525607370388795971e+03 9.525430090664691818e+01
8.525807337724800163e+03 9.009955559348104259e+01
8.526007305060798899e+03 9.059883239859590276e+01
8.526207272396799453e+03 9.488094061365704590e+01
8.526407239732800008e+03 9.447537144573479395e+01
8.526607207068800562e+03 9.567003733760954276e+01
8.526807174404802936e+03 9.828574545894440462e+01
8.527007141740801671e+03 9.861470170485931419e+01
8.527207109076802226e+03 9.480619884859187607e+01
8.527407076412802780e+03 1.008531888194011117e+02
8.527607043748803335e+03 9.675834374159180129e+01
8.527807011084805708e+03 9.506270134007701245e+01
8.528006978420804444e+03 9.553145269593498767e+01
8.528206945756804998e+03 9.443020256494310161e+01
8.528406913092807372e+03 9.785394903062086769e+01
8.528606880428807926e+03 9.543123653119984340e+01
8.528806847764808481e+03 9.503652104215467489e+01
8.529006815100809035e+03 9.925009990036166130e+01
8.529206782436809590e+03 9.396759572350951828e+01
8.529406749772810144e+03 9.343840826906962604e+01
8.529606717108810699e+03 9.616775696723941280e+01
8.529806684444811253e+03 9.447231406503294693e+01
8.530006651780811808e+03 9.605285661770649597e+01
8.530206619116812362e+03 9.654940597265756708e+01
8.530406586452812917e+03 9.434232329333043765e+01
8.530606553788813471e+03 9.503153878925414233e+01
8.530806521124815845e+03 1.003721633808734026e+02
8.531006488460816399e+03 9.742304910244861560e+01
8.531206455796816954e+03 9.664384117415444564e+01
8.531406423132817508e+03 9.590766030068620296e+01
8.531606390468818063e+03 9.704267781575373419e+01
8.531806357804818617e+03 9.722949835246276962e+01
8.532006325140819172e+03 9.463615634106180607e+01
8.532206292476819726e+03 9.095910838979798996e+01
8.532406259812818462e+03 9.366152314640370946e+01
8.532606227148820835e+03 9.937211432325968019e+01
8.532806194484821390e+03 9.683587476332954225e+01
8.533006161820821944e+03 9.302695532615470597e+01
8.533206129156822499e+03 9.041180175592428725e+01
8.533406096492823053e+03 9.535823586219602532e+01
8.533606063828825427e+03 9.035374787454605894e+01
8.533806031164825981e+03 9.400139305563521930e+01
8.534005998500826536e+03 8.787394150604669107e+01
8.534205965836827090e+03 9.364959032574118680e+01
8.534405933172825826e+03 9.341957955948919334e+01
8.534605900508828199e+03 9.138569615542492386e+01
8.534805867844828754e+03 8.748327545475500244e+01
8.535005835180827489e+03 8.701884324457525111e+01
8.535205802516829863e+03 9.373038952045301642e+01
8.535405769852828598e+03 8.714532364686127153e+01
8.535605737188830972e+03 8.587244342094909655e+01
8.535805704524831526e+03 8.806963665596039448e+01
8.536005671860832081e+03 8.912585588310845708e+01
8.536205639196834454e+03 8.736986521559163066e+01
8.536405606532833190e+03 8.569240580941617225e+01
8.536605573868835563e+03 8.687314142933036010e+01
8.536805541204836118e+03 8.009059543905912903e+01
8.537005508540834853e+03 8.286328389485639434e+01
8.537205475876837227e+03 8.779547468434607538e+01
8.537405443212835962e+03 7.944104818366147924e+01
8.537605410548838336e+03 7.835703275349669639e+01
8.537805377884838890e+03 8.094260575324936724e+01
8.538005345220837626e+03 7.635257245358234002e+01
8.538205312556839999e+03 7.533551675351604615e+01
8.538405279892840554e+03 7.003784769285115885e+01
8.538605247228841108e+03 6.954398916432423050e+01
8.538805214564843482e+03 6.931141732431022717e+01
8.539005181900842217e+03 6.657032356702784170e+01
8.539205149236844591e+03 6.529201853891727581e+01
8.539405116572843326e+03 6.116536000549832863e+01
8.539605083908843881e+03 5.744085833719238821e+01
8.539805051244846254e+03 5.589522008907215422e+01
8.540005018580844990e+03 4.962443833405258431e+01
8.540204985916847363e+03 4.051834134719685920e+01
8.540404953252846099e+03 3.414985044293822369e+01
8.540604920588846653e+03 3.167422331522723766e+01
8.540804887924849027e+03 3.302040282235729762e+01
8.541004855260849581e+03 3.675809924145948315e+01
8.541204822596850136e+03 4.530699514331040945e+01
8.541404789932850690e+03 4.736519028234552309e+01
8.541604757268851245e+03 4.879857846114495601e+01
8.541804724604853618e+03 5.709757701615298231e+01
8.542004691940852354e+03 6.207067094484261105e+01
8.542204659276852908e+03 6.150102254753386433e+01
8.542404626612853463e+03 6.500965268967446775e+01
8.542604593948854017e+03 6.777771847593291454e+01
8.542804561284856391e+03 7.392650537085711449e+01
8.543004528620855126e+03 7.312295485288392172e+01
8.543204495956855681e+03 7.557326466289589462e+01
8.543404463292858054e+03 7.743757917941238134e+01
8.543604430628858609e+03 8.021231953436212336e+01
8.543804397964860982e+03 8.059953422241298426e+01
8.544004365300859718e+03 8.135933032635584539e+01
8.544204332636860272e+03 8.205003229068445592e+01
8.544404299972860827e+03 8.490571666183083721e+01
8.544604267308861381e+03 8.472362064307772300e+01
8.544804234644861936e+03 8.820279558487926863e+01
8.545004201980862490e+03 8.682927266134376509e+01
8.545204169316863045e+03 8.885268851653357558e+01
8.545404136652863599e+03 8.763369977580748582e+01
8.545604103988864154e+03 9.098933708184146951e+01
8.545804071324864708e+03 8.883735387240217563e+01
8.546004038660867081e+03 9.237822972691614609e+01
8.546204005996867636e+03 8.827244098744934320e+01
8.546403973332868190e+03 9.470190710280617452e+01
8.546603940668868745e+03 9.088768450195185267e+01
8.546803908004869299e+03 9.430823046362466755e+01
8.547003875340869854e+03 9.272687672399300141e+01
8.547203842676870408e+03 9.172427152144355489e+01
8.547403810012869144e+03 8.926087145595069217e+01
8.547603777348871517e+03 9.564866607377716434e+01
8.547803744684872072e+03 9.437036108056348382e+01
8.548003712020872626e+03 9.020794203015003632e+01
8.548203679356873181e+03 9.245355030325505652e+01
8.548403646692873735e+03 9.558251739157317672e+01
8.548603614028876109e+03 9.290314029817416497e+01
8.548803581364876663e+03 9.434147131631372929e+01
8.549003548700877218e+03 9.121708880681089227e+01
8.549203516036877772e+03 9.247338768144449261e+01
8.549403483372876508e+03 9.479979317128469063e+01
8.549603450708878881e+03 9.532686088837105842e+01
8.549803418044879436e+03 9.486457342712466811e+01
8.550003385380879990e+03 9.516540508334371395e+01
8.550203352716880545e+03 9.625243308300660772e+01
8.550403320052879280e+03 9.900534350393810712e+01
8.550603287388881654e+03 9.664064341415966908e+01
8.550803254724882208e+03 9.804465653986059692e+01
8.551003222060882763e+03 9.527975157226822489e+01
8.551203189396885136e+03 9.198821901998513795e+01
8.551403156732883872e+03 9.388467659639483998e+01
8.551603124068886245e+03 9.413795529969458187e+01
8.551803091404886800e+03 9.854321570430840893e+01
8.552003058740885535e+03 9.586496963219897793e+01
8.552203026076887909e+03 9.653568954650097567e+01
8.552402993412886644e+03 1.010462304938085083e+02
8.552602960748889018e+03 9.745557889604188517e+01
8.552802928084889572e+03 9.765445582405209279e+01
8.553002895420888308e+03 9.519727801532407341e+01
8.553202862756890681e+03 9.697771763684180257e+01
8.553402830092891236e+03 9.684130280965405291e+01
8.553602797428891790e+03 1.001873940614986509e+02
8.553802764764894164e+03 9.995812975487913832e+01
8.554002732100892899e+03 9.905845524909094024e+01
8.554202699436895273e+03 9.479445299723482776e+01
8.554402666772894008e+03 9.649107958922604666e+01
8.554602634108894563e+03 9.394741033594948476e+01
8.554802601444896936e+03 9.506522424471050670e+01
8.555002568780895672e+03 9.848252302199463770e+01
8.555202536116898045e+03 9.139224431249705560e+01
8.555402503452896781e+03 8.703350391686724663e+01
8.555602470788897335e+03 9.258573238483890577e+01
8.555802438124899709e+03 9.196714975833053529e+01
8.556002405460900263e+03 9.732628830960319988e+01
8.556202372796900818e+03 9.571138932376152297e+01
8.556402340132901372e+03 9.786839092607425528e+01
8.556602307468901927e+03 9.801168352513354876e+01
8.556802274804904300e+03 9.888047084036089984e+01
8.557002242140903036e+03 9.723377408760414653e+01
8.557202209476903590e+03 9.857863599897324036e+01
8.557402176812904145e+03 9.424198310416745983e+01
8.557602144148904699e+03 9.807080849806696676e+01
8.557802111484907073e+03 9.527672255831157599e+01
8.558002078820905808e+03 9.553716941896351500e+01
8.558202046156906363e+03 9.594221418124563172e+01
8.558402013492908736e+03 9.716982238420777662e+01
8.558601980828909291e+03 9.626504265842467589e+01
8.558801948164911664e+03 9.726559353304240574e+01
8.559001915500910400e+03 9.844537583537240266e+01
8.559201882836910954e+03 1.010611814348020800e+02
8.559401850172911509e+03 9.639557077154475451e+01
8.559601817508912063e+03 9.694607222785663225e+01
8.559801784844912618e+03 1.007149285263731713e+02
8.560001752180913172e+03 1.014234306918448851e+02
8.560201719516913727e+03 9.788874082649094532e+01
8.560401686852914281e+03 1.001631364396399277e+02
8.560601654188914836e+03 1.019680998439765318e+02
8.560801621524915390e+03 1.025726333770579828e+02
8.561001588860917764e+03 9.751077306039000803e+01
8.561201556196918318e+03 9.456607044695458342e+01
8.561401523532918873e+03 1.030086955562337891e+02
8.561601490868919427e+03 9.658167665782784184e+01
8.561801458204919982e+03 9.900150605251573666e+01
8.562001425540920536e+03 9.738404401791949283e+01
8.562201392876921091e+03 9.937467588529325724e+01
8.562401360212919826e+03 9.737406190474683854e+01
8.562601327548922200e+03 9.623439564526249512e+01
8.562801294884922754e+03 9.850218801343540065e+01
8.563001262220923309e+03 9.997828490671133750e+01
8.563201229556923863e+03 1.036808293821459728e+02
8.563401196892922599e+03 9.828513882443343164e+01
8.563601164228926791e+03 9.586301356246816852e+01
8.563801131564927346e+03 1.002329570493192392e+02
8.564001098900927900e+03 1.013027387628148119e+02
8.564201066236928455e+03 9.819532428698904880e+01
8.564401033572927190e+03 9.924207178919671435e+01
8.564601000908929564e+03 9.870542470942608304e+01
8.564800968244930118e+03 9.644520958003145950e+01
8.565000935580930673e+03 9.845424889193280649e+01
8.565200902916931227e+03 9.847413864039862119e+01
8.565400870252929963e+03 9.837171888871651504e+01
8.565600837588932336e+03 1.021908158501635313e+02
8.565800804924932891e+03 9.764910598142624565e+01
8.566000772260933445e+03 1.016866086661875812e+02
8.566200739596935819e+03 9.629255574728473732e+01
8.566400706932934554e+03 9.607329958175814966e+01
8.566600674268936928e+03 9.835474268643092444e+01
8.566800641604937482e+03 9.963471479121457719e+01
8.567000608940936218e+03 9.923826776276754913e+01
8.567200576276938591e+03 9.697868870803721109e+01
8.567400543612937327e+03 1.015367159771300720e+02
8.567600510948939700e+03 1.023056241317533619e+02
8.567800478284940255e+03 9.763995226456687249e+01
8.568000445620938990e+03 9.702267301707642844e+01
8.568200412956941364e+03 9.880621436806895019e+01
8.568400380292940099e+03 9.649713308087623886e+01
8.568600347628942473e+03 9.768440207490110083e+01
8.568800314964944846e+03 9.870327796051327596e+01
8.569000282300943582e+03 1.008453190863234852e+02
8.569200249636945955e+03 9.719608455704056382e+01
8.569400216972944690e+03 1.045038016857491954e+02
8.569600184308945245e+03 9.781396391843779270e+01
8.569800151644947618e+03 1.014971507594875533e+02
8.570000118980946354e+03 9.373786330599708094e+01
8.570200086316948727e+03 9.822624098175631957e+01
8.570400053652947463e+03 9.384831520331360366e+01
8.570600020988948017e+03 9.747397465647837578e+01
8.570799988324950391e+03 9.673452232650822680e+01
8.570999955660950945e+03 9.490201396777086984e+01
8.571199922996953319e+03 9.846642041104672671e+01
8.571399890332952054e+03 9.895975032994087428e+01
8.571599857668952609e+03 1.018779943517324256e+02
8.571799825004954982e+03 1.004123774275362706e+02
8.571999792340953718e+03 9.594681641467356314e+01
8.572199759676954272e+03 9.633458017472631241e+01
8.572399727012954827e+03 9.695202778561147738e+01
8.572599694348955381e+03 9.847261616641618787e+01
8.572799661684957755e+03 1.001950600061931169e+02
8.572999629020956490e+03 9.731387659938339141e+01
8.573199596356957045e+03 9.866799750743540187e+01
8.573399563692957599e+03 1.008899902201820851e+02
8.573599531028959973e+03 9.722455789892265443e+01
8.573799498364962346e+03 1.000983770185030295e+02
8.573999465700961082e+03 1.006103030112115704e+02
8.574199433036961636e+03 1.011160008876716887e+02
8.574399400372962191e+03 9.794075666373682054e+01
8.574599367708962745e+03 9.881107715626640697e+01
8.574799335044963300e+03 9.797810409929581965e+01
8.574999302380963854e+03 9.675506379887347919e+01
8.575199269716964409e+03 1.015000707218806184e+02
8.575399237052964963e+03 1.031356922698368237e+02
8.575599204388965518e+03 9.861618917449689548e+01
8.575799171724966072e+03 9.850444349115602449e+01
8.575999139060968446e+03 9.997907462114378063e+01
8.576199106396969000e+03 9.821058419188135247e+01
8.576399073732969555e+03 9.703946966488373960e+01
8.576599041068970109e+03 1.013845542517348548e+02
8.576799008404970664e+03 9.886212704017303565e+01
8.576998975740971218e+03 9.752176897942101164e+01
8.577198943076971773e+03 9.984122567911416013e+01
8.577398910412970508e+03 1.007072174588528668e+02
8.577598877748972882e+03 9.968980324509449531e+01
8.577798845084973436e+03 1.021348613874622657e+02
8.577998812420973991e+03 9.675221722617084197e+01
8.578198779756974545e+03 9.909918616313551354e+01
8.578398747092973281e+03 9.711264596549303008e+01
8.578598714428977473e+03 1.024400403130828749e+02
8.578798681764978028e+03 9.497068518425641059e+01
8.578998649100978582e+03 9.937683252273394885e+01
8.579198616436979137e+03 9.617565909380896017e+01
8.579398583772977872e+03 9.812113548795487361e+01
8.579598551108980246e+03 1.001854411038039672e+02
8.579798518444980800e+03 9.993404582416494009e+01
8.579998485780981355e+03 9.729468987267402724e+01
8.580198453116981909e+03 9.719157987191373138e+01
8.580398420452980645e+03 9.321886055589401110e+01
8.580598387788983018e+03 8.992180843779964050e+01
8.580798355124983573e+03 8.553214147850027871e+01
8.580998322460984127e+03 8.994515458930695218e+01
8.581198289796986501e+03 9.401149958280552710e+01
8.581398257132985236e+03 9.721376478439891855e+01
8.581598224468987610e+03 9.372465819636678930e+01
8.581798191804988164e+03 9.815764204097841628e+01
8.581998159140986900e+03 9.990177800929487262e+01
8.582198126476989273e+03 1.007602624836920171e+02
8.582398093812988009e+03 9.361865229903773411e+01
8.582598061148990382e+03 9.804188301961728769e+01
8.582798028484990937e+03 1.014062006561138389e+02
8.582997995820989672e+03 9.435271346023411354e+01
8.583197963156992046e+03 9.627174840835671432e+01
8.583397930492990781e+03 9.034692775765113026e+01
8.583597897828993155e+03 9.561644775446569611e+01
8.583797865164995528e+03 9.859966429488443396e+01
8.583997832500994264e+03 9.779540120590084484e+01
8.584197799836996637e+03 9.803085286133271836e+01
8.584397767172995373e+03 1.015496416267966282e+02
8.584597734508995927e+03 9.798129160000226534e+01
8.584797701844998301e+03 1.005882840206223108e+02
8.584997669180997036e+03 1.016644070493243106e+02
8.585197636516999410e+03 9.765229986990368616e+01
8.585397603852998145e+03 1.014183937159261433e+02
8.585597571188998700e+03 1.004569220326834795e+02
8.585797538525001073e+03 1.014108335257972158e+02
8.585997505860999809e+03 9.723338856001100794e+01
8.586197473197004001e+03 9.887796152384888160e+01
8.586397440533002737e+03 9.535127739996930529e+01
8.586597407869003291e+03 9.734546894553628249e+01
8.586797375205005665e+03 9.884953488928698562e+01
8.586997342541004400e+03 9.780946456459722071e+01
8.587197309877004955e+03 9.613059730689562343e+01
8.587397277213005509e+03 9.944287854623901524e+01
8.587597244549006064e+03 1.005418292495321140e+02
8.587797211885008437e+03 9.857002122961954171e+01
8.587997179221007173e+03 9.868364878715851773e+01
8.588197146557007727e+03 9.703799432895496579e+01
8.588397113893008282e+03 9.708356388259159075e+01
8.588597081229010655e+03 9.972250598739032057e+01
8.588797048565013029e+03 9.829731749088200843e+01
8.588997015901011764e+03 1.002117086547409173e+02
8.589196983237012319e+03 9.859032657614770301e+01
8.589396950573012873e+03 9.947936062795825762e+01
8.589596917909013428e+03 1.011381120601306804e+02
8.589796885245013982e+03 1.034555495339872806e+02
8.589996852581014537e+03 9.770969344081017027e+01
8.590196819917015091e+03 1.001087636366532223e+02
8.590396787253015646e+03 9.965685420425981533e+01
8.590596754589016200e+03 9.799676588038578018e+01
8.590796721925016755e+03 9.697423743900512250e+01
8.590996689261017309e+03 9.578533915870333715e+01
8.591196656597019683e+03 9.740155187898137967e+01
8.591396623933020237e+03 9.530917785342228399e+01
8.591596591269020792e+03 9.363388731636172224e+01
8.591796558605021346e+03 9.547681962274637613e+01
8.591996525941021901e+03 9.918084350397219850e+01
8.592196493277022455e+03 9.751203613917446944e+01
8.592396460613023010e+03 1.015185353604833267e+02
8.592596427949023564e+03 9.853791923678873843e+01
8.592796395285024118e+03 9.971090761797505309e+01
8.592996362621024673e+03 9.875950545329639851e+01
8.593196329957025227e+03 9.942267249809009400e+01
8.593396297293023963e+03 9.814514914499214626e+01
8.593596264629028155e+03 1.005930073741472341e+02
8.593796231965028710e+03 1.006731056216934803e+02
8.593996199301029264e+03 9.828195192822143156e+01
8.594196166637029819e+03 1.015345606832380696e+02
8.594396133973028554e+03 9.739307498351645620e+01
8.594596101309030928e+03 9.578441872156291481e+01
8.594796068645031482e+03 9.480238329797703045e+01
8.594996035981032037e+03 9.797955167529826781e+01
8.595196003317032591e+03 9.872980423615977941e+01
8.595395970653031327e+03 1.028897960251362207e+02
8.595595937989033700e+03 9.904844221444290042e+01
8.595795905325034255e+03 9.659040438877649137e+01
8.595995872661032990e+03 9.621409431652824651e+01
8.596195839997037183e+03 1.004277536251047565e+02
8.596395807333035918e+03 1.008164625201299884e+02
8.596595774669038292e+03 9.355191095950698354e+01
8.596795742005038846e+03 9.428517168839360352e+01
8.596995709341037582e+03 9.263219385691220964e+01
8.597195676677039955e+03 8.583224533940899903e+01
8.597395644013038691e+03 8.696820098993632087e+01
8.597595611349041064e+03 8.851836570971804008e+01
8.597795578685041619e+03 9.156013651926488706e+01
8.597995546021040354e+03 9.677892369516844440e+01
8.598195513357042728e+03 9.588026246422819554e+01
8.598395480693041463e+03 1.013978403352475937e+02
8.598595448029043837e+03 1.024800031680562995e+02
8.598795415365046210e+03 9.794028395297242184e+01
8.598995382701044946e+03 9.945831198973181131e+01
8.599195350037047319e+03 9.816116371763165205e+01
8.599395317373046055e+03 9.915543532530932680e+01
8.599595284709046609e+03 9.904960217289553270e+01
8.599795252045048983e+03 9.818332575024636810e+01
8.599995219381047718e+03 1.009176397474098650e+02
8.600195186717050092e+03 9.898055255986662360e+01
8.600395154053048827e+03 9.990299057666332772e+01
8.600595121389049382e+03 9.917730412041450450e+01
8.600795088725051755e+03 1.019654743289788286e+02
8.600995056061050491e+03 9.744991873261517412e+01
8.601195023397054683e+03 1.016451066321193935e+02
8.601394990733053419e+03 1.001950174979314880e+02
8.601594958069053973e+03 9.936756210739739004e+01
8.601794925405056347e+03 1.009090031735395598e+02
8.601994892741055082e+03 1.001933983088782156e+02
8.602194860077055637e+03 1.022916778214834324e+02
8.602394827413056191e+03 1.012172750533421777e+02
8.602594794749056746e+03 9.843490116827153713e+01
8.602794762085059119e+03 1.003957886199729614e+02
8.602994729421057855e+03 9.898355345281743212e+01
8.603194696757058409e+03 1.017725294009362926e+02
8.603394664093058964e+03 9.672613562769529949e+01
8.603594631429061337e+03 9.860529627271213826e+01
8.603794598765063711e+03 9.654188082876132171e+01
8.603994566101062446e+03 9.604030530374893715e+01
8.604194533437063001e+03 9.972607797033157340e+01
8.604394500773063555e+03 1.000560697305072040e+02
8.604594468109064110e+03 9.794595529190802097e+01
8.604794435445064664e+03 9.734059663826171516e+01
8.604994402781065219e+03 9.779341091710267619e+01
8.605194370117065773e+03 9.646647280685239423e+01
8.605394337453066328e+03 9.936128969481364948e+01
8.605594304789066882e+03 9.888344358917707666e+01
8.605794272125067437e+03 9.920272878243417836e+01
8.605994239461067991e+03 1.032140887470737880e+02
8.606194206797070365e+03 9.942768728223563812e+01
8.606394174133070919e+03 9.474268448963633205e+01
8.606594141469071474e+03 9.911845403755101813e+01
8.606794108805072028e+03 9.573050061956095647e+01
8.606994076141072583e+03 9.864098800024103753e+01
8.607194043477073137e+03 9.839305738559536962e+01
8.607394010813073692e+03 9.524845684143306812e+01
8.607593978149074246e+03 1.015201389988954759e+02
8.607793945485074801e+03 9.896244410541756054e+01
8.607993912821075355e+03 1.011251312694594162e+02
8.608193880157075910e+03 9.773463590364208642e+01
8.608393847493074645e+03 1.006131205607615016e+02
8.608593814829077019e+03 9.957421428962327070e+01
8.608793782165079392e+03 9.799970679542560958e+01
8.608993749501079947e+03 9.793630005165252328e+01
8.609193716837080501e+03 9.885138928413321935e+01
8.609393684173079237e+03 9.715522579228861844e+01
8.609593651509081610e+03 9.495838338403585510e+01
8.609793618845082165e+03 9.546391133550660868e+01
8.609993586181082719e+03 8.926594993827882263e+01
8.610193553517083274e+03 8.446036757534675132e+01
8.610393520853082009e+03 8.258417324773240864e+01
8.610593488189084383e+03 8.581365379171840857e+01
8.610793455525084937e+03 9.021723927971190449e+01
8.610993422861083673e+03 9.710135268322603963e+01
8.611193390197087865e+03 9.579881810633339967e+01
8.611393357533086601e+03 9.767275246581783676e+01
8.611593324869088974e+03 1.016694974565730547e+02
8.611793292205089529e+03 1.002081864418287154e+02
8.611993259541088264e+03 9.934539427560156355e+01
8.612193226877090638e+03 9.962911920581842651e+01
8.612393194213089373e+03 9.625626095414236261e+01
8.612593161549091747e+03 9.544905704765214693e+01
8.612793128885092301e+03 1.008196411216906085e+02
8.612993096221091037e+03 1.031927871977887321e+02
8.613193063557093410e+03 9.879011158028384898e+01
8.613393030893092146e+03 9.997109257679909433e+01
8.613592998229094519e+03 9.983471543755391053e+01
8.613792965565096893e+03 1.011090718698425519e+02
8.613992932901095628e+03 9.971627398628770322e+01
8.614192900237098002e+03 1.001679583696509042e+02
8.614392867573096737e+03 9.511507449165057437e+01
8.614592834909097292e+03 9.921984811648447078e+01
8.614792802245099665e+03 9.890090158033801515e+01
8.614992769581098401e+03 9.634012972853444978e+01
8.615192736917100774e+03 9.616812235959443456e+01
8.615392704253099510e+03 9.832682013094505180e+01
8.615592671589100064e+03 9.933363973409574044e+01
8.615792638925102437e+03 1.001856972830273094e+02
8.615992606261101173e+03 1.004694738684793549e+02
8.616192573597105365e+03 1.011505877547931078e+02
8.616392540933104101e+03 9.733830059974992821e+01
8.616592508269104655e+03 9.685748662009775956e+01
8.616792475605107029e+03 9.982890936871291387e+01
8.616992442941105764e+03 9.874279248564197076e+01
8.617192410277106319e+03 9.751239735416554311e+01
8.617392377613106873e+03 9.962063244668907203e+01
8.617592344949107428e+03 9.882946158604045195e+01
8.617792312285109801e+03 1.005991512815806175e+02
8.617992279621108537e+03 1.009561809932527865e+02
8.618192246957109091e+03 1.037206615187492389e+02
8.618392214293109646e+03 9.932064547169717628e+01
8.618592181629110200e+03 1.040175882515188874e+02
8.618792148965114393e+03 9.942682006939983808e+01
8.618992116301113128e+03 9.697405005907374687e+01
8.619192083637113683e+03 1.013723763560525981e+02
8.619392050973114237e+03 9.868794564052862484e+01
8.619592018309114792e+03 9.655634887841790714e+01
8.619791985645117165e+03 9.443568184351541106e+01
8.619991952981115901e+03 8.843242114003261634e+01
8.620191920317116455e+03 8.127137978219521131e+01
8.620391887653117010e+03 8.536449290907100362e+01
8.620591854989117564e+03 9.388895076739488843e+01
8.620791822325118119e+03 9.541493985708440562e+01
8.620991789661118673e+03 1.001426499026457435e+02
8.621191756997121047e+03 9.972352792196672056e+01
8.621391724333121601e+03 1.003137195662559833e+02
8.621591691669122156e+03 9.687929386823716982e+01
8.621791659005122710e+03 1.021083282373486441e+02
8.621991626341123265e+03 9.936383413619316229e+01
8.622191593677123819e+03 1.013130678693174929e+02
8.622391561013124374e+03 1.024933956394406351e+02
8.622591528349124928e+03 9.972362388030889235e+01
8.622791495685125483e+03 1.001959524804120605e+02
8.622991463021126037e+03 9.980367956516387551e+01
8.623191430357126592e+03 1.008391500170435222e+02
8.623391397693125327e+03 9.966214284430400028e+01
8.623591365029127701e+03 1.018869518702606314e+02
8.623791332365130074e+03 1.004065008477962948e+02
8.623991299701130629e+03 9.789885964872489410e+01
8.624191267037131183e+03 1.003512557497832773e+02
8.624391234373129919e+03 1.003888847538264031e+02
8.624591201709132292e+03 9.764292234707460238e+01
8.624791169045132847e+03 9.738458109497582882e+01
8.624991136381133401e+03 1.000459355134413073e+02
8.625191103717133956e+03 9.827465499279492178e+01
8.625391071053132691e+03 1.000604459059722018e+02
8.625591038389135065e+03 1.016125623127307591e+02
8.625791005725135619e+03 9.910791175258546559e+01
8.625990973061134355e+03 9.615546276956189331e+01
8.626190940397138547e+03 1.003325347175213835e+02
8.626390907733137283e+03 9.847904904414795624e+01
8.626590875069139656e+03 9.995635524963614671e+01
8.626790842405140211e+03 9.988582362155001704e+01
8.626990809741138946e+03 9.986175118309755305e+01
8.627190777077141320e+03 1.008001325838349800e+02
8.627390744413140055e+03 9.798738995948299646e+01
8.627590711749142429e+03 1.005082786522214207e+02
8.627790679085142983e+03 9.540462607302028175e+01
8.627990646421141719e+03 1.006653424358081992e+02
8.628190613757144092e+03 9.951683168494257359e+01
8.628390581093142828e+03 1.016312526887373053e+02
8.628590548429145201e+03 1.001679677039760037e+02
8.628790515765147575e+03 9.775511604164239543e+01
8.628990483101146310e+03 1.027099452401392909e+02
8.629190450437148684e+03 1.011878804197708774e+02
8.629390417773147419e+03 9.986028627911900912e+01
8.629590385109147974e+03 9.547597886570378023e+01
8.629790352445150347e+03 9.962747924640808606e+01
8.629990319781149083e+03 9.907849328512716625e+01
8.630190287117151456e+03 9.924315855019160892e+01
8.630390254453150192e+03 9.619469632427437489e+01
8.630590221789150746e+03 9.398823632994179889e+01
8.630790189125153120e+03 9.403233665316724910e+01
8.630990156461151855e+03 9.645404480732507579e+01
8.631190123797154229e+03 9.162020384252703309e+01
8.631390091133154783e+03 9.831869882232599878e+01
8.631590058469155338e+03 9.514846722119938249e+01
8.631790025805157711e+03 9.775841420007033378e+01
8.631989993141156447e+03 9.794068029678170717e+01
8.632189960477157001e+03 9.895009455799571185e+01
8.632389927813157556e+03 9.439940339928523372e+01
8.632589895149158110e+03 1.009452882327057495e+02
8.632789862485160484e+03 9.868691725776423596e+01
8.632989829821159219e+03 9.708876544041154943e+01
8.633189797157159774e+03 9.901343893878815550e+01
8.633389764493160328e+03 1.003985213852326410e+02
8.633589731829160883e+03 9.816309452310599681e+01
8.633789699165165075e+03 9.875190267733024996e+01
8.633989666501163811e+03 9.873681519439941212e+01
8.634189633837164365e+03 9.915785605072885289e+01
8.634389601173164920e+03 9.665883411830493799e+01
8.634589568509165474e+03 9.957040833666982849e+01
8.634789535845167848e+03 9.599356238653463436e+01
8.634989503181166583e+03 9.927497635505444862e+01
8.635189470517167138e+03 9.662982600623139717e+01
8.635389437853167692e+03 9.879478150097004630e+01
8.635589405189168247e+03 9.663454043518753167e+01
8.635789372525168801e+03 9.827271955278858684e+01
8.635989339861169356e+03 9.932643793930574816e+01
8.636189307197169910e+03 9.907868107531855628e+01
8.636389274533172284e+03 9.967631263579202994e+01
8.636589241869172838e+03 1.013415389713133266e+02
8.636789209205173393e+03 1.014547477427458375e+02
8.636989176541173947e+03 9.763653843078000705e+01
8.637189143877174502e+03 1.001058987655105597e+02
8.637389111213175056e+03 9.657518958606745230e+01
8.637589078549175611e+03 9.664896064773051876e+01
8.637789045885176165e+03 1.005572855867193454e+02
8.637989013221176720e+03 9.675971646199975851e+01
8.638188980557177274e+03 9.662926147983321812e+01
8.638388947893176010e+03 9.821379347216040401e+01
8.638588915229178383e+03 9.857775169965512418e+01
8.638788882565180757e+03 9.942655273299673979e+01
8.638988849901181311e+03 9.913146703804643778e+01
8.639188817237181865e+03 9.824373299042977692e+01
8.639388784573180601e+03 1.019846885842795103e+02
8.639588751909182974e+03 9.873789534540637192e+01
8.639788719245183529e+03 9.843693153633736870e+01
8.639988686581184083e+03 9.859817406186448352e+01
8.640188653917184638e+03 1.004365600905632050e+02
8.640388621253183373e+03 9.744004073994034343e+01
8.640588588589185747e+03 9.824740668485215167e+01
8.640788555925186301e+03 9.664746621958674666e+01
8.640988523261186856e+03 9.728972323175590020e+01
8.641188490597187410e+03 9.810577305858335251e+01
8.641388457933187965e+03 9.873117872252966265e+01
8.641588425269190338e+03 9.830710594792188317e+01
8.641788392605190893e+03 9.968433245715155522e+01
8.641988359941189628e+03 1.034445912357213331e+02
8.642188327277192002e+03 9.924035140327494275e+01
8.642388294613190737e+03 9.877305668434475194e+01
8.642588261949193111e+03 1.024109191075282865e+02
8.642788229285193665e+03 9.698431676370920229e+01
8.642988196621192401e+03 9.814781564002318248e+01
8.643188163957194774e+03 9.516352258460426583e+01
8.643388131293193510e+03 9.946900436559752734e+01
8.643588098629195883e+03 9.806316748062265276e+01
8.643788065965198257e+03 9.705163649668331516e+01
8.643988033301196992e+03 9.584999781059981672e+01
8.644188000637199366e+03 9.852331888424134831e+01
8.644387967973198101e+03 9.679571950580734097e+01
8.644587935309198656e+03 1.012969897129312926e+02
8.644787902645201029e+03 9.967843951413654224e+01
8.644987869981199765e+03 9.739239766086981831e+01
8.645187837317202138e+03 9.927996392258668834e+01
8.645387804653200874e+03 1.007499252631910167e+02
8.645587771989201428e+03 9.700179030030636795e+01
8.645787739325203802e+03 9.600962550031165677e+01
8.645987706661202537e+03 9.313464079752056080e+01
8.646187673997204911e+03 9.858523459119628285e+01
8.646387641333205465e+03 9.718517808537436053e+01
8.646587608669206020e+03 9.619677537123682498e+01
8.646787576005208393e+03 9.519502550885292180e+01
8.646987543341207129e+03 9.513162358929012896e+01
8.647187510677207683e+03 9.292482548646864871e+01
8.647387478013208238e+03 9.440113520353956744e+01
8.647587445349208792e+03 9.989414553862344803e+01
8.647787412685211166e+03 9.823179700644770662e+01
8.647987380021209901e+03 9.712655338623542889e+01
8.648187347357210456e+03 1.019889064535929037e+02
8.648387314693211010e+03 1.014410055993686797e+02
8.648587282029211565e+03 9.933023736134965986e+01
8.648787249365215757e+03 1.011779454472961532e+02
8.648987216701214493e+03 9.822148095286620162e+01
8.649187184037215047e+03 9.785121022170801552e+01
8.649387151373215602e+03 9.950629626938395234e+01
8.649587118709216156e+03 9.731125810551591826e+01
8.649787086045218530e+03 9.788278798840575234e+01
8.649987053381217265e+03 1.001100747485455571e+02
8.650187020717217820e+03 9.826369660856278188e+01
8.650386988053218374e+03 9.437727085487253476e+01
8.650586955389218929e+03 9.574712785093947787e+01
8.650786922725219483e+03 9.957990655021664850e+01
8.650986890061220038e+03 9.785641754487005528e+01
8.651186857397220592e+03 9.935951743224444499e+01
8.651386824733222966e+03 9.964681217249562906e+01
8.651586792069223520e+03 9.832260059967367738e+01
8.651786759405224075e+03 9.650427074752703049e+01
8.651986726741224629e+03 1.014646561965275566e+02
8.652186694077225184e+03 9.770338472873331170e+01
8.652386661413225738e+03 9.495770276045466574e+01
8.652586628749226293e+03 9.673913308051723448e+01
8.652786596085226847e+03 9.219762338233212517e+01
8.652986563421227402e+03 9.453034493424441109e+01
8.653186530757227956e+03 9.190674406954329356e+01
8.653386498093226692e+03 9.645817959759081361e+01
8.653586465429229065e+03 9.145430559976607299e+01
8.653786432765229620e+03 9.644185823480590614e+01
8.653986400101231993e+03 9.904340531518828072e+01
8.654186367437232548e+03 9.501135725438494717e+01
8.654386334773231283e+03 9.376741458417204456e+01
8.654586302109233657e+03 9.631968300543567807e+01
8.654786269445234211e+03 9.374582910267344005e+01
8.654986236781234766e+03 9.469121215363763611e+01
8.655186204117235320e+03 9.665902926576715970e+01
8.655386171453234056e+03 9.254122660483798768e+01
8.655586138789236429e+03 9.090399927232984112e+01
8.655786106125236984e+03 8.990864328810184247e+01
8.655986073461237538e+03 9.213197780078223786e+01
8.656186040797238093e+03 9.215176423281761231e+01
8.656386008133238647e+03 9.075459859585755851e+01
8.656585975469241021e+03 9.088954704134825135e+01
8.656785942805241575e+03 8.825567017180283358e+01
8.656985910141240311e+03 8.605931838259348865e+01
8.657185877477242684e+03 8.807048834769641132e+01
8.657385844813241420e+03 8.168144269183970607e+01
8.657585812149243793e+03 8.469971509981803592e+01
8.657785779485244348e+03 8.361072288231342498e+01
8.657985746821243083e+03 7.959247629110807054e+01
8.658185714157245457e+03 7.756974334494341861e+01
8.658385681493244192e+03 8.019508941766528665e+01
8.658585648829246566e+03 7.883962539905104450e+01
8.658785616165247120e+03 7.508106415672133949e+01
8.658985583501247675e+03 7.460878106773387231e+01
8.659185550837250048e+03 6.940093976176197543e+01
8.659385518173248784e+03 6.979408101191479830e+01
8.659585485509249338e+03 6.048475128217728525e+01
8.659785452845251712e+03 5.574266015521336470e+01
8.659985420181250447e+03 4.981154113438302034e+01
8.660185387517252821e+03 4.374622978634437942e+01
8.660385354853251556e+03 4.315927565503029939e+01
8.660585322189252111e+03 3.531841060947732558e+01
8.660785289525254484e+03 3.423279391895055568e+01
8.660985256861253220e+03 4.119369881043386528e+01
8.661185224197255593e+03 4.068692086266582919e+01
8.661385191533256148e+03 5.011520964008943224e+01
8.661585158869256702e+03 5.707333639293824490e+01
8.661785126205259076e+03 6.181204622158641371e+01
8.661985093541257811e+03 6.220071111968024979e+01
8.662185060877260184e+03 6.760847398588482804e+01
8.662385028213258920e+03 7.248180453333941387e+01
8.662584995549259475e+03 7.647370855910968146e+01
8.662784962885261848e+03 7.395646769020790146e+01
8.662984930221260583e+03 8.033762328469953218e+01
8.663184897557261138e+03 7.810335646219823502e+01
8.663384864893261692e+03 8.236061260926167904e+01
8.663584832229262247e+03 8.393157955330798359e+01
8.663784799565264620e+03 8.452241863825555868e+01
8.663984766901265175e+03 9.020591997964285724e+01
8.664184734237265729e+03 9.016616113407937405e+01
8.664384701573266284e+03 8.985729787435185756e+01
8.664584668909266838e+03 8.581236411324637459e+01
8.664784636245269212e+03 9.060093389980620771e+01
8.664984603581267947e+03 8.898593975658899069e+01
8.665184570917268502e+03 8.761803624462649509e+01
8.665384538253269056e+03 9.023146242740592982e+01
8.665584505589269611e+03 8.942588498798505725e+01
8.665784472925270165e+03 8.665028056103270160e+01
8.665984440261270720e+03 9.097404474968543298e+01
8.666184407597271274e+03 9.011599359897465433e+01
8.666384374933273648e+03 8.718877287951106325e+01
8.666584342269274202e+03 9.447687807215892519e+01
8.666784309605274757e+03 9.157253192731022295e+01
8.666984276941275311e+03 9.528853155284397758e+01
8.667184244277275866e+03 9.559348506157760994e+01
8.667384211613276420e+03 9.160086534768973365e+01
8.667584178949276975e+03 9.989569248240199784e+01
8.667784146285277529e+03 9.431367543286603450e+01
8.667984113621278084e+03 9.511734516815234031e+01
8.668184080957278638e+03 9.707757008837295132e+01
8.668384048293279193e+03 9.698222446465464941e+01
8.668584015629279747e+03 9.522173631209876987e+01
8.668783982965280302e+03 9.872835866381210224e+01
8.668983950301282675e+03 9.533792145518022210e+01
8.669183917637283230e+03 9.541765599547038335e+01
8.669383884973281965e+03 9.303743413042053589e+01
8.669583852309284339e+03 9.715145117922324403e+01
8.669783819645284893e+03 9.683084266587917455e+01
8.669983786981285448e+03 9.509535474358455076e+01
8.670183754317286002e+03 9.856835818561999929e+01
8.670383721653284738e+03 9.444760892525040674e+01
8.670583688989287111e+03 9.398510949775582901e+01
8.670783656325287666e+03 9.674160806748041352e+01
8.670983623661288220e+03 9.544493874750631335e+01
8.671183590997288775e+03 9.692718734219076282e+01
8.671383558333289329e+03 9.510342824257807592e+01
8.671583525669291703e+03 9.942605703520865745e+01
8.671783493005292257e+03 1.009971376194254020e+02
8.671983460341290993e+03 9.827702534938553924e+01
8.672183427677293366e+03 1.006174083178407272e+02
8.672383395013292102e+03 9.605648135028690149e+01
8.672583362349294475e+03 9.999645900874513416e+01
8.672783329685295030e+03 9.330636823862617746e+01
8.672983297021293765e+03 9.019305801542566314e+01
8.673183264357296139e+03 8.281239283458474176e+01
8.673383231693294874e+03 7.938363597112430625e+01
8.673583199029297248e+03 7.688881371832454192e+01
8.673783166365297802e+03 7.687595919400637001e+01
8.673983133701298357e+03 8.172842610984767475e+01
8.674183101037300730e+03 8.574125503188054154e+01
8.674383068373299466e+03 9.309201078211684433e+01
8.674583035709300020e+03 9.320028321480083378e+01
8.674783003045302394e+03 9.784660277658065297e+01
8.674982970381301129e+03 9.523000041972696295e+01
8.675182937717303503e+03 9.907582461049301514e+01
8.675382905053302238e+03 9.795552369692596528e+01
8.675582872389302793e+03 9.638139137899700870e+01
8.675782839725305166e+03 1.011374302566852634e+02
8.675982807061303902e+03 1.000230853529940163e+02
8.676182774397306275e+03 1.002676661741488289e+02
8.676382741733306830e+03 9.960453785067305432e+01
8.676582709069307384e+03 9.496556151288055503e+01
8.676782676405309758e+03 9.932927557424009990e+01
8.676982643741308493e+03 9.792302642226536591e+01
8.677182611077310867e+03 9.941245100516587740e+01
8.677382578413309602e+03 1.011008488463068176e+02
8.677582545749310157e+03 9.788312474610893332e+01
8.677782513085312530e+03 9.894388247445601792e+01
8.677982480421311266e+03 9.462923950730019840e+01
8.678182447757311820e+03 9.296247352689272248e+01
8.678382415093312375e+03 9.593340809102025446e+01
8.678582382429312929e+03 9.512398466752293302e+01
8.678782349765315303e+03 9.287917853505429377e+01
8.678982317101315857e+03 9.289255490798124981e+01
8.679182284437316412e+03 9.716013022324416681e+01
8.679382251773316966e+03 9.430094641459959348e+01
8.679582219109317521e+03 9.450871743479511622e+01
8.679782186445319894e+03 1.002156092834330678e+02
8.679982153781318630e+03 9.960688355497987345e+01
8.680182121117319184e+03 9.724133894205223783e+01
8.680382088453319739e+03 9.570955074957196018e+01
8.680582055789320293e+03 1.013549212784372742e+02
8.680782023125320848e+03 9.805974741507762360e+01
8.680981990461321402e+03 9.621987448182939318e+01
8.681181957797321957e+03 9.562114803351776970e+01
8.681381925133322511e+03 8.965270782313189102e+01
8.681581892469324885e+03 8.712199787278905205e+01
8.681781859805325439e+03 9.132331921720074774e+01
8.681981827141325994e+03 9.099537325947429167e+01
8.682181794477326548e+03 9.579829901355736865e+01
8.682381761813327103e+03 9.987627809442301441e+01
8.682581729149327657e+03 9.724704347698053652e+01
8.682781696485328212e+03 9.992355968827078527e+01
8.682981663821328766e+03 9.947069683326007805e+01
8.683181631157329321e+03 9.686006589803388067e+01
8.683381598493329875e+03 9.852323362934900786e+01
8.683581565829330430e+03 1.043461276038527217e+02
8.683781533165330984e+03 1.011799055583332319e+02
8.683981500501333358e+03 9.738087149783076768e+01
8.684181467837333912e+03 1.010486112563026779e+02
8.684381435173332648e+03 9.823806770799075139e+01
8.684581402509335021e+03 9.885073590203822391e+01
8.684781369845335576e+03 9.795261180369949727e+01
8.684981337181336130e+03 9.557762598772238505e+01
8.685181304517336685e+03 9.599436731929920086e+01
8.685381271853335420e+03 9.868296130433466828e+01
8.685581239189337794e+03 9.942404900336100582e+01
8.685781206525338348e+03 9.642996142737239040e+01
8.685981173861338902e+03 9.663634612185562389e+01
8.686181141197339457e+03 9.691190073620359158e+01
8.686381108533338193e+03 9.063452857330970858e+01
8.686581075869342385e+03 8.800778506109467969e+01
8.686781043205342939e+03 7.533714317024117690e+01
8.686981010541341675e+03 6.231050709597337089e+01
8.687180977877344048e+03 6.498799277899952642e+01
8.687380945213342784e+03 6.607984747771644152e+01
8.687580912549345157e+03 7.424340089533880871e+01
8.687780879885345712e+03 8.262895518897130387e+01
8.687980847221344447e+03 9.216688995324356881e+01
8.688180814557346821e+03 9.229103657629867996e+01
8.688380781893345556e+03 9.211947741798449840e+01
8.688580749229347930e+03 9.598991280804646919e+01
8.688780716565348484e+03 9.497271328461818030e+01
8.688980683901349039e+03 9.933924753304565058e+01
8.689180651237351412e+03 9.753498810831624155e+01
8.689380618573350148e+03 1.033055409617288092e+02
8.689580585909352521e+03 1.045421378953552960e+02
8.689780553245353076e+03 1.039824032557507252e+02
8.689980520581351811e+03 9.816468629440861093e+01
8.690180487917354185e+03 9.682919125250840864e+01
8.690380455253352920e+03 9.909407571471118104e+01
8.690580422589353475e+03 9.796298756818048048e+01
8.690780389925355848e+03 9.631103728214264947e+01
8.690980357261354584e+03 9.966149431887667731e+01
8.691180324597356957e+03 9.993363543439650698e+01
8.691380291933355693e+03 1.005526158381117909e+02
8.691580259269358066e+03 1.005639369536312131e+02
8.691780226605360440e+03 9.872835798280513586e+01
8.691980193941359175e+03 9.843133793892064887e+01
8.692180161277361549e+03 9.869390975598993521e+01
8.692380128613360284e+03 9.635441296757566931e+01
8.692580095949360839e+03 1.010999664701805330e+02
8.692780063285363212e+03 9.735119364068570746e+01
8.692980030621361948e+03 9.883382621354574837e+01
8.693179997957362502e+03 9.799848549324313751e+01
8.693379965293363057e+03 9.869451257308789138e+01
8.693579932629363611e+03 9.744493830438527482e+01
8.693779899965365985e+03 9.904466317025200794e+01
8.693979867301366539e+03 9.969193759428159751e+01
8.694179834637367094e+03 9.795736720568071121e+01
8.694379801973367648e+03 1.014870639810713158e+02
8.694579769309368203e+03 9.608951740872025482e+01
8.694779736645370576e+03 1.015245047038043680e+02
8.694979703981369312e+03 1.008040216112411969e+02
8.695179671317369866e+03 1.008689658820568127e+02
8.695379638653370421e+03 9.982724635994682671e+01
8.695579605989370975e+03 9.759094486518149836e+01
8.695779573325371530e+03 1.025994527147499014e+02
8.695979540661372084e+03 9.546075223270415222e+01
8.696179507997372639e+03 9.874879907865874884e+01
8.696379475333373193e+03 9.671141760860882641e+01
8.696579442669375567e+03 9.628187674423142539e+01
8.696779410005376121e+03 9.880173714714719324e+01
8.696979377341376676e+03 9.654242668336151212e+01
8.697179344677377230e+03 1.012596319134776195e+02
8.697379312013377785e+03 9.773175215433700203e+01
8.697579279349378339e+03 9.397514017652773077e+01
8.697779246685378894e+03 9.220679188331473597e+01
8.697979214021379448e+03 9.064422457037822767e+01
8.698179181357380003e+03 9.112546803469318490e+01
8.698379148693380557e+03 9.601891170023972677e+01
8.698579116029381112e+03 9.298153377720029766e+01
8.698779083365381666e+03 9.996708003577877832e+01
8.698979050701384040e+03 9.598776366240615232e+01
8.699179018037384594e+03 9.698593678089760317e+01
8.699378985373383330e+03 9.838875171328626834e+01
8.699578952709385703e+03 9.616920075581593608e+01
8.699778920045386258e+03 9.827562892793589810e+01
8.699978887381386812e+03 9.445020080297570075e+01
8.700178854717387367e+03 1.003643032858436470e+02
8.700378822053386102e+03 1.005195644195954969e+02
8.700578789389388476e+03 9.756608119420123160e+01
8.700778756725389030e+03 1.018754623644136075e+02
8.700978724061389585e+03 9.781291516608924042e+01
8.701178691397390139e+03 9.826265042796578086e+01
8.701378658733388875e+03 9.747048402012286772e+01
8.701578626069393067e+03 9.730510093298335050e+01
8.701778593405393622e+03 9.732278158032561066e+01
8.701978560741392357e+03 1.014418939536538744e+02
8.702178528077394731e+03 9.893487062562226697e+01
8.702378495413393466e+03 1.003044560282143607e+02
8.702578462749395840e+03 9.955025518150003450e+01
8.702778430085396394e+03 9.968623398692038506e+01
8.702978397421395130e+03 1.042372198141802357e+02
8.703178364757397503e+03 1.033255270093278853e+02
8.703378332093396239e+03 9.781889116401150375e+01
8.703578299429398612e+03 1.032493218013890868e+02
8.703778266765399167e+03 9.942985863801855828e+01
8.703978234101397902e+03 1.024033498469354555e+02
8.704178201437402095e+03 9.942157252063876172e+01
8.704378168773400830e+03 9.881784475615090457e+01
8.704578136109403204e+03 9.755911286959027962e+01
8.704778103445403758e+03 9.776029950450261197e+01
8.704978070781402494e+03 1.001386994070236938e+02
8.705178038117404867e+03 1.015252005699569509e+02
8.705378005453403603e+03 9.935497775839930057e+01
8.705577972789404157e+03 9.825066464852170611e+01
8.705777940125406531e+03 9.555036883698754480e+01
8.705977907461405266e+03 1.000345511140227330e+02
8.706177874797407640e+03 9.947678515527833554e+01
8.706377842133406375e+03 9.878613334624108688e+01
8.706577809469408749e+03 9.824389707181886422e+01
8.706777776805411122e+03 9.557964412452174940e+01
8.706977744141409858e+03 9.608686973322721769e+01
8.707177711477412231e+03 9.860999255380009743e+01
8.707377678813410967e+03 9.782576619649317706e+01
8.707577646149411521e+03 9.804100756305810194e+01
8.707777613485413895e+03 9.883560023666919392e+01
8.707977580821412630e+03 9.852932963818820156e+01
8.708177548157413185e+03 9.708062785398027472e+01
8.708377515493413739e+03 9.552047864107652231e+01
8.708577482829414294e+03 8.930514480027032675e+01
8.708777450165416667e+03 8.332777973171074848e+01
8.708977417501415403e+03 8.458776817639245849e+01
8.709177384837417776e+03 8.709683476304459759e+01
8.709377352173418330e+03 9.231857888138115698e+01
8.709577319509418885e+03 1.011224068094673925e+02
8.709777286845421258e+03 9.691772731528602947e+01
8.709977254181419994e+03 9.960871490605394740e+01
8.710177221517420548e+03 9.870383660965160288e+01
8.710377188853421103e+03 1.040101103618837328e+02
8.710577156189421657e+03 9.977589336679886856e+01
8.710777123525424031e+03 9.768733534947433839e+01
8.710977090861422766e+03 9.639015481157416332e+01
8.711177058197423321e+03 8.780602575648616437e+01
8.711377025533423875e+03 8.942191129078854317e+01
8.711576992869426249e+03 8.750436708050997936e+01
8.711776960205426803e+03 8.369575901646405214e+01
8.711976927541427358e+03 8.994502273041099727e+01
8.712176894877427912e+03 9.547586668216654004e+01
8.712376862213428467e+03 9.831111914479366476e+01
8.712576829549429021e+03 1.003074532542393200e+02
8.712776796885429576e+03 9.729856353194733742e+01
8.712976764221430130e+03 9.912601871014274479e+01
8.713176731557430685e+03 1.030302670659691557e+02
8.713376698893431239e+03 9.835598582946145996e+01
8.713576666229431794e+03 9.873920384386534010e+01
8.713776633565432348e+03 1.017617676307746848e+02
8.713976600901432903e+03 1.010823934178425532e+02
8.714176568237435276e+03 9.941411890584832634e+01
8.714376535573434012e+03 9.944825014462323054e+01
8.714576502909436385e+03 1.015146497869130116e+02
8.714776470245436940e+03 9.902030593929717384e+01
8.714976437581437494e+03 9.963986208525723498e+01
8.715176404917438049e+03 1.002884937323805872e+02
8.715376372253436784e+03 1.010204043027070782e+02
8.715576339589439158e+03 9.615724784738353037e+01
8.715776306925439712e+03 1.032674939003085228e+02
8.715976274261440267e+03 8.981861733012736693e+01
8.716176241597440821e+03 9.257643467504571788e+01
8.716376208933439557e+03 9.067927067558613885e+01
8.716576176269443749e+03 8.894093652568629693e+01
8.716776143605444304e+03 9.708701129232593985e+01
8.716976110941444858e+03 9.657490082473042037e+01
8.717176078277445413e+03 9.969706454087260283e+01
8.717376045613444148e+03 9.844732670244255246e+01
8.717576012949446522e+03 9.655497745965503498e+01
8.717775980285447076e+03 9.955540270885212806e+01
8.717975947621445812e+03 1.001110402949685607e+02
8.718175914957448185e+03 9.916634288599145464e+01
8.718375882293446921e+03 9.852473840442679887e+01
8.718575849629449294e+03 1.013855319619826787e+02
8.718775816965449849e+03 1.007754197713916398e+02
8.718975784301448584e+03 9.987013480741079263e+01
8.719175751637452777e+03 1.033888122492223118e+02
8.719375718973451512e+03 9.910207539051498316e+01
8.719575686309453886e+03 1.065909346530216482e+02
8.719775653645454440e+03 9.964416228116422758e+01
8.719975620981453176e+03 1.024989197288538634e+02
8.720175588317455549e+03 9.770744836295131108e+01
8.720375555653454285e+03 9.928447991706349285e+01
8.720575522989454839e+03 1.005791233557522872e+02
8.720775490325457213e+03 9.731163519322851130e+01
8.720975457661455948e+03 1.022118250378907334e+02
8.721175424997458322e+03 9.856618391866793161e+01
8.721375392333457057e+03 9.716234692137564366e+01
8.721575359669459431e+03 1.029476454016546967e+02
8.721775327005461804e+03 1.020329337444481723e+02
8.721975294341460540e+03 1.018094483088696762e+02
8.722175261677462913e+03 9.940842330881066857e+01
8.722375229013461649e+03 9.767673359604825123e+01
8.722575196349462203e+03 9.885492384442289904e+01
8.722775163685464577e+03 9.626605237140466897e+01
8.722975131021463312e+03 9.801537269507035433e+01
8.723175098357463867e+03 9.742171298158795878e+01
8.723375065693464421e+03 9.755840002835863345e+01
8.723575033029464976e+03 9.843256119330294496e+01
8.723775000365467349e+03 9.775030175697372670e+01
8.723974967701466085e+03 9.491456059027302672e+01
8.724174935037468458e+03 9.617300765445212107e+01
8.724374902373469013e+03 9.920200775787643011e+01
8.724574869709469567e+03 9.435657197242774430e+01
8.724774837045471941e+03 1.033042254732348084e+02
8.724974804381470676e+03 1.011981737852856185e+02
8.725174771717471231e+03 1.001288984648235356e+02
8.725374739053471785e+03 9.855051778681365704e+01
8.725574706389472340e+03 9.914628961002735252e+01
8.725774673725474713e+03 9.992398741984223420e+01
8.725974641061473449e+03 9.808114386913840121e+01
8.726174608397474003e+03 9.665532347294413285e+01
8.726374575733474558e+03 9.520699754192187925e+01
8.726574543069475112e+03 8.963093445005506510e+01
8.726774510405477486e+03 9.437440013388498983e+01
8.726974477741478040e+03 9.343237797476538731e+01
8.727174445077478595e+03 9.664386972072324511e+01
8.727374412413479149e+03 9.801417672611336229e+01
8.727574379749479704e+03 9.754906996181678380e+01
8.727774347085480258e+03 9.758972719550880015e+01
8.727974314421480813e+03 1.007117287472509020e+02
8.728174281757481367e+03 9.987670237140513052e+01
8.728374249093481922e+03 1.012180602673620342e+02
8.728574216429482476e+03 9.730414760411844100e+01
