8.483986537056363886e+03 1.003230364727141790e+02
8.484186631078464416e+03 1.001257715859327249e+02
8.484386725100564945e+03 1.002003707558060199e+02
8.484586819122665474e+03 1.011257403039273584e+02
8.484786913144764185e+03 1.004304608772843608e+02
8.484987007166864714e+03 9.797132156999806796e+01
8.485187101188967063e+03 9.978491077792683939e+01
8.485387195211065773e+03 9.910803715472852105e+01
8.485587289233168121e+03 9.987744839995974644e+01
8.485787383255265013e+03 9.535267988880546852e+01
8.485987477277367361e+03 9.645567282238870632e+01
8.486187571299467891e+03 9.821426310744172383e+01
8.486387665321568420e+03 9.549601429865496982e+01
8.486587759343668949e+03 9.847904640454684966e+01
8.486787853365769479e+03 1.006696475675375808e+02
8.486987947387868189e+03 1.002669740525829951e+02
8.487188041409970538e+03 1.000696539867966237e+02
8.487388135432069248e+03 1.007582577521730798e+02
8.487588229454171596e+03 9.900920945234231851e+01
8.487788323476270307e+03 1.014595513103230360e+02
8.487988417498370836e+03 9.974194378001745065e+01
8.488188511520471366e+03 9.918070411638717587e+01
8.488388605542571895e+03 9.834217773298885845e+01
8.488588699564674243e+03 1.007051241983791812e+02
8.488788793586772954e+03 9.992000321258845474e+01
8.488988887608875302e+03 9.985400217226849406e+01
8.489188981630974013e+03 1.002347150970892500e+02
8.489389075653074542e+03 1.015371496365238926e+02
8.489589169675175071e+03 9.990704343002789756e+01
8.489789263697275601e+03 1.002323800127375222e+02
8.489989357719376130e+03 9.800222875791062904e+01
8.490189451741476660e+03 9.838481491983715443e+01
8.490389545763575370e+03 9.985231992745525531e+01
8.490589639785677718e+03 9.949765704339672823e+01
8.490789733807776429e+03 1.010706637130635812e+02
8.490989827829878777e+03 9.895338099756918382e+01
8.491189921851979307e+03 9.931361068171749196e+01
8.491390015874078017e+03 1.000762787550588371e+02
8.491590109896178546e+03 9.995964363578315215e+01
8.491790203918279076e+03 9.959069615758556893e+01
8.491990297940379605e+03 9.890029868519943079e+01
8.492190391962481954e+03 9.951322457928347376e+01
8.492390485984578845e+03 1.000357865130794863e+02
8.492590580006681193e+03 9.930197740381881033e+01
8.492790674028779904e+03 9.674947287844690891e+01
8.492990768050882252e+03 1.008913694038261752e+02
8.493190862072982782e+03 9.770634228254995435e+01
8.493390956095081492e+03 9.932540994933989964e+01
8.493591050117182021e+03 1.001341432595329479e+02
8.493791144139282551e+03 9.845925951028671363e+01
8.493991238161383080e+03 9.927614672521271189e+01
8.494191332183485429e+03 9.878831092931898183e+01
8.494391426205584139e+03 1.008919986533201296e+02
8.494591520227684668e+03 9.821964572746890099e+01
8.494791614249783379e+03 9.902843673586571072e+01
8.494991708271885727e+03 1.005496464834179591e+02
8.495191802293986257e+03 9.721767356365785417e+01
8.495391896316086786e+03 9.918556353772024181e+01
8.495591990338185497e+03 9.775172772490842021e+01
8.495792084360286026e+03 9.838805145915998196e+01
8.495992178382386555e+03 1.004340763720481249e+02
8.496192272404488904e+03 9.825390972374771081e+01
8.496392366426587614e+03 9.998451706824037899e+01
8.496592460448689963e+03 9.922167923405025647e+01
8.496792554470786854e+03 9.989894556139645942e+01
8.496992648492889202e+03 9.883606665618617626e+01
8.497192742514989732e+03 9.811177419737850869e+01
8.497392836537090261e+03 9.799534432772180992e+01
8.497592930559190791e+03 1.011010044791255638e+02
8.497793024581289501e+03 9.832501935130385107e+01
8.497993118603390030e+03 9.690758739425794488e+01
8.498193212625492379e+03 1.003840231334501851e+02
8.498393306647591089e+03 9.844490188811587927e+01
8.498593400669693438e+03 9.720338460333167063e+01
8.498793494691792148e+03 9.896908901371108414e+01
8.498993588713892677e+03 9.824436093201060771e+01
8.499193682735993207e+03 9.778717694611830780e+01
8.499393776758093736e+03 9.623051964215630960e+01
8.499593870780194266e+03 9.552861421461267355e+01
8.499793964802294795e+03 9.595703637379851614e+01
8.499994058824393505e+03 9.502215556062773771e+01
8.500194152846495854e+03 9.412292030457460612e+01
8.500394246868594564e+03 9.147845215591279100e+01
8.500594340890696913e+03 8.578956900972485755e+01
8.500794434912795623e+03 8.239085588186556208e+01
8.500994528934896152e+03 7.832968161140594532e+01
8.501194622956996682e+03 7.164437864191995686e+01
8.501394716979097211e+03 6.475047723356537688e+01
8.501594811001197741e+03 5.887143050998537319e+01
8.501794905023298270e+03 5.069208559391022106e+01
8.501994999045398799e+03 4.881652690876303780e+01
8.502195093067499329e+03 5.159154069317616376e+01
8.502395187089598039e+03 5.598425942563041247e+01
8.502595281111700388e+03 6.583527647030919638e+01
8.502795375133799098e+03 7.052004207922757928e+01
8.502995469155901446e+03 7.670676977149324216e+01
8.503195563178000157e+03 8.469991396132940054e+01
8.503395657200100686e+03 8.585765458177827725e+01
8.503595751222201216e+03 9.206168724146202464e+01
8.503795845244301745e+03 9.266459605583038694e+01
8.503995939266402274e+03 9.557582507967066476e+01
8.504196033288504623e+03 9.575745744704265405e+01
8.504396127310601514e+03 9.550685173664689387e+01
8.504596221332703863e+03 9.525053877176124217e+01
8.504796315354802573e+03 9.555462032105103276e+01
8.504996409376904921e+03 9.667658788002356118e+01
8.505196503399005451e+03 9.875190977109024004e+01
8.505396597421104161e+03 9.825104683714936016e+01
8.505596691443204691e+03 9.788879392429592485e+01
8.505796785465305220e+03 9.640311420013080124e+01
8.505996879487405749e+03 9.721621219012152437e+01
8.506196973509508098e+03 9.836879252323686273e+01
8.506397067531606808e+03 9.802946177882327561e+01
8.506597161553707338e+03 9.857793286844491831e+01
8.506797255575806048e+03 9.814796576903863468e+01
8.506997349597908396e+03 9.906325034000343521e+01
8.507197443620010745e+03 9.864574511651288447e+01
8.507397537642109455e+03 9.780654456603585345e+01
8.507597631664209985e+03 1.007837994911620996e+02
8.507797725686308695e+03 9.838396880243151088e+01
8.507997819708411043e+03 9.990577328324312134e+01
8.508197913730511573e+03 1.002399418648159184e+02
8.508398007752612102e+03 9.761098338086402748e+01
8.508598101774710813e+03 9.946010738512619298e+01
8.508798195796811342e+03 9.812964353088146652e+01
8.508998289818911871e+03 1.017342105075691308e+02
8.509198383841014220e+03 1.002734882434890551e+02
8.509398477863112930e+03 1.010786886708997088e+02
8.509598571885215279e+03 9.831358850247723069e+01
8.509798665907312170e+03 9.933687181411032441e+01
8.509998759929414518e+03 9.557594920728145382e+01
8.510198853951515048e+03 1.002771307727166459e+02
8.510398947973615577e+03 9.844738019401037832e+01
8.510599041995716107e+03 1.013429855923680094e+02
8.510799136017814817e+03 9.674191405022979495e+01
8.510999230039915346e+03 9.873422795257415885e+01
8.511199324062017695e+03 9.866627202015085629e+01
8.511399418084116405e+03 9.982070373337860758e+01
8.511599512106218754e+03 9.856592321229548759e+01
8.511799606128317464e+03 9.713072108104516644e+01
8.511999700150417993e+03 1.004937753646364627e+02
8.512199794172518523e+03 1.002551543745983054e+02
8.512399888194619052e+03 9.960844175907988074e+01
8.512599982216719582e+03 9.927334460817634465e+01
8.512800076238820111e+03 9.985506783042377776e+01
8.513000170260918821e+03 1.008577243901383014e+02
8.513200264283021170e+03 1.000862180576132090e+02
8.513400358305119880e+03 9.953422412974796885e+01
8.513600452327222229e+03 9.943848275362927325e+01
8.513800546349320939e+03 9.778203629335905589e+01
8.514000640371421468e+03 9.962675370359322358e+01
8.514200734393521998e+03 1.000890335237074424e+02
8.514400828415622527e+03 9.723450818030985943e+01
8.514600922437723057e+03 9.777897447291053368e+01
8.514801016459823586e+03 1.020681747284553182e+02
8.515001110481924115e+03 9.851730414393095714e+01
8.515201204504024645e+03 9.954618417785984263e+01
8.515401298526123355e+03 1.005953111016706174e+02
8.515601392548225704e+03 1.002965763171689559e+02
8.515801486570324414e+03 9.878008285294446011e+01
8.516001580592426762e+03 9.998318371348895539e+01
8.516201674614525473e+03 9.976113664817118831e+01
8.516401768636626002e+03 1.015901656322276523e+02
8.516601862658726532e+03 9.950537564000026691e+01
8.516801956680827061e+03 9.948383504964908752e+01
8.517002050702927590e+03 9.917406906617672746e+01
8.517202144725029939e+03 1.012691236564769071e+02
8.517402238747126830e+03 9.742129211241335440e+01
8.517602332769229179e+03 9.618351856751235118e+01
8.517802426791327889e+03 8.837487844031076634e+01
8.518002520813430237e+03 8.862917734156646077e+01
8.518202614835530767e+03 8.741841955503160477e+01
8.518402708857629477e+03 9.242707186214093440e+01
8.518602802879730007e+03 9.517197194516241154e+01
8.518802896901830536e+03 9.634935558881677764e+01
8.519002990923931065e+03 9.546606999597506160e+01
8.519203084946033414e+03 9.738518261116747965e+01
8.519403178968132124e+03 9.859267195609604073e+01
8.519603272990232654e+03 9.853839582854105572e+01
8.519803367012331364e+03 9.877387351515349678e+01
8.520003461034433712e+03 1.000419501329580925e+02
8.520203555056534242e+03 1.007084148609129102e+02
8.520403649078634771e+03 9.849492230150474370e+01
8.520603743100733482e+03 1.017139664059583168e+02
8.520803837122834011e+03 1.001980243320445680e+02
8.521003931144934540e+03 9.967586217029131035e+01
8.521204025167036889e+03 9.975617840130755098e+01
8.521404119189135599e+03 9.837924824875875629e+01
8.521604213211236129e+03 1.001785272391326203e+02
8.521804307233334839e+03 9.990103055277779731e+01
8.522004401255437188e+03 9.749555923045357986e+01
8.522204495277537717e+03 9.959112769208020666e+01
8.522404589299638246e+03 1.004356036647641019e+02
8.522604683321738776e+03 9.925476060197290451e+01
8.522804777343837486e+03 1.002453755641702600e+02
8.523004871365938016e+03 9.847679602891382444e+01
8.523204965388040364e+03 1.008175018218147585e+02
8.523405059410139074e+03 9.989323099473836010e+01
8.523605153432241423e+03 1.003149692325466873e+02
8.523805247454338314e+03 9.826090384403927658e+01
8.524005341476440663e+03 1.003820041515851074e+02
8.524205435498541192e+03 9.861474583991943632e+01
8.524405529520641721e+03 9.907160465120175274e+01
8.524605623542742251e+03 9.883895073549830101e+01
8.524805717564842780e+03 9.880944928133229155e+01
8.525005811586941491e+03 9.816043401622339104e+01
8.525205905609043839e+03 9.610911744980178639e+01
8.525405999631144368e+03 9.830769632430377669e+01
8.525606093653244898e+03 1.000724823791651374e+02
8.525806187675345427e+03 9.720861051263031527e+01
8.526006281697444138e+03 1.011438589900170371e+02
8.526206375719546486e+03 9.741772827557375081e+01
8.526406469741645196e+03 1.017862393936844683e+02
8.526606563763747545e+03 9.843728383973507334e+01
8.526806657785846255e+03 9.930861697314877290e+01
8.527006751807948604e+03 1.008164874946965881e+02
8.527206845830047314e+03 1.004110531058555154e+02
8.527406939852147843e+03 9.845493830087269771e+01
8.527607033874248373e+03 1.008199372235178117e+02
8.527807127896348902e+03 1.009661895750689240e+02
8.528007221918449432e+03 9.852228817015704010e+01
8.528207315940549961e+03 9.922180440571057147e+01
8.528407409962648671e+03 9.870787404969603074e+01
8.528607503984751020e+03 9.939156592181061001e+01
8.528807598006849730e+03 9.944635370770978966e+01
8.529007692028952079e+03 9.861001945506490074e+01
8.529207786051050789e+03 9.907295201652854644e+01
8.529407880073151318e+03 9.859245192493658294e+01
8.529607974095251848e+03 9.977684204397242240e+01
8.529808068117352377e+03 9.796803086242717029e+01
8.530008162139452907e+03 9.884412700199453639e+01
8.530208256161555255e+03 9.882059262739620920e+01
8.530408350183652146e+03 9.586116964761031056e+01
8.530608444205754495e+03 9.752235894748524458e+01
8.530808538227853205e+03 9.691226859078564360e+01
8.531008632249955554e+03 9.851166785689552796e+01
8.531208726272056083e+03 9.811307080488386134e+01
8.531408820294154793e+03 9.756458423332085772e+01
8.531608914316255323e+03 1.005561146607408460e+02
8.531809008338355852e+03 9.626046887127625951e+01
8.532009102360456382e+03 9.814780250019873620e+01
8.532209196382558730e+03 9.947827502373750974e+01
8.532409290404657440e+03 9.904095094598615390e+01
8.532609384426757970e+03 9.904432035120089495e+01
8.532809478448856680e+03 9.844924130265425788e+01
8.533009572470959029e+03 9.946687196293314059e+01
8.533209666493059558e+03 9.832939428012315375e+01
8.533409760515160087e+03 1.002438979346150916e+02
8.533609854537258798e+03 9.988989191106590226e+01
8.533809948559359327e+03 9.944358000700599121e+01
8.534010042581459857e+03 9.848121986770352976e+01
8.534210136603562205e+03 9.833039089031676383e+01
8.534410230625660915e+03 9.808657881839685899e+01
8.534610324647763264e+03 9.836104110772316744e+01
8.534810418669860155e+03 9.742763193533077981e+01
8.535010512691962504e+03 9.900138455191381581e+01
8.535210606714063033e+03 9.826398910143851140e+01
8.535410700736163562e+03 9.887188581493290940e+01
8.535610794758264092e+03 9.779285436536098075e+01
8.535810888780362802e+03 9.909125390540211242e+01
8.536010982802463332e+03 9.714737537924814603e+01
8.536211076824565680e+03 9.581751396096478857e+01
8.536411170846664390e+03 9.953047960855933241e+01
8.536611264868766739e+03 9.859722612026064326e+01
8.536811358890863630e+03 9.920420371225154099e+01
8.537011452912965979e+03 9.692335441470463309e+01
8.537211546935066508e+03 9.460471634494663817e+01
8.537411640957167037e+03 9.743346277276135936e+01
8.537611734979267567e+03 9.418073186344658154e+01
8.537811829001368096e+03 9.798096647570359607e+01
8.538011923023466807e+03 9.713512649371379837e+01
8.538212017045569155e+03 9.686343077904706433e+01
8.538412111067667865e+03 9.693778005681141963e+01
8.538612205089770214e+03 9.630940335190868495e+01
8.538812299111868924e+03 9.592416704624127988e+01
8.539012393133969454e+03 9.673523682799984158e+01
8.539212487156069983e+03 9.730319832315386464e+01
8.539412581178170512e+03 9.500150116231478137e+01
8.539612675200271042e+03 9.760769124548967568e+01
8.539812769222371571e+03 9.525676066056264801e+01
8.540012863244472101e+03 9.424841928680474723e+01
8.540212957266572630e+03 9.382355215513692315e+01
8.540413051288671340e+03 9.410858867888984491e+01
8.540613145310773689e+03 9.354205003838544030e+01
8.540813239332872399e+03 9.329016360202285796e+01
8.541013333354974748e+03 9.476498012523437353e+01
8.541213427377073458e+03 9.166700394483939363e+01
8.541413521399173987e+03 9.293593676086177879e+01
8.541613615421274517e+03 9.179907705289205921e+01
8.541813709443375046e+03 8.955893879895393184e+01
8.542013803465475576e+03 9.016446931075202542e+01
8.542213897487577924e+03 8.837556508612300377e+01
8.542413991509674815e+03 8.906891704081760963e+01
8.542614085531777164e+03 8.604604933759408425e+01
8.542814179553875874e+03 8.529719221683131991e+01
8.543014273575978223e+03 8.598843969764318729e+01
8.543214367598078752e+03 8.576233158874806861e+01
8.543414461620177462e+03 8.219007862073516435e+01
8.543614555642279811e+03 7.990989123561040230e+01
8.543814649664378521e+03 7.913857124445019053e+01
8.544014743686480870e+03 7.803815916588855828e+01
8.544214837708581399e+03 7.679327444483402587e+01
8.544414931730680109e+03 7.259096216317753658e+01
8.544615025752780639e+03 7.082006227205087612e+01
8.544815119774881168e+03 6.726412513479689892e+01
8.545015213796981698e+03 6.187106664301560954e+01
8.545215307819084046e+03 5.933827643016982734e+01
8.545415401841182756e+03 5.435090182246693047e+01
8.545615495863283286e+03 4.848408768232877009e+01
8.545815589885381996e+03 4.373037747818344201e+01
8.546015683907484345e+03 4.252272735718300112e+01
8.546215777929584874e+03 4.119605730473883654e+01
8.546415871951685403e+03 4.510172047106660642e+01
8.546615965973784114e+03 4.919465663982715142e+01
8.546816059995884643e+03 5.608351721173007576e+01
8.547016154017985173e+03 5.747618711842564210e+01
8.547216248040087521e+03 6.193132093973796515e+01
8.547416342062186231e+03 6.795171317615672990e+01
8.547616436084288580e+03 7.103392891381149354e+01
8.547816530106385471e+03 7.268592084011416432e+01
8.548016624128487820e+03 7.647962426274595771e+01
8.548216718150588349e+03 7.588217771179235172e+01
8.548416812172688878e+03 7.726087528445478370e+01
8.548616906194789408e+03 8.051552159853847002e+01
8.548817000216888118e+03 8.267916926089706919e+01
8.549017094238988648e+03 8.617423556425765696e+01
8.549217188261090996e+03 8.395391987493233898e+01
8.549417282283189707e+03 8.390499439114573477e+01
8.549617376305292055e+03 8.689741993545828791e+01
8.549817470327390765e+03 8.837379447503685981e+01
8.550017564349491295e+03 9.018655911652888335e+01
8.550217658371591824e+03 8.976848313334224372e+01
8.550417752393692354e+03 9.082758930753108473e+01
8.550617846415792883e+03 9.015037446974933744e+01
8.550817940437893412e+03 9.004863870591492514e+01
8.551018034459992123e+03 9.254693180363547356e+01
8.551218128482094471e+03 9.401563003272423202e+01
8.551418222504193182e+03 9.340747049888435072e+01
8.551618316526295530e+03 9.406047715006891963e+01
8.551818410548394240e+03 9.262579778855509005e+01
8.552018504570494770e+03 9.442657464331199435e+01
8.552218598592595299e+03 9.582379440777360458e+01
8.552418692614695829e+03 9.709282179478026364e+01
8.552618786636796358e+03 9.524520800980128854e+01
8.552818880658896887e+03 9.540633690104853315e+01
8.553018974680997417e+03 9.412792584819007402e+01
8.553219068703097946e+03 9.509584396669598050e+01
8.553419162725196657e+03 9.566817683277740514e+01
8.553619256747299005e+03 9.501320019609825351e+01
8.553819350769397715e+03 9.486751790503340942e+01
8.554019444791500064e+03 9.771788281014401889e+01
8.554219538813598774e+03 9.702257917420975275e+01
8.554419632835699304e+03 9.674830365255390063e+01
8.554619726857799833e+03 9.504604650297704893e+01
8.554819820879900362e+03 9.843855203036480361e+01
8.555019914902000892e+03 9.760975843145170927e+01
8.555220008924103240e+03 9.730559407304403408e+01
8.555420102946200132e+03 9.902965225607607636e+01
8.555620196968302480e+03 9.780621574137326490e+01
8.555820290990401190e+03 9.738379229783052438e+01
8.556020385012503539e+03 9.899227400160242496e+01
8.556220479034604068e+03 9.951293293519553629e+01
8.556420573056702779e+03 9.948561939327321113e+01
8.556620667078803308e+03 1.005765206401344187e+02
8.556820761100903837e+03 9.874970454555136712e+01
8.557020855123004367e+03 9.821898323545332232e+01
8.557220949145106715e+03 9.953841756927957363e+01
8.557421043167203607e+03 9.703604617459072301e+01
8.557621137189305955e+03 9.756750715888468051e+01
8.557821231211404665e+03 9.888060061303113457e+01
8.558021325233507014e+03 9.502444826713215775e+01
8.558221419255607543e+03 9.982039195694230216e+01
8.558421513277708073e+03 9.920696022545824633e+01
8.558621607299806783e+03 9.847689977894826541e+01
8.558821701321907312e+03 9.779271904923025716e+01
8.559021795344007842e+03 9.690731246204020977e+01
8.559221889366110190e+03 9.662673709748884221e+01
8.559421983388208901e+03 9.626990703586466225e+01
8.559622077410309430e+03 9.819150532163250489e+01
8.559822171432408140e+03 1.000199011304518990e+02
8.560022265454510489e+03 1.004949996878418830e+02
8.560222359476611018e+03 9.857596882468769195e+01
8.560422453498711548e+03 9.676670266738588566e+01
8.560622547520812077e+03 9.744388908952385009e+01
8.560822641542910787e+03 9.634657040014008089e+01
8.561022735565011317e+03 9.635623917469003175e+01
8.561222829587113665e+03 9.811858403434858644e+01
8.561422923609212376e+03 9.877996536101443326e+01
8.561623017631314724e+03 9.991710581225059684e+01
8.561823111653413434e+03 9.874141954333728677e+01
8.562023205675513964e+03 1.012269259771301932e+02
8.562223299697616312e+03 9.921326278306518986e+01
8.562423393719715023e+03 1.013069143572511877e+02
8.562623487741817371e+03 9.852517148395249080e+01
8.562823581763916081e+03 9.749453979047039809e+01
8.563023675786016611e+03 9.932607169066973540e+01
8.563223769808117140e+03 1.016988942066467274e+02
8.563423863830217670e+03 9.972908357846129945e+01
8.563623957852318199e+03 9.719721924833571336e+01
8.563824051874418728e+03 9.849088260889492119e+01
8.564024145896517439e+03 9.974796239147417509e+01
8.564224239918619787e+03 1.020798637191326463e+02
8.564424333940718498e+03 9.945928710762177616e+01
8.564624427962820846e+03 9.928341515845326626e+01
8.564824521984919556e+03 9.992773254354899848e+01
8.565024616007020086e+03 1.002878274122587214e+02
8.565224710029120615e+03 9.857815785460226721e+01
8.565424804051221145e+03 9.849016819688242208e+01
8.565624898073321674e+03 9.974344080349418107e+01
8.565824992095422203e+03 9.930450242777384062e+01
8.566025086117522733e+03 1.005305959678281482e+02
8.566225180139623262e+03 9.659599665093500676e+01
8.566425274161721973e+03 1.003168546967623769e+02
8.566625368183824321e+03 9.726915075174360936e+01
8.566825462205923031e+03 1.002001492860353267e+02
8.567025556228025380e+03 1.005293546315206896e+02
8.567225650250124090e+03 9.789144235122965654e+01
8.567425744272224620e+03 9.965100010848590273e+01
8.567625838294325149e+03 9.723712878337485677e+01
8.567825932316425678e+03 9.665891146563060943e+01
8.568026026338526208e+03 9.755593350566611832e+01
8.568226120360628556e+03 9.769940597469178556e+01
8.568426214382725448e+03 9.895450767349966270e+01
8.568626308404827796e+03 9.981327252399432837e+01
8.568826402426926506e+03 9.794539647060000220e+01
8.569026496449028855e+03 9.974033851942044748e+01
8.569226590471129384e+03 9.955239233442279101e+01
8.569426684493228095e+03 1.024633172562060821e+02
8.569626778515328624e+03 9.898956408484475844e+01
8.569826872537429153e+03 9.878020038570357997e+01
8.570026966559529683e+03 9.904776740346575536e+01
8.570227060581632031e+03 1.028471635701282167e+02
8.570427154603730742e+03 9.957811283712614170e+01
8.570627248625831271e+03 9.824152827778335961e+01
8.570827342647929981e+03 9.846282281606488596e+01
8.571027436670032330e+03 9.932853704620477231e+01
8.571227530692132859e+03 9.890442429458327922e+01
8.571427624714233389e+03 9.928273983579013873e+01
8.571627718736332099e+03 9.928447015781658536e+01
8.571827812758432628e+03 9.893369192714222038e+01
8.572027906780533158e+03 1.009319339566604583e+02
8.572228000802635506e+03 9.898398497375652028e+01
8.572428094824734217e+03 9.997423613024773204e+01
8.572628188846834746e+03 1.008413867103575114e+02
8.572828282868933456e+03 1.000653052084655030e+02
8.573028376891035805e+03 9.802168494293576373e+01
8.573228470913136334e+03 1.012809523193717212e+02
8.573428564935236864e+03 9.860042941891713042e+01
8.573628658957337393e+03 9.805441511304793778e+01
8.573828752979436103e+03 1.005485449552381425e+02
8.574028847001536633e+03 9.841662469187731688e+01
8.574228941023638981e+03 9.968998672798240079e+01
8.574429035045737692e+03 1.003529309540744947e+02
8.574629129067840040e+03 9.844827595555089772e+01
8.574829223089936932e+03 1.009201628506246209e+02
8.575029317112039280e+03 9.834213493194343414e+01
8.575229411134139809e+03 9.977777029072072423e+01
8.575429505156240339e+03 9.938387341588429535e+01
8.575629599178340868e+03 9.939511827664860277e+01
8.575829693200441397e+03 9.998062964895338212e+01
8.576029787222540108e+03 9.924646821114822615e+01
8.576229881244642456e+03 9.938116924143010067e+01
8.576429975266741167e+03 9.883676348054312655e+01
8.576630069288843515e+03 9.897953573686463358e+01
8.576830163310942226e+03 1.016905498178347074e+02
8.577030257333042755e+03 9.961387793009777170e+01
8.577230351355143284e+03 1.000595835599010286e+02
8.577430445377243814e+03 9.817573139966664542e+01
8.577630539399344343e+03 9.981524648991218385e+01
8.577830633421444873e+03 9.838570338828363049e+01
8.578030727443545402e+03 1.007400623850728891e+02
8.578230821465645931e+03 9.852820016884426479e+01
8.578430915487744642e+03 1.015323359231995255e+02
8.578631009509846990e+03 9.966404579032594313e+01
8.578831103531945701e+03 9.891731885989133843e+01
8.579031197554048049e+03 1.000625892831408237e+02
8.579231291576146759e+03 1.011159176496793179e+02
8.579431385598247289e+03 9.843692531905564636e+01
8.579631479620347818e+03 9.937288788978617049e+01
8.579831573642448348e+03 9.766016796214893247e+01
8.580031667664548877e+03 1.008967429554068360e+02
8.580231761686649406e+03 1.003876745290073274e+02
8.580431855708749936e+03 1.001706936180892882e+02
8.580631949730850465e+03 9.667659950050155260e+01
8.580832043752950995e+03 9.926964810706580522e+01
8.581032137775051524e+03 9.949317839042464584e+01
8.581232231797153872e+03 9.993973417497707601e+01
8.581432325819250764e+03 1.000024273458311370e+02
8.581632419841353112e+03 1.002529534521694075e+02
8.581832513863451823e+03 9.845716982466242939e+01
8.582032607885554171e+03 9.739135862480388539e+01
8.582232701907654700e+03 9.860686353579248475e+01
8.582432795929753411e+03 9.923357629514801204e+01
8.582632889951853940e+03 9.792405465695331657e+01
8.582832983973954470e+03 1.012293364861473748e+02
8.583033077996054999e+03 1.001284512875826209e+02
8.583233172018157347e+03 1.010566057693877156e+02
8.583433266040256058e+03 9.975631497450044094e+01
8.583633360062356587e+03 1.002932403937659132e+02
8.583833454084455298e+03 1.026528702611417998e+02
8.584033548106557646e+03 1.017798784069253628e+02
8.584233642128658175e+03 1.001805034622618535e+02
8.584433736150758705e+03 1.015232382644328624e+02
8.584633830172857415e+03 9.821557773925162849e+01
8.584833924194957945e+03 1.009740588468135911e+02
8.585034018217058474e+03 1.011943172043351638e+02
8.585234112239160822e+03 1.013189640055508391e+02
8.585434206261259533e+03 1.010912589192080446e+02
8.585634300283361881e+03 9.902863248687791042e+01
8.585834394305458773e+03 9.841698745896734124e+01
8.586034488327561121e+03 9.355768985962289719e+01
8.586234582349661650e+03 9.431696573928600458e+01
8.586434676371762180e+03 9.577596110611449376e+01
8.586634770393862709e+03 9.880382999170822700e+01
8.586834864415961420e+03 9.719558160487464704e+01
8.587034958438061949e+03 9.993650138275108930e+01
8.587235052460164297e+03 9.909235739880732297e+01
8.587435146482263008e+03 9.987249922437396776e+01
8.587635240504365356e+03 9.863905806027403855e+01
8.587835334526462248e+03 9.968966390654252052e+01
8.588035428548564596e+03 9.913745104489441928e+01
8.588235522570665125e+03 9.884575821733483281e+01
8.588435616592765655e+03 9.732059218317505156e+01
8.588635710614866184e+03 9.852174958656054571e+01
8.588835804636966714e+03 1.003981304279083986e+02
8.589035898659065424e+03 1.002760796618962900e+02
8.589235992681167772e+03 9.980802283381279949e+01
8.589436086703266483e+03 9.812142544080900564e+01
8.589636180725368831e+03 9.828079283088969476e+01
8.589836274747467542e+03 9.767702210492302584e+01
8.590036368769568071e+03 9.841460765388292486e+01
8.590236462791668600e+03 9.840074896171026353e+01
8.590436556813769130e+03 1.011009286314707083e+02
8.590636650835869659e+03 9.938335282424441175e+01
8.590836744857970189e+03 1.005584324327443539e+02
8.591036838880070718e+03 1.010454160138306037e+02
8.591236932902171247e+03 1.009634398363330945e+02
8.591437026924269958e+03 9.967275968056783597e+01
8.591637120946372306e+03 9.920795468978239739e+01
8.591837214968471017e+03 9.979182795220890512e+01
8.592037308990573365e+03 1.003439554004429368e+02
8.592237403012672075e+03 9.995697432437545160e+01
8.592437497034772605e+03 1.009590024068049416e+02
8.592637591056873134e+03 1.009443660105568057e+02
8.592837685078973664e+03 9.972877707081235599e+01
8.593037779101074193e+03 9.896721082962542937e+01
8.593237873123174722e+03 9.975723505727712848e+01
8.593437967145273433e+03 9.951607651323411119e+01
8.593638061167375781e+03 1.022452589004834351e+02
8.593838155189474492e+03 9.922937827078560247e+01
8.594038249211576840e+03 1.015193344712171495e+02
8.594238343233677369e+03 9.865863908336466181e+01
8.594438437255776080e+03 9.819336098803259461e+01
8.594638531277876609e+03 1.009543579606835380e+02
8.594838625299977139e+03 9.891068896218351369e+01
8.595038719322077668e+03 1.000303418359556105e+02
8.595238813344180016e+03 1.013087180749735694e+02
8.595438907366276908e+03 9.920451272060901715e+01
8.595639001388379256e+03 1.005831331957651855e+02
8.595839095410477967e+03 9.889770930955519646e+01
8.596039189432580315e+03 9.955561263218879731e+01
8.596239283454680844e+03 1.008935125882310047e+02
8.596439377476781374e+03 1.010010279011354584e+02
8.596639471498880084e+03 1.010166812852646814e+02
8.596839565520980614e+03 9.820595532811536543e+01
8.597039659543081143e+03 9.898224693841235933e+01
8.597239753565183491e+03 9.636320135821058841e+01
8.597439847587282202e+03 1.016107397366538549e+02
8.597639941609382731e+03 1.000457300023225287e+02
8.597840035631481442e+03 1.000095272887366775e+02
8.598040129653583790e+03 1.013653718351410902e+02
8.598240223675684319e+03 1.010295387894598065e+02
8.598440317697784849e+03 9.960102284642832160e+01
8.598640411719887197e+03 1.002093027594456061e+02
8.598840505741984089e+03 1.015240349732065113e+02
8.599040599764086437e+03 1.004735775103625883e+02
8.599240693786186966e+03 1.005201128443405167e+02
8.599440787808287496e+03 1.036374389561053562e+02
8.599640881830388025e+03 9.736904847495242166e+01
8.599840975852486736e+03 9.820693841298097482e+01
8.600041069874587265e+03 9.898238262595151582e+01
8.600241163896689613e+03 9.755956468983339391e+01
8.600441257918788324e+03 9.858964048331131380e+01
8.600641351940890672e+03 1.007269455385638679e+02
8.600841445962987564e+03 9.813820691936160756e+01
8.601041539985089912e+03 1.016857669956632577e+02
8.601241634007190441e+03 1.004874575911906902e+02
8.601441728029290971e+03 9.986384580102078701e+01
8.601641822051391500e+03 9.901257726791304492e+01
8.601841916073492030e+03 9.783472069139233440e+01
8.602042010095590740e+03 9.860407286574067598e+01
8.602242104117693088e+03 9.696959702062063968e+01
8.602442198139791799e+03 9.588302589956968802e+01
8.602642292161894147e+03 9.642121358850414481e+01
8.602842386183992858e+03 9.237479898385039689e+01
8.603042480206093387e+03 9.393817380813365503e+01
8.603242574228193916e+03 9.679582967333509202e+01
8.603442668250294446e+03 9.680145565545525699e+01
8.603642762272394975e+03 9.851230097580557299e+01
8.603842856294495505e+03 9.640271173307408503e+01
8.604042950316596034e+03 9.928301956978471310e+01
8.604243044338696563e+03 9.891059989653632556e+01
8.604443138360795274e+03 9.933279632843209583e+01
8.604643232382897622e+03 1.027992074665249334e+02
8.604843326404996333e+03 1.009058286042676400e+02
8.605043420427098681e+03 9.927526282210114061e+01
8.605243514449197392e+03 9.934330243969503726e+01
8.605443608471297921e+03 1.010102949551681917e+02
8.605643702493398450e+03 1.000394404657373002e+02
8.605843796515498980e+03 9.903002294479398415e+01
8.606043890537599509e+03 9.891060724082532829e+01
8.606243984559701858e+03 1.008812156340357404e+02
8.606444078581798749e+03 1.004174200494777978e+02
8.606644172603901097e+03 9.622266791089636229e+01
8.606844266625999808e+03 9.694258550568471833e+01
8.607044360648102156e+03 9.915433464870402247e+01
8.607244454670202686e+03 1.003352384521324581e+02
8.607444548692301396e+03 9.849496647212954770e+01
8.607644642714401925e+03 1.008773024933236542e+02
8.607844736736502455e+03 1.009335552369699087e+02
8.608044830758602984e+03 1.014798463264154407e+02
8.608244924780705333e+03 1.011333473869433135e+02
8.608445018802802224e+03 1.017655990202329548e+02
8.608645112824904572e+03 9.995350454337638268e+01
8.608845206847003283e+03 9.880076219333388110e+01
8.609045300869105631e+03 9.952254526190866102e+01
8.609245394891206161e+03 1.008466713414610325e+02
8.609445488913306690e+03 1.001497252975011634e+02
8.609645582935405400e+03 1.000590130133100502e+02
8.609845676957505930e+03 1.012373639714780609e+02
8.610045770979606459e+03 1.016607518900412970e+02
8.610245865001708808e+03 9.938712226210627421e+01
8.610445959023807518e+03 9.844363392300832061e+01
8.610646053045908047e+03 9.969771860860657853e+01
8.610846147068006758e+03 9.902683639815015226e+01
8.611046241090109106e+03 1.000845120983928922e+02
8.611246335112209636e+03 9.931438055404375120e+01
8.611446429134310165e+03 1.000147802364338077e+02
8.611646523156410694e+03 9.937336430987095071e+01
8.611846617178509405e+03 1.031150808073929284e+02
8.612046711200609934e+03 1.007051604222464647e+02
8.612246805222712283e+03 9.870343056683654481e+01
8.612446899244810993e+03 9.910992781908625204e+01
8.612646993266913341e+03 9.905670257283651381e+01
8.612847087289010233e+03 1.001745027628120965e+02
8.613047181311112581e+03 9.897135167776295361e+01
8.613247275333213111e+03 9.876709920351282790e+01
8.613447369355313640e+03 1.002641738861863132e+02
8.613647463377414169e+03 9.973444339228289834e+01
8.613847557399514699e+03 1.000997785241818860e+02
8.614047651421613409e+03 9.999590408119377116e+01
8.614247745443715758e+03 9.951046604915228500e+01
8.614447839465814468e+03 1.000433284772223885e+02
8.614647933487916816e+03 9.924005371560443223e+01
8.614848027510015527e+03 9.775694394521090658e+01
8.615048121532116056e+03 9.821844612333680402e+01
8.615248215554216586e+03 9.718972966540044922e+01
8.615448309576317115e+03 9.195233713930801400e+01
8.615648403598417644e+03 8.907098319004495579e+01
8.615848497620518174e+03 8.646780580992461296e+01
8.616048591642616884e+03 8.970935315611797023e+01
8.616248685664719233e+03 9.311620904764632201e+01
8.616448779686817943e+03 9.534379404027212956e+01
8.616648873708920291e+03 1.001587362208759089e+02
8.616848967731020821e+03 1.011443306309474792e+02
8.617049061753121350e+03 9.980778152713463669e+01
8.617249155775221880e+03 1.001270134744054729e+02
8.617449249797320590e+03 9.917641598105143430e+01
8.617649343819422938e+03 9.878717347524826664e+01
8.617849437841521649e+03 1.002551634221891277e+02
8.618049531863623997e+03 9.640332192542661005e+01
8.618249625885722708e+03 1.003205289878843445e+02
8.618449719907823237e+03 1.012079915791114786e+02
8.618649813929923766e+03 9.992460295677621218e+01
8.618849907952024296e+03 9.966774664245565418e+01
8.619050001974124825e+03 9.915526391850809773e+01
8.619250095996227174e+03 1.007326025957449076e+02
8.619450190018324065e+03 1.014638878301991411e+02
8.619650284040426413e+03 9.937022377826382069e+01
8.619850378062525124e+03 1.001013916077381936e+02
8.620050472084627472e+03 9.904971880714747101e+01
8.620250566106728002e+03 9.931738746375305027e+01
8.620450660128826712e+03 9.937160549488179129e+01
8.620650754150927241e+03 9.860370217611188082e+01
8.620850848173027771e+03 1.010150783425233101e+02
8.621050942195128300e+03 9.892309210350690307e+01
8.621251036217230649e+03 1.007600009944488590e+02
8.621451130239329359e+03 1.005149242115411568e+02
8.621651224261429888e+03 1.010474169857462385e+02
8.621851318283528599e+03 1.008714275108359715e+02
8.622051412305630947e+03 1.004875357122983388e+02
8.622251506327731477e+03 9.865135939419705835e+01
8.622451600349832006e+03 9.965600583001079826e+01
8.622651694371930716e+03 9.793874535111932289e+01
8.622851788394031246e+03 9.953336706433584880e+01
8.623051882416131775e+03 1.011713945568237989e+02
8.623251976438234124e+03 9.949755527644785502e+01
8.623452070460332834e+03 1.014351035687678007e+02
8.623652164482433363e+03 1.004958660244254673e+02
8.623852258504532074e+03 1.001298517322226473e+02
8.624052352526634422e+03 1.026990861650572953e+02
8.624252446548734952e+03 9.783423590824392591e+01
8.624452540570835481e+03 1.015540753198261257e+02
8.624652634592936010e+03 9.901366036950732052e+01
8.624852728615034721e+03 9.804435891532270375e+01
8.625052822637135250e+03 9.843068885971798920e+01
8.625252916659237599e+03 9.351786356155200508e+01
8.625453010681336309e+03 9.171500382436285292e+01
8.625653104703438657e+03 8.965542665148957724e+01
8.625853198725535549e+03 9.151467564317221104e+01
8.626053292747637897e+03 9.495025177973060693e+01
8.626253386769738427e+03 9.681103982426897403e+01
8.626453480791838956e+03 9.906577093970467729e+01
8.626653574813939485e+03 9.827797833298755847e+01
8.626853668836040015e+03 9.956967647874424188e+01
8.627053762858138725e+03 9.948854509576695193e+01
8.627253856880241074e+03 1.003376397172859527e+02
8.627453950902339784e+03 9.989116489844889202e+01
8.627654044924442132e+03 1.004906293625685123e+02
8.627854138946540843e+03 9.966719275039349668e+01
8.628054232968641372e+03 1.004752310841848129e+02
8.628254326990741902e+03 9.829453765401670751e+01
8.628454421012842431e+03 9.875091107502176158e+01
8.628654515034942960e+03 9.974657613796968292e+01
8.628854609057043490e+03 1.005356024217531399e+02
8.629054703079144019e+03 1.004896683638405790e+02
8.629254797101244549e+03 1.012780490059646041e+02
8.629454891123343259e+03 1.010568302479640153e+02
8.629654985145445607e+03 1.013019355984945520e+02
8.629855079167544318e+03 1.000988563285158506e+02
8.630055173189646666e+03 9.957417563719327802e+01
8.630255267211745377e+03 9.933217195943008448e+01
8.630455361233845906e+03 1.007439716667891076e+02
8.630655455255946435e+03 1.004774300070257738e+02
8.630855549278046965e+03 9.951723483563662853e+01
8.631055643300147494e+03 1.005878762101421984e+02
8.631255737322248024e+03 1.014612252659633072e+02
8.631455831344346734e+03 9.803338539759050718e+01
8.631655925366449083e+03 1.002443623624660916e+02
8.631856019388547793e+03 9.971931501813745058e+01
8.632056113410650141e+03 1.007352393204589589e+02
8.632256207432750671e+03 1.000181993202426867e+02
8.632456301454849381e+03 1.005544266080933653e+02
8.632656395476949911e+03 9.897405582835708060e+01
8.632856489499050440e+03 1.013620156098904346e+02
8.633056583521150969e+03 9.873088316841040069e+01
8.633256677543253318e+03 9.862156525712526900e+01
8.633456771565350209e+03 9.880304273986631358e+01
8.633656865587452558e+03 1.004370649236499702e+02
8.633856959609551268e+03 9.949349375979780064e+01
8.634057053631653616e+03 1.019707363676597680e+02
8.634257147653754146e+03 1.003537176034658103e+02
8.634457241675854675e+03 9.849003219642959550e+01
8.634657335697953386e+03 1.000560748922607246e+02
8.634857429720053915e+03 1.020693109548273441e+02
8.635057523742156263e+03 1.005160370392090670e+02
8.635257617764256793e+03 9.802424155392070304e+01
8.635457711786357322e+03 9.857172435711660796e+01
8.635657805808456033e+03 1.006213568320800675e+02
8.635857899830556562e+03 1.009763011122254284e+02
8.636057993852657091e+03 9.881411232790281929e+01
8.636258087874759440e+03 1.017599924284942574e+02
8.636458181896858150e+03 9.722469779741025775e+01
8.636658275918958680e+03 9.849051024161067858e+01
8.636858369941057390e+03 9.773973894112796756e+01
8.637058463963159738e+03 9.881999941260795595e+01
8.637258557985260268e+03 9.872558042670988243e+01
8.637458652007360797e+03 1.003949461485055679e+02
8.637658746029461327e+03 9.703467410202600263e+01
8.637858840051560037e+03 9.878608170148123691e+01
8.638058934073660566e+03 9.576815598634927085e+01
8.638259028095762915e+03 1.000684989127487086e+02
8.638459122117861625e+03 1.005965462530444370e+02
8.638659216139963974e+03 9.847289005591339617e+01
8.638859310162060865e+03 9.956751043176994642e+01
8.639059404184163213e+03 9.802460896298676118e+01
8.639259498206263743e+03 9.768292905126740777e+01
8.639459592228364272e+03 1.007145999007801294e+02
8.639659686250464802e+03 9.932640184145394358e+01
8.639859780272565331e+03 9.987115671147184059e+01
8.640059874294664041e+03 9.988925198784515658e+01
8.640259968316766390e+03 9.917218238607497938e+01
8.640460062338865100e+03 9.867521253895719724e+01
8.640660156360967449e+03 1.011284180011262634e+02
8.640860250383066159e+03 9.856522661239132788e+01
8.641060344405166688e+03 1.002400936867831547e+02
8.641260438427267218e+03 9.882370132833813159e+01
8.641460532449367747e+03 9.919500815078700384e+01
8.641660626471468277e+03 1.001032484491197039e+02
8.641860720493568806e+03 9.889728385587474691e+01
8.642060814515669335e+03 9.952974510513124073e+01
8.642260908537769865e+03 1.009167640480759900e+02
8.642461002559868575e+03 1.009427724961382893e+02
8.642661096581970924e+03 9.845109740029809586e+01
8.642861190604069634e+03 9.894292407223440478e+01
8.643061284626171982e+03 9.999991661163109313e+01
8.643261378648270693e+03 1.006954885018803196e+02
8.643461472670371222e+03 1.008224686914924462e+02
8.643661566692471752e+03 1.001447801139172356e+02
8.643861660714572281e+03 9.967205786898855990e+01
8.644061754736672810e+03 1.001254975123287920e+02
8.644261848758773340e+03 1.014590976035603234e+02
8.644461942780872050e+03 1.013728974161058005e+02
8.644662036802974399e+03 1.003620205031840271e+02
8.644862130825073109e+03 9.963839032111572180e+01
8.645062224847175457e+03 9.894259866204966158e+01
8.645262318869275987e+03 9.895873010564011452e+01
8.645462412891374697e+03 1.004258072380489892e+02
8.645662506913475227e+03 9.760586659102813201e+01
8.645862600935575756e+03 9.962342898303481320e+01
8.646062694957676285e+03 9.811266186958532387e+01
8.646262788979778634e+03 1.000617533972597641e+02
8.646462883001875525e+03 9.993098942871709767e+01
8.646662977023977874e+03 9.942574026070985838e+01
8.646863071046076584e+03 1.001214046215051781e+02
8.647063165068178932e+03 9.855848938481902621e+01
8.647263259090279462e+03 1.008422285637387859e+02
8.647463353112379991e+03 9.927596548803734322e+01
8.647663447134478702e+03 9.952265966642298167e+01
8.647863541156579231e+03 1.008846274034725212e+02
8.648063635178679760e+03 1.014426227435870231e+02
8.648263729200782109e+03 1.013124477868672813e+02
8.648463823222880819e+03 9.825010588548249757e+01
8.648663917244981349e+03 9.954270591889411435e+01
8.648864011267080059e+03 9.943626675782883240e+01
8.649064105289182407e+03 9.965737868281840406e+01
8.649264199311282937e+03 9.861724116634154313e+01
8.649464293333383466e+03 9.718936157104430151e+01
8.649664387355483996e+03 9.945814800381354814e+01
8.649864481377582706e+03 9.753065786344599530e+01
8.650064575399683235e+03 1.008603331061969044e+02
8.650264669421785584e+03 9.924955552287606508e+01
8.650464763443884294e+03 9.956205154925700640e+01
8.650664857465986643e+03 1.008032426245668915e+02
8.650864951488083534e+03 9.757474234272598324e+01
8.651065045510185882e+03 9.988391951122686407e+01
8.651265139532286412e+03 1.008226533888619940e+02
8.651465233554386941e+03 1.013628499093149600e+02
8.651665327576487471e+03 9.806397536755738997e+01
8.651865421598586181e+03 9.674682186814442275e+01
8.652065515620686710e+03 9.772182992571499938e+01
8.652265609642789059e+03 1.001055432431552816e+02
8.652465703664887769e+03 9.559661372427794390e+01
8.652665797686990118e+03 9.811404978149478495e+01
8.652865891709088828e+03 9.772271379469860619e+01
8.653065985731189357e+03 9.957926432907638059e+01
8.653266079753291706e+03 9.836123596901728661e+01
8.653466173775390416e+03 1.017707533510164097e+02
8.653666267797492765e+03 9.673834469340404496e+01
8.653866361819591475e+03 9.937537381760247968e+01
8.654066455841692004e+03 9.951801401303463024e+01
8.654266549863792534e+03 1.009131578538960810e+02
8.654466643885893063e+03 9.926664877676947185e+01
8.654666737907993593e+03 9.790025045053468489e+01
8.654866831930094122e+03 9.742906689624554417e+01
8.655066925952194651e+03 9.779048111197586479e+01
8.655267019974295181e+03 9.895545852910848339e+01
8.655467113996393891e+03 9.839031908905609214e+01
8.655667208018496240e+03 9.880415759009879650e+01
8.655867302040594950e+03 9.664284346292843964e+01
8.656067396062697298e+03 9.746411355846288416e+01
8.656267490084796009e+03 9.957291773840979943e+01
8.656467584106896538e+03 9.893030418415838767e+01
8.656667678128997068e+03 9.814877477989547572e+01
8.656867772151097597e+03 9.609441736046707661e+01
8.657067866173198126e+03 9.999339543833168875e+01
8.657267960195300475e+03 1.008156699921692194e+02
8.657468054217397366e+03 1.010330501974213036e+02
8.657668148239499715e+03 9.818090904841709232e+01
8.657868242261598425e+03 9.675318883659778635e+01
8.658068336283700773e+03 9.834067471148293293e+01
8.658268430305801303e+03 9.815921162141087564e+01
8.658468524327900013e+03 9.409112882925391830e+01
8.658668618350000543e+03 9.571654078007574640e+01
8.658868712372101072e+03 9.804682998055491794e+01
8.659068806394201602e+03 9.657237201036849683e+01
8.659268900416303950e+03 9.667318520830409057e+01
8.659468994438400841e+03 9.884056632718295532e+01
8.659669088460503190e+03 9.534556153972221182e+01
8.659869182482601900e+03 9.651756322380856545e+01
8.660069276504704249e+03 9.752289553391122467e+01
8.660269370526804778e+03 9.570358790052017639e+01
8.660469464548905307e+03 9.707006050071619541e+01
8.660669558571004018e+03 9.933773554999524436e+01
8.660869652593104547e+03 9.643418415872943683e+01
8.661069746615205077e+03 9.542632174966888670e+01
8.661269840637307425e+03 9.448433548446000430e+01
8.661469934659406135e+03 9.596873908329509106e+01
8.661670028681506665e+03 9.274782613872579873e+01
8.661870122703605375e+03 9.379237870747262207e+01
8.662070216725707724e+03 9.400971018838498594e+01
8.662270310747808253e+03 9.346007980037836660e+01
8.662470404769908782e+03 9.450194279845237588e+01
8.662670498792009312e+03 9.248626724265089649e+01
8.662870592814108022e+03 8.840305030353917459e+01
8.663070686836208552e+03 8.952989234284666509e+01
8.663270780858310900e+03 8.819729133361892082e+01
8.663470874880409610e+03 8.773605064611108162e+01
8.663670968902511959e+03 8.476134196593714876e+01
8.663871062924608850e+03 8.502804746194480856e+01
8.664071156946711199e+03 8.109438341365380154e+01
8.664271250968811728e+03 8.366978371019207827e+01
8.664471344990912257e+03 7.919856575275470334e+01
8.664671439013012787e+03 7.630030828841833568e+01
8.664871533035113316e+03 7.284877341198672696e+01
8.665071627057212027e+03 7.079227087015770792e+01
8.665271721079314375e+03 6.183385589982198383e+01
8.665471815101413085e+03 5.945023529002531149e+01
8.665671909123515434e+03 5.426225031624212392e+01
8.665872003145614144e+03 4.923748167096974981e+01
8.666072097167714674e+03 4.134015415907953184e+01
8.666272191189815203e+03 4.096300176448310992e+01
8.666472285211915732e+03 4.321009652341881235e+01
8.666672379234016262e+03 5.104801597312191319e+01
8.666872473256116791e+03 5.643007033563556263e+01
8.667072567278215502e+03 6.174469878430128489e+01
8.667272661300317850e+03 6.786353831178985274e+01
8.667472755322416560e+03 7.362079162381888864e+01
8.667672849344518909e+03 7.469001380049607519e+01
8.667872943366617619e+03 7.737239231924152705e+01
8.668073037388719968e+03 7.943558250812577626e+01
8.668273131410818678e+03 8.471047892142406965e+01
8.668473225432919207e+03 8.267548943692129626e+01
8.668673319455019737e+03 8.536605510294835142e+01
8.668873413477120266e+03 8.732828100296255514e+01
8.669073507499220796e+03 8.765168878879956083e+01
8.669273601521321325e+03 8.741124191948884459e+01
8.669473695543420035e+03 8.991507729854804154e+01
8.669673789565522384e+03 9.284678530392811524e+01
8.669873883587621094e+03 9.150279923027203210e+01
8.670073977609723443e+03 9.335932265011263098e+01
8.670274071631823972e+03 9.435499435765719056e+01
8.670474165653922682e+03 9.309628600070756477e+01
8.670674259676023212e+03 9.318081754903666081e+01
8.670874353698123741e+03 9.438427749256008781e+01
8.671074447720224271e+03 9.660135810996314376e+01
8.671274541742326619e+03 9.482698399322889315e+01
8.671474635764423510e+03 9.490101538595305897e+01
8.671674729786525859e+03 9.717121007656517406e+01
8.671874823808626388e+03 9.640748816883304073e+01
8.672074917830726918e+03 9.695649528643829740e+01
8.672275011852829266e+03 9.742564529316554456e+01
8.672475105874927976e+03 9.704081036605579413e+01
8.672675199897028506e+03 9.651027810078316804e+01
8.672875293919127216e+03 9.757314469180808203e+01
8.673075387941229565e+03 9.632682810311592903e+01
8.673275481963330094e+03 9.845764013447218588e+01
8.673475575985430623e+03 9.883389422445186767e+01
8.673675670007529334e+03 9.852374398046917747e+01
8.673875764029629863e+03 9.679687451667973619e+01
8.674075858051730393e+03 9.731944021252550669e+01
8.674275952073832741e+03 9.935197234438295766e+01
8.674476046095931451e+03 9.850419466558724935e+01
8.674676140118031981e+03 9.898027962609877761e+01
8.674876234140130691e+03 9.918667064340172601e+01
8.675076328162233040e+03 1.005152824342219020e+02
8.675276422184333569e+03 9.623379137525371618e+01
8.675476516206434098e+03 9.797842248300248968e+01
8.675676610228534628e+03 9.779566989298604085e+01
8.675876704250633338e+03 1.003539452184618170e+02
8.676076798272733868e+03 9.837832331229850524e+01
8.676276892294836216e+03 9.928814222804358280e+01
8.676476986316934926e+03 9.944160064433246760e+01
8.676677080339037275e+03 9.844788286024909496e+01
8.676877174361134166e+03 9.781364494630247464e+01
8.677077268383236515e+03 9.902730199406023814e+01
8.677277362405337044e+03 9.720391389332726817e+01
8.677477456427437573e+03 9.951077515539597584e+01
8.677677550449538103e+03 9.886136595867753840e+01
8.677877644471638632e+03 9.708397307925507391e+01
8.678077738493737343e+03 9.854903571070038026e+01
8.678277832515839691e+03 9.522543209256339480e+01
8.678477926537938401e+03 9.423198706309894135e+01
8.678678020560040750e+03 9.012501855685378871e+01
8.678878114582139460e+03 8.662534711244754249e+01
8.679078208604239990e+03 8.911592330685958530e+01
8.679278302626340519e+03 9.058614518914161806e+01
8.679478396648441048e+03 9.225800571495761915e+01
8.679678490670541578e+03 9.347469172585432773e+01
8.679878584692642107e+03 9.406354470334572682e+01
8.680078678714740818e+03 9.723828812581220404e+01
8.680278772736843166e+03 9.808025285002246108e+01
8.680478866758941876e+03 9.880025686134882790e+01
8.680678960781044225e+03 9.943552395279694167e+01
8.680879054803142935e+03 9.828274809455741945e+01
8.681079148825245284e+03 1.002767105215750405e+02
8.681279242847343994e+03 1.002509156223019318e+02
8.681479336869444523e+03 1.002640911477959378e+02
8.681679430891545053e+03 1.001110745856071276e+02
8.681879524913645582e+03 9.978706062461854742e+01
8.682079618935746112e+03 9.840015665199992156e+01
8.682279712957846641e+03 1.008399899014058150e+02
8.682479806979945351e+03 9.876706842047026669e+01
8.682679901002047700e+03 9.860604522712547748e+01
8.682879995024146410e+03 9.678136793226181567e+01
8.683080089046248759e+03 9.793592707145000986e+01
8.683280183068349288e+03 9.807170531603503605e+01
8.683480277090447998e+03 9.842550824231655326e+01
8.683680371112548528e+03 9.864935445021461646e+01
8.683880465134649057e+03 9.844685838859979299e+01
8.684080559156749587e+03 9.840445102830460655e+01
8.684280653178851935e+03 1.005329276494332191e+02
8.684480747200948827e+03 9.849071091904411901e+01
8.684680841223051175e+03 9.954499802311173084e+01
8.684880935245149885e+03 9.736699727613913069e+01
8.685081029267252234e+03 9.798144748490189215e+01
8.685281123289352763e+03 9.985816687852883433e+01
8.685481217311453292e+03 9.849644130478313286e+01
8.685681311333552003e+03 9.868046173878158811e+01
8.685881405355652532e+03 9.932982080426350535e+01
8.686081499377753062e+03 9.921761305468638170e+01
8.686281593399855410e+03 1.007240460172919114e+02
8.686481687421954121e+03 9.883877963562487423e+01
8.686681781444054650e+03 9.682988497884487344e+01
8.686881875466153360e+03 9.879155674593511094e+01
8.687081969488255709e+03 9.705298460805938987e+01
8.687282063510356238e+03 9.844230849761584068e+01
8.687482157532456768e+03 1.000022550639931467e+02
8.687682251554555478e+03 1.002401608427118020e+02
8.687882345576656007e+03 1.009962129623916525e+02
8.688082439598756537e+03 9.972447919630035074e+01
8.688282533620858885e+03 9.886922195747227704e+01
8.688482627642957596e+03 9.940336103231668119e+01
8.688682721665059944e+03 1.002827681788253358e+02
8.688882815687156835e+03 9.863058756491730605e+01
8.689082909709259184e+03 1.011040649630853636e+02
8.689283003731359713e+03 1.014836444534151667e+02
8.689483097753460243e+03 1.013353390288500151e+02
8.689683191775560772e+03 1.010527593236950850e+02
8.689883285797659482e+03 1.003296344012210994e+02
8.690083379819761831e+03 1.001925847786406649e+02
8.690283473841862360e+03 9.837733171258405207e+01
8.690483567863962890e+03 1.002228808202003734e+02
8.690683661886063419e+03 9.938915395664845676e+01
8.690883755908163948e+03 9.790339691182957438e+01
8.691083849930262659e+03 9.777514454342335171e+01
8.691283943952365007e+03 1.003462684548988619e+02
8.691484037974463718e+03 1.011021546188950708e+02
8.691684131996566066e+03 9.989254053238579445e+01
8.691884226018664776e+03 9.563937516789378890e+01
8.692084320040765306e+03 9.019173628446762336e+01
8.692284414062865835e+03 8.140696749080251493e+01
8.692484508084966365e+03 7.625221479415124293e+01
8.692684602107066894e+03 7.251557468434226905e+01
8.692884696129167423e+03 7.319768243488273640e+01
8.693084790151267953e+03 8.197378530156231591e+01
8.693284884173368482e+03 9.058947706430494407e+01
8.693484978195467193e+03 9.288851587594162140e+01
8.693685072217569541e+03 9.575325801331996445e+01
8.693885166239668251e+03 9.763750949860512662e+01
8.694085260261770600e+03 9.828749306979648281e+01
8.694285354283869310e+03 9.998870351521546240e+01
8.694485448305969840e+03 9.906239697229412400e+01
8.694685542328070369e+03 1.001705496050100521e+02
8.694885636350170898e+03 9.970472631668829422e+01
8.695085730372271428e+03 9.997912782568803891e+01
8.695285824394371957e+03 1.006961493023185596e+02
8.695485918416470668e+03 1.001484950141160652e+02
8.695686012438573016e+03 1.011199981093449196e+02
8.695886106460671726e+03 1.021267712881899712e+02
8.696086200482774075e+03 1.005084025889447759e+02
8.696286294504874604e+03 9.926754240289761810e+01
8.696486388526973315e+03 1.003318668618555165e+02
8.696686482549073844e+03 9.916764823201999945e+01
8.696886576571174373e+03 9.950932390801334293e+01
8.697086670593274903e+03 9.908283235770547037e+01
8.697286764615377251e+03 9.923065012533531615e+01
8.697486858637474143e+03 1.007829008447424997e+02
8.697686952659576491e+03 9.842214349268749629e+01
8.697887046681675201e+03 1.001731719216455332e+02
8.698087140703777550e+03 1.001099533778816948e+02
8.698287234725878079e+03 9.931045451462824758e+01
8.698487328747978609e+03 1.011600156476646504e+02
8.698687422770077319e+03 1.005091759640850171e+02
8.698887516792177848e+03 9.941166920959973652e+01
8.699087610814278378e+03 9.805970034036670313e+01
8.699287704836380726e+03 9.945103693932067301e+01
8.699487798858479437e+03 9.880978007500348781e+01
8.699687892880579966e+03 1.020619568749321644e+02
8.699887986902678676e+03 9.888385674563848227e+01
8.700088080924781025e+03 9.892398495573330308e+01
8.700288174946881554e+03 9.997191117219965406e+01
8.700488268968982084e+03 9.798181802047918154e+01
8.700688362991082613e+03 9.940831037894551514e+01
8.700888457013181323e+03 9.903449794509675996e+01
8.701088551035281853e+03 1.009504335952723437e+02
8.701288645057384201e+03 9.993114619202336257e+01
8.701488739079482912e+03 1.019092846896751610e+02
8.701688833101585260e+03 9.952588005516081182e+01
8.701888927123682151e+03 1.006753313662049436e+02
8.702089021145784500e+03 9.853047853594087258e+01
8.702289115167885029e+03 1.009699800350526004e+02
8.702489209189985559e+03 9.813782053178161391e+01
8.702689303212086088e+03 9.763757031404273334e+01
8.702889397234184798e+03 1.000537881068974002e+02
8.703089491256285328e+03 9.869785269743404399e+01
8.703289585278387676e+03 9.765457867681861615e+01
8.703489679300486387e+03 9.807705355323044216e+01
8.703689773322588735e+03 9.659890382937265940e+01
8.703889867344687445e+03 9.656421967443870358e+01
8.704089961366787975e+03 9.696248699080169331e+01
8.704290055388888504e+03 9.963550589958364867e+01
8.704490149410989034e+03 1.001020001948009366e+02
8.704690243433089563e+03 1.009243402413324020e+02
8.704890337455190092e+03 9.890357980210657729e+01
8.705090431477288803e+03 1.019741122512004097e+02
8.705290525499391151e+03 9.993000253196029803e+01
8.705490619521489862e+03 9.991719694600381274e+01
8.705690713543592210e+03 1.015276872417165066e+02
8.705890807565690920e+03 1.013986222584288015e+02
8.706090901587793269e+03 1.020238936807163981e+02
8.706290995609891979e+03 1.008528548818374020e+02
8.706491089631992509e+03 9.756771617611273939e+01
8.706691183654093038e+03 1.002036814231199742e+02
8.706891277676193567e+03 9.717791211641606708e+01
8.707091371698294097e+03 1.017654625153801504e+02
8.707291465720394626e+03 9.921001073935488535e+01
8.707491559742493337e+03 9.886240905295628068e+01
8.707691653764595685e+03 1.021100798853870231e+02
8.707891747786694395e+03 1.001420137137091473e+02
8.708091841808796744e+03 1.013079794182059743e+02
8.708291935830899092e+03 9.865182975661367948e+01
8.708492029852995984e+03 1.017713296593415890e+02
8.708692123875098332e+03 9.805549553728330636e+01
8.708892217897197042e+03 9.908839162321167748e+01
8.709092311919299391e+03 9.986226122833414820e+01
8.709292405941399920e+03 9.931599108924561392e+01
8.709492499963498631e+03 9.947643494253601659e+01
8.709692593985599160e+03 1.003503790626130439e+02
8.709892688007699689e+03 9.823678354656942702e+01
8.710092782029800219e+03 9.951642487233723955e+01
8.710292876051902567e+03 9.972553444617113882e+01
8.710492970073999459e+03 9.754805612384124913e+01
8.710693064096101807e+03 9.935335612582464648e+01
8.710893158118200517e+03 9.902120012275584315e+01
8.711093252140302866e+03 9.903805768513565511e+01
8.711293346162403395e+03 1.001025820587948374e+02
8.711493440184503925e+03 1.012686644232697262e+02
8.711693534206602635e+03 1.005043038769834709e+02
8.711893628228703164e+03 1.008350614655235091e+02
8.712093722250803694e+03 9.888339812876787960e+01
8.712293816272906042e+03 9.923978169182012721e+01
8.712493910295004753e+03 1.011800918542745791e+02
8.712694004317105282e+03 1.010381183842873014e+02
8.712894098339203993e+03 1.000944460142173682e+02
8.713094192361306341e+03 1.009127200977372354e+02
8.713294286383406870e+03 9.936538789631447344e+01
8.713494380405507400e+03 9.968286938189504554e+01
8.713694474427607929e+03 1.013853307913747130e+02
8.713894568449706640e+03 9.659236086544540001e+01
8.714094662471807169e+03 9.593210451609988354e+01
8.714294756493909517e+03 9.691645697553970251e+01
8.714494850516008228e+03 9.180285571807085887e+01
8.714694944538110576e+03 9.290886091613822373e+01
8.714895038560207468e+03 9.620135454924117369e+01
8.715095132582309816e+03 9.794691988051383191e+01
8.715295226604410345e+03 9.840271721246398329e+01
8.715495320626510875e+03 1.009857737532736905e+02
8.715695414648611404e+03 9.942474260436965494e+01
8.715895508670711934e+03 9.988207682054196823e+01
8.716095602692810644e+03 9.967049162198750878e+01
8.716295696714912992e+03 9.983637832694340375e+01
8.716495790737011703e+03 9.744431638215600344e+01
8.716695884759114051e+03 9.832450815614078010e+01
8.716895978781212762e+03 9.648074112577222650e+01
8.717096072803313291e+03 9.621516719006322660e+01
8.717296166825413820e+03 9.247270660298502776e+01
8.717496260847514350e+03 9.418705632422160079e+01
8.717696354869614879e+03 9.869890118262652834e+01
8.717896448891715409e+03 1.002611899611194701e+02
8.718096542913814119e+03 9.971170969022109887e+01
8.718296636935916467e+03 9.925749767009718028e+01
8.718496730958015178e+03 1.001767655402352091e+02
8.718696824980117526e+03 1.002579836405929115e+02
8.718896919002216237e+03 9.963798724571918797e+01
8.719097013024318585e+03 1.000370876040302051e+02
8.719297107046417295e+03 1.006853579698811103e+02
8.719497201068517825e+03 1.007002047608512640e+02
8.719697295090618354e+03 9.982536975045691463e+01
8.719897389112718884e+03 1.007119589069511392e+02
8.720097483134819413e+03 1.002305845052230069e+02
8.720297577156919942e+03 9.948005740074202663e+01
8.720497671179018653e+03 9.795570121600077584e+01
8.720697765201121001e+03 9.841344756959925633e+01
8.720897859223219712e+03 1.010878583091646306e+02
8.721097953245322060e+03 1.006326090596555360e+02
8.721298047267422589e+03 9.942182003672905921e+01
8.721498141289521300e+03 9.757081637089902415e+01
8.721698235311621829e+03 9.682064227271943935e+01
8.721898329333722359e+03 9.733769573466913982e+01
8.722098423355822888e+03 9.687684613993963012e+01
8.722298517377925236e+03 9.735197273172965993e+01
8.722498611400022128e+03 1.006307263918611881e+02
8.722698705422124476e+03 9.896327918514727173e+01
8.722898799444223187e+03 9.895157259529540283e+01
8.723098893466325535e+03 9.973002301584722318e+01
8.723298987488426064e+03 9.673943519986667638e+01
8.723499081510524775e+03 9.932547385894021374e+01
8.723699175532625304e+03 9.893725135872020360e+01
8.723899269554725834e+03 1.005145908875516199e+02
8.724099363576826363e+03 9.912111091016815578e+01
8.724299457598928711e+03 9.968213112472740534e+01
8.724499551621027422e+03 1.006048701573925541e+02
8.724699645643127951e+03 1.001965337069641322e+02
8.724899739665226662e+03 9.959690687956151578e+01
8.725099833687329010e+03 1.022373050070566762e+02
8.725299927709429539e+03 1.008852143139523889e+02
8.725500021731530069e+03 9.903800096618121529e+01
8.725700115753628779e+03 9.987031727460551167e+01
8.725900209775729309e+03 1.012616979977062073e+02
8.726100303797829838e+03 9.925760487003844901e+01
8.726300397819932186e+03 1.003178080950558382e+02
8.726500491842032716e+03 1.012938491986605953e+02
8.726700585864133245e+03 9.952458582735981452e+01
8.726900679886231956e+03 9.964888531904307456e+01
8.727100773908332485e+03 9.955704119450670930e+01
8.727300867930434833e+03 1.016868892439989054e+02
8.727500961952533544e+03 1.006771700677984853e+02
8.727701055974635892e+03 1.002230888152786861e+02
8.727901149996732784e+03 9.912457389007268205e+01
8.728101244018835132e+03 9.892125562772892522e+01
8.728301338040935661e+03 9.952187862837001830e+01
8.728501432063036191e+03 9.929450352696522941e+01
8.728701526085136720e+03 9.961716585546244573e+01
8.728901620107237250e+03 9.871041924300678261e+01
8.729101714129335960e+03 1.007778622437200795e+02
8.729301808151438308e+03 9.945917294812930720e+01
8.729501902173537019e+03 1.008447573493342162e+02
8.729701996195639367e+03 1.014940166036641926e+02
8.729902090217738078e+03 1.000037701824926302e+02
8.730102184239838607e+03 9.994791467534750495e+01
8.730302278261939136e+03 1.001827605762279063e+02
8.730502372284039666e+03 9.974714621515359170e+01
8.730702466306140195e+03 9.853689972411854114e+01
8.730902560328240725e+03 9.892096917689146096e+01
8.731102654350339435e+03 9.925257784009168915e+01
8.731302748372441783e+03 1.005312723881853572e+02
8.731502842394540494e+03 1.000372061689297993e+02
8.731702936416642842e+03 9.774950549437630798e+01
8.731903030438741553e+03 9.814922533722398157e+01
8.732103124460843901e+03 9.888721718724508492e+01
8.732303218482942611e+03 1.007764873267789483e+02
8.732503312505043141e+03 9.774997449130061966e+01
8.732703406527143670e+03 9.997323875179826302e+01
8.732903500549244200e+03 1.013554787646748707e+02
8.733103594571344729e+03 1.004588456431765024e+02
8.733303688593445258e+03 9.956236588665908016e+01
8.733503782615543969e+03 9.937857037525478177e+01
8.733703876637646317e+03 9.837533290926330665e+01
8.733903970659745028e+03 1.011852139129208723e+02
8.734104064681847376e+03 9.920002313888106471e+01
