8.477965044165395739e+03 1.000090262570645052e+02
8.478164996171155508e+03 1.020348367728385597e+02
8.478364948176913458e+03 1.008388190673788500e+02
8.478564900182673227e+03 9.780267318331290483e+01
8.478764852188431178e+03 9.964640496990998031e+01
8.478964804194189128e+03 9.776862266047575645e+01
8.479164756199948897e+03 9.728113112174858657e+01
8.479364708205706847e+03 9.820750020990438145e+01
8.479564660211466617e+03 9.640537893689982241e+01
8.479764612217222748e+03 9.549591956376883672e+01
8.479964564222982517e+03 9.359960701842339859e+01
8.480164516228740467e+03 9.752963711973085026e+01
8.480364468234498418e+03 9.525408827528332267e+01
8.480564420240258187e+03 9.731459968232262270e+01
8.480764372246016137e+03 9.798039814487154331e+01
8.480964324251775906e+03 1.007920094506778241e+02
8.481164276257535676e+03 1.001626777518777516e+02
8.481364228263291807e+03 9.921883139749573388e+01
8.481564180269051576e+03 9.993558608994285919e+01
8.481764132274809526e+03 9.834224684386956028e+01
8.481964084280569296e+03 1.015774425529511831e+02
8.482164036286329065e+03 1.002671093220470482e+02
8.482363988292087015e+03 1.000654840318008354e+02
8.482563940297844965e+03 1.007737639590843628e+02
8.482763892303601097e+03 9.854920482733787424e+01
8.482963844309360866e+03 9.964365902733337066e+01
8.483163796315120635e+03 1.001280164787789602e+02
8.483363748320878585e+03 9.829769758430600746e+01
8.483563700326638354e+03 9.822793097713505972e+01
8.483763652332394486e+03 1.002031741689896620e+02
8.483963604338154255e+03 9.972526696773873311e+01
8.484163556343914024e+03 9.952058150455663110e+01
8.484363508349671974e+03 1.012171860219128376e+02
8.484563460355431744e+03 9.949265383680227615e+01
8.484763412361189694e+03 9.777690869245137151e+01
8.484963364366947644e+03 9.905269189424042509e+01
8.485163316372707413e+03 9.921822635545838409e+01
8.485363268378465364e+03 1.012774575464731868e+02
8.485563220384225133e+03 1.000168118976691289e+02
8.485763172389981264e+03 9.985384899056651875e+01
8.485963124395741033e+03 1.021875692767455917e+02
8.486163076401498984e+03 9.878274970423576917e+01
8.486363028407256934e+03 9.973483884395901100e+01
8.486562980413016703e+03 9.881190455745904444e+01
8.486762932418774653e+03 1.003076213270902883e+02
8.486962884424534423e+03 9.786245098757717642e+01
8.487162836430294192e+03 9.798600967034103348e+01
8.487362788436050323e+03 9.958870565009551967e+01
8.487562740441810092e+03 9.835779272646101390e+01
8.487762692447568043e+03 9.952977736658053232e+01
8.487962644453327812e+03 9.739686409103799747e+01
8.488162596459087581e+03 9.953877643994270841e+01
8.488362548464845531e+03 9.921214014423935623e+01
8.488562500470603482e+03 9.826575252312485986e+01
8.488762452476359613e+03 9.939120822728408200e+01
8.488962404482119382e+03 9.874381903616382772e+01
8.489162356487879151e+03 1.014676126770186357e+02
8.489362308493637101e+03 9.984259089513867025e+01
8.489562260499396871e+03 9.896049291764239797e+01
8.489762212505153002e+03 9.844879354982748509e+01
8.489962164510912771e+03 9.860359882304106804e+01
8.490162116516672540e+03 9.882884672181268115e+01
8.490362068522430491e+03 9.808014812623929402e+01
8.490562020528190260e+03 9.814476395895556493e+01
8.490761972533948210e+03 9.829686931083710988e+01
8.490961924539706160e+03 9.979862917403397660e+01
8.491161876545465930e+03 9.913318683446752289e+01
8.491361828551223880e+03 9.797496928272920513e+01
8.491561780556983649e+03 9.811317668438458384e+01
8.491761732562739780e+03 9.861339972323182224e+01
8.491961684568499550e+03 9.864965190495206571e+01
8.492161636574257500e+03 9.607864171721234925e+01
8.492361588580015450e+03 9.862611912008368620e+01
8.492561540585775219e+03 9.795190037647185477e+01
8.492761492591533170e+03 9.518063014161404567e+01
8.492961444597292939e+03 9.453976693654746555e+01
8.493161396603052708e+03 9.661486843573663919e+01
8.493361348608808839e+03 9.594213666060436196e+01
8.493561300614568609e+03 9.546996726807593348e+01
8.493761252620326559e+03 9.226616582545946699e+01
8.493961204626086328e+03 9.157837797716612727e+01
8.494161156631846097e+03 9.287914445138930830e+01
8.494361108637604048e+03 8.855517295225955365e+01
8.494561060643361998e+03 8.670024002547138764e+01
8.494761012649118129e+03 7.851083956999893587e+01
8.494960964654877898e+03 7.453763528743479583e+01
8.495160916660637668e+03 6.967436994708687337e+01
8.495360868666395618e+03 6.311079273257814037e+01
8.495560820672155387e+03 5.602715002894204588e+01
8.495760772677911518e+03 5.097458072829269327e+01
8.495960724683671287e+03 4.826211251427840665e+01
8.496160676689431057e+03 5.108824169431871809e+01
8.496360628695189007e+03 5.430575944697019253e+01
8.496560580700948776e+03 6.406897257882455676e+01
8.496760532706706726e+03 6.901636309990149698e+01
8.496960484712464677e+03 7.593570511787432054e+01
8.497160436718224446e+03 8.237663698763583398e+01
8.497360388723982396e+03 8.724286881325031118e+01
8.497560340729742165e+03 8.813170830438741632e+01
8.497760292735498297e+03 9.219577809944588864e+01
8.497960244741258066e+03 9.348410229235449265e+01
8.498160196747016016e+03 9.429944384311112060e+01
8.498360148752773966e+03 9.425622574871584902e+01
8.498560100758533736e+03 9.808395211167490402e+01
8.498760052764291686e+03 9.380550818145286485e+01
8.498960004770051455e+03 9.590807071993178567e+01
8.499159956775811224e+03 9.563829876627629289e+01
8.499359908781567356e+03 9.479546659296354960e+01
8.499559860787327125e+03 9.464186628021350600e+01
8.499759812793085075e+03 9.248782120446922761e+01
8.499959764798844844e+03 9.229439009608081790e+01
8.500159716804604614e+03 9.355515055392079660e+01
8.500359668810362564e+03 9.048445273948865974e+01
8.500559620816120514e+03 9.255078095285517747e+01
8.500759572821876645e+03 9.521999837462811911e+01
8.500959524827636415e+03 9.743589633256040372e+01
8.501159476833396184e+03 9.579738480065807948e+01
8.501359428839154134e+03 9.685963807549951810e+01
8.501559380844913903e+03 9.559336717447168041e+01
8.501759332850670035e+03 9.767097418205430870e+01
8.501959284856429804e+03 1.005210252322441846e+02
8.502159236862189573e+03 9.899324594922876486e+01
8.502359188867947523e+03 9.862658827120237959e+01
8.502559140873707292e+03 9.678450800760850825e+01
8.502759092879465243e+03 9.960788168579252044e+01
8.502959044885223193e+03 9.963221080062579915e+01
8.503158996890982962e+03 9.755352066871995476e+01
8.503358948896740912e+03 9.959702429069407970e+01
8.503558900902500682e+03 1.003855568611237175e+02
8.503758852908256813e+03 9.931515398753948887e+01
8.503958804914016582e+03 9.992202048056012131e+01
8.504158756919776351e+03 9.723587504380708424e+01
8.504358708925532483e+03 9.885467325258279914e+01
8.504558660931292252e+03 9.765237239499103339e+01
8.504758612937050202e+03 1.006399995651298553e+02
8.504958564942809971e+03 9.815696417299881205e+01
8.505158516948569741e+03 1.005079153103648792e+02
8.505358468954327691e+03 9.852026611847544757e+01
8.505558420960085641e+03 1.006254938730512265e+02
8.505758372965843591e+03 9.814729740530681568e+01
8.505958324971603361e+03 9.847203118326144988e+01
8.506158276977363130e+03 1.010122645594269102e+02
8.506358228983121080e+03 9.977563148151830319e+01
8.506558180988880849e+03 9.986911260471401874e+01
8.506758132994635162e+03 9.920749454828869318e+01
8.506958085000394931e+03 9.880786645675789259e+01
8.507158037006154700e+03 9.857690035576536047e+01
8.507357989011912650e+03 1.001255812186313392e+02
8.507557941017672420e+03 9.901086694312076020e+01
8.507757893023430370e+03 9.825778184447266028e+01
8.507957845029188320e+03 9.872269259180491474e+01
8.508157797034948089e+03 9.825870255771488360e+01
8.508357749040706040e+03 9.886190789280068714e+01
8.508557701046465809e+03 9.919564062317327569e+01
8.508757653052223759e+03 9.935542176447354734e+01
8.508957605057983528e+03 9.935327590095039341e+01
8.509157557063741478e+03 1.000410349311553517e+02
8.509357509069499429e+03 9.982819113713274817e+01
8.509557461075259198e+03 1.011372877167570721e+02
8.509757413081015329e+03 9.845499068847522040e+01
8.509957365086775098e+03 9.930937386510142062e+01
8.510157317092534868e+03 9.961499141686996950e+01
8.510357269098290999e+03 9.904743649573430275e+01
8.510557221104050768e+03 1.000276088067224123e+02
8.510757173109808718e+03 9.844511725027921045e+01
8.510957125115568488e+03 1.001233396670093185e+02
8.511157077121328257e+03 9.950184511272463794e+01
8.511357029127086207e+03 9.758969030684114898e+01
8.511556981132844157e+03 9.430762832668115436e+01
8.511756933138602108e+03 9.127727144765403011e+01
8.511956885144361877e+03 8.897386190373062220e+01
8.512156837150121646e+03 8.846945727201044463e+01
8.512356789155879596e+03 8.840126682715731476e+01
8.512556741161639366e+03 9.476316096324319460e+01
8.512756693167393678e+03 9.440848954336233589e+01
8.512956645173153447e+03 9.426580147634491880e+01
8.513156597178913216e+03 9.650857107416879899e+01
8.513356549184671167e+03 9.755710195244708416e+01
8.513556501190430936e+03 9.842998131591419053e+01
8.513756453196188886e+03 1.002421103276891472e+02
8.513956405201946836e+03 1.000054230900125276e+02
8.514156357207706606e+03 9.923468464432190217e+01
8.514356309213464556e+03 9.973883968106444797e+01
8.514556261219224325e+03 9.918595412288020441e+01
8.514756213224982275e+03 9.995383917100987503e+01
8.514956165230742045e+03 9.771034568619899119e+01
8.515156117236499995e+03 9.910020279633162943e+01
8.515356069242257945e+03 1.015794453813351907e+02
8.515556021248017714e+03 9.934143511936390780e+01
8.515755973253773845e+03 1.010757818920883437e+02
8.515955925259533615e+03 9.878316076283253722e+01
8.516155877265293384e+03 9.721943467268140182e+01
8.516355829271049515e+03 9.772665928940304525e+01
8.516555781276809284e+03 9.731506374709198326e+01
8.516755733282567235e+03 9.908264465614730909e+01
8.516955685288327004e+03 9.924058252451084172e+01
8.517155637294086773e+03 9.907260462324641992e+01
8.517355589299844723e+03 1.002864120205180853e+02
8.517555541305602674e+03 9.978780083916798560e+01
8.517755493311360624e+03 1.000054201107559066e+02
8.517955445317120393e+03 1.022866573320009280e+02
8.518155397322880162e+03 9.996914743537678305e+01
8.518355349328638113e+03 9.945044311391001202e+01
8.518555301334397882e+03 9.963814445472550574e+01
8.518755253340152194e+03 9.989549484483647745e+01
8.518955205345911963e+03 1.003022742812243564e+02
8.519155157351671733e+03 9.956809095890208994e+01
8.519355109357429683e+03 9.924165696249693269e+01
8.519555061363189452e+03 9.920327995698927737e+01
8.519755013368947402e+03 9.973102520466706267e+01
8.519954965374705353e+03 9.885503606882966210e+01
8.520154917380465122e+03 1.004608572756462763e+02
8.520354869386223072e+03 9.762250385490818871e+01
8.520554821391982841e+03 9.925662692602934101e+01
8.520754773397740792e+03 9.935199283333130893e+01
8.520954725403500561e+03 1.001387249106931279e+02
8.521154677409258511e+03 9.822428475022194050e+01
8.521354629415016461e+03 9.977928965534489691e+01
8.521554581420776231e+03 9.872227187237008650e+01
8.521754533426532362e+03 1.000734757053343316e+02
8.521954485432292131e+03 9.896875194067283132e+01
8.522154437438051900e+03 9.875143046332946994e+01
8.522354389443808032e+03 9.972129862162501013e+01
8.522554341449567801e+03 9.811229138409183292e+01
8.522754293455325751e+03 9.920099569609686796e+01
8.522954245461085520e+03 9.959296423346327742e+01
8.523154197466845289e+03 9.924453690064709122e+01
8.523354149472603240e+03 9.892748247893420910e+01
8.523554101478361190e+03 9.722907959485665685e+01
8.523754053484119140e+03 9.757991089175635580e+01
8.523954005489878909e+03 9.851441513208015976e+01
8.524153957495638679e+03 9.841261646092301874e+01
8.524353909501396629e+03 9.657224519048237710e+01
8.524553861507156398e+03 9.474941191345780567e+01
8.524753813512910710e+03 9.336950374239272321e+01
8.524953765518670480e+03 9.566829782817406169e+01
8.525153717524430249e+03 9.331885042247689910e+01
8.525353669530188199e+03 9.548568256380485764e+01
8.525553621535947968e+03 9.678773725116585069e+01
8.525753573541705919e+03 9.676080518324738478e+01
8.525953525547463869e+03 9.497389312591899113e+01
8.526153477553223638e+03 9.733611969421794186e+01
8.526353429558981588e+03 9.818816839858266121e+01
8.526553381564741358e+03 9.977901949109376289e+01
8.526753333570499308e+03 9.751547047224151754e+01
8.526953285576259077e+03 9.614305535324817242e+01
8.527153237582017027e+03 9.720367518505210569e+01
8.527353189587774978e+03 9.838268297678692420e+01
8.527553141593534747e+03 9.761118581264909722e+01
8.527753093599290878e+03 9.813095539326992878e+01
8.527953045605050647e+03 9.642956287619895761e+01
8.528152997610810417e+03 9.701119378473970301e+01
8.528352949616566548e+03 9.913504707017261808e+01
8.528552901622326317e+03 9.924559631146362904e+01
8.528752853628084267e+03 9.869947457943257518e+01
8.528952805633844036e+03 9.855051334270102359e+01
8.529152757639603806e+03 9.859543500079611533e+01
8.529352709645361756e+03 1.008047031457952727e+02
8.529552661651119706e+03 9.552882248080592831e+01
8.529752613656877656e+03 9.798156047830157434e+01
8.529952565662637426e+03 9.971201366208291006e+01
8.530152517668397195e+03 9.771232250703138789e+01
8.530352469674155145e+03 9.919658135749217820e+01
8.530552421679914914e+03 9.783103236443042761e+01
8.530752373685669227e+03 9.832807810287935979e+01
8.530952325691428996e+03 9.682952302625461982e+01
8.531152277697188765e+03 9.615220156027780263e+01
8.531352229702946715e+03 9.772950450183918747e+01
8.531552181708706485e+03 9.756830899425038695e+01
8.531752133714464435e+03 9.569525082970396568e+01
8.531952085720222385e+03 9.687142002240534566e+01
8.532152037725982154e+03 9.805321783197058494e+01
8.532351989731740105e+03 9.633811458598590605e+01
8.532551941737499874e+03 9.674738645677237514e+01
8.532751893743257824e+03 9.488631597636491222e+01
8.532951845749017593e+03 9.509758723873844133e+01
8.533151797754775544e+03 9.516614052259809853e+01
8.533351749760533494e+03 9.500851559011721292e+01
8.533551701766293263e+03 9.410460890534596956e+01
8.533751653772049394e+03 9.257047729325098828e+01
8.533951605777809164e+03 9.175547313395937010e+01
8.534151557783568933e+03 9.024918684245619716e+01
8.534351509789325064e+03 9.225155950556251128e+01
8.534551461795084833e+03 9.066845680814050468e+01
8.534751413800842784e+03 9.108010875623321567e+01
8.534951365806602553e+03 9.146029008776224600e+01
8.535151317812362322e+03 9.110507011799647614e+01
8.535351269818120272e+03 9.045318418560589180e+01
8.535551221823878222e+03 8.933154565459659580e+01
8.535751173829636173e+03 8.922099492587420855e+01
8.535951125835395942e+03 8.844394382508163233e+01
8.536151077841155711e+03 8.605922845022325873e+01
8.536351029846913661e+03 8.704775541738757738e+01
8.536550981852673431e+03 8.546084700961827707e+01
8.536750933858427743e+03 8.393032077948682002e+01
8.536950885864187512e+03 8.227820452251010863e+01
8.537150837869947281e+03 8.022165976302646584e+01
8.537350789875705232e+03 7.972772911170778798e+01
8.537550741881465001e+03 7.854831344201937782e+01
8.537750693887222951e+03 7.751232971315218379e+01
8.537950645892980901e+03 7.515958080627443394e+01
8.538150597898740671e+03 7.139848021957566004e+01
8.538350549904498621e+03 7.053741213041098490e+01
8.538550501910258390e+03 6.781516555529339030e+01
8.538750453916016340e+03 6.501809518117319442e+01
8.538950405921776110e+03 6.080870624109208933e+01
8.539150357927534060e+03 5.851250399908990829e+01
8.539350309933292010e+03 5.474633225835735573e+01
8.539550261939051779e+03 4.725821725867913159e+01
8.539750213944807911e+03 3.976952888363639715e+01
8.539950165950567680e+03 3.482570311178842815e+01
8.540150117956327449e+03 3.723945170597841070e+01
8.540350069962083580e+03 4.069479361407343987e+01
8.540550021967843350e+03 4.855585069245451990e+01
8.540749973973601300e+03 5.472861057329502188e+01
8.540949925979361069e+03 5.909574897897410750e+01
8.541149877985120838e+03 6.276236926451278464e+01
8.541349829990878789e+03 6.538108347496904571e+01
8.541549781996636739e+03 6.607271770168958369e+01
8.541749734002394689e+03 7.276341446739340313e+01
8.541949686008154458e+03 7.148373506470090888e+01
8.542149638013914227e+03 7.504944567029761515e+01
8.542349590019672178e+03 7.662665316332829946e+01
8.542549542025431947e+03 7.832327538820028678e+01
8.542749494031186259e+03 7.914994288760367169e+01
8.542949446036946028e+03 8.094495468538589478e+01
8.543149398042705798e+03 8.124252794176489090e+01
8.543349350048463748e+03 8.433408012469739390e+01
8.543549302054223517e+03 8.591754283122024560e+01
8.543749254059981467e+03 8.507802188607936955e+01
8.543949206065739418e+03 8.822824683281025671e+01
8.544149158071499187e+03 8.684226623094004083e+01
8.544349110077257137e+03 9.006777996683740639e+01
8.544549062083016906e+03 9.115087753809402216e+01
8.544749014088774857e+03 9.169988396828118482e+01
8.544948966094534626e+03 9.223961898513219637e+01
8.545148918100292576e+03 8.927408345253383004e+01
8.545348870106050526e+03 9.088059829884063845e+01
8.545548822111810296e+03 9.254201604554670268e+01
8.545748774117566427e+03 9.145817447417115886e+01
8.545948726123326196e+03 9.338990979332389486e+01
8.546148678129085965e+03 9.362920578920196135e+01
8.546348630134842097e+03 9.496330996510511113e+01
8.546548582140601866e+03 9.379014754194813008e+01
8.546748534146359816e+03 9.205370018068477123e+01
8.546948486152119585e+03 9.631831032205860765e+01
8.547148438157879355e+03 9.341781210681887160e+01
8.547348390163637305e+03 9.524142685761563598e+01
8.547548342169395255e+03 9.495590429463155147e+01
8.547748294175153205e+03 9.663697944766863657e+01
8.547948246180912975e+03 9.712852212570436450e+01
8.548148198186672744e+03 9.479737321533976058e+01
8.548348150192430694e+03 9.499229693462838497e+01
8.548548102198190463e+03 9.581506221195235184e+01
8.548748054203944776e+03 9.672168586187675032e+01
8.548948006209704545e+03 9.596375343645539147e+01
8.549147958215464314e+03 9.659116002096273235e+01
8.549347910221222264e+03 9.647435331191483954e+01
8.549547862226982033e+03 9.880811790676528972e+01
8.549747814232739984e+03 9.633033998953744970e+01
8.549947766238497934e+03 9.586105746420908247e+01
8.550147718244257703e+03 9.867637531504226445e+01
8.550347670250015653e+03 9.679152447964783335e+01
8.550547622255775423e+03 9.698358066804750877e+01
8.550747574261533373e+03 9.651240642247357471e+01
8.550947526267293142e+03 9.658085099757687431e+01
8.551147478273051092e+03 9.650514370839852063e+01
8.551347430278809043e+03 9.756244455848157315e+01
8.551547382284568812e+03 9.848781876980325478e+01
8.551747334290324943e+03 9.775850075500757441e+01
8.551947286296084712e+03 9.686691797016776206e+01
8.552147238301844482e+03 9.903473206171281618e+01
8.552347190307600613e+03 9.816372043553285209e+01
8.552547142313360382e+03 9.819252290338255307e+01
8.552747094319118332e+03 1.006892830855356351e+02
8.552947046324878102e+03 9.568325859081532769e+01
8.553146998330637871e+03 9.920745419508637042e+01
8.553346950336395821e+03 9.893126343669497658e+01
8.553546902342153771e+03 9.770420477888436039e+01
8.553746854347911722e+03 9.931799405850772189e+01
8.553946806353671491e+03 9.857896833853718022e+01
8.554146758359431260e+03 9.712225092720241548e+01
8.554346710365189210e+03 9.510835043588097903e+01
8.554546662370948980e+03 9.274825118164542914e+01
8.554746614376703292e+03 9.122243137071502872e+01
8.554946566382463061e+03 9.149056590362533825e+01
8.555146518388222830e+03 9.532688990882810742e+01
8.555346470393980780e+03 9.886181408123779590e+01
8.555546422399740550e+03 9.901109590780234271e+01
8.555746374405498500e+03 9.935090020336197369e+01
8.555946326411256450e+03 9.972683782107698391e+01
8.556146278417016219e+03 9.951395184773159031e+01
8.556346230422774170e+03 9.850951594438005543e+01
8.556546182428533939e+03 9.805842959332790088e+01
8.556746134434291889e+03 1.008516692984632073e+02
8.556946086440051658e+03 9.913057891777467034e+01
8.557146038445809609e+03 9.709279566500902092e+01
8.557345990451567559e+03 9.991545734728364891e+01
8.557545942457327328e+03 9.850094583888642319e+01
8.557745894463083459e+03 1.005614904931753273e+02
8.557945846468843229e+03 9.834186197359565540e+01
8.558145798474602998e+03 9.863166150922695863e+01
8.558345750480359129e+03 9.733660333411310717e+01
8.558545702486118898e+03 9.990671520015261819e+01
8.558745654491876849e+03 9.806990018789475982e+01
8.558945606497636618e+03 1.018711170924392206e+02
8.559145558503396387e+03 9.766666069358912239e+01
8.559345510509154337e+03 9.837176445113166778e+01
8.559545462514912288e+03 9.794694212295777902e+01
8.559745414520670238e+03 9.962925872512332148e+01
8.559945366526430007e+03 9.881129594364861646e+01
8.560145318532189776e+03 9.935092492412508136e+01
8.560345270537947727e+03 9.882931858192087304e+01
8.560545222543707496e+03 9.947393956675099957e+01
8.560745174549461808e+03 9.921341631094458080e+01
8.560945126555221577e+03 9.937219052930224450e+01
8.561145078560981347e+03 9.810710432491998745e+01
8.561345030566739297e+03 9.944814049345251306e+01
8.561544982572499066e+03 1.001357662879491386e+02
8.561744934578257016e+03 9.885176492006306148e+01
8.561944886584014967e+03 9.802015087313027664e+01
8.562144838589774736e+03 9.876016167601639495e+01
8.562344790595532686e+03 9.942865786135887163e+01
8.562544742601292455e+03 9.836173285273295619e+01
8.562744694607050405e+03 9.909131999828223059e+01
8.562944646612810175e+03 9.911810278935062968e+01
8.563144598618568125e+03 9.815824280096759935e+01
8.563344550624326075e+03 9.921797157684255808e+01
8.563544502630085844e+03 9.818431393256641115e+01
8.563744454635841976e+03 9.880710002990727503e+01
8.563944406641601745e+03 1.001892339150767413e+02
8.564144358647361514e+03 9.991226109610599337e+01
8.564344310653117645e+03 9.947444638674579664e+01
8.564544262658877415e+03 9.876570695895181018e+01
8.564744214664635365e+03 1.011258676885519492e+02
8.564944166670395134e+03 1.002767847845867806e+02
8.565144118676154903e+03 1.010504846405822548e+02
8.565344070681912854e+03 9.882938380681444812e+01
8.565544022687670804e+03 9.946623094493286033e+01
8.565743974693428754e+03 9.928660597527397158e+01
8.565943926699188523e+03 1.014103891742087740e+02
8.566143878704948293e+03 1.008406618195124622e+02
8.566343830710706243e+03 1.010730028309224195e+02
8.566543782716466012e+03 9.979088414640412452e+01
8.566743734722220324e+03 1.005371830213608320e+02
8.566943686727980094e+03 9.841721630849829694e+01
8.567143638733739863e+03 1.016940500774475709e+02
8.567343590739497813e+03 9.789847986441533578e+01
8.567543542745257582e+03 9.797961459523362748e+01
8.567743494751015533e+03 9.911001782908171265e+01
8.567943446756773483e+03 1.010397311882698830e+02
8.568143398762533252e+03 1.006262396299513142e+02
8.568343350768291202e+03 9.820778099959652252e+01
8.568543302774050971e+03 9.902786177733204909e+01
8.568743254779808922e+03 9.977720263597488781e+01
8.568943206785568691e+03 9.967514483007875015e+01
8.569143158791326641e+03 9.841388813577832195e+01
8.569343110797084591e+03 9.866643006429700336e+01
8.569543062802844361e+03 9.758653140416356564e+01
8.569743014808600492e+03 9.698188581212521342e+01
8.569942966814360261e+03 9.829074828211003023e+01
8.570142918820120030e+03 9.991007535479116086e+01
8.570342870825876162e+03 9.936914617452369214e+01
8.570542822831635931e+03 9.955170459258580706e+01
8.570742774837393881e+03 9.929237287641366549e+01
8.570942726843153650e+03 9.904440338668310062e+01
8.571142678848913420e+03 9.944037153460720901e+01
8.571342630854671370e+03 1.003450529822964086e+02
8.571542582860429320e+03 1.010187017854474334e+02
8.571742534866187270e+03 1.015222921990361300e+02
8.571942486871947040e+03 9.960153274656374833e+01
8.572142438877706809e+03 1.000183276622195763e+02
8.572342390883464759e+03 9.972030127108008912e+01
8.572542342889224528e+03 9.867698656548679992e+01
8.572742294894978841e+03 1.020934644259570092e+02
8.572942246900738610e+03 9.978720960895707037e+01
8.573142198906498379e+03 9.726821226506832829e+01
8.573342150912256329e+03 1.000182367811124635e+02
8.573542102918016099e+03 1.000950261624559801e+02
8.573742054923774049e+03 9.973455079590027594e+01
8.573942006929531999e+03 1.014790684184025196e+02
8.574141958935291768e+03 9.969346405963891300e+01
8.574341910941049719e+03 1.001503823288263249e+02
8.574541862946809488e+03 1.012134453222434018e+02
8.574741814952567438e+03 9.933588604099347208e+01
8.574941766958327207e+03 9.898630944618318495e+01
8.575141718964085157e+03 1.002160548049641164e+02
8.575341670969843108e+03 9.894744041546417179e+01
8.575541622975602877e+03 9.915177516835326799e+01
8.575741574981359008e+03 9.818533556778034210e+01
8.575941526987118777e+03 9.872316555167479635e+01
8.576141478992878547e+03 9.886971742710832700e+01
8.576341430998634678e+03 1.016482320973448452e+02
8.576541383004394447e+03 9.899983207826063847e+01
8.576741335010152397e+03 1.003570226568642880e+02
8.576941287015912167e+03 9.897448131277566574e+01
8.577141239021671936e+03 9.794907174017923523e+01
8.577341191027429886e+03 1.013522860146697440e+02
8.577541143033187836e+03 9.907501813648173083e+01
8.577741095038945787e+03 1.003182940829919119e+02
8.577941047044705556e+03 9.838732773930880171e+01
8.578140999050465325e+03 9.941709919336653911e+01
8.578340951056223275e+03 9.894362679672380523e+01
8.578540903061983045e+03 9.863954043308599751e+01
8.578740855067737357e+03 1.014232796383744102e+02
8.578940807073497126e+03 9.922235646477102478e+01
8.579140759079256895e+03 1.002217144668758095e+02
8.579340711085014846e+03 9.846689984459210621e+01
8.579540663090774615e+03 9.438842327060365278e+01
8.579740615096532565e+03 9.677972785676907108e+01
8.579940567102290515e+03 9.308508488216926935e+01
8.580140519108050285e+03 9.105441479884122202e+01
8.580340471113808235e+03 9.299801421702517246e+01
8.580540423119568004e+03 9.740972675283420301e+01
8.580740375125325954e+03 9.834594067574477094e+01
8.580940327131085724e+03 9.916865884472066739e+01
8.581140279136843674e+03 9.999271080568603054e+01
8.581340231142601624e+03 1.015394356564305980e+02
8.581540183148361393e+03 1.001998045488804507e+02
8.581740135154117525e+03 9.882762046093807839e+01
8.581940087159877294e+03 9.856287262018422268e+01
8.582140039165637063e+03 9.949468460167233275e+01
8.582339991171393194e+03 9.967467741298548844e+01
8.582539943177152963e+03 9.719284487369873204e+01
8.582739895182910914e+03 9.821477400480721087e+01
8.582939847188670683e+03 9.659711797648118647e+01
8.583139799194430452e+03 9.864790034900592275e+01
8.583339751200188402e+03 9.790103185774044903e+01
8.583539703205946353e+03 9.715570153914099194e+01
8.583739655211704303e+03 1.004295131801143413e+02
8.583939607217464072e+03 9.909188186411783761e+01
8.584139559223223841e+03 1.014727039480499258e+02
8.584339511228981792e+03 9.754654142756247381e+01
8.584539463234741561e+03 1.012962920400590292e+02
8.584739415240495873e+03 9.957190150381123317e+01
8.584939367246255642e+03 1.016254870991866710e+02
8.585139319252015412e+03 9.927331082474644575e+01
8.585339271257773362e+03 1.003288311638444554e+02
8.585539223263533131e+03 9.901649399691784481e+01
8.585739175269291081e+03 1.009083113708970245e+02
8.585939127275049032e+03 9.792792750163724236e+01
8.586139079280808801e+03 9.981983315046254290e+01
8.586339031286566751e+03 1.000911581030110113e+02
8.586538983292326520e+03 1.006206428250117284e+02
8.586738935298084471e+03 1.001863227993614913e+02
8.586938887303844240e+03 1.005396468065839173e+02
8.587138839309602190e+03 9.858989637298262210e+01
8.587338791315360140e+03 1.007850519026454350e+02
8.587538743321119910e+03 9.920571229462724716e+01
8.587738695326876041e+03 1.000538018609128130e+02
8.587938647332635810e+03 9.983466022916752536e+01
8.588138599338395579e+03 1.004964587322795637e+02
8.588338551344151711e+03 9.947276411294161846e+01
8.588538503349911480e+03 9.986983974719844070e+01
8.588738455355669430e+03 1.016247040836140343e+02
8.588938407361429199e+03 9.938296531629148944e+01
8.589138359367188968e+03 1.006408914646538335e+02
8.589338311372946919e+03 9.939125368395299631e+01
8.589538263378704869e+03 1.006263330146527721e+02
8.589738215384462819e+03 9.922331156264723973e+01
8.589938167390222588e+03 9.934234944554680169e+01
8.590138119395982358e+03 9.952073042020782623e+01
8.590338071401740308e+03 1.003635175149264285e+02
8.590538023407500077e+03 9.907122394774445695e+01
8.590737975413254389e+03 9.864394714620246418e+01
8.590937927419014159e+03 9.763168469538861416e+01
8.591137879424773928e+03 9.805391881193297365e+01
8.591337831430531878e+03 9.838403677625282739e+01
8.591537783436291647e+03 9.965867382757645032e+01
8.591737735442049598e+03 1.005815913953770036e+02
8.591937687447807548e+03 9.927818762514131379e+01
8.592137639453567317e+03 9.989414460823876141e+01
8.592337591459325267e+03 9.820273544438025226e+01
8.592537543465085037e+03 9.968547609192893333e+01
8.592737495470842987e+03 9.862791409948417254e+01
8.592937447476602756e+03 9.951574265405467656e+01
8.593137399482360706e+03 9.935261839569190556e+01
8.593337351488118657e+03 9.871391642496479335e+01
8.593537303493878426e+03 9.766399626461799244e+01
8.593737255499634557e+03 9.817914895698304178e+01
8.593937207505394326e+03 9.608874698713771068e+01
8.594137159511154096e+03 9.731550105157549524e+01
8.594337111516910227e+03 1.014649785546932463e+02
8.594537063522669996e+03 9.951290295231252969e+01
8.594737015528427946e+03 9.685020465955687996e+01
8.594936967534187716e+03 1.002427553801880009e+02
8.595136919539947485e+03 9.829718365446723283e+01
8.595336871545705435e+03 9.762240940834472269e+01
8.595536823551463385e+03 9.705460018415931245e+01
8.595736775557221335e+03 9.626227933771092182e+01
8.595936727562981105e+03 9.286451502472804975e+01
8.596136679568740874e+03 9.350361640471039948e+01
8.596336631574498824e+03 9.281930935635014634e+01
8.596536583580258593e+03 8.951887810032840775e+01
8.596736535586012906e+03 8.790558526105992598e+01
8.596936487591772675e+03 9.051726615137293663e+01
8.597136439597532444e+03 9.372575919763325203e+01
8.597336391603290394e+03 9.651116522359684780e+01
8.597536343609050164e+03 1.015624159284017338e+02
8.597736295614808114e+03 1.004113490523206451e+02
8.597936247620566064e+03 9.932865120466526321e+01
8.598136199626325833e+03 1.005174370487050055e+02
8.598336151632083784e+03 9.864877642470482044e+01
8.598536103637843553e+03 1.006776508081025696e+02
8.598736055643601503e+03 1.006335993320310536e+02
8.598936007649361272e+03 1.019966738666448549e+02
8.599135959655119223e+03 9.949097037300106194e+01
8.599335911660877173e+03 9.912435467243942355e+01
8.599535863666636942e+03 9.964969475412590327e+01
8.599735815672393073e+03 1.005381012580297408e+02
8.599935767678152843e+03 1.013620273971829420e+02
8.600135719683912612e+03 1.012542743423559273e+02
8.600335671689668743e+03 1.009383767540258390e+02
8.600535623695428512e+03 9.972236523798034113e+01
8.600735575701186463e+03 1.013054537140193929e+02
8.600935527706946232e+03 9.822137304318722784e+01
8.601135479712706001e+03 1.007894721832224434e+02
8.601335431718463951e+03 1.000827671736019653e+02
8.601535383724221902e+03 9.882911070196941239e+01
8.601735335729979852e+03 1.011873045783384271e+02
8.601935287735739621e+03 1.015226144042850649e+02
8.602135239741499390e+03 9.974902634609468066e+01
8.602335191747257340e+03 9.932290722266338889e+01
8.602535143753017110e+03 9.971002652888512330e+01
8.602735095758771422e+03 9.923677893689998086e+01
8.602935047764531191e+03 9.681110511920707040e+01
8.603134999770290960e+03 9.948079806594853380e+01
8.603334951776048911e+03 1.005564101525688017e+02
8.603534903781808680e+03 1.002856036363923522e+02
8.603734855787566630e+03 9.940539760573723527e+01
8.603934807793324580e+03 9.954021166206514692e+01
8.604134759799084350e+03 9.711999218439865444e+01
8.604334711804842300e+03 9.683605941423013519e+01
8.604534663810602069e+03 9.977531372837582069e+01
8.604734615816360019e+03 1.005533288943253467e+02
8.604934567822119789e+03 9.968016893293770408e+01
8.605134519827877739e+03 9.824643116519477815e+01
8.605334471833635689e+03 9.897288227273057259e+01
8.605534423839395458e+03 9.894510777045157113e+01
8.605734375845151590e+03 9.804054461630003914e+01
8.605934327850911359e+03 9.921598751729752053e+01
8.606134279856671128e+03 9.921418515384652892e+01
8.606334231862427259e+03 1.005230096940683922e+02
8.606534183868187029e+03 9.845960011794458921e+01
8.606734135873944979e+03 1.000870763146193525e+02
8.606934087879704748e+03 1.010913081201325241e+02
8.607134039885464517e+03 9.940816929475541031e+01
8.607333991891222468e+03 1.002892465112777813e+02
8.607533943896980418e+03 1.019154103261975735e+02
8.607733895902738368e+03 9.932986616807363589e+01
8.607933847908498137e+03 9.828623239854609039e+01
8.608133799914257906e+03 9.966606882970096137e+01
8.608333751920015857e+03 1.003871460399575568e+02
8.608533703925775626e+03 9.832085080630295693e+01
8.608733655931529938e+03 1.008487580256573608e+02
8.608933607937289707e+03 9.769401634540695056e+01
8.609133559943049477e+03 9.668586273209101023e+01
8.609333511948807427e+03 9.192242010872173807e+01
8.609533463954567196e+03 8.939155598345097076e+01
8.609733415960325146e+03 8.846440524476233236e+01
8.609933367966083097e+03 9.011939618692512965e+01
8.610133319971842866e+03 9.277382308514583542e+01
8.610333271977600816e+03 9.720991356258755900e+01
8.610533223983360585e+03 9.873642953371528108e+01
8.610733175989118536e+03 1.002671416093126311e+02
8.610933127994878305e+03 1.012490736433273497e+02
8.611133080000636255e+03 9.967347989005357078e+01
8.611333032006394205e+03 1.018632796427447715e+02
8.611532984012153975e+03 9.954338895247624919e+01
8.611732936017910106e+03 9.991429531346565796e+01
8.611932888023669875e+03 9.981293556563947789e+01
8.612132840029429644e+03 9.991961305106215718e+01
8.612332792035185776e+03 9.791892092877563414e+01
8.612532744040945545e+03 1.008753859815685416e+02
8.612732696046703495e+03 1.006615173759025197e+02
8.612932648052463264e+03 9.912942464606948079e+01
8.613132600058223034e+03 1.006679288654665925e+02
8.613332552063980984e+03 9.834936936776561822e+01
8.613532504069740753e+03 1.000012560226683149e+02
8.613732456075496884e+03 9.872576231042546624e+01
8.613932408081256654e+03 9.847093433868431589e+01
8.614132360087016423e+03 9.974877589014222679e+01
8.614332312092774373e+03 9.742038795266832096e+01
8.614532264098534142e+03 9.875688768846281107e+01
8.614732216104290274e+03 9.885838897616297061e+01
8.614932168110048224e+03 1.012408492083173854e+02
8.615132120115807993e+03 9.975879567714390816e+01
8.615332072121565943e+03 1.007923531358781446e+02
8.615532024127325712e+03 1.004093080637263569e+02
8.615731976133083663e+03 1.001953716239686543e+02
8.615931928138843432e+03 9.899572025670941855e+01
8.616131880144601382e+03 9.944948458665778901e+01
8.616331832150359332e+03 1.013253796734079941e+02
8.616531784156119102e+03 1.008377344968409517e+02
8.616731736161877052e+03 9.989614014400488884e+01
8.616931688167636821e+03 9.824459371980968569e+01
8.617131640173396590e+03 1.015753595602443653e+02
8.617331592179152722e+03 1.000779076087340229e+02
8.617531544184912491e+03 9.913282348404283084e+01
8.617731496190668622e+03 9.912999569159606494e+01
8.617931448196428391e+03 9.822892708613571244e+01
8.618131400202188161e+03 1.025623868250922754e+02
8.618331352207946111e+03 9.972397688882360001e+01
8.618531304213704061e+03 9.947373542737406638e+01
8.618731256219462011e+03 1.000742267255981091e+02
8.618931208225221781e+03 9.868771921897909749e+01
8.619131160230981550e+03 9.426066951729437449e+01
8.619331112236739500e+03 9.135198670597172566e+01
8.619531064242499269e+03 9.022417315776094426e+01
8.619731016248255401e+03 9.047727815467115420e+01
8.619930968254015170e+03 9.266793842964167993e+01
8.620130920259774939e+03 9.609338649211530026e+01
8.620330872265532889e+03 9.737781716414079369e+01
8.620530824271292659e+03 9.863474637616197072e+01
8.620730776277048790e+03 1.000394890959185545e+02
8.620930728282806740e+03 1.003223555051145297e+02
8.621130680288566509e+03 9.924218371333601851e+01
8.621330632294324460e+03 9.950313064068485858e+01
8.621530584300084229e+03 1.009709017692201201e+02
8.621730536305842179e+03 1.028152429991843348e+02
8.621930488311601948e+03 9.792208459393080489e+01
8.622130440317359898e+03 9.704514832201329000e+01
8.622330392323117849e+03 9.816918351372176232e+01
8.622530344328877618e+03 1.009373548608717215e+02
8.622730296334635568e+03 1.022712239000466496e+02
8.622930248340395337e+03 9.879317152934721946e+01
8.623130200346155107e+03 1.000458757264899674e+02
8.623330152351911238e+03 9.956686933774675197e+01
8.623530104357671007e+03 1.010314615191583130e+02
8.623730056363427138e+03 1.010232235054026546e+02
8.623930008369186908e+03 1.004058643182100923e+02
8.624129960374946677e+03 9.931063676877140267e+01
8.624329912380704627e+03 9.937397753972604164e+01
8.624529864386462577e+03 1.006887449326990662e+02
8.624729816392220528e+03 9.997341211626896040e+01
8.624929768397980297e+03 1.003697799633472840e+02
8.625129720403740066e+03 9.971814414085999090e+01
8.625329672409498016e+03 9.873890103297620158e+01
8.625529624415257786e+03 9.926370197999992229e+01
8.625729576421013917e+03 9.964583433084384012e+01
8.625929528426773686e+03 9.895283626213866057e+01
8.626129480432533455e+03 9.900656520988154341e+01
8.626329432438291406e+03 1.014180583434747831e+02
8.626529384444051175e+03 9.974659520342895291e+01
8.626729336449807306e+03 1.009178151709651701e+02
8.626929288455565256e+03 9.603948962994923022e+01
8.627129240461325026e+03 9.969243248318691997e+01
8.627329192467082976e+03 1.003876305006098022e+02
8.627529144472842745e+03 9.906403880826121622e+01
8.627729096478600695e+03 1.001926654796874772e+02
8.627929048484360464e+03 9.863028020056216860e+01
8.628129000490118415e+03 9.834300263883898197e+01
8.628328952495876365e+03 1.011626329552385215e+02
8.628528904501636134e+03 1.011096396169825056e+02
8.628728856507394084e+03 9.967440160504639834e+01
8.628928808513153854e+03 9.875176128963268241e+01
8.629128760518913623e+03 9.955293301486828739e+01
8.629328712524669754e+03 9.790038061411325998e+01
8.629528664530429523e+03 1.013143373536868097e+02
8.629728616536185655e+03 9.877372122430769252e+01
8.629928568541945424e+03 9.937320388750082145e+01
8.630128520547705193e+03 9.874136343632009982e+01
8.630328472553463143e+03 9.686252295950633595e+01
8.630528424559221094e+03 9.785721772460766488e+01
8.630728376564979044e+03 1.002446850451317033e+02
8.630928328570738813e+03 9.997950538962639655e+01
8.631128280576498582e+03 9.992481232994720131e+01
8.631328232582256533e+03 9.928787809499883110e+01
8.631528184588016302e+03 1.008744048425055695e+02
8.631728136593772433e+03 9.972800384561189446e+01
8.631928088599532202e+03 9.959612357738375010e+01
8.632128040605291972e+03 9.891536475262064698e+01
8.632327992611049922e+03 1.009957875274500907e+02
8.632527944616809691e+03 9.831708118320320011e+01
8.632727896622565822e+03 9.961057769803447570e+01
8.632927848628323773e+03 1.004849107765460445e+02
8.633127800634083542e+03 9.827188692135371184e+01
8.633327752639841492e+03 1.001067291145087665e+02
8.633527704645601261e+03 9.890129760676458659e+01
8.633727656651359212e+03 1.002039836448007719e+02
8.633927608657118981e+03 1.009982980623993001e+02
8.634127560662876931e+03 1.003159373151749492e+02
8.634327512668634881e+03 9.915295305660706049e+01
8.634527464674394651e+03 9.874032502133050571e+01
8.634727416680152601e+03 9.635383643304344048e+01
8.634927368685912370e+03 9.866269012692478668e+01
8.635127320691672139e+03 9.810063382046759273e+01
8.635327272697428270e+03 9.926205955745588483e+01
8.635527224703188040e+03 9.976908857426739985e+01
8.635727176708944171e+03 1.000970340277832236e+02
8.635927128714703940e+03 1.006616490496930254e+02
8.636127080720463709e+03 1.016518237879430870e+02
8.636327032726221660e+03 1.000423143049740560e+02
8.636526984731979610e+03 1.002175811471771993e+02
8.636726936737737560e+03 1.017928319690283274e+02
8.636926888743497329e+03 9.994700773868872545e+01
8.637126840749257099e+03 1.006567576472681509e+02
8.637326792755015049e+03 9.968748624167083960e+01
8.637526744760774818e+03 9.987257851651433782e+01
8.637726696766530949e+03 9.850487425465898639e+01
8.637926648772290719e+03 9.921802260367357462e+01
8.638126600778050488e+03 1.009721038958595045e+02
8.638326552783808438e+03 1.008291133567750961e+02
8.638526504789568207e+03 9.751274965598638289e+01
8.638726456795324339e+03 1.001678224779949034e+02
8.638926408801082289e+03 1.000032279208435142e+02
8.639126360806842058e+03 1.013568265106238755e+02
8.639326312812600008e+03 1.008126906375876928e+02
8.639526264818359778e+03 1.008957290005438523e+02
8.639726216824117728e+03 1.012073790875443251e+02
8.639926168829877497e+03 9.887222122303779770e+01
8.640126120835635447e+03 1.006357944485685891e+02
8.640326072841393398e+03 9.849139716761308705e+01
8.640526024847153167e+03 9.985570046629226226e+01
8.640725976852911117e+03 9.770962134775618324e+01
8.640925928858670886e+03 1.011066745243172562e+02
8.641125880864430655e+03 9.771272427833329743e+01
8.641325832870186787e+03 9.941243906913369699e+01
8.641525784875946556e+03 9.846735246526202445e+01
8.641725736881702687e+03 1.008622401358838374e+02
8.641925688887462456e+03 9.913469666314345830e+01
8.642125640893222226e+03 1.009405439803668685e+02
8.642325592898980176e+03 1.002444571447348665e+02
8.642525544904738126e+03 1.010666090442296081e+02
8.642725496910496076e+03 9.971803615155408806e+01
8.642925448916255846e+03 9.952991389779171527e+01
8.643125400922015615e+03 1.003740656483570746e+02
8.643325352927773565e+03 9.897359000432727782e+01
8.643525304933533334e+03 9.881502020530864172e+01
8.643725256939289466e+03 9.921415192082776002e+01
8.643925208945049235e+03 9.972626364063495430e+01
8.644125160950809004e+03 9.863464394535367319e+01
8.644325112956566954e+03 9.765188388038538392e+01
8.644525064962326724e+03 9.690534115639785284e+01
8.644725016968082855e+03 9.788304854037600933e+01
8.644924968973840805e+03 9.983606150322503936e+01
8.645124920979600574e+03 9.844015893732617428e+01
8.645324872985358525e+03 9.786917747684614710e+01
8.645524824991118294e+03 9.860330117023897856e+01
8.645724776996876244e+03 9.961053039046201718e+01
8.645924729002636013e+03 9.818539999250363337e+01
8.646124681008393964e+03 9.299407700877276284e+01
8.646324633014151914e+03 9.272982429701568208e+01
8.646524585019911683e+03 9.186214570366331600e+01
8.646724537025669633e+03 9.661529991328566780e+01
8.646924489031429403e+03 9.596319403066866016e+01
8.647124441037189172e+03 9.824377421885003514e+01
8.647324393042945303e+03 9.793171821250831499e+01
8.647524345048705072e+03 9.841000853247041391e+01
8.647724297054461204e+03 9.935623263810623484e+01
8.647924249060220973e+03 9.899200470135538410e+01
8.648124201065980742e+03 9.998842418043005864e+01
8.648324153071738692e+03 9.650951280372913743e+01
8.648524105077496642e+03 1.005223191403785705e+02
8.648724057083254593e+03 1.001050314770576080e+02
8.648924009089014362e+03 9.872981083984339534e+01
8.649123961094774131e+03 9.882080180830408267e+01
8.649323913100532081e+03 9.892498372076910584e+01
8.649523865106291851e+03 9.829003819109628637e+01
8.649723817112047982e+03 9.814270734810223473e+01
8.649923769117807751e+03 9.808296129382215156e+01
8.650123721123567520e+03 9.841395281259656258e+01
8.650323673129325471e+03 9.776296867422189507e+01
8.650523625135085240e+03 9.766669896423579189e+01
8.650723577140841371e+03 9.788937722838682021e+01
8.650923529146599321e+03 9.775952086893822468e+01
8.651123481152359091e+03 9.897267506123138503e+01
8.651323433158117041e+03 9.845590459716275689e+01
8.651523385163876810e+03 9.753684498162849081e+01
8.651723337169634760e+03 9.802551274867566633e+01
8.651923289175394530e+03 9.784975535730642093e+01
8.652123241181152480e+03 9.607187943312594314e+01
8.652323193186910430e+03 9.772397531473603749e+01
8.652523145192670199e+03 9.755957704497257055e+01
8.652723097198428150e+03 9.803092343561010580e+01
8.652923049204187919e+03 9.641692939654984684e+01
8.653123001209947688e+03 9.689680262624584373e+01
8.653322953215703819e+03 9.636230553400302767e+01
8.653522905221463589e+03 9.664684051791172692e+01
8.653722857227219720e+03 9.642395646792540731e+01
8.653922809232979489e+03 9.544684242267180707e+01
8.654122761238739258e+03 9.502947032660676996e+01
8.654322713244497209e+03 9.732047145110583131e+01
8.654522665250255159e+03 9.550255235951851773e+01
8.654722617256013109e+03 9.722123754141240681e+01
8.654922569261772878e+03 9.419948886480723615e+01
8.655122521267532647e+03 9.395854298241616220e+01
8.655322473273290598e+03 9.442490918045223225e+01
8.655522425279050367e+03 9.469634018877249559e+01
8.655722377284806498e+03 9.336073467073100574e+01
8.655922329290566267e+03 9.237893362351107385e+01
8.656122281296326037e+03 9.211132963562829445e+01
8.656322233302083987e+03 9.073087405301440356e+01
8.656522185307843756e+03 8.995141924551890611e+01
8.656722137313599887e+03 9.020298946789039007e+01
8.656922089319357838e+03 8.791213459536777464e+01
8.657122041325117607e+03 8.613722536036699751e+01
8.657321993330875557e+03 8.628637733582462488e+01
8.657521945336635326e+03 8.422905141707663290e+01
8.657721897342393277e+03 8.258913845066813053e+01
8.657921849348153046e+03 8.142743907679854942e+01
8.658121801353910996e+03 7.928942907888644243e+01
8.658321753359668946e+03 7.733970173698428141e+01
8.658521705365428716e+03 7.524287317720582280e+01
8.658721657371186666e+03 7.067421141592581080e+01
8.658921609376946435e+03 6.605606054812457728e+01
8.659121561382706204e+03 6.212849058052824347e+01
8.659321513388462336e+03 5.861926439640737385e+01
8.659521465394222105e+03 5.085706542379605111e+01
8.659721417399978236e+03 4.570834815711332055e+01
8.659921369405738005e+03 4.001451888966846582e+01
8.660121321411497775e+03 3.878309843751458885e+01
8.660321273417255725e+03 4.316685086833641094e+01
8.660521225423013675e+03 4.865537054605118072e+01
8.660721177428771625e+03 5.426883657360238544e+01
8.660921129434531395e+03 6.064182355710006078e+01
8.661121081440291164e+03 6.692415029393046666e+01
8.661321033446049114e+03 6.954589515985057346e+01
8.661520985451808883e+03 7.422633963856286243e+01
8.661720937457565014e+03 7.571992338128225697e+01
8.661920889463324784e+03 7.882756682839188045e+01
8.662120841469084553e+03 7.956444837349636146e+01
8.662320793474842503e+03 8.062267291790317358e+01
8.662520745480602272e+03 8.346620435563974638e+01
8.662720697486358404e+03 8.275139127803294059e+01
8.662920649492116354e+03 8.497785073339809969e+01
8.663120601497876123e+03 8.576907050003507038e+01
8.663320553503634073e+03 8.582818231907792494e+01
8.663520505509393843e+03 8.688456889702626995e+01
8.663720457515151793e+03 8.891611673794260184e+01
8.663920409520911562e+03 9.272448467312854348e+01
8.664120361526669512e+03 9.280201384387814301e+01
8.664320313532427463e+03 9.168263722961938811e+01
8.664520265538187232e+03 9.254017986272187102e+01
8.664720217543945182e+03 9.363785628001851080e+01
8.664920169549704951e+03 9.093695558011020807e+01
8.665120121555464721e+03 9.285611182559578936e+01
8.665320073561220852e+03 9.487534944904125211e+01
8.665520025566980621e+03 9.458772084605227803e+01
8.665719977572736752e+03 9.525596074982000516e+01
8.665919929578496522e+03 9.512471924713160831e+01
8.666119881584256291e+03 9.707718224177283162e+01
8.666319833590014241e+03 9.624539195599777486e+01
8.666519785595772191e+03 9.684286485012231083e+01
8.666719737601530142e+03 9.517045866463325865e+01
8.666919689607289911e+03 9.608195834309687200e+01
8.667119641613049680e+03 9.888155641631180970e+01
8.667319593618807630e+03 9.780401775032780165e+01
8.667519545624567399e+03 9.770208189199423998e+01
8.667719497630323531e+03 9.665276382945339151e+01
8.667919449636083300e+03 9.723723288596919190e+01
8.668119401641843069e+03 9.649057863525310097e+01
8.668319353647601019e+03 9.637017786967814459e+01
8.668519305653360789e+03 9.750944548385167820e+01
8.668719257659116920e+03 9.676638189226258646e+01
8.668919209664874870e+03 9.643584181272099443e+01
8.669119161670634639e+03 9.941199985921693383e+01
8.669319113676392590e+03 9.985119286237303982e+01
8.669519065682152359e+03 9.669573918353511033e+01
8.669719017687910309e+03 9.629266490663090394e+01
8.669918969693670078e+03 9.691940819939473784e+01
8.670118921699428029e+03 9.762641226588903010e+01
8.670318873705185979e+03 9.680614583005218776e+01
8.670518825710945748e+03 9.895409428868933333e+01
8.670718777716703698e+03 1.002749447251022588e+02
8.670918729722463468e+03 9.721327052417208847e+01
8.671118681728223237e+03 9.984058780800094723e+01
8.671318633733979368e+03 9.833427427919745867e+01
8.671518585739739137e+03 9.823718678422868322e+01
8.671718537745495269e+03 9.815093032519713745e+01
8.671918489751255038e+03 9.791464494806676555e+01
8.672118441757014807e+03 9.791602055408307592e+01
8.672318393762772757e+03 9.419628842835930982e+01
8.672518345768530708e+03 8.763429478525624461e+01
8.672718297774288658e+03 8.738471194179568613e+01
8.672918249780048427e+03 8.886560163086898001e+01
8.673118201785808196e+03 9.208432190047344079e+01
8.673318153791566147e+03 9.261748106999318964e+01
8.673518105797325916e+03 9.562540177016525433e+01
8.673718057803082047e+03 9.831240637618095946e+01
8.673918009808841816e+03 9.759682598617891358e+01
8.674117961814601586e+03 9.969083545488896902e+01
8.674317913820359536e+03 9.940350929738859520e+01
8.674517865826119305e+03 9.956768431348835691e+01
8.674717817831875436e+03 9.976370314569136610e+01
8.674917769837633386e+03 9.755474652273822755e+01
8.675117721843393156e+03 9.651660787844801348e+01
8.675317673849151106e+03 9.920598101053366236e+01
8.675517625854910875e+03 1.015594214334781640e+02
8.675717577860668825e+03 1.018953238372178873e+02
8.675917529866428595e+03 9.719078255794481436e+01
8.676117481872186545e+03 1.000277560865554989e+02
8.676317433877944495e+03 1.003712912244637749e+02
8.676517385883704264e+03 9.862029353339134730e+01
8.676717337889462215e+03 9.939494460816415256e+01
8.676917289895221984e+03 9.936396928234401571e+01
8.677117241900981753e+03 9.808593021477419427e+01
8.677317193906737884e+03 9.620660016106766932e+01
8.677517145912497654e+03 9.877883008467989612e+01
8.677717097918253785e+03 9.278961417033566761e+01
8.677917049924013554e+03 9.620501435251082967e+01
8.678117001929773323e+03 9.478297791215101142e+01
8.678316953935531274e+03 9.501078602198461454e+01
8.678516905941289224e+03 9.760453197410609505e+01
8.678716857947047174e+03 9.573439506694026591e+01
8.678916809952806943e+03 9.696650527840459688e+01
8.679116761958566713e+03 9.863717141535880728e+01
8.679316713964324663e+03 1.005657778891148979e+02
8.679516665970084432e+03 1.019053143816494895e+02
8.679716617975840563e+03 9.832051822733849633e+01
8.679916569981600333e+03 9.858073315646431922e+01
8.680116521987360102e+03 1.010668905899460555e+02
8.680316473993118052e+03 9.919048758783358721e+01
8.680516425998877821e+03 9.946382548828283632e+01
8.680716378004633953e+03 1.003454210360407757e+02
8.680916330010391903e+03 9.806755599467139461e+01
8.681116282016151672e+03 9.965190670672231477e+01
8.681316234021909622e+03 9.881587510176335343e+01
8.681516186027669391e+03 9.962972316140410101e+01
8.681716138033427342e+03 1.008104209170948735e+02
8.681916090039187111e+03 9.888013539910619443e+01
8.682116042044945061e+03 9.968585924003954801e+01
8.682315994050703011e+03 1.017086725957472169e+02
8.682515946056462781e+03 9.937223190120481320e+01
8.682715898062220731e+03 9.938471128123775600e+01
8.682915850067980500e+03 9.789297414705602307e+01
8.683115802073740269e+03 1.001069581340465788e+02
8.683315754079496401e+03 9.911796573991935588e+01
8.683515706085256170e+03 9.886058760845490667e+01
8.683715658091014120e+03 9.841350064545500231e+01
8.683915610096772070e+03 9.783963162478102049e+01
8.684115562102531840e+03 9.731660876223953949e+01
8.684315514108289790e+03 9.573658978592862923e+01
8.684515466114047740e+03 9.678837583286286872e+01
8.684715418119805690e+03 9.897315008763065691e+01
8.684915370125565460e+03 1.004394183405910042e+02
8.685115322131325229e+03 9.936752731497016100e+01
8.685315274137083179e+03 9.881632997264659934e+01
8.685515226142842948e+03 9.882140549228056159e+01
8.685715178148599080e+03 9.940717884737392751e+01
8.685915130154358849e+03 9.536065867420664688e+01
8.686115082160118618e+03 8.879351257333532033e+01
8.686315034165876568e+03 8.115869762507284690e+01
8.686514986171636338e+03 7.825852490533237926e+01
8.686714938177394288e+03 7.775063217088111855e+01
8.686914890183150419e+03 8.743444375917283651e+01
8.687114842188910188e+03 9.341936822620560577e+01
8.687314794194668139e+03 9.730351327294877706e+01
8.687514746200427908e+03 9.552890966578998189e+01
8.687714698206185858e+03 9.676955597908288098e+01
8.687914650211945627e+03 9.844577433413112999e+01
8.688114602217703577e+03 9.857362969823391552e+01
8.688314554223461528e+03 9.874770453207678145e+01
8.688514506229221297e+03 9.875815183204936432e+01
8.688714458234979247e+03 9.878746209809848722e+01
8.688914410240739016e+03 9.956390240147034376e+01
8.689114362246498786e+03 9.973796153643722562e+01
8.689314314252254917e+03 1.000345960012987661e+02
8.689514266258014686e+03 1.012369216200401638e+02
8.689714218263772636e+03 1.000110599912772074e+02
8.689914170269530587e+03 1.026220992165852124e+02
8.690114122275290356e+03 9.709635791090009604e+01
8.690314074281048306e+03 9.832509257246806555e+01
8.690514026286806256e+03 9.882046425405515322e+01
8.690713978292564207e+03 1.000143444651134246e+02
8.690913930298323976e+03 1.014926515661906450e+02
8.691113882304083745e+03 1.018585398138114044e+02
8.691313834309841695e+03 9.988008063009915816e+01
8.691513786315601465e+03 9.935379706165997504e+01
8.691713738321357596e+03 9.870402174671359319e+01
8.691913690327117365e+03 9.921594416024757379e+01
8.692113642332877134e+03 9.896859590082354430e+01
8.692313594338635085e+03 9.913366379672149264e+01
8.692513546344394854e+03 9.776882558476287954e+01
8.692713498350152804e+03 9.853794480460169325e+01
8.692913450355908935e+03 9.883939238804445893e+01
8.693113402361668705e+03 9.931358229875760912e+01
8.693313354367426655e+03 9.985832889603324247e+01
8.693513306373186424e+03 9.977661539472697427e+01
8.693713258378944374e+03 1.001384692767471876e+02
8.693913210384704144e+03 1.005248647351653517e+02
8.694113162390462094e+03 9.894062745995165642e+01
8.694313114396220044e+03 9.899942764115039040e+01
8.694513066401979813e+03 1.007232005240448984e+02
8.694713018407737763e+03 9.926107864336762532e+01
8.694912970413497533e+03 1.003724293782067747e+02
8.695112922419257302e+03 1.001297679624123305e+02
8.695312874425013433e+03 1.020091448536621641e+02
8.695512826430773202e+03 1.010370144870553730e+02
8.695712778436531153e+03 1.005498191981439504e+02
8.695912730442289103e+03 9.824164185576388775e+01
8.696112682448048872e+03 9.885979758798164596e+01
8.696312634453806822e+03 9.914816191179153293e+01
8.696512586459564773e+03 9.995435517643196022e+01
8.696712538465322723e+03 9.861508680757957279e+01
8.696912490471082492e+03 9.597864604748083650e+01
8.697112442476842261e+03 9.402451451205074306e+01
8.697312394482600212e+03 9.490409210507280591e+01
8.697512346488359981e+03 9.365667345749665174e+01
8.697712298494116112e+03 9.465237406766580364e+01
8.697912250499875881e+03 9.920212821242081702e+01
8.698112202505635651e+03 9.927877217707295188e+01
8.698312154511393601e+03 9.868064166758742317e+01
8.698512106517153370e+03 9.980344308840979295e+01
8.698712058522911320e+03 1.008870760259464561e+02
8.698912010528667452e+03 9.929897843196563656e+01
8.699111962534427221e+03 9.630136512206361488e+01
8.699311914540185171e+03 9.913523317493029197e+01
8.699511866545944940e+03 9.940013894370106584e+01
8.699711818551702891e+03 1.003009123833746230e+02
8.699911770557462660e+03 9.865209323638266881e+01
8.700111722563220610e+03 1.010722012730158497e+02
8.700311674568978560e+03 9.915951349408105386e+01
8.700511626574738330e+03 9.755330198727784818e+01
8.700711578580496280e+03 1.005308185335876772e+02
8.700911530586256049e+03 9.898732781036926553e+01
8.701111482592015818e+03 9.842976003129632545e+01
8.701311434597771949e+03 9.747383377145675354e+01
8.701511386603531719e+03 9.940002437702814575e+01
8.701711338609289669e+03 9.840804749944481955e+01
8.701911290615047619e+03 1.002221354034918193e+02
8.702111242620807388e+03 9.841676109999040989e+01
8.702311194626565339e+03 1.001071789477463057e+02
8.702511146632323289e+03 9.940018738568301160e+01
8.702711098638081239e+03 1.019867394710872333e+02
8.702911050643841008e+03 1.014415286172981183e+02
8.703111002649600778e+03 9.851035654455820634e+01
8.703310954655358728e+03 1.010277840882419298e+02
8.703510906661118497e+03 1.000957022942003078e+02
8.703710858666874628e+03 1.018552528610105270e+02
8.703910810672634398e+03 9.938951510273460599e+01
8.704110762678394167e+03 1.011055993763952756e+02
8.704310714684152117e+03 9.932314436889249976e+01
8.704510666689911886e+03 1.006735371550651053e+02
8.704710618695669837e+03 1.005938789440158416e+02
8.704910570701425968e+03 9.879722604745073511e+01
8.705110522707185737e+03 1.004711978849533978e+02
8.705310474712943687e+03 9.765532753814636635e+01
8.705510426718703457e+03 1.005313995196267456e+02
8.705710378724461407e+03 9.951871014506970425e+01
8.705910330730221176e+03 9.775559228886706364e+01
8.706110282735979126e+03 1.002011354248249262e+02
8.706310234741737077e+03 9.805773904093061333e+01
8.706510186747496846e+03 9.968049305434091423e+01
8.706710138753254796e+03 1.001740518324678106e+02
8.706910090759014565e+03 1.016756718782704354e+02
8.707110042764774335e+03 9.846914452439457932e+01
8.707309994770530466e+03 9.797601845991314917e+01
8.707509946776290235e+03 1.007057361819109929e+02
8.707709898782048185e+03 9.766501758536355737e+01
8.707909850787806135e+03 9.423212131128958902e+01
8.708109802793565905e+03 8.983986753885038468e+01
8.708309754799323855e+03 9.145393073556063257e+01
8.708509706805081805e+03 9.109314503416156583e+01
8.708709658810839755e+03 9.484550538056191726e+01
8.708909610816599525e+03 1.000077512194766598e+02
8.709109562822359294e+03 9.863006824883606782e+01
8.709309514828117244e+03 9.887558542685364671e+01
8.709509466833877013e+03 1.011284143643573827e+02
8.709709418839633145e+03 9.883421673404838259e+01
8.709909370845392914e+03 9.952279531662546219e+01
8.710109322851152683e+03 1.000022388231356416e+02
8.710309274856910633e+03 9.500344608138874491e+01
8.710509226862670403e+03 9.611957070594704078e+01
8.710709178868428353e+03 9.626628241384801754e+01
8.710909130874184484e+03 9.127539939690680626e+01
8.711109082879944253e+03 9.187052421969120530e+01
8.711309034885702204e+03 9.495585022162981659e+01
8.711508986891461973e+03 9.799321320738862084e+01
8.711708938897219923e+03 9.975976652376452591e+01
8.711908890902979692e+03 1.002825048376282524e+02
8.712108842908737643e+03 9.896896796265467344e+01
8.712308794914495593e+03 1.003997382657537401e+02
8.712508746920255362e+03 1.008342432280261391e+02
8.712708698926013312e+03 9.956491058334196964e+01
8.712908650931773082e+03 9.952359551949145100e+01
8.713108602937532851e+03 1.004575773800340244e+02
8.713308554943288982e+03 1.001413977901543575e+02
8.713508506949048751e+03 9.985330228265192432e+01
8.713708458954806702e+03 1.007975658481424261e+02
8.713908410960564652e+03 1.014889457930109273e+02
8.714108362966324421e+03 1.008517277100622493e+02
8.714308314972082371e+03 1.004319036746160947e+02
8.714508266977840321e+03 1.005449531416596471e+02
8.714708218983598272e+03 9.965614153464647984e+01
8.714908170989358041e+03 9.975087520766774674e+01
8.715108122995117810e+03 9.817461608252733640e+01
8.715308075000875760e+03 9.703752270359197496e+01
8.715508027006635530e+03 9.513698907104239311e+01
8.715707979012391661e+03 9.301511530344167511e+01
8.715907931018151430e+03 9.471627288378041953e+01
8.716107883023911199e+03 9.632063585490071489e+01
8.716307835029669150e+03 9.825091888534008433e+01
8.716507787035428919e+03 9.941830246874764043e+01
8.716707739041186869e+03 1.013206232166597403e+02
8.716907691046943000e+03 9.965363479297447213e+01
8.717107643052702770e+03 1.004879132425203920e+02
8.717307595058460720e+03 9.783128462942195824e+01
8.717507547064220489e+03 1.000305297134112692e+02
8.717707499069978439e+03 1.010966123083253621e+02
8.717907451075738209e+03 1.002114825215049478e+02
8.718107403081496159e+03 9.914865017779163736e+01
8.718307355087254109e+03 1.014759626378680792e+02
8.718507307093013878e+03 1.008601137911478958e+02
8.718707259098771829e+03 1.008289927203879444e+02
8.718907211104531598e+03 1.010999028553098782e+02
8.719107163110291367e+03 1.002551410029736019e+02
8.719307115116047498e+03 9.907264669799853607e+01
8.719507067121807268e+03 1.003329799998091545e+02
8.719707019127565218e+03 1.020571861257821524e+02
8.719906971133323168e+03 9.804432627599257444e+01
8.720106923139082937e+03 9.964673548636973521e+01
8.720306875144840888e+03 1.009706561609184376e+02
8.720506827150598838e+03 9.890982036986652304e+01
8.720706779156356788e+03 1.006074686409722574e+02
8.720906731162116557e+03 9.877222855152092507e+01
8.721106683167876326e+03 1.016603481580322352e+02
8.721306635173634277e+03 1.003721169773160540e+02
8.721506587179394046e+03 1.000123987168280451e+02
8.721706539185150177e+03 1.002976976972190926e+02
8.721906491190909946e+03 1.013828691505831898e+02
8.722106443196669716e+03 1.003567848563832428e+02
8.722306395202427666e+03 9.904214385283304978e+01
8.722506347208187435e+03 1.006222321853196888e+02
8.722706299213945385e+03 9.950761724578242706e+01
8.722906251219703336e+03 9.995853457481726423e+01
8.723106203225461286e+03 9.973608135382944795e+01
8.723306155231219236e+03 1.001736263741878759e+02
8.723506107236979005e+03 9.947876208105772378e+01
8.723706059242736956e+03 9.902364943899536343e+01
8.723906011248496725e+03 1.010078094065744523e+02
8.724105963254256494e+03 1.023848447715584484e+02
8.724305915260012625e+03 1.012549169083527403e+02
8.724505867265772395e+03 9.913525981342878879e+01
8.724705819271530345e+03 9.856542870171622894e+01
8.724905771277290114e+03 9.839868913119993010e+01
8.725105723283049883e+03 9.854255463265508297e+01
8.725305675288807834e+03 9.744169668716921251e+01
8.725505627294565784e+03 9.474121582745306114e+01
8.725705579300323734e+03 9.498120843870439955e+01
8.725905531306081684e+03 9.250449528309960101e+01
8.726105483311841454e+03 9.416593161202855811e+01
8.726305435317599404e+03 9.548706926923463811e+01
8.726505387323359173e+03 9.775366381407705774e+01
8.726705339329115304e+03 9.803997740638996561e+01
8.726905291334875074e+03 9.857066856796892296e+01
8.727105243340634843e+03 1.020107269595689985e+02
8.727305195346392793e+03 1.016103732547313570e+02
8.727505147352152562e+03 9.993268282546169701e+01
8.727705099357910512e+03 1.007573242756602809e+02
8.727905051363668463e+03 1.010905420310315890e+02
