8.483986537056363886e+03 9.924054440234129970e+01
8.484186631078464416e+03 1.008622016103029893e+02
8.484386725100564945e+03 9.910425934919683755e+01
8.484586819122665474e+03 1.000697934143228025e+02
8.484786913144764185e+03 9.981880684308472951e+01
8.484987007166864714e+03 9.971186413979792462e+01
8.485187101188967063e+03 1.014626377215546142e+02
8.485387195211065773e+03 9.904473847302162426e+01
8.485587289233168121e+03 9.950317449182171003e+01
8.485787383255265013e+03 9.534439817202851941e+01
8.485987477277367361e+03 9.591658316399973216e+01
8.486187571299467891e+03 9.549993059050166266e+01
8.486387665321568420e+03 9.649803994171696786e+01
8.486587759343668949e+03 9.749011307037375218e+01
8.486787853365769479e+03 1.008733024601698816e+02
8.486987947387868189e+03 9.899769954289155294e+01
8.487188041409970538e+03 9.956202684206492393e+01
8.487388135432069248e+03 9.907239548015833464e+01
8.487588229454171596e+03 9.956978842698556775e+01
8.487788323476270307e+03 1.007663943635819805e+02
8.487988417498370836e+03 9.915458479876872389e+01
8.488188511520471366e+03 1.014033977000700020e+02
8.488388605542571895e+03 9.960736629833465372e+01
8.488588699564674243e+03 9.908341978586045684e+01
8.488788793586772954e+03 9.872596380503564717e+01
8.488988887608875302e+03 9.959403120285568889e+01
8.489188981630974013e+03 9.912154805965867865e+01
8.489389075653074542e+03 9.976496438919815546e+01
8.489589169675175071e+03 1.004260443788310369e+02
8.489789263697275601e+03 9.960618077531279368e+01
8.489989357719376130e+03 9.931241239767447837e+01
8.490189451741476660e+03 9.946132733270772519e+01
8.490389545763575370e+03 1.005077382607711343e+02
8.490589639785677718e+03 9.780588873922319237e+01
8.490789733807776429e+03 9.956399711264026564e+01
8.490989827829878777e+03 9.869845718963198067e+01
8.491189921851979307e+03 9.968123377004779684e+01
8.491390015874078017e+03 9.838439097978290704e+01
8.491590109896178546e+03 1.017169239255008932e+02
8.491790203918279076e+03 1.002743426456720499e+02
8.491990297940379605e+03 1.019591630829974207e+02
8.492190391962481954e+03 1.003043261488854654e+02
8.492390485984578845e+03 9.990922550734640595e+01
8.492590580006681193e+03 1.005638962909844878e+02
8.492790674028779904e+03 1.012247242566219825e+02
8.492990768050882252e+03 9.981858966658926136e+01
8.493190862072982782e+03 9.880766427680234187e+01
8.493390956095081492e+03 9.958789136884703908e+01
8.493591050117182021e+03 9.928249577590068498e+01
8.493791144139282551e+03 9.846514914019363118e+01
8.493991238161383080e+03 1.022408786298011734e+02
8.494191332183485429e+03 1.002385861093274713e+02
8.494391426205584139e+03 9.927517356126709558e+01
8.494591520227684668e+03 1.010141000625678771e+02
8.494791614249783379e+03 1.005102256920494170e+02
8.494991708271885727e+03 9.929800919317321473e+01
8.495191802293986257e+03 1.004874328737446945e+02
8.495391896316086786e+03 9.991583512247541421e+01
8.495591990338185497e+03 9.917250311078831260e+01
8.495792084360286026e+03 1.010429254203845488e+02
8.495992178382386555e+03 9.970187187540484786e+01
8.496192272404488904e+03 9.801938983910754644e+01
8.496392366426587614e+03 9.644712877902890114e+01
8.496592460448689963e+03 9.800643599864068278e+01
8.496792554470786854e+03 9.995556841464821218e+01
8.496992648492889202e+03 9.935393122149707779e+01
8.497192742514989732e+03 9.821986265491102586e+01
8.497392836537090261e+03 9.628132185867001169e+01
8.497592930559190791e+03 9.587912608738719200e+01
8.497793024581289501e+03 9.851699393471166388e+01
8.497993118603390030e+03 9.588937129050250974e+01
8.498193212625492379e+03 9.921868257838956140e+01
8.498393306647591089e+03 9.885470196398061660e+01
8.498593400669693438e+03 9.779903596556981427e+01
8.498793494691792148e+03 9.700430865130157088e+01
8.498993588713892677e+03 9.667121912749728097e+01
8.499193682735993207e+03 9.654540537895482544e+01
8.499393776758093736e+03 9.560982077982191640e+01
8.499593870780194266e+03 9.839764316287316603e+01
8.499793964802294795e+03 9.478209004996080012e+01
8.499994058824393505e+03 9.337521969588249249e+01
8.500194152846495854e+03 9.209962569700473978e+01
8.500394246868594564e+03 9.115788856200114765e+01
8.500594340890696913e+03 8.809904661645704493e+01
8.500794434912795623e+03 8.400590324205305137e+01
8.500994528934896152e+03 7.553984634655370201e+01
8.501194622956996682e+03 6.961584586887867943e+01
8.501394716979097211e+03 6.617042110936164079e+01
8.501594811001197741e+03 5.957811399078640591e+01
8.501794905023298270e+03 5.238420139250654017e+01
8.501994999045398799e+03 4.774349304207139966e+01
8.502195093067499329e+03 5.132829482697811585e+01
8.502395187089598039e+03 5.723752184150556133e+01
8.502595281111700388e+03 6.558419042154233125e+01
8.502795375133799098e+03 7.145450587116317820e+01
8.502995469155901446e+03 7.610219288677973282e+01
8.503195563178000157e+03 8.215899455994083667e+01
8.503395657200100686e+03 8.817005927531195653e+01
8.503595751222201216e+03 9.525701949701215199e+01
8.503795845244301745e+03 9.255051636298505002e+01
8.503995939266402274e+03 9.439420962142030191e+01
8.504196033288504623e+03 9.663971449173929784e+01
8.504396127310601514e+03 9.433121620529854567e+01
8.504596221332703863e+03 9.721384053198643471e+01
8.504796315354802573e+03 9.606142000376659951e+01
8.504996409376904921e+03 9.883507188586941083e+01
8.505196503399005451e+03 9.705824528017775776e+01
8.505396597421104161e+03 9.822179242850208425e+01
8.505596691443204691e+03 9.675724337711875478e+01
8.505796785465305220e+03 9.706999278904986284e+01
8.505996879487405749e+03 9.593646075312834398e+01
8.506196973509508098e+03 9.551667078761354901e+01
8.506397067531606808e+03 9.900213316998524249e+01
8.506597161553707338e+03 9.897776671592626485e+01
8.506797255575806048e+03 9.785562444550936334e+01
8.506997349597908396e+03 9.835421198497394357e+01
8.507197443620010745e+03 1.009336510754189504e+02
8.507397537642109455e+03 9.664607621004969928e+01
8.507597631664209985e+03 9.912341505733574820e+01
8.507797725686308695e+03 1.003409206696861133e+02
8.507997819708411043e+03 9.852621358246257444e+01
8.508197913730511573e+03 9.876428005433537294e+01
8.508398007752612102e+03 1.014697175561677369e+02
8.508598101774710813e+03 9.906679033229579545e+01
8.508798195796811342e+03 1.006351497545613256e+02
8.508998289818911871e+03 9.982263111733666960e+01
8.509198383841014220e+03 9.969711222915445603e+01
8.509398477863112930e+03 1.009146322219207548e+02
8.509598571885215279e+03 9.869559825447849732e+01
8.509798665907312170e+03 9.971566657097923780e+01
8.509998759929414518e+03 9.824459066937032503e+01
8.510198853951515048e+03 9.944004975416196146e+01
8.510398947973615577e+03 9.939917688138284291e+01
8.510599041995716107e+03 9.836391305006614516e+01
8.510799136017814817e+03 9.983334137717096723e+01
8.510999230039915346e+03 9.797516725403966120e+01
8.511199324062017695e+03 9.953093245763720631e+01
8.511399418084116405e+03 9.833491136201401162e+01
8.511599512106218754e+03 9.893745105240861903e+01
8.511799606128317464e+03 1.005690121434959678e+02
8.511999700150417993e+03 9.979987937115210173e+01
8.512199794172518523e+03 1.022901868605419509e+02
8.512399888194619052e+03 9.858243584278130811e+01
8.512599982216719582e+03 9.975617040646454825e+01
8.512800076238820111e+03 9.698130113640246464e+01
8.513000170260918821e+03 1.005265667618951255e+02
8.513200264283021170e+03 9.960237054325347117e+01
8.513400358305119880e+03 9.836405706576633179e+01
8.513600452327222229e+03 9.896436009199993578e+01
8.513800546349320939e+03 9.904643141926754879e+01
8.514000640371421468e+03 9.749551613861284238e+01
8.514200734393521998e+03 1.005294039919830169e+02
8.514400828415622527e+03 9.784621777794288278e+01
8.514600922437723057e+03 1.019016594512066973e+02
8.514801016459823586e+03 1.000780291981183581e+02
8.515001110481924115e+03 9.802500414981157917e+01
8.515201204504024645e+03 1.008035052047277844e+02
8.515401298526123355e+03 9.967455443310377916e+01
8.515601392548225704e+03 1.002899274609902847e+02
8.515801486570324414e+03 1.001347508436416121e+02
8.516001580592426762e+03 9.871707258722595668e+01
8.516201674614525473e+03 9.890322792196577950e+01
8.516401768636626002e+03 1.014700257948970830e+02
8.516601862658726532e+03 9.935303099584065478e+01
8.516801956680827061e+03 9.952948877551735052e+01
8.517002050702927590e+03 9.960508096640738529e+01
8.517202144725029939e+03 9.755448842393334985e+01
8.517402238747126830e+03 9.779114418882140569e+01
8.517602332769229179e+03 9.569664739646692908e+01
8.517802426791327889e+03 9.137786538133258318e+01
8.518002520813430237e+03 8.751846498246344197e+01
8.518202614835530767e+03 8.885962659294727928e+01
8.518402708857629477e+03 9.207597538182184849e+01
8.518602802879730007e+03 9.397443004272835765e+01
8.518802896901830536e+03 9.919487853348975648e+01
8.519002990923931065e+03 9.779510435689357450e+01
8.519203084946033414e+03 9.680075876963360315e+01
8.519403178968132124e+03 9.922974994243816127e+01
8.519603272990232654e+03 9.948588465663068803e+01
8.519803367012331364e+03 9.795592114018553787e+01
8.520003461034433712e+03 9.966607193642322216e+01
8.520203555056534242e+03 9.950566645266768262e+01
8.520403649078634771e+03 1.000157545502845693e+02
8.520603743100733482e+03 1.023119371246948219e+02
8.520803837122834011e+03 9.959474907430987400e+01
8.521003931144934540e+03 9.832542852569785907e+01
8.521204025167036889e+03 1.011788013199356442e+02
8.521404119189135599e+03 9.977531626006791043e+01
8.521604213211236129e+03 9.985606968703140751e+01
8.521804307233334839e+03 9.766534404049851048e+01
8.522004401255437188e+03 9.740553936950840352e+01
8.522204495277537717e+03 9.783177149654400750e+01
8.522404589299638246e+03 9.856984355614085302e+01
8.522604683321738776e+03 1.001230016328832875e+02
8.522804777343837486e+03 9.891242825727611887e+01
8.523004871365938016e+03 9.771710436618241147e+01
8.523204965388040364e+03 9.941350895515680008e+01
8.523405059410139074e+03 9.835713905327644113e+01
8.523605153432241423e+03 9.992174006553800325e+01
8.523805247454338314e+03 9.998311645718543161e+01
8.524005341476440663e+03 9.957575031616644878e+01
8.524205435498541192e+03 9.953303538499891090e+01
8.524405529520641721e+03 9.980901067286640682e+01
8.524605623542742251e+03 9.909975212951302126e+01
8.524805717564842780e+03 9.876109924445054844e+01
8.525005811586941491e+03 1.014426402630955693e+02
8.525205905609043839e+03 9.986078635743321286e+01
8.525405999631144368e+03 9.977197967496650222e+01
8.525606093653244898e+03 9.840264436618420518e+01
8.525806187675345427e+03 1.016250821961016015e+02
8.526006281697444138e+03 1.001400657214212231e+02
8.526206375719546486e+03 1.014254700049229854e+02
8.526406469741645196e+03 9.859964043618137453e+01
8.526606563763747545e+03 9.994699730847081298e+01
8.526806657785846255e+03 9.900065359471228987e+01
8.527006751807948604e+03 9.945875422330803417e+01
8.527206845830047314e+03 9.922526233401562479e+01
8.527406939852147843e+03 9.895557179202310749e+01
8.527607033874248373e+03 9.910967278311778728e+01
8.527807127896348902e+03 1.021470740301875537e+02
8.528007221918449432e+03 9.967633712259807055e+01
8.528207315940549961e+03 9.922439666990679541e+01
8.528407409962648671e+03 9.866404850702512874e+01
8.528607503984751020e+03 9.943129957731828483e+01
8.528807598006849730e+03 9.945384495491832411e+01
8.529007692028952079e+03 9.930944116908138142e+01
8.529207786051050789e+03 9.715810504577990514e+01
8.529407880073151318e+03 9.818122022474032917e+01
8.529607974095251848e+03 9.919422838055621128e+01
8.529808068117352377e+03 9.994893811252708815e+01
8.530008162139452907e+03 9.885009772340403345e+01
8.530208256161555255e+03 9.777290646353773695e+01
8.530408350183652146e+03 9.960447425444402825e+01
8.530608444205754495e+03 9.841334586481453073e+01
8.530808538227853205e+03 9.947947794495642881e+01
8.531008632249955554e+03 9.717699881097735215e+01
8.531208726272056083e+03 9.746154525809245683e+01
8.531408820294154793e+03 9.758003046756201115e+01
8.531608914316255323e+03 9.761187493126666936e+01
8.531809008338355852e+03 9.763882589050076888e+01
8.532009102360456382e+03 9.783463709395384456e+01
8.532209196382558730e+03 9.659753101640740169e+01
8.532409290404657440e+03 9.903438592642504545e+01
8.532609384426757970e+03 9.785756898357291789e+01
8.532809478448856680e+03 9.728739102563388030e+01
8.533009572470959029e+03 9.955601936412826092e+01
8.533209666493059558e+03 9.927131193122328057e+01
8.533409760515160087e+03 9.874276505371268797e+01
8.533609854537258798e+03 9.830472778180656235e+01
8.533809948559359327e+03 9.885583857857447754e+01
8.534010042581459857e+03 9.911159082909082940e+01
8.534210136603562205e+03 9.640617460700588026e+01
8.534410230625660915e+03 9.855180037324592490e+01
8.534610324647763264e+03 9.794925270614993451e+01
8.534810418669860155e+03 9.783647161705226836e+01
8.535010512691962504e+03 9.894181494697750168e+01
8.535210606714063033e+03 9.674576956572822439e+01
8.535410700736163562e+03 9.834429037860469691e+01
8.535610794758264092e+03 9.833456968294156297e+01
8.535810888780362802e+03 9.910396722218456489e+01
8.536010982802463332e+03 9.741801007547853430e+01
8.536211076824565680e+03 9.737132063876113364e+01
8.536411170846664390e+03 9.675105228609994867e+01
8.536611264868766739e+03 9.796488929590606176e+01
8.536811358890863630e+03 9.868568672515533535e+01
8.537011452912965979e+03 9.703123625401858021e+01
8.537211546935066508e+03 9.877065341820124900e+01
8.537411640957167037e+03 9.584944338691134647e+01
8.537611734979267567e+03 9.572442626037559421e+01
8.537811829001368096e+03 9.750818101539323379e+01
8.538011923023466807e+03 9.693455519346809979e+01
8.538212017045569155e+03 9.529284887156629225e+01
8.538412111067667865e+03 9.653176375160796852e+01
8.538612205089770214e+03 9.638472386777938539e+01
8.538812299111868924e+03 9.626475059262594414e+01
8.539012393133969454e+03 9.620543320954919864e+01
8.539212487156069983e+03 9.502792001501344998e+01
8.539412581178170512e+03 9.702513816900059851e+01
8.539612675200271042e+03 9.413489910526912752e+01
8.539812769222371571e+03 9.405871996170131411e+01
8.540012863244472101e+03 9.498872540938261011e+01
8.540212957266572630e+03 9.531511118530785609e+01
8.540413051288671340e+03 9.262885760844254435e+01
8.540613145310773689e+03 9.531382293131936478e+01
8.540813239332872399e+03 9.505647423099989624e+01
8.541013333354974748e+03 9.479964049670564918e+01
8.541213427377073458e+03 9.103137661399009062e+01
8.541413521399173987e+03 9.225550798650888851e+01
8.541613615421274517e+03 9.139712277208285229e+01
8.541813709443375046e+03 8.990625555962037652e+01
8.542013803465475576e+03 9.202664510559793598e+01
8.542213897487577924e+03 8.927456089025638164e+01
8.542413991509674815e+03 8.810160882276596794e+01
8.542614085531777164e+03 8.625129775129683196e+01
8.542814179553875874e+03 8.833746171424775184e+01
8.543014273575978223e+03 8.730407794083436102e+01
8.543214367598078752e+03 8.499339855651965081e+01
8.543414461620177462e+03 8.459706030569482493e+01
8.543614555642279811e+03 7.990218709716100420e+01
8.543814649664378521e+03 7.974731735425096701e+01
8.544014743686480870e+03 7.791058702305376471e+01
8.544214837708581399e+03 7.603329130295108484e+01
8.544414931730680109e+03 7.270031525826917118e+01
8.544615025752780639e+03 7.036177859061851336e+01
8.544815119774881168e+03 6.650459656887261417e+01
8.545015213796981698e+03 6.301545695867092434e+01
8.545215307819084046e+03 5.902005617636649504e+01
8.545415401841182756e+03 5.485928479904464439e+01
8.545615495863283286e+03 4.992071063697908784e+01
8.545815589885381996e+03 4.507603280456766015e+01
8.546015683907484345e+03 4.352228442503203354e+01
8.546215777929584874e+03 4.151246752927707462e+01
8.546415871951685403e+03 4.416032356755131616e+01
8.546615965973784114e+03 5.014150867013535873e+01
8.546816059995884643e+03 5.411330947274021952e+01
8.547016154017985173e+03 5.798995774060288966e+01
8.547216248040087521e+03 6.130284451543843005e+01
8.547416342062186231e+03 6.692628557887803709e+01
8.547616436084288580e+03 7.005190876408848055e+01
8.547816530106385471e+03 7.078924433039304631e+01
8.548016624128487820e+03 7.719783766047797258e+01
8.548216718150588349e+03 7.553416569722359952e+01
8.548416812172688878e+03 7.995745199406816539e+01
8.548616906194789408e+03 8.107030520514250327e+01
8.548817000216888118e+03 8.380082653028533457e+01
8.549017094238988648e+03 8.371921329855884153e+01
8.549217188261090996e+03 8.602459828141734022e+01
8.549417282283189707e+03 8.652396416582715233e+01
8.549617376305292055e+03 8.896568888640982209e+01
8.549817470327390765e+03 8.953034909632238225e+01
8.550017564349491295e+03 8.793490765917439944e+01
8.550217658371591824e+03 9.146198051146892283e+01
8.550417752393692354e+03 9.002878502581710052e+01
8.550617846415792883e+03 9.382032612309026831e+01
8.550817940437893412e+03 9.234994288217123426e+01
8.551018034459992123e+03 9.426962252475424009e+01
8.551218128482094471e+03 9.433828598533374077e+01
8.551418222504193182e+03 9.256692495718937153e+01
8.551618316526295530e+03 9.380250952844046708e+01
8.551818410548394240e+03 9.537065261578828768e+01
8.552018504570494770e+03 9.475337406410979213e+01
8.552218598592595299e+03 9.476525732877171038e+01
8.552418692614695829e+03 9.465892921568095630e+01
8.552618786636796358e+03 9.466970319167485570e+01
8.552818880658896887e+03 9.565504858232121421e+01
8.553018974680997417e+03 9.618778501302153927e+01
8.553219068703097946e+03 9.543436723855634796e+01
8.553419162725196657e+03 9.675128805426174949e+01
8.553619256747299005e+03 9.656809652410096589e+01
8.553819350769397715e+03 9.627989541289800002e+01
8.554019444791500064e+03 9.654965648412098744e+01
8.554219538813598774e+03 9.602459578570868359e+01
8.554419632835699304e+03 9.714458738298907292e+01
8.554619726857799833e+03 9.693153476095892529e+01
8.554819820879900362e+03 9.834153345359942477e+01
8.555019914902000892e+03 9.803736519497812196e+01
8.555220008924103240e+03 9.599899396800856266e+01
8.555420102946200132e+03 9.623008167924665202e+01
8.555620196968302480e+03 9.835951642639479076e+01
8.555820290990401190e+03 9.924947434887440068e+01
8.556020385012503539e+03 9.470632035449544617e+01
8.556220479034604068e+03 9.605494602635040735e+01
8.556420573056702779e+03 9.870489621020108473e+01
8.556620667078803308e+03 9.673547501928355530e+01
8.556820761100903837e+03 9.787554156915390990e+01
8.557020855123004367e+03 9.813080839454120508e+01
8.557220949145106715e+03 9.983560972276173118e+01
8.557421043167203607e+03 9.814536586671279395e+01
8.557621137189305955e+03 9.762247176964902451e+01
8.557821231211404665e+03 9.836790823134660400e+01
8.558021325233507014e+03 9.877985034819616317e+01
8.558221419255607543e+03 9.711260893340970313e+01
8.558421513277708073e+03 9.681583939392827176e+01
8.558621607299806783e+03 1.008488274703877181e+02
8.558821701321907312e+03 9.842902194273032990e+01
8.559021795344007842e+03 9.969737680413545888e+01
8.559221889366110190e+03 9.853509796211854166e+01
8.559421983388208901e+03 9.774704444545879767e+01
8.559622077410309430e+03 9.828804578317847529e+01
8.559822171432408140e+03 9.793771812686807721e+01
8.560022265454510489e+03 9.932184115059365581e+01
8.560222359476611018e+03 9.472599076004433982e+01
8.560422453498711548e+03 9.893188999265663597e+01
8.560622547520812077e+03 9.648907013860407744e+01
8.560822641542910787e+03 9.642679889411981264e+01
8.561022735565011317e+03 9.640982572193397004e+01
8.561222829587113665e+03 9.717814623677894303e+01
8.561422923609212376e+03 9.995901838133544004e+01
8.561623017631314724e+03 9.842698598232367146e+01
8.561823111653413434e+03 9.925417571396660321e+01
8.562023205675513964e+03 9.936908277647744114e+01
8.562223299697616312e+03 9.833884720512241984e+01
8.562423393719715023e+03 9.841198863521363194e+01
8.562623487741817371e+03 9.834199533689135819e+01
8.562823581763916081e+03 9.990833905270204696e+01
8.563023675786016611e+03 9.846317200174418360e+01
8.563223769808117140e+03 9.837493856348923771e+01
8.563423863830217670e+03 9.731848216227081139e+01
8.563623957852318199e+03 9.893075475481482783e+01
8.563824051874418728e+03 9.840611737448706720e+01
8.564024145896517439e+03 9.881136238068708622e+01
8.564224239918619787e+03 9.851270755963106751e+01
8.564424333940718498e+03 1.010178824685302033e+02
8.564624427962820846e+03 1.025677911148602561e+02
8.564824521984919556e+03 1.001719102520998774e+02
8.565024616007020086e+03 9.870936252170484693e+01
8.565224710029120615e+03 1.003361878179686357e+02
8.565424804051221145e+03 1.006570518477418830e+02
8.565624898073321674e+03 9.926117329905247288e+01
8.565824992095422203e+03 9.829173190506452329e+01
8.566025086117522733e+03 9.948032308786704903e+01
8.566225180139623262e+03 9.875255424912749902e+01
8.566425274161721973e+03 9.732777782590042648e+01
8.566625368183824321e+03 9.992377214727817147e+01
8.566825462205923031e+03 9.900151236891203155e+01
8.567025556228025380e+03 1.027176122524110156e+02
8.567225650250124090e+03 1.008517571929160823e+02
8.567425744272224620e+03 9.983406946924111480e+01
8.567625838294325149e+03 1.002016139334518385e+02
8.567825932316425678e+03 9.815253181697673313e+01
8.568026026338526208e+03 1.004196510108910871e+02
8.568226120360628556e+03 9.968298231109166352e+01
8.568426214382725448e+03 1.002151523751668094e+02
8.568626308404827796e+03 9.952474618200356815e+01
8.568826402426926506e+03 9.935308373865447606e+01
8.569026496449028855e+03 9.831192492804645156e+01
8.569226590471129384e+03 9.796020841030153292e+01
8.569426684493228095e+03 9.768626317482673471e+01
8.569626778515328624e+03 9.941235774313197737e+01
8.569826872537429153e+03 1.019288533299943964e+02
8.570026966559529683e+03 9.894015701475260016e+01
8.570227060581632031e+03 1.009137993393806170e+02
8.570427154603730742e+03 9.773720673241923862e+01
8.570627248625831271e+03 9.801079286321527206e+01
8.570827342647929981e+03 1.005391868830441524e+02
8.571027436670032330e+03 1.009734161851140612e+02
8.571227530692132859e+03 1.027492039268974224e+02
8.571427624714233389e+03 9.971464309007446047e+01
8.571627718736332099e+03 9.740498138075270163e+01
8.571827812758432628e+03 9.852819382696458206e+01
8.572027906780533158e+03 9.909219462094378628e+01
8.572228000802635506e+03 1.017240273802471364e+02
8.572428094824734217e+03 1.001998052537742865e+02
8.572628188846834746e+03 1.001430629531052290e+02
8.572828282868933456e+03 1.025840301907298766e+02
8.573028376891035805e+03 9.767330057419377454e+01
8.573228470913136334e+03 9.755015369647871637e+01
8.573428564935236864e+03 1.013094566198771247e+02
8.573628658957337393e+03 9.813737471077631369e+01
8.573828752979436103e+03 1.001961485497955238e+02
8.574028847001536633e+03 9.792937440623762768e+01
8.574228941023638981e+03 1.016531791947208347e+02
8.574429035045737692e+03 1.007661000327344425e+02
8.574629129067840040e+03 9.992852441680894060e+01
8.574829223089936932e+03 9.926209141678006631e+01
8.575029317112039280e+03 9.771759116347672602e+01
8.575229411134139809e+03 9.969356332601468296e+01
8.575429505156240339e+03 9.722904419452842717e+01
8.575629599178340868e+03 1.012496726912416847e+02
8.575829693200441397e+03 9.875443717203202709e+01
8.576029787222540108e+03 9.919519906585716740e+01
8.576229881244642456e+03 9.916242858781753000e+01
8.576429975266741167e+03 9.992327762663995827e+01
8.576630069288843515e+03 9.891192132683228522e+01
8.576830163310942226e+03 1.002227364132818650e+02
8.577030257333042755e+03 1.010488440176194018e+02
8.577230351355143284e+03 9.970654436460617376e+01
8.577430445377243814e+03 1.010916354922123332e+02
8.577630539399344343e+03 1.005300058254789519e+02
8.577830633421444873e+03 1.003442093693597030e+02
8.578030727443545402e+03 9.976186105782404923e+01
8.578230821465645931e+03 9.720049492528941926e+01
8.578430915487744642e+03 1.019507766477688619e+02
8.578631009509846990e+03 9.891671423430555876e+01
8.578831103531945701e+03 1.011083313695013146e+02
8.579031197554048049e+03 1.000400956905751713e+02
8.579231291576146759e+03 9.901126226133901298e+01
8.579431385598247289e+03 1.003456214294697020e+02
8.579631479620347818e+03 9.933331313170813814e+01
8.579831573642448348e+03 1.005421772626675931e+02
8.580031667664548877e+03 9.915280103772622056e+01
8.580231761686649406e+03 9.995039237865688619e+01
8.580431855708749936e+03 1.004664677844731244e+02
8.580631949730850465e+03 1.008458491619149839e+02
8.580832043752950995e+03 1.001063541152726515e+02
8.581032137775051524e+03 1.002553425186120393e+02
8.581232231797153872e+03 1.005960232007450799e+02
8.581432325819250764e+03 1.016815399845872179e+02
8.581632419841353112e+03 9.784433803430168552e+01
8.581832513863451823e+03 1.003662242987742275e+02
8.582032607885554171e+03 9.860726836326401212e+01
8.582232701907654700e+03 9.944006579951134484e+01
8.582432795929753411e+03 9.911177548326092790e+01
8.582632889951853940e+03 1.001600400555470145e+02
8.582832983973954470e+03 9.922255130563431180e+01
8.583033077996054999e+03 9.864041332490060654e+01
8.583233172018157347e+03 1.000197900947521248e+02
8.583433266040256058e+03 9.767890975256337072e+01
8.583633360062356587e+03 9.815863348297671109e+01
8.583833454084455298e+03 9.910616942553049569e+01
8.584033548106557646e+03 1.032045583620268587e+02
8.584233642128658175e+03 1.004046798523551587e+02
8.584433736150758705e+03 9.832549836390940357e+01
8.584633830172857415e+03 1.010151379483181415e+02
8.584833924194957945e+03 1.010483548979481441e+02
8.585034018217058474e+03 1.006470670187107999e+02
8.585234112239160822e+03 1.000292040563116274e+02
8.585434206261259533e+03 9.911883591588410525e+01
8.585634300283361881e+03 9.919034401841108206e+01
8.585834394305458773e+03 9.992435918486226853e+01
8.586034488327561121e+03 9.586002986158123917e+01
8.586234582349661650e+03 9.609038711021054269e+01
8.586434676371762180e+03 9.416312621904219782e+01
8.586634770393862709e+03 9.722840946712352661e+01
8.586834864415961420e+03 9.801334416663162585e+01
8.587034958438061949e+03 9.981829383265716160e+01
8.587235052460164297e+03 9.941873966725304967e+01
8.587435146482263008e+03 9.925729852529087793e+01
8.587635240504365356e+03 9.954515414467803680e+01
8.587835334526462248e+03 1.001656583889073033e+02
8.588035428548564596e+03 9.995480488443919853e+01
8.588235522570665125e+03 9.723843979565054951e+01
8.588435616592765655e+03 9.694916946057669804e+01
8.588635710614866184e+03 9.959033143282142930e+01
8.588835804636966714e+03 9.997436595794026459e+01
8.589035898659065424e+03 9.777686885634517466e+01
8.589235992681167772e+03 9.958010836200313065e+01
8.589436086703266483e+03 1.011525910567645781e+02
8.589636180725368831e+03 1.012569449955490626e+02
8.589836274747467542e+03 1.019817585383896130e+02
8.590036368769568071e+03 9.911351125542871898e+01
8.590236462791668600e+03 9.821634411798986264e+01
8.590436556813769130e+03 9.940765294267146146e+01
8.590636650835869659e+03 1.012986972539232653e+02
8.590836744857970189e+03 9.945030584855672373e+01
8.591036838880070718e+03 1.003775635265406834e+02
8.591236932902171247e+03 1.002051897064807093e+02
8.591437026924269958e+03 9.964635601653067454e+01
8.591637120946372306e+03 9.893022524882911739e+01
8.591837214968471017e+03 9.903610434210541769e+01
8.592037308990573365e+03 9.992394292086228802e+01
8.592237403012672075e+03 1.008272055094089126e+02
8.592437497034772605e+03 9.816963592762293445e+01
8.592637591056873134e+03 9.936204364258536259e+01
8.592837685078973664e+03 9.905546483638241284e+01
8.593037779101074193e+03 1.004177171970977440e+02
8.593237873123174722e+03 9.948829835228164598e+01
8.593437967145273433e+03 1.013229421552539833e+02
8.593638061167375781e+03 9.997110569637035837e+01
8.593838155189474492e+03 9.937016005149983755e+01
8.594038249211576840e+03 1.007414267819405467e+02
8.594238343233677369e+03 1.002932001496238428e+02
8.594438437255776080e+03 1.017627508123535449e+02
8.594638531277876609e+03 9.979153177988031587e+01
8.594838625299977139e+03 9.954191319606445632e+01
8.595038719322077668e+03 1.002718112968905757e+02
8.595238813344180016e+03 1.003667337704153795e+02
8.595438907366276908e+03 9.903007577300213882e+01
8.595639001388379256e+03 1.005422026972560303e+02
8.595839095410477967e+03 1.029953967143902247e+02
8.596039189432580315e+03 9.930210899094402066e+01
8.596239283454680844e+03 9.944932231960613933e+01
8.596439377476781374e+03 1.005398358005573272e+02
8.596639471498880084e+03 9.915942013756651363e+01
8.596839565520980614e+03 9.958796710888543657e+01
8.597039659543081143e+03 9.916381877606899309e+01
8.597239753565183491e+03 9.894434203268134809e+01
8.597439847587282202e+03 1.004551966932168057e+02
8.597639941609382731e+03 1.000195880869784162e+02
8.597840035631481442e+03 9.908049316298810538e+01
8.598040129653583790e+03 9.964625443438177399e+01
8.598240223675684319e+03 1.004718954049831439e+02
8.598440317697784849e+03 9.706068959756790093e+01
8.598640411719887197e+03 9.962859292792879273e+01
8.598840505741984089e+03 9.883186800952702811e+01
8.599040599764086437e+03 9.903174012551953354e+01
8.599240693786186966e+03 1.001964524684816524e+02
8.599440787808287496e+03 1.001319914791079242e+02
8.599640881830388025e+03 9.770746721833775439e+01
8.599840975852486736e+03 9.728175604880726723e+01
8.600041069874587265e+03 1.008675730756765034e+02
8.600241163896689613e+03 9.937238455561679018e+01
8.600441257918788324e+03 9.738106318519984939e+01
8.600641351940890672e+03 9.996766795884701651e+01
8.600841445962987564e+03 9.790049439455015090e+01
8.601041539985089912e+03 9.960819900424743878e+01
8.601241634007190441e+03 9.936206395809988123e+01
8.601441728029290971e+03 9.932905146733301649e+01
8.601641822051391500e+03 9.749710265272155141e+01
8.601841916073492030e+03 9.954813229078023085e+01
8.602042010095590740e+03 9.902085517791731206e+01
8.602242104117693088e+03 9.806145579563290937e+01
8.602442198139791799e+03 9.441602746726658779e+01
8.602642292161894147e+03 9.309305013424071262e+01
8.602842386183992858e+03 9.338021926884616164e+01
8.603042480206093387e+03 9.356995756821389421e+01
8.603242574228193916e+03 9.837002747369650990e+01
8.603442668250294446e+03 9.747922112564457109e+01
8.603642762272394975e+03 9.886680136479259318e+01
8.603842856294495505e+03 9.997210892897858514e+01
8.604042950316596034e+03 9.855804254969540068e+01
8.604243044338696563e+03 9.899815909507327660e+01
8.604443138360795274e+03 9.795813710367561100e+01
8.604643232382897622e+03 9.998307474040895215e+01
8.604843326404996333e+03 9.789144195790717617e+01
8.605043420427098681e+03 1.004119194798445420e+02
8.605243514449197392e+03 1.038639859280842899e+02
8.605443608471297921e+03 1.018852707547964656e+02
8.605643702493398450e+03 1.005733213667294734e+02
8.605843796515498980e+03 1.005673119493998087e+02
8.606043890537599509e+03 1.004834968639795250e+02
8.606243984559701858e+03 9.787851668362971225e+01
8.606444078581798749e+03 9.860934064026447743e+01
8.606644172603901097e+03 9.901374256017298592e+01
8.606844266625999808e+03 9.755673972651231907e+01
8.607044360648102156e+03 1.002341714484187634e+02
8.607244454670202686e+03 1.002291698320963604e+02
8.607444548692301396e+03 9.923149744862949717e+01
8.607644642714401925e+03 1.007065233779671161e+02
8.607844736736502455e+03 1.017493255433159192e+02
8.608044830758602984e+03 9.788182515423282837e+01
8.608244924780705333e+03 9.955492174047630272e+01
8.608445018802802224e+03 1.000938852430917052e+02
8.608645112824904572e+03 9.970860318113956566e+01
8.608845206847003283e+03 1.012574820093200714e+02
8.609045300869105631e+03 1.015713319034129540e+02
8.609245394891206161e+03 1.005995068540665471e+02
8.609445488913306690e+03 9.864114931874584613e+01
8.609645582935405400e+03 1.006670373111632983e+02
8.609845676957505930e+03 9.945282861339266844e+01
8.610045770979606459e+03 9.709550904158896856e+01
8.610245865001708808e+03 9.963574299576505666e+01
8.610445959023807518e+03 9.840511149067702945e+01
8.610646053045908047e+03 9.911182095749843768e+01
8.610846147068006758e+03 9.785289153195240885e+01
8.611046241090109106e+03 9.893778859272829607e+01
8.611246335112209636e+03 9.917028163386724771e+01
8.611446429134310165e+03 9.773477181539121261e+01
8.611646523156410694e+03 9.923629223887242290e+01
8.611846617178509405e+03 9.950183995099261836e+01
8.612046711200609934e+03 1.002409612872355353e+02
8.612246805222712283e+03 1.006245820068526911e+02
8.612446899244810993e+03 9.814294708964901304e+01
8.612646993266913341e+03 9.673312221627921303e+01
8.612847087289010233e+03 9.860422697333710573e+01
8.613047181311112581e+03 9.880613090175242519e+01
8.613247275333213111e+03 1.004358949575859867e+02
8.613447369355313640e+03 9.953445517888201266e+01
8.613647463377414169e+03 1.006408043597818391e+02
8.613847557399514699e+03 1.000392513608605469e+02
8.614047651421613409e+03 9.835234919946714172e+01
8.614247745443715758e+03 9.819551669423360352e+01
8.614447839465814468e+03 9.954143520069379747e+01
8.614647933487916816e+03 9.952682538987382088e+01
8.614848027510015527e+03 9.977576064960256019e+01
8.615048121532116056e+03 9.930248087109622190e+01
8.615248215554216586e+03 9.688604660281467318e+01
8.615448309576317115e+03 9.233737608019065135e+01
8.615648403598417644e+03 8.801503478116177348e+01
8.615848497620518174e+03 8.802999310443831860e+01
8.616048591642616884e+03 8.890103357180704791e+01
8.616248685664719233e+03 9.216006413794789864e+01
8.616448779686817943e+03 9.676396039372394853e+01
8.616648873708920291e+03 9.954022194465471784e+01
8.616848967731020821e+03 9.887946691380852826e+01
8.617049061753121350e+03 9.930897550434954724e+01
8.617249155775221880e+03 1.020590408569971856e+02
8.617449249797320590e+03 9.674290849796284419e+01
8.617649343819422938e+03 9.812592411754289401e+01
8.617849437841521649e+03 1.002346021483890297e+02
8.618049531863623997e+03 1.009356883266602836e+02
8.618249625885722708e+03 1.001908573603469677e+02
8.618449719907823237e+03 9.889489444179525890e+01
8.618649813929923766e+03 1.011841365617200381e+02
8.618849907952024296e+03 9.829020450867948000e+01
8.619050001974124825e+03 1.010216827793937568e+02
8.619250095996227174e+03 1.022052971525131397e+02
8.619450190018324065e+03 1.005249706019415896e+02
8.619650284040426413e+03 1.008190416868859671e+02
8.619850378062525124e+03 9.812475803918418649e+01
8.620050472084627472e+03 9.860830018294187482e+01
8.620250566106728002e+03 9.882842189088241014e+01
8.620450660128826712e+03 9.772657668753986115e+01
8.620650754150927241e+03 9.922864247660309900e+01
8.620850848173027771e+03 9.933084916934392083e+01
8.621050942195128300e+03 1.005758485370649282e+02
8.621251036217230649e+03 1.009466684230033451e+02
8.621451130239329359e+03 9.863066638216007220e+01
8.621651224261429888e+03 1.006091171570305249e+02
8.621851318283528599e+03 1.000006456619832420e+02
8.622051412305630947e+03 9.875971691675883335e+01
8.622251506327731477e+03 9.971943791653164624e+01
8.622451600349832006e+03 9.946370876220653656e+01
8.622651694371930716e+03 9.837337139591939206e+01
8.622851788394031246e+03 1.021235492018447104e+02
8.623051882416131775e+03 9.700991077207700641e+01
8.623251976438234124e+03 9.787306707953884199e+01
8.623452070460332834e+03 9.981231553833819703e+01
8.623652164482433363e+03 9.875254804755823557e+01
8.623852258504532074e+03 9.880886531975279752e+01
8.624052352526634422e+03 1.007081566379075213e+02
8.624252446548734952e+03 9.970966908384856708e+01
8.624452540570835481e+03 1.001790926671402531e+02
8.624652634592936010e+03 1.023559201087363704e+02
8.624852728615034721e+03 9.887303918798146185e+01
8.625052822637135250e+03 9.771791069442694777e+01
8.625252916659237599e+03 9.653529355571936321e+01
8.625453010681336309e+03 9.024789044998624377e+01
8.625653104703438657e+03 8.978142228732909302e+01
8.625853198725535549e+03 9.133481988979904997e+01
8.626053292747637897e+03 9.543190386719689400e+01
8.626253386769738427e+03 9.541934387885216040e+01
8.626453480791838956e+03 1.003382656686593180e+02
8.626653574813939485e+03 1.001231527356784312e+02
8.626853668836040015e+03 9.660230572798094784e+01
8.627053762858138725e+03 9.952157088331637169e+01
8.627253856880241074e+03 9.875723020280321407e+01
8.627453950902339784e+03 9.951802283152403561e+01
8.627654044924442132e+03 1.018888625829302725e+02
8.627854138946540843e+03 9.955278506418565598e+01
8.628054232968641372e+03 9.881890346152253812e+01
8.628254326990741902e+03 1.006608442868573690e+02
8.628454421012842431e+03 9.899774533937703325e+01
8.628654515034942960e+03 1.009911253812883558e+02
8.628854609057043490e+03 9.956286426670487799e+01
8.629054703079144019e+03 9.958880507294382767e+01
8.629254797101244549e+03 1.002145102378174357e+02
8.629454891123343259e+03 9.888896407585650650e+01
8.629654985145445607e+03 9.939419234064169473e+01
8.629855079167544318e+03 1.013310397868591508e+02
8.630055173189646666e+03 1.008898507970833833e+02
8.630255267211745377e+03 1.001470774286610066e+02
8.630455361233845906e+03 1.001966793763843100e+02
8.630655455255946435e+03 1.006066597059475072e+02
8.630855549278046965e+03 1.008024651075760403e+02
8.631055643300147494e+03 1.018338644590635766e+02
8.631255737322248024e+03 9.974150598544765955e+01
8.631455831344346734e+03 1.011634463996822717e+02
8.631655925366449083e+03 9.965336285242752012e+01
8.631856019388547793e+03 1.008542973965800371e+02
8.632056113410650141e+03 9.780371991708133805e+01
8.632256207432750671e+03 9.990203894455503075e+01
8.632456301454849381e+03 1.011815993097662982e+02
8.632656395476949911e+03 1.005248903992475533e+02
8.632856489499050440e+03 9.969992978147601548e+01
8.633056583521150969e+03 1.018565621095192739e+02
8.633256677543253318e+03 9.980176420771400103e+01
8.633456771565350209e+03 9.936089979562810015e+01
8.633656865587452558e+03 1.012067420959011770e+02
8.633856959609551268e+03 1.000058585271313518e+02
8.634057053631653616e+03 1.026542981431875887e+02
8.634257147653754146e+03 9.921210084808788565e+01
8.634457241675854675e+03 9.799648905623523376e+01
8.634657335697953386e+03 9.916694935433959301e+01
8.634857429720053915e+03 9.926199140669523047e+01
8.635057523742156263e+03 9.915410593974635844e+01
8.635257617764256793e+03 1.001047113437178666e+02
8.635457711786357322e+03 1.014498440104103025e+02
8.635657805808456033e+03 9.920765805086466571e+01
8.635857899830556562e+03 9.833564612709020025e+01
8.636057993852657091e+03 1.000521160597501336e+02
8.636258087874759440e+03 9.863347557503014684e+01
8.636458181896858150e+03 1.002083010387090241e+02
8.636658275918958680e+03 9.822974674121796568e+01
8.636858369941057390e+03 9.944337749993933073e+01
8.637058463963159738e+03 9.879920253609148517e+01
8.637258557985260268e+03 1.005555953166711731e+02
8.637458652007360797e+03 9.892209542006432343e+01
8.637658746029461327e+03 1.023686991088764131e+02
8.637858840051560037e+03 9.804969617818086647e+01
8.638058934073660566e+03 9.879598212611587371e+01
8.638259028095762915e+03 9.862955214548402694e+01
8.638459122117861625e+03 9.995429103178439334e+01
8.638659216139963974e+03 9.974620263131180309e+01
8.638859310162060865e+03 1.016603760582857205e+02
8.639059404184163213e+03 1.008428449653337537e+02
8.639259498206263743e+03 9.967094197661772625e+01
8.639459592228364272e+03 9.773636505632444482e+01
8.639659686250464802e+03 1.005702021363686924e+02
8.639859780272565331e+03 9.788792036112313610e+01
8.640059874294664041e+03 9.855113011290710290e+01
8.640259968316766390e+03 9.939081009072434370e+01
8.640460062338865100e+03 1.008838698231113398e+02
8.640660156360967449e+03 1.002314268395045360e+02
8.640860250383066159e+03 1.021225158988012822e+02
8.641060344405166688e+03 9.986862834239325082e+01
8.641260438427267218e+03 1.007987310219315447e+02
8.641460532449367747e+03 9.920872725575756590e+01
8.641660626471468277e+03 9.820006343356538991e+01
8.641860720493568806e+03 9.812047164749276362e+01
8.642060814515669335e+03 1.012336306785901883e+02
8.642260908537769865e+03 9.992217860941434537e+01
8.642461002559868575e+03 9.911733682689281011e+01
8.642661096581970924e+03 1.001570435219069566e+02
8.642861190604069634e+03 1.014504463653176742e+02
8.643061284626171982e+03 1.008505738195051578e+02
8.643261378648270693e+03 1.004318933635799738e+02
8.643461472670371222e+03 1.006162492786784810e+02
8.643661566692471752e+03 1.017026737238927012e+02
8.643861660714572281e+03 9.770063688769467092e+01
8.644061754736672810e+03 9.838725380277983845e+01
8.644261848758773340e+03 9.942623285332733474e+01
8.644461942780872050e+03 1.003610322169541575e+02
8.644662036802974399e+03 9.989221594755835554e+01
8.644862130825073109e+03 9.867904834976883421e+01
8.645062224847175457e+03 9.913672692596423985e+01
8.645262318869275987e+03 1.015807609563707672e+02
8.645462412891374697e+03 9.774407497178066251e+01
8.645662506913475227e+03 9.949454611454329722e+01
8.645862600935575756e+03 9.890259942268416182e+01
8.646062694957676285e+03 9.876323907202625207e+01
8.646262788979778634e+03 9.879788833634381717e+01
8.646462883001875525e+03 9.986043404011002167e+01
8.646662977023977874e+03 1.003143176258256943e+02
8.646863071046076584e+03 9.816252021152845941e+01
8.647063165068178932e+03 1.004998878255421175e+02
8.647263259090279462e+03 9.875042305759045291e+01
8.647463353112379991e+03 1.012718293859302605e+02
8.647663447134478702e+03 9.848285278929046171e+01
8.647863541156579231e+03 9.933966766683656147e+01
8.648063635178679760e+03 1.012241971634927751e+02
8.648263729200782109e+03 1.001133461357244556e+02
8.648463823222880819e+03 9.982614194695582910e+01
8.648663917244981349e+03 9.858516122965497175e+01
8.648864011267080059e+03 9.939736901540874214e+01
8.649064105289182407e+03 9.823638685961689987e+01
8.649264199311282937e+03 1.009656000979784238e+02
8.649464293333383466e+03 9.913350182561568147e+01
8.649664387355483996e+03 9.992448120917707399e+01
8.649864481377582706e+03 1.015098747785114455e+02
8.650064575399683235e+03 1.003589436269040078e+02
8.650264669421785584e+03 9.974381008480483501e+01
8.650464763443884294e+03 9.869227393686938399e+01
8.650664857465986643e+03 1.014148727906326712e+02
8.650864951488083534e+03 9.822414069997076069e+01
8.651065045510185882e+03 9.982148647850127077e+01
8.651265139532286412e+03 9.748346623699686120e+01
8.651465233554386941e+03 1.014459165495958928e+02
8.651665327576487471e+03 9.868165937426327616e+01
8.651865421598586181e+03 9.671271120720386705e+01
8.652065515620686710e+03 9.972851973191149000e+01
8.652265609642789059e+03 9.903770427594028547e+01
8.652465703664887769e+03 9.791884397022205633e+01
8.652665797686990118e+03 9.652870704933444301e+01
8.652865891709088828e+03 9.814297473496033319e+01
8.653065985731189357e+03 1.008491240272958152e+02
8.653266079753291706e+03 9.886843705901033275e+01
8.653466173775390416e+03 9.910753607267156440e+01
8.653666267797492765e+03 1.007146801628008603e+02
8.653866361819591475e+03 9.690280676987298136e+01
8.654066455841692004e+03 9.869194251873443591e+01
8.654266549863792534e+03 9.860199033935123225e+01
8.654466643885893063e+03 9.773457909679747502e+01
8.654666737907993593e+03 1.008812248922435089e+02
8.654866831930094122e+03 9.875545347782944816e+01
8.655066925952194651e+03 9.845147134606474992e+01
8.655267019974295181e+03 9.696817160389528567e+01
8.655467113996393891e+03 9.906524884502086081e+01
8.655667208018496240e+03 9.885471912347567525e+01
8.655867302040594950e+03 9.999357942800776300e+01
8.656067396062697298e+03 9.813205193185649478e+01
8.656267490084796009e+03 9.806064544884200984e+01
8.656467584106896538e+03 1.002061874479773280e+02
8.656667678128997068e+03 9.868723120435807061e+01
8.656867772151097597e+03 9.690670409308081901e+01
8.657067866173198126e+03 9.756492340673463559e+01
8.657267960195300475e+03 9.819754625635448519e+01
8.657468054217397366e+03 9.816643712037600267e+01
8.657668148239499715e+03 1.003961770339035411e+02
8.657868242261598425e+03 9.763380951384958450e+01
8.658068336283700773e+03 9.974600057286774302e+01
8.658268430305801303e+03 9.756967913454833763e+01
8.658468524327900013e+03 9.938418803453706118e+01
8.658668618350000543e+03 9.798292216346827388e+01
8.658868712372101072e+03 9.837593716330992777e+01
8.659068806394201602e+03 9.623271159500205840e+01
8.659268900416303950e+03 9.661409208180940311e+01
8.659468994438400841e+03 9.728024953692421661e+01
8.659669088460503190e+03 9.713625259237024068e+01
8.659869182482601900e+03 9.573967004445567852e+01
8.660069276504704249e+03 9.966486209748519798e+01
8.660269370526804778e+03 9.840195089416360474e+01
8.660469464548905307e+03 9.658612860793864741e+01
8.660669558571004018e+03 9.486420055177437405e+01
8.660869652593104547e+03 9.437395292394357682e+01
8.661069746615205077e+03 9.702715704796443674e+01
8.661269840637307425e+03 9.526808073810461508e+01
8.661469934659406135e+03 9.462862586197830694e+01
8.661670028681506665e+03 9.790353182348074768e+01
8.661870122703605375e+03 9.554030162651625346e+01
8.662070216725707724e+03 9.364246106067400888e+01
8.662270310747808253e+03 9.364998862929270729e+01
8.662470404769908782e+03 9.323453006393810938e+01
8.662670498792009312e+03 9.177533212302346044e+01
8.662870592814108022e+03 8.993902330833513759e+01
8.663070686836208552e+03 8.871957816511358885e+01
8.663270780858310900e+03 8.999060460252808014e+01
8.663470874880409610e+03 8.978768499567252093e+01
8.663670968902511959e+03 8.573428772611235615e+01
8.663871062924608850e+03 8.488405943050635472e+01
8.664071156946711199e+03 8.189165421763374297e+01
8.664271250968811728e+03 7.963234747195623697e+01
8.664471344990912257e+03 8.030304539792047080e+01
8.664671439013012787e+03 7.375999212789298554e+01
8.664871533035113316e+03 7.168820235704059485e+01
8.665071627057212027e+03 6.687869341672866597e+01
8.665271721079314375e+03 6.436010457591770262e+01
8.665471815101413085e+03 5.790736768113401212e+01
8.665671909123515434e+03 5.418844079959833238e+01
8.665872003145614144e+03 4.706531076449135753e+01
8.666072097167714674e+03 4.493390293120550893e+01
8.666272191189815203e+03 4.070376974748680965e+01
8.666472285211915732e+03 4.608770049712195060e+01
8.666672379234016262e+03 5.067443248947028422e+01
8.666872473256116791e+03 5.611816702281853253e+01
8.667072567278215502e+03 6.191412940564769229e+01
8.667272661300317850e+03 6.701129590181336937e+01
8.667472755322416560e+03 7.262452543724864995e+01
8.667672849344518909e+03 7.399049951578658124e+01
8.667872943366617619e+03 7.724375120357575497e+01
8.668073037388719968e+03 8.173042357179214434e+01
8.668273131410818678e+03 8.197071313227674239e+01
8.668473225432919207e+03 8.415925754524973001e+01
8.668673319455019737e+03 8.635639747758344242e+01
8.668873413477120266e+03 8.836286445181555393e+01
8.669073507499220796e+03 8.883437042865922706e+01
8.669273601521321325e+03 8.882821711186198854e+01
8.669473695543420035e+03 9.029538658644300142e+01
8.669673789565522384e+03 9.073244894897280233e+01
8.669873883587621094e+03 9.187038687368813328e+01
8.670073977609723443e+03 9.513613866473158964e+01
8.670274071631823972e+03 9.278406072734202326e+01
8.670474165653922682e+03 9.446568062388618614e+01
8.670674259676023212e+03 9.251791695397253079e+01
8.670874353698123741e+03 9.470264538634414464e+01
8.671074447720224271e+03 9.488758185821860991e+01
8.671274541742326619e+03 9.632334459524349768e+01
8.671474635764423510e+03 9.603018686058231879e+01
8.671674729786525859e+03 9.473872940940431420e+01
8.671874823808626388e+03 9.642659132537957589e+01
8.672074917830726918e+03 9.500736607803985123e+01
8.672275011852829266e+03 9.489038076677549327e+01
8.672475105874927976e+03 9.757573643499814864e+01
8.672675199897028506e+03 9.705063301450034885e+01
8.672875293919127216e+03 9.753636631357902331e+01
8.673075387941229565e+03 9.727659666853399756e+01
8.673275481963330094e+03 9.765134583177122352e+01
8.673475575985430623e+03 9.614182943697397832e+01
8.673675670007529334e+03 9.899059162580545035e+01
8.673875764029629863e+03 9.596270722913214968e+01
8.674075858051730393e+03 9.742016667662178975e+01
8.674275952073832741e+03 9.950085659474363808e+01
8.674476046095931451e+03 9.822848468848118841e+01
8.674676140118031981e+03 9.730778513128588258e+01
8.674876234140130691e+03 9.787588925006890861e+01
8.675076328162233040e+03 9.638328430457708862e+01
8.675276422184333569e+03 1.010367692553465417e+02
8.675476516206434098e+03 9.790297223720381226e+01
8.675676610228534628e+03 9.961495882176153316e+01
8.675876704250633338e+03 9.797598735825843619e+01
8.676076798272733868e+03 9.786479447205034887e+01
8.676276892294836216e+03 9.705929253542176127e+01
8.676476986316934926e+03 9.854389947622577495e+01
8.676677080339037275e+03 9.806300711830040484e+01
8.676877174361134166e+03 9.918990362583924991e+01
8.677077268383236515e+03 9.787237649587676458e+01
8.677277362405337044e+03 9.848657479695174288e+01
8.677477456427437573e+03 9.781059838453532507e+01
8.677677550449538103e+03 9.951389958859500950e+01
8.677877644471638632e+03 9.931214311895668345e+01
8.678077738493737343e+03 9.781901539024694614e+01
8.678277832515839691e+03 9.585195185996633427e+01
8.678477926537938401e+03 9.556390898893478436e+01
8.678678020560040750e+03 8.882663537395711728e+01
8.678878114582139460e+03 8.697755772615988690e+01
8.679078208604239990e+03 8.838888006077118575e+01
8.679278302626340519e+03 8.992020920680532470e+01
8.679478396648441048e+03 9.271684645563334470e+01
8.679678490670541578e+03 9.390929404566676908e+01
8.679878584692642107e+03 9.643632599473980349e+01
8.680078678714740818e+03 9.974893993185797569e+01
8.680278772736843166e+03 9.892710980986754521e+01
8.680478866758941876e+03 9.956518825639940928e+01
8.680678960781044225e+03 9.902176302157994314e+01
8.680879054803142935e+03 9.888386655511988010e+01
8.681079148825245284e+03 9.937263270017801631e+01
8.681279242847343994e+03 9.858746475110042695e+01
8.681479336869444523e+03 9.893237748347678462e+01
8.681679430891545053e+03 9.958005948068961288e+01
8.681879524913645582e+03 9.804299841556179729e+01
8.682079618935746112e+03 9.924821701160909981e+01
8.682279712957846641e+03 1.003506674058696859e+02
8.682479806979945351e+03 1.007373791037032049e+02
8.682679901002047700e+03 1.001486634083369864e+02
8.682879995024146410e+03 9.900944457890068406e+01
8.683080089046248759e+03 9.754474447945104032e+01
8.683280183068349288e+03 1.000725816241485546e+02
8.683480277090447998e+03 1.007310648639113708e+02
8.683680371112548528e+03 9.784906386565899084e+01
8.683880465134649057e+03 9.963544724016836085e+01
8.684080559156749587e+03 9.801784158565598659e+01
8.684280653178851935e+03 9.791807843330514061e+01
8.684480747200948827e+03 9.824946719343866164e+01
8.684680841223051175e+03 1.008348297663011266e+02
8.684880935245149885e+03 9.776278880361131485e+01
8.685081029267252234e+03 9.885873629021163822e+01
8.685281123289352763e+03 1.016892573722222153e+02
8.685481217311453292e+03 9.994878066091895619e+01
8.685681311333552003e+03 1.000208638954998008e+02
8.685881405355652532e+03 1.003927337686143062e+02
8.686081499377753062e+03 9.879008691533610431e+01
8.686281593399855410e+03 9.900750709813794970e+01
8.686481687421954121e+03 9.749563343264166804e+01
8.686681781444054650e+03 9.815919937527999650e+01
8.686881875466153360e+03 9.777944872980164348e+01
8.687081969488255709e+03 9.558272651685061305e+01
8.687282063510356238e+03 9.830936232062346392e+01
8.687482157532456768e+03 9.896132562157852419e+01
8.687682251554555478e+03 1.010258072390210486e+02
8.687882345576656007e+03 1.007259934964930181e+02
8.688082439598756537e+03 9.896800647830716002e+01
8.688282533620858885e+03 1.004847678363052097e+02
8.688482627642957596e+03 9.967117106710531971e+01
8.688682721665059944e+03 1.007481610332669533e+02
8.688882815687156835e+03 9.842116885479174471e+01
8.689082909709259184e+03 9.917547067143189565e+01
8.689283003731359713e+03 1.003882999704987640e+02
8.689483097753460243e+03 9.806486515277536853e+01
8.689683191775560772e+03 1.015228684341327181e+02
8.689883285797659482e+03 1.015799828194584080e+02
8.690083379819761831e+03 1.004893675305884955e+02
8.690283473841862360e+03 9.783826423080468260e+01
8.690483567863962890e+03 9.798877562488276283e+01
8.690683661886063419e+03 9.964458229955457114e+01
8.690883755908163948e+03 1.036324073766790974e+02
8.691083849930262659e+03 9.883589028837997148e+01
8.691283943952365007e+03 9.905615994160693560e+01
8.691484037974463718e+03 9.775962851635496520e+01
8.691684131996566066e+03 9.789303337775054104e+01
8.691884226018664776e+03 9.625922473987584738e+01
8.692084320040765306e+03 9.025080621107031220e+01
8.692284414062865835e+03 8.155109053700442701e+01
8.692484508084966365e+03 7.537063319896104474e+01
8.692684602107066894e+03 6.920243062160699310e+01
8.692884696129167423e+03 7.442839174408670999e+01
8.693084790151267953e+03 8.305955260018865260e+01
8.693284884173368482e+03 9.096507707838625834e+01
8.693484978195467193e+03 9.336135620816700964e+01
8.693685072217569541e+03 9.648849035809979569e+01
8.693885166239668251e+03 9.796746879131561059e+01
8.694085260261770600e+03 9.780461079682446268e+01
8.694285354283869310e+03 9.898421194483049135e+01
8.694485448305969840e+03 1.011337207405721017e+02
8.694685542328070369e+03 9.916474027182232476e+01
8.694885636350170898e+03 1.011356931726273416e+02
8.695085730372271428e+03 9.968056458428586097e+01
8.695285824394371957e+03 9.943780260015320493e+01
8.695485918416470668e+03 9.722774458231209849e+01
8.695686012438573016e+03 9.920552732300073728e+01
8.695886106460671726e+03 1.000739527235965625e+02
8.696086200482774075e+03 1.008750721127040038e+02
8.696286294504874604e+03 9.808544651174068463e+01
8.696486388526973315e+03 1.003705598584796377e+02
8.696686482549073844e+03 1.007567224350816701e+02
8.696886576571174373e+03 9.947500131702359738e+01
8.697086670593274903e+03 1.009704378323393286e+02
8.697286764615377251e+03 9.944848733884688841e+01
8.697486858637474143e+03 1.017798487393356623e+02
8.697686952659576491e+03 9.798033734503454184e+01
8.697887046681675201e+03 1.002027463926861657e+02
8.698087140703777550e+03 1.010626215878327798e+02
8.698287234725878079e+03 9.896004299309547037e+01
8.698487328747978609e+03 9.863826924357651649e+01
8.698687422770077319e+03 1.022480500640811130e+02
8.698887516792177848e+03 9.930337532121563981e+01
8.699087610814278378e+03 9.929299054041446482e+01
8.699287704836380726e+03 9.951187718898825096e+01
8.699487798858479437e+03 1.003149250553647960e+02
8.699687892880579966e+03 9.848000641995190563e+01
8.699887986902678676e+03 1.009213622159298609e+02
8.700088080924781025e+03 9.820936869090901666e+01
8.700288174946881554e+03 1.004516432556502821e+02
8.700488268968982084e+03 1.002360368054631010e+02
8.700688362991082613e+03 9.844818697320934575e+01
8.700888457013181323e+03 1.007855354472328742e+02
8.701088551035281853e+03 1.004610560868217988e+02
8.701288645057384201e+03 1.002302664973724973e+02
8.701488739079482912e+03 1.011150698680315116e+02
8.701688833101585260e+03 1.003770728571752642e+02
8.701888927123682151e+03 1.002669051557593747e+02
8.702089021145784500e+03 9.939924341993517487e+01
8.702289115167885029e+03 9.788191152038486109e+01
8.702489209189985559e+03 9.914521693750683085e+01
8.702689303212086088e+03 1.006788379946904257e+02
8.702889397234184798e+03 9.895975123697188280e+01
8.703089491256285328e+03 9.820832924839156419e+01
8.703289585278387676e+03 9.616646783122915565e+01
8.703489679300486387e+03 9.554151065861458392e+01
8.703689773322588735e+03 9.693444885910109576e+01
8.703889867344687445e+03 9.776475382176580808e+01
8.704089961366787975e+03 9.831565934510480531e+01
8.704290055388888504e+03 1.002346923210115222e+02
8.704490149410989034e+03 9.955210406458982675e+01
8.704690243433089563e+03 9.933909671283046805e+01
8.704890337455190092e+03 1.015950358231700363e+02
8.705090431477288803e+03 9.884146665275957844e+01
8.705290525499391151e+03 1.005487707674803630e+02
8.705490619521489862e+03 1.003253632023415918e+02
8.705690713543592210e+03 9.847053568319502403e+01
8.705890807565690920e+03 9.774033613621794814e+01
8.706090901587793269e+03 9.928078860698818175e+01
8.706290995609891979e+03 1.019937870723840376e+02
8.706491089631992509e+03 9.761710639816537594e+01
8.706691183654093038e+03 1.008894191524856296e+02
8.706891277676193567e+03 1.002180214956855764e+02
8.707091371698294097e+03 9.893532018875377787e+01
8.707291465720394626e+03 1.003010554473418523e+02
8.707491559742493337e+03 9.839915000685314794e+01
8.707691653764595685e+03 1.008266835829012393e+02
8.707891747786694395e+03 9.847104131530991822e+01
8.708091841808796744e+03 1.006211465149903006e+02
8.708291935830899092e+03 1.003322170050183928e+02
8.708492029852995984e+03 1.002612288856508087e+02
8.708692123875098332e+03 9.950340900125927135e+01
8.708892217897197042e+03 1.007162998887846612e+02
8.709092311919299391e+03 9.894235786278342459e+01
8.709292405941399920e+03 9.966086295485987989e+01
8.709492499963498631e+03 9.993043442670972354e+01
8.709692593985599160e+03 9.839130299833446713e+01
8.709892688007699689e+03 9.680483163292360871e+01
8.710092782029800219e+03 1.020888245892656130e+02
8.710292876051902567e+03 1.015334621279359197e+02
8.710492970073999459e+03 1.002124342711817633e+02
8.710693064096101807e+03 1.013361037269994682e+02
8.710893158118200517e+03 9.960244213928211821e+01
8.711093252140302866e+03 9.940499181789144245e+01
8.711293346162403395e+03 9.948946154258482011e+01
8.711493440184503925e+03 1.008853076194439069e+02
8.711693534206602635e+03 1.007222474948531215e+02
8.711893628228703164e+03 9.843896909786406013e+01
8.712093722250803694e+03 9.930145684667270700e+01
8.712293816272906042e+03 1.009517604642129953e+02
8.712493910295004753e+03 9.904246564603107572e+01
8.712694004317105282e+03 1.006516493951470181e+02
8.712894098339203993e+03 9.899112551893360035e+01
8.713094192361306341e+03 1.007298956972166621e+02
8.713294286383406870e+03 1.000989747175677707e+02
8.713494380405507400e+03 9.729041296428957253e+01
8.713694474427607929e+03 9.877517719821570097e+01
8.713894568449706640e+03 9.831968303579168378e+01
8.714094662471807169e+03 9.625901910947992235e+01
8.714294756493909517e+03 9.485676728436543215e+01
8.714494850516008228e+03 9.330086062828715399e+01
8.714694944538110576e+03 9.604707632270063300e+01
8.714895038560207468e+03 9.616274126368382724e+01
8.715095132582309816e+03 9.955334688560655820e+01
8.715295226604410345e+03 9.920443408862632850e+01
8.715495320626510875e+03 9.951197928226635270e+01
8.715695414648611404e+03 9.792846647445489339e+01
8.715895508670711934e+03 1.002059952636447946e+02
8.716095602692810644e+03 9.793181932883230445e+01
8.716295696714912992e+03 9.901565671546053693e+01
8.716495790737011703e+03 9.944885613500615307e+01
8.716695884759114051e+03 9.848211202791310370e+01
8.716895978781212762e+03 9.476949086101500086e+01
8.717096072803313291e+03 9.528121809190696467e+01
8.717296166825413820e+03 9.615544937234001566e+01
8.717496260847514350e+03 9.437530578696085115e+01
8.717696354869614879e+03 9.784946313460973499e+01
8.717896448891715409e+03 9.872587989356118499e+01
8.718096542913814119e+03 9.970557555562183438e+01
8.718296636935916467e+03 1.009675678293667573e+02
8.718496730958015178e+03 1.006341567211026273e+02
8.718696824980117526e+03 1.002847692151546966e+02
8.718896919002216237e+03 9.712620538909685308e+01
8.719097013024318585e+03 9.834103383902096596e+01
8.719297107046417295e+03 9.828611414689306969e+01
8.719497201068517825e+03 9.973414441679906872e+01
8.719697295090618354e+03 9.965353864924581728e+01
8.719897389112718884e+03 9.960589214547304948e+01
8.720097483134819413e+03 1.010828065932903854e+02
8.720297577156919942e+03 1.024956926463382132e+02
8.720497671179018653e+03 1.000613094837574408e+02
8.720697765201121001e+03 1.004916890715601596e+02
8.720897859223219712e+03 9.862884539913686410e+01
8.721097953245322060e+03 9.886424353145824284e+01
8.721298047267422589e+03 9.979577464517994656e+01
8.721498141289521300e+03 9.768159702625837326e+01
8.721698235311621829e+03 9.496212784153790665e+01
8.721898329333722359e+03 9.485200461040658126e+01
8.722098423355822888e+03 9.724666834778363977e+01
8.722298517377925236e+03 9.976700059189249714e+01
8.722498611400022128e+03 1.002587791001008100e+02
8.722698705422124476e+03 9.906912213681731316e+01
8.722898799444223187e+03 1.022363789132865861e+02
8.723098893466325535e+03 9.716668362523239466e+01
8.723298987488426064e+03 9.857205591450144766e+01
8.723499081510524775e+03 1.007121361265400168e+02
8.723699175532625304e+03 1.014674685960018934e+02
8.723899269554725834e+03 1.003000376704106600e+02
8.724099363576826363e+03 9.846485905138251837e+01
8.724299457598928711e+03 9.797399810280943200e+01
8.724499551621027422e+03 9.885044937160159861e+01
8.724699645643127951e+03 9.823487997291798024e+01
8.724899739665226662e+03 1.037833961222433743e+02
8.725099833687329010e+03 9.808226985358879801e+01
8.725299927709429539e+03 9.705741637842675118e+01
8.725500021731530069e+03 9.977499972700037745e+01
8.725700115753628779e+03 9.976800962504960069e+01
8.725900209775729309e+03 1.019640545079079175e+02
8.726100303797829838e+03 9.970476678162965811e+01
8.726300397819932186e+03 1.001454806286365624e+02
8.726500491842032716e+03 9.905168222767169084e+01
8.726700585864133245e+03 9.994930082429763729e+01
8.726900679886231956e+03 9.982273341080691864e+01
8.727100773908332485e+03 1.004924362693382989e+02
8.727300867930434833e+03 9.908059608039937416e+01
8.727500961952533544e+03 9.956754263973368779e+01
8.727701055974635892e+03 9.781003733178886250e+01
8.727901149996732784e+03 9.983098270592752499e+01
8.728101244018835132e+03 9.994315204803911001e+01
8.728301338040935661e+03 1.000427727471183914e+02
8.728501432063036191e+03 9.931849099574058926e+01
8.728701526085136720e+03 9.957319722487034142e+01
8.728901620107237250e+03 1.013856596841671660e+02
8.729101714129335960e+03 9.917531330147242841e+01
8.729301808151438308e+03 9.909947354881120418e+01
8.729501902173537019e+03 1.003684147059737626e+02
8.729701996195639367e+03 9.990341196640670773e+01
8.729902090217738078e+03 9.928847304919572991e+01
8.730102184239838607e+03 1.021378174240233676e+02
8.730302278261939136e+03 1.025935125339429419e+02
8.730502372284039666e+03 1.024570055886297126e+02
8.730702466306140195e+03 9.937544331776678064e+01
8.730902560328240725e+03 9.964421940286860035e+01
8.731102654350339435e+03 1.012376288907805417e+02
8.731302748372441783e+03 1.002307955941612647e+02
8.731502842394540494e+03 9.907509493848809257e+01
8.731702936416642842e+03 9.832136084220498162e+01
8.731903030438741553e+03 9.889464927821698836e+01
8.732103124460843901e+03 9.982096140681753127e+01
8.732303218482942611e+03 9.647563057564110522e+01
8.732503312505043141e+03 9.729260662894500911e+01
8.732703406527143670e+03 9.924539820634929299e+01
8.732903500549244200e+03 9.921673970432597400e+01
8.733103594571344729e+03 9.881408525440980384e+01
8.733303688593445258e+03 9.995865301476908371e+01
8.733503782615543969e+03 9.865885424006272331e+01
8.733703876637646317e+03 1.014689108554953947e+02
8.733903970659745028e+03 1.008437356371530456e+02
8.734104064681847376e+03 1.000462628757501165e+02
