8.482897828463601400e+03 1.007346021605613373e+02
8.483097896808611040e+03 9.850900555085752330e+01
8.483297965153620680e+03 1.024980794139507339e+02
8.483498033498632140e+03 1.022492420963032203e+02
8.483698101843643599e+03 9.999870394239967197e+01
8.483898170188655058e+03 9.906631999860772453e+01
8.484098238533666517e+03 1.019445771786157593e+02
8.484298306878676158e+03 9.691067122541220158e+01
8.484498375223687617e+03 9.436287995987662214e+01
8.484698443568697257e+03 9.018634328095045305e+01
8.484898511913708717e+03 8.790030806659095219e+01
8.485098580258721995e+03 8.946673769664106146e+01
8.485298648603729816e+03 9.553039033187127416e+01
8.485498716948741276e+03 9.623157842262060058e+01
8.485698785293752735e+03 9.138594221602537004e+01
8.485898853638764194e+03 9.495086956548851731e+01
8.486098921983775654e+03 9.589660764127746972e+01
8.486298990328785294e+03 1.005356899933079404e+02
8.486499058673796753e+03 9.993013254587326344e+01
8.486699127018806394e+03 9.830579203074589145e+01
8.486899195363817853e+03 1.018214650774609993e+02
8.487099263708831131e+03 1.019547541018937125e+02
8.487299332053840772e+03 9.699204000049300589e+01
8.487499400398852231e+03 1.024200990674767837e+02
8.487699468743860052e+03 1.003591909738623826e+02
8.487899537088873331e+03 1.020292236066025851e+02
8.488099605433884790e+03 9.825628273061879270e+01
8.488299673778894430e+03 9.741267368834654405e+01
8.488499742123905889e+03 9.806688285839227603e+01
8.488699810468917349e+03 1.016795240314415167e+02
8.488899878813926989e+03 9.770024967877549216e+01
8.489099947158938448e+03 9.701442118033419604e+01
8.489300015503949908e+03 1.007597475893338697e+02
8.489500083848961367e+03 9.919581447754080727e+01
8.489700152193971007e+03 9.792316108825775700e+01
8.489900220538982467e+03 1.014141047600527230e+02
8.490100288883993926e+03 9.595567266251968874e+01
8.490300357229003566e+03 1.016949849009458120e+02
8.490500425574015026e+03 9.798106871973266152e+01
8.490700493919026485e+03 9.701571484550075297e+01
8.490900562264037944e+03 9.828364873447964101e+01
8.491100630609049404e+03 9.985324641024234893e+01
8.491300698954057225e+03 9.799178057262425057e+01
8.491500767299070503e+03 1.007991969255508735e+02
8.491700835644080144e+03 9.551837161889979200e+01
8.491900903989091603e+03 9.911504273696651524e+01
8.492100972334104881e+03 1.042587760016447049e+02
8.492301040679112702e+03 9.349482010839210488e+01
8.492501109024124162e+03 9.864435044974422340e+01
8.492701177369133802e+03 9.763516681675496045e+01
8.492901245714147080e+03 9.400544260847790667e+01
8.493101314059158540e+03 9.967859244455509327e+01
8.493301382404168180e+03 9.345677689855369863e+01
8.493501450749179639e+03 9.751457172718453137e+01
8.493701519094189280e+03 1.039012182566312248e+02
8.493901587439200739e+03 9.992606972008461241e+01
8.494101655784212198e+03 1.007190655564617288e+02
8.494301724129223658e+03 9.877799099561235607e+01
8.494501792474235117e+03 9.843822958200441064e+01
8.494701860819242938e+03 9.266363235617257033e+01
8.494901929164256217e+03 9.743390515546427366e+01
8.495101997509267676e+03 9.735535267014411431e+01
8.495302065854277316e+03 9.638030801583813911e+01
8.495502134199288776e+03 9.661931176603400218e+01
8.495702202544300235e+03 9.772195784660448226e+01
8.495902270889309875e+03 9.874941758648931511e+01
8.496102339234321335e+03 1.001441917046627168e+02
8.496302407579330975e+03 9.449874609669723213e+01
8.496502475924344253e+03 9.601065674855226462e+01
8.496702544269353893e+03 9.513202833304507067e+01
8.496902612614365353e+03 9.886744194704689903e+01
8.497102680959376812e+03 9.911537288795959455e+01
8.497302749304386452e+03 9.344349040469934664e+01
8.497502817649397912e+03 9.380852959018061199e+01
8.497702885994407552e+03 9.590036004943119963e+01
8.497902954339420830e+03 9.308022030183387585e+01
8.498103022684432290e+03 9.171616645346219343e+01
8.498303091029440111e+03 9.790167808669662008e+01
8.498503159374453389e+03 9.353318510559066112e+01
8.498703227719463030e+03 9.506462152913177022e+01
8.498903296064474489e+03 8.799686190938415109e+01
8.499103364409485948e+03 8.754400455046966556e+01
8.499303432754497408e+03 8.500857662592849806e+01
8.499503501099507048e+03 7.987558644850315659e+01
8.499703569444516688e+03 7.606242900354573067e+01
8.499903637789529967e+03 6.297785225283674748e+01
8.500103706134541426e+03 6.226809333863825913e+01
8.500303774479551066e+03 5.499552388546210580e+01
8.500503842824560707e+03 5.327857454722183661e+01
8.500703911169572166e+03 4.578645220686504302e+01
8.500903979514583625e+03 4.409659565634492395e+01
8.501104047859595084e+03 4.329509963176128906e+01
8.501304116204606544e+03 5.120017265220675995e+01
8.501504184549618003e+03 5.921689329529566237e+01
8.501704252894625824e+03 6.412266699010260140e+01
8.501904321239637284e+03 7.318054427560207387e+01
8.502104389584650562e+03 7.901970601822758056e+01
8.502304457929660202e+03 8.108083220155884874e+01
8.502504526274671662e+03 8.861136829610060772e+01
8.502704594619683121e+03 8.986574755420338079e+01
8.502904662964692761e+03 8.996201324566577284e+01
8.503104731309704221e+03 9.044496802329375384e+01
8.503304799654713861e+03 9.314574025038524496e+01
8.503504867999727139e+03 9.097926150171868187e+01
8.503704936344736780e+03 9.320564074183279502e+01
8.503905004689748239e+03 9.102849345694617966e+01
8.504105073034759698e+03 9.187306162244901486e+01
8.504305141379769339e+03 9.558014122889099440e+01
8.504505209724780798e+03 8.631413594802832279e+01
8.504705278069790438e+03 8.616307964687153742e+01
8.504905346414803716e+03 8.794632508482276023e+01
8.505105414759815176e+03 8.711791061069166631e+01
8.505305483104822997e+03 8.418623632614372809e+01
8.505505551449834456e+03 9.630229049358901250e+01
8.505705619794845916e+03 8.460320387475593407e+01
8.505905688139857375e+03 9.798244622569905005e+01
8.506105756484868834e+03 9.232763211540081727e+01
8.506305824829880294e+03 9.954372323895907471e+01
8.506505893174889934e+03 9.438846113735540655e+01
8.506705961519899574e+03 9.617257026369837547e+01
8.506906029864911034e+03 9.720513335820447764e+01
8.507106098209924312e+03 9.767321084574720658e+01
8.507306166554933952e+03 9.844485734808277755e+01
8.507506234899943593e+03 9.775608630560707013e+01
8.507706303244955052e+03 9.867196682882405412e+01
8.507906371589966511e+03 9.643771139198446463e+01
8.508106439934977971e+03 9.976005378953819047e+01
8.508306508279987611e+03 9.977872848512740234e+01
8.508506576625000889e+03 1.027767369762590164e+02
8.508706644970008711e+03 1.002036274090955175e+02
8.508906713315020170e+03 1.043750603500807728e+02
8.509106781660033448e+03 9.890101212417019383e+01
8.509306850005043088e+03 9.656664773511677424e+01
8.509506918350054548e+03 9.714383719035350850e+01
8.509706986695064188e+03 9.931682570004696231e+01
8.509907055040075647e+03 9.816918778854061145e+01
8.510107123385087107e+03 9.645803912930591650e+01
8.510307191730096747e+03 9.880747294352637766e+01
8.510507260075110025e+03 9.792312783446153901e+01
8.510707328420119666e+03 9.784568442360748008e+01
8.510907396765131125e+03 9.876150946457151747e+01
8.511107465110140765e+03 1.027689204646808463e+02
8.511307533455152225e+03 9.508323931512340721e+01
8.511507601800163684e+03 9.944070740706530387e+01
8.511707670145173324e+03 9.969530127051073976e+01
8.511907738490186603e+03 9.852812783110746864e+01
8.512107806835198062e+03 9.708139523758808309e+01
8.512307875180205883e+03 9.939247110268017593e+01
8.512507943525217343e+03 9.379743241577713775e+01
8.512708011870228802e+03 9.889411506500987059e+01
8.512908080215240261e+03 9.824239380660186782e+01
8.513108148560251720e+03 9.709352791660334958e+01
8.513308216905261361e+03 1.015906170857505941e+02
8.513508285250272820e+03 9.952926869497689211e+01
8.513708353595282460e+03 1.026757259150154056e+02
8.513908421940293920e+03 9.502545000373206108e+01
8.514108490285307198e+03 9.896917298004176189e+01
8.514308558630316838e+03 9.802395728008245612e+01
8.514508626975326479e+03 1.010769516809821909e+02
8.514708695320336119e+03 9.825902888330469409e+01
8.514908763665349397e+03 9.692504119534541474e+01
8.515108832010360857e+03 9.998435153324105329e+01
8.515308900355370497e+03 9.792090380340032141e+01
8.515508968700383775e+03 1.000278392755206909e+02
8.515709037045391597e+03 9.669251223957358832e+01
8.515909105390403056e+03 9.696314653812024176e+01
8.516109173735414515e+03 9.659357292679327145e+01
8.516309242080425975e+03 9.616389699524326318e+01
8.516509310425437434e+03 9.288342625017214971e+01
8.516709378770447074e+03 8.778470636546117589e+01
8.516909447115458534e+03 8.563287265908996915e+01
8.517109515460469993e+03 8.628758403081195638e+01
8.517309583805479633e+03 8.671299162637262725e+01
8.517509652150491092e+03 9.072069529773796148e+01
8.517709720495502552e+03 8.902633669454674248e+01
8.517909788840514011e+03 8.637045827055636948e+01
8.518109857185523651e+03 8.890671138906543547e+01
8.518309925530535111e+03 9.633644346134079228e+01
8.518509993875546570e+03 9.445610228724511614e+01
8.518710062220556210e+03 9.423136165954154819e+01
8.518910130565567670e+03 1.013269313880658586e+02
8.519110198910580948e+03 9.969371784154975558e+01
8.519310267255588769e+03 1.013441333915648102e+02
8.519510335600600229e+03 9.590367246148448999e+01
8.519710403945611688e+03 9.817697052956005166e+01
8.519910472290623147e+03 9.564800553350123380e+01
8.520110540635634607e+03 9.554194179711468848e+01
8.520310608980644247e+03 9.660756990630738983e+01
8.520510677325655706e+03 1.007053126290949194e+02
8.520710745670665347e+03 9.901874337051927455e+01
8.520910814015676806e+03 9.976452132998466027e+01
8.521110882360690084e+03 9.659326019698569610e+01
8.521310950705699724e+03 9.107606443629020987e+01
8.521511019050711184e+03 1.002490787511292183e+02
8.521711087395719005e+03 9.766678149999759739e+01
8.521911155740732283e+03 9.743661006026952975e+01
8.522111224085743743e+03 9.483628621979318041e+01
8.522311292430753383e+03 1.021944065705416591e+02
8.522511360775764842e+03 9.746850653614603743e+01
8.522711429120774483e+03 9.711323840620903525e+01
8.522911497465785942e+03 1.011639423157166533e+02
8.523111565810797401e+03 9.923854385825326574e+01
8.523311634155808861e+03 9.521830450146703129e+01
8.523511702500820320e+03 9.654914542663271959e+01
8.523711770845829960e+03 9.692875415650314608e+01
8.523911839190839601e+03 9.812499432355565432e+01
8.524111907535852879e+03 9.861278140519669932e+01
8.524311975880862519e+03 9.801031869609110458e+01
8.524512044225873979e+03 9.733352868419248693e+01
8.524712112570885438e+03 1.022800104165301747e+02
8.524912180915896897e+03 9.732277694832573900e+01
8.525112249260906538e+03 1.021005362505619587e+02
8.525312317605916178e+03 9.604477353481601654e+01
8.525512385950929456e+03 9.238608507101893963e+01
8.525712454295939096e+03 9.801447739521744040e+01
8.525912522640950556e+03 1.009454605579762898e+02
8.526112590985963834e+03 9.618980808988246167e+01
8.526312659330971655e+03 1.007089153479461743e+02
8.526512727675983115e+03 1.026994431526156433e+02
8.526712796020992755e+03 9.667172302374153503e+01
8.526912864366006033e+03 1.031285519365780061e+02
8.527112932711017493e+03 9.572665720635116315e+01
8.527313001056027133e+03 1.019519311117557407e+02
8.527513069401038592e+03 9.736037431571359946e+01
8.527713137746048233e+03 9.548227148519120533e+01
8.527913206091059692e+03 9.450521304360144370e+01
8.528113274436071151e+03 9.542836030471214315e+01
8.528313342781082611e+03 9.484439755349271195e+01
8.528513411126094070e+03 9.953694240333524590e+01
8.528713479471101891e+03 9.836172320559165883e+01
8.528913547816115170e+03 9.770027605739876719e+01
8.529113616161126629e+03 9.083106119717692195e+01
8.529313684506136269e+03 9.902619906932891070e+01
8.529513752851147729e+03 9.084722695775145951e+01
8.529713821196157369e+03 8.398389981656541181e+01
8.529913889541168828e+03 9.330517890845334250e+01
8.530113957886180287e+03 8.743085420826956522e+01
8.530314026231189928e+03 8.554647763590884324e+01
8.530514094576203206e+03 8.957403019586982396e+01
8.530714162921212846e+03 8.988911301798403031e+01
8.530914231266222487e+03 9.430121346911492708e+01
8.531114299611235765e+03 1.004409915804050115e+02
8.531314367956245405e+03 1.001960676810226261e+02
8.531514436301256865e+03 9.713726028346411567e+01
8.531714504646266505e+03 9.699851463569611099e+01
8.531914572991279783e+03 9.933378791512643602e+01
8.532114641336289424e+03 9.763762045835588310e+01
8.532314709681299064e+03 9.504281196575860235e+01
8.532514778026312342e+03 9.905913431629579691e+01
8.532714846371321983e+03 9.585405636326059664e+01
8.532914914716333442e+03 9.576327741617507172e+01
8.533114983061344901e+03 1.040236901614182869e+02
8.533315051406354542e+03 9.679425048351565408e+01
8.533515119751366001e+03 9.368562848160961209e+01
8.533715188096375641e+03 1.005982519361445213e+02
8.533915256441388919e+03 1.002578254872648955e+02
8.534115324786400379e+03 9.149253711398648647e+01
8.534315393131410019e+03 9.502327670018257777e+01
8.534515461476419659e+03 9.772871162070758544e+01
8.534715529821431119e+03 9.667783679373052053e+01
8.534915598166442578e+03 9.544376436510218298e+01
8.535115666511454037e+03 9.684937019507532341e+01
8.535315734856465497e+03 9.805805818230224702e+01
8.535515803201476956e+03 9.314057320587578204e+01
8.535715871546484777e+03 9.415112712774502768e+01
8.535915939891496237e+03 9.662911043367653008e+01
8.536116008236509515e+03 9.250107265658709821e+01
8.536316076581519155e+03 9.531881700897585574e+01
8.536516144926530615e+03 9.304710435560872384e+01
8.536716213271540255e+03 9.376895500018612495e+01
8.536916281616551714e+03 9.203893224266224138e+01
8.537116349961563174e+03 9.665622722324640392e+01
8.537316418306572814e+03 9.231413145360333772e+01
8.537516486651586092e+03 9.382128023401661210e+01
8.537716554996595733e+03 9.438440277599630690e+01
8.537916623341605373e+03 8.782518853578713447e+01
8.538116691686618651e+03 8.861082552537813228e+01
8.538316760031628291e+03 8.533232360591719612e+01
8.538516828376639751e+03 8.725205684697807840e+01
8.538716896721649391e+03 8.959700102483640194e+01
8.538916965066662669e+03 8.885387816771026337e+01
8.539117033411672310e+03 8.543550185890529747e+01
8.539317101756681950e+03 8.775127663853201909e+01
8.539517170101693409e+03 8.705709156137193361e+01
8.539717238446704869e+03 8.534071839950388494e+01
8.539917306791716328e+03 8.740265271190513374e+01
8.540117375136727787e+03 8.687589169320906990e+01
8.540317443481737428e+03 8.195895047173311809e+01
8.540517511826748887e+03 8.562705946654067191e+01
8.540717580171758527e+03 8.167508414971240427e+01
8.540917648516769987e+03 8.022721474591635626e+01
8.541117716861783265e+03 8.067433549132385906e+01
8.541317785206792905e+03 8.420545132166947155e+01
8.541517853551802546e+03 7.954426566234860729e+01
8.541717921896814005e+03 7.618297531052530758e+01
8.541917990241825464e+03 8.375443984089156402e+01
8.542118058586836923e+03 7.812194253742136141e+01
8.542318126931846564e+03 7.349551524713768913e+01
8.542518195276859842e+03 6.927574843295425921e+01
8.542718263621867663e+03 7.246324177691884927e+01
8.542918331966879123e+03 7.084908583619584022e+01
8.543118400311892401e+03 6.744011375016641807e+01
8.543318468656902041e+03 6.299251377038390132e+01
8.543518537001913501e+03 5.951780437440832117e+01
8.543718605346923141e+03 6.180684339505788216e+01
8.543918673691934600e+03 5.868757831737062247e+01
8.544118742036946060e+03 5.901672789301127153e+01
8.544318810381955700e+03 5.138675758186992226e+01
8.544518878726968978e+03 4.457384636445187454e+01
8.544718947071978619e+03 4.229788567588614256e+01
8.544919015416988259e+03 3.172708605242469559e+01
8.545119083761999718e+03 3.347468353813911790e+01
8.545319152107011178e+03 3.229246592994203979e+01
8.545519220452022637e+03 4.213961556560527555e+01
8.545719288797032277e+03 5.215143851169617051e+01
8.545919357142045556e+03 5.027111013556464059e+01
8.546119425487055196e+03 5.873876549172803152e+01
8.546319493832064836e+03 6.293321585164887466e+01
8.546519562177076295e+03 6.337885307392841128e+01
8.546719630522087755e+03 6.463771792735666111e+01
8.546919698867099214e+03 6.546394179989339079e+01
8.547119767212110673e+03 7.058290362553063346e+01
8.547319835557118495e+03 7.222055112727852588e+01
8.547519903902131773e+03 7.267476981475589071e+01
8.547719972247141413e+03 7.243873651338569175e+01
8.547920040592152873e+03 7.483251968247544994e+01
8.548120108937166151e+03 7.923491632895100167e+01
8.548320177282175791e+03 7.667336840147370935e+01
8.548520245627185432e+03 7.910307948426951441e+01
8.548720313972195072e+03 8.024466024824543808e+01
8.548920382317208350e+03 7.711495281374440935e+01
8.549120450662219810e+03 8.522459368644361177e+01
8.549320519007229450e+03 8.468509135339108695e+01
8.549520587352242728e+03 8.372411388272529109e+01
8.549720655697250550e+03 8.508878579450241375e+01
8.549920724042262009e+03 8.685426035608580264e+01
8.550120792387273468e+03 9.212798769940054910e+01
8.550320860732284928e+03 8.709931199134592816e+01
8.550520929077296387e+03 8.966443505556033244e+01
8.550720997422306027e+03 9.129280132847623008e+01
8.550921065767317486e+03 8.951495980668731534e+01
8.551121134112328946e+03 9.257400897484515667e+01
8.551321202457338586e+03 9.169434834384033195e+01
8.551521270802350045e+03 9.238396156009351046e+01
8.551721339147361505e+03 9.064128944056558623e+01
8.551921407492371145e+03 9.250808906326315650e+01
8.552121475837382604e+03 9.288459911247925049e+01
8.552321544182394064e+03 9.365218383596516105e+01
8.552521612527405523e+03 9.292040903431768584e+01
8.552721680872415163e+03 9.166323391371822993e+01
8.552921749217426623e+03 8.892192371277747043e+01
8.553121817562438082e+03 9.488584727480090919e+01
8.553321885907447722e+03 9.272511280274825651e+01
8.553521954252459182e+03 9.135231779274185726e+01
8.553722022597470641e+03 9.663561902691526484e+01
8.553922090942482100e+03 9.385549977403643140e+01
8.554122159287493560e+03 9.609337912226925482e+01
8.554322227632501381e+03 9.776780330094612737e+01
8.554522295977514659e+03 9.689208894499330427e+01
8.554722364322524299e+03 9.909638049036377083e+01
8.554922432667535759e+03 9.414194798479600479e+01
8.555122501012549037e+03 9.622149418412884359e+01
8.555322569357558677e+03 9.556519038179770575e+01
8.555522637702568318e+03 9.860321410445678225e+01
8.555722706047577958e+03 9.467630310327454879e+01
8.555922774392591236e+03 9.678637767474586440e+01
8.556122842737602696e+03 1.023875254997744122e+02
8.556322911082612336e+03 9.487509281919012949e+01
8.556522979427623795e+03 9.525877586534252828e+01
8.556723047772633436e+03 9.715193259462972719e+01
8.556923116117644895e+03 9.332309224465639375e+01
8.557123184462656354e+03 9.726950444754676539e+01
8.557323252807667814e+03 1.008283811162221895e+02
8.557523321152679273e+03 9.876354349900312002e+01
8.557723389497688913e+03 9.487310931999107311e+01
8.557923457842698554e+03 9.786935234735557287e+01
8.558123526187711832e+03 9.675487990168971919e+01
8.558323594532721472e+03 9.936800385924203738e+01
8.558523662877732932e+03 9.814357713417321349e+01
8.558723731222744391e+03 1.007923680771319681e+02
8.558923799567754031e+03 9.482484950737011786e+01
8.559123867912765490e+03 9.564090961112705713e+01
8.559323936257775131e+03 9.552411707645516969e+01
8.559524004602788409e+03 8.830498067309423504e+01
8.559724072947798049e+03 8.340957260434704779e+01
8.559924141292809509e+03 9.149680179535872071e+01
8.560124209637820968e+03 9.155123044155318723e+01
8.560324277982830608e+03 9.444811926363439625e+01
8.560524346327842068e+03 9.931632297931915332e+01
8.560724414672851708e+03 9.767807342541507865e+01
8.560924483017864986e+03 9.760135388066312601e+01
8.561124551362876446e+03 9.665113862098769459e+01
8.561324619707884267e+03 9.591096611776882241e+01
8.561524688052897545e+03 9.546062075249264467e+01
8.561724756397907186e+03 9.692247169403597695e+01
8.561924824742918645e+03 9.678930565136779762e+01
8.562124893087930104e+03 9.735802917348975427e+01
8.562324961432941564e+03 1.001373420835169696e+02
8.562525029777951204e+03 9.757127924864991542e+01
8.562725098122960844e+03 1.013530981953113610e+02
8.562925166467974122e+03 9.752703595036543049e+01
8.563125234812985582e+03 1.000499575688197069e+02
8.563325303157995222e+03 9.991472715302566598e+01
8.563525371503006681e+03 9.621969688135985166e+01
8.563725439848016322e+03 1.015082100616713774e+02
8.563925508193027781e+03 1.017098491404066181e+02
8.564125576538039240e+03 1.016536751232656002e+02
8.564325644883048881e+03 9.379383385630220005e+01
8.564525713228062159e+03 9.864964407112154277e+01
8.564725781573071799e+03 1.003647524038211856e+02
8.564925849918081440e+03 1.006669752359341459e+02
8.565125918263094718e+03 9.819319445872254448e+01
8.565325986608104358e+03 1.023640200664830360e+02
8.565526054953115818e+03 9.834562314550468898e+01
8.565726123298125458e+03 1.000578164343806691e+02
8.565926191643138736e+03 9.892882990021379896e+01
8.566126259988148377e+03 9.895071247662646385e+01
8.566326328333158017e+03 1.018266256274262247e+02
8.566526396678171295e+03 1.020791314463229327e+02
8.566726465023180936e+03 9.885035396400535035e+01
8.566926533368192395e+03 1.022115248350939964e+02
8.567126601713202035e+03 9.741926593244453159e+01
8.567326670058213494e+03 9.341195517103246004e+01
8.567526738403224954e+03 1.031534193091475800e+02
8.567726806748234594e+03 9.920281257492418092e+01
8.567926875093247872e+03 1.001809202414195425e+02
8.568126943438259332e+03 9.811517044948134014e+01
8.568327011783267153e+03 9.950661468710245572e+01
8.568527080128278612e+03 9.830605563540368053e+01
8.568727148473290072e+03 1.008238577753926108e+02
8.568927216818301531e+03 9.727942953383532654e+01
8.569127285163312990e+03 9.949173119433378076e+01
8.569327353508324450e+03 9.714454423359033797e+01
8.569527421853334090e+03 1.026233410807270872e+02
8.569727490198343730e+03 9.797490887067573340e+01
8.569927558543355190e+03 9.636542458561707747e+01
8.570127626888368468e+03 1.043079125622517864e+02
8.570327695233378108e+03 1.010705019828657356e+02
8.570527763578389568e+03 1.003769538092915923e+02
8.570727831923399208e+03 9.714512566511369585e+01
8.570927900268410667e+03 1.018403184730645421e+02
8.571127968613422127e+03 9.172723461186730276e+01
8.571328036958431767e+03 9.762038701465947099e+01
8.571528105303445045e+03 9.882189780751001251e+01
8.571728173648454685e+03 1.038048956807072898e+02
8.571928241993464326e+03 9.786284121604720099e+01
8.572128310338477604e+03 9.999217748684576179e+01
8.572328378683487244e+03 9.566206120340507368e+01
8.572528447028498704e+03 9.783924875292289869e+01
8.572728515373508344e+03 9.988137156248869530e+01
8.572928583718521622e+03 1.002590615805869305e+02
8.573128652063531263e+03 9.946171696831308395e+01
8.573328720408540903e+03 1.003670850476996605e+02
8.573528788753552362e+03 9.624504248722915634e+01
8.573728857098563822e+03 9.805180443294790393e+01
8.573928925443575281e+03 9.987630195962853463e+01
8.574128993788584921e+03 1.015453202469927731e+02
8.574329062133596381e+03 9.323219599943385560e+01
8.574529130478607840e+03 9.339574213496628374e+01
8.574729198823617480e+03 9.603025155483679498e+01
8.574929267168628940e+03 9.005627098837270239e+01
8.575129335513642218e+03 9.866151878688299348e+01
8.575329403858650039e+03 1.002438024019688783e+02
8.575529472203661498e+03 1.007018175371288038e+02
8.575729540548672958e+03 1.012177404913920498e+02
8.575929608893684417e+03 1.011300185887928933e+02
8.576129677238695876e+03 9.560459650536984100e+01
8.576329745583705517e+03 9.926911233759331310e+01
8.576529813928716976e+03 9.895314749615073424e+01
8.576729882273726616e+03 9.828479428123793582e+01
8.576929950618738076e+03 1.005703992279685224e+02
8.577130018963751354e+03 9.926520052680973549e+01
8.577330087308760994e+03 1.042077788537568921e+02
8.577530155653772454e+03 9.848782892126172328e+01
8.577730223998780275e+03 9.770223317593433876e+01
8.577930292343793553e+03 9.890602269691089532e+01
8.578130360688805013e+03 9.908541530576894729e+01
8.578330429033814653e+03 9.735728689165611627e+01
8.578530497378827931e+03 9.835968791423003665e+01
8.578730565723837572e+03 9.938659779960801188e+01
8.578930634068847212e+03 9.924858617027811647e+01
8.579130702413858671e+03 1.012095610807373447e+02
8.579330770758870131e+03 9.708348004188947300e+01
8.579530839103881590e+03 1.005342237413596536e+02
8.579730907448891230e+03 9.907221081784466321e+01
8.579930975793904508e+03 9.393137395257029709e+01
8.580131044138914149e+03 1.010154692593692261e+02
8.580331112483923789e+03 1.029831343714258622e+02
8.580531180828935248e+03 1.001214344108303749e+02
8.580731249173946708e+03 1.013697393946729193e+02
8.580931317518958167e+03 9.942947889542756457e+01
8.581131385863967807e+03 1.001605496819091030e+02
8.581331454208977448e+03 1.007816096807839870e+02
8.581531522553990726e+03 1.036443614312751009e+02
8.581731590899000366e+03 9.958167890026290081e+01
8.581931659244011826e+03 9.489222740883016627e+01
8.582131727589025104e+03 1.010091817007840547e+02
8.582331795934032925e+03 9.466016105328878893e+01
8.582531864279044385e+03 1.018949426928105453e+02
8.582731932624054025e+03 9.458896347871377941e+01
8.582932000969067303e+03 9.331878636948613348e+01
8.583132069314078763e+03 9.614968395740224594e+01
8.583332137659088403e+03 9.717700629951519886e+01
8.583532206004099862e+03 9.810427700059173617e+01
8.583732274349109503e+03 9.897006623509433609e+01
8.583932342694120962e+03 9.787796703423727251e+01
8.584132411039132421e+03 9.956609077308085887e+01
8.584332479384143880e+03 9.884995511193999107e+01
8.584532547729155340e+03 1.011267085872972302e+02
8.584732616074163161e+03 9.018926358716586833e+01
8.584932684419176439e+03 8.955658247936686678e+01
8.585132752764187899e+03 8.621466406598437970e+01
8.585332821109197539e+03 8.970598769083426305e+01
8.585532889454208998e+03 9.854892917085064141e+01
8.585732957799220458e+03 9.653353778734293655e+01
8.585933026144230098e+03 9.799630054010518165e+01
8.586133094489241557e+03 9.722869481588701035e+01
8.586333162834253017e+03 9.534820752352980833e+01
8.586533231179264476e+03 9.897278769095325401e+01
8.586733299524274116e+03 9.691097954161706696e+01
8.586933367869285576e+03 9.717432000476257770e+01
8.587133436214297035e+03 9.414760283535837004e+01
8.587333504559306675e+03 9.803297190611567657e+01
8.587533572904318135e+03 9.472366851665259446e+01
8.587733641249329594e+03 9.225653639093198422e+01
8.587933709594341053e+03 9.612366603734250248e+01
8.588133777939352512e+03 9.355868991695380998e+01
8.588333846284360334e+03 1.005831756054845982e+02
8.588533914629373612e+03 9.551940490977037257e+01
8.588733982974383252e+03 1.002386330778055168e+02
8.588934051319394712e+03 9.908166828089201772e+01
8.589134119664407990e+03 9.710692608949518956e+01
8.589334188009415811e+03 1.021431200231924095e+02
8.589534256354427271e+03 1.049440763885982335e+02
8.589734324699436911e+03 9.849286520625220476e+01
8.589934393044450189e+03 9.935672142984060429e+01
8.590134461389461649e+03 9.818842364937802358e+01
8.590334529734471289e+03 1.064444907155207574e+02
8.590534598079480929e+03 9.591263516713084414e+01
8.590734666424492389e+03 9.950382629096114329e+01
8.590934734769503848e+03 1.002833195444084851e+02
8.591134803114515307e+03 9.960234135904214270e+01
8.591334871459526767e+03 9.760169713051801921e+01
8.591534939804538226e+03 9.817193392524291085e+01
8.591735008149546047e+03 1.003064174140936302e+02
8.591935076494557507e+03 1.036833112419866580e+02
8.592135144839570785e+03 9.845852313646382470e+01
8.592335213184580425e+03 9.994145084620080866e+01
8.592535281529591884e+03 9.822121924454526720e+01
8.592735349874603344e+03 1.055754655829726403e+02
8.592935418219612984e+03 9.753851412864139547e+01
8.593135486564624443e+03 1.032123795909957806e+02
8.593335554909634084e+03 9.775393574777956474e+01
8.593535623254647362e+03 1.006419275795313837e+02
8.593735691599657002e+03 1.018562298356358724e+02
8.593935759944668462e+03 9.908475862240808851e+01
8.594135828289679921e+03 9.732984331248134424e+01
8.594335896634689561e+03 9.766778492756780850e+01
8.594535964979701021e+03 9.887473660321671787e+01
8.594736033324710661e+03 9.570887525126995854e+01
8.594936101669723939e+03 9.657902125854036512e+01
8.595136170014735399e+03 9.951655618186003949e+01
8.595336238359743220e+03 9.813224290696480523e+01
8.595536306704756498e+03 9.508430729049074159e+01
8.595736375049766139e+03 9.387473497438163861e+01
8.595936443394777598e+03 9.452550269217960022e+01
8.596136511739789057e+03 9.730439077108476909e+01
8.596336580084798697e+03 9.623031447899390400e+01
8.596536648429810157e+03 1.042023894785557445e+02
8.596736716774819797e+03 9.545804351655213793e+01
8.596936785119833075e+03 9.971829688854549545e+01
8.597136853464844535e+03 1.004473700249992021e+02
8.597336921809854175e+03 9.505329331515940794e+01
8.597536990154863815e+03 9.831032393312698048e+01
8.597737058499875275e+03 9.746998342309004215e+01
8.597937126844886734e+03 9.475492641283665307e+01
8.598137195189898193e+03 1.010533431426747200e+02
8.598337263534907834e+03 1.035833146370960804e+02
8.598537331879921112e+03 9.611180798640394585e+01
8.598737400224928933e+03 9.337005764228419480e+01
8.598937468569940393e+03 9.213201448116454628e+01
8.599137536914953671e+03 9.310863584568694762e+01
8.599337605259963311e+03 9.981993767287680441e+01
8.599537673604974771e+03 9.786458730289443508e+01
8.599737741949984411e+03 9.378069898139808913e+01
8.599937810294995870e+03 9.121386335862068506e+01
8.600137878640007330e+03 9.325073590870682949e+01
8.600337946985016970e+03 9.824835814598685602e+01
8.600538015330030248e+03 9.485706757706225289e+01
8.600738083675039888e+03 9.270941069324840100e+01
8.600938152020051348e+03 9.007974026286157709e+01
8.601138220365060988e+03 9.138501216578033848e+01
8.601338288710072447e+03 8.533076160417199674e+01
8.601538357055083907e+03 8.003129056871823366e+01
8.601738425400093547e+03 8.318959617795961492e+01
8.601938493745106825e+03 8.569370036728705031e+01
8.602138562090118285e+03 9.312440636110827086e+01
8.602338630435126106e+03 9.809746123907085291e+01
8.602538698780137565e+03 1.001472699030268387e+02
8.602738767125149025e+03 9.583647489630240557e+01
8.602938835470160484e+03 1.008202815795442433e+02
8.603138903815171943e+03 9.821346490043926281e+01
8.603338972160181584e+03 1.017032774660469414e+02
8.603539040505193043e+03 9.940381360146270140e+01
8.603739108850202683e+03 9.532515110820536108e+01
8.603939177195214143e+03 1.007126094954976168e+02
8.604139245540227421e+03 1.017118943756649827e+02
8.604339313885237061e+03 1.026227224160831355e+02
8.604539382230246702e+03 1.020595817288152602e+02
8.604739450575258161e+03 1.018980135839347412e+02
8.604939518920269620e+03 1.029493157111971016e+02
8.605139587265281079e+03 9.702087248104794526e+01
8.605339655610290720e+03 1.003199879616039993e+02
8.605539723955303998e+03 9.622850006529053246e+01
8.605739792300311819e+03 9.767163384749585475e+01
8.605939860645323279e+03 1.027105973672530581e+02
8.606139928990336557e+03 9.904754096815150888e+01
8.606339997335346197e+03 1.027499941485107655e+02
8.606540065680357657e+03 9.762306123861816332e+01
8.606740134025367297e+03 9.832205116967794822e+01
8.606940202370378756e+03 1.019443263679286531e+02
8.607140270715390216e+03 1.005975465754470264e+02
8.607340339060399856e+03 9.584029352501303833e+01
8.607540407405411315e+03 1.017226580701113789e+02
8.607740475750422775e+03 9.858643503794942831e+01
8.607940544095434234e+03 1.005574166091249708e+02
8.608140612440443874e+03 9.988015163563377996e+01
8.608340680785455334e+03 1.015180144124290820e+02
8.608540749130466793e+03 9.950428421282477132e+01
8.608740817475476433e+03 9.834694739025729859e+01
8.608940885820487892e+03 9.133380590561225176e+01
8.609140954165501171e+03 9.522330228810726283e+01
8.609341022510508992e+03 9.120942288361902683e+01
8.609541090855520451e+03 9.640744270928387039e+01
8.609741159200531911e+03 9.778228359208391396e+01
8.609941227545543370e+03 1.008563826577626656e+02
8.610141295890554829e+03 1.001771042791852722e+02
8.610341364235564470e+03 9.716432863658623376e+01
8.610541432580575929e+03 9.930873419087463105e+01
8.610741500925585569e+03 1.021645879255732012e+02
8.610941569270597029e+03 9.892117502636412496e+01
8.611141637615610307e+03 9.735501826409763737e+01
8.611341705960619947e+03 9.590295345901841984e+01
8.611541774305629588e+03 1.039430600984804585e+02
8.611741842650639228e+03 9.937639141370115681e+01
8.611941910995652506e+03 9.854887504341441229e+01
8.612141979340663966e+03 9.778540685372261976e+01
8.612342047685673606e+03 1.005230233962901281e+02
8.612542116030686884e+03 9.906091856276709962e+01
8.612742184375694706e+03 1.006167912099201374e+02
8.612942252720706165e+03 9.731860642727087907e+01
8.613142321065717624e+03 1.005366834856731515e+02
8.613342389410729083e+03 1.008181331179228692e+02
8.613542457755740543e+03 9.885381612347501346e+01
8.613742526100750183e+03 9.862568102899449229e+01
8.613942594445761642e+03 1.000762873801257058e+02
8.614142662790773102e+03 9.830672913176060490e+01
8.614342731135782742e+03 9.885644043914965096e+01
8.614542799480794201e+03 8.467916953205968866e+01
8.614742867825805661e+03 8.578635942013775662e+01
8.614942936170817120e+03 8.933342571395822063e+01
8.615143004515826760e+03 9.354293685271510128e+01
8.615343072860836401e+03 9.342193170372895850e+01
8.615543141205849679e+03 1.000500694427197175e+02
8.615743209550859319e+03 9.893675408554523187e+01
8.615943277895870779e+03 1.015179923201295935e+02
8.616143346240884057e+03 1.003397027968056392e+02
8.616343414585891878e+03 9.691848647186554899e+01
8.616543482930903338e+03 9.542180580160162151e+01
8.616743551275912978e+03 9.649357858362795071e+01
8.616943619620926256e+03 9.938677748428010261e+01
8.617143687965937715e+03 9.979222055882249265e+01
8.617343756310947356e+03 1.025636299608869422e+02
8.617543824655958815e+03 9.864528366996752595e+01
8.617743893000968455e+03 9.946167610325858277e+01
8.617943961345979915e+03 9.999889085441576242e+01
8.618144029690991374e+03 9.487666283659795852e+01
8.618344098036002833e+03 1.004526436881184708e+02
8.618544166381012474e+03 9.966095421682939559e+01
8.618744234726022114e+03 9.583796516532457588e+01
8.618944303071035392e+03 8.828259579997205719e+01
8.619144371416046852e+03 9.241402085016707701e+01
8.619344439761056492e+03 8.900731258648421829e+01
8.619544508106067951e+03 9.740884850394969874e+01
8.619744576451077592e+03 9.734747728165720559e+01
8.619944644796089051e+03 9.712228666147638023e+01
8.620144713141100510e+03 1.003334448475861507e+02
8.620344781486111970e+03 9.581720107892027727e+01
8.620544849831123429e+03 9.684406527647740859e+01
8.620744918176133069e+03 9.652975946257879514e+01
8.620944986521142710e+03 1.003762585257775868e+02
8.621145054866155988e+03 9.707077073318980354e+01
8.621345123211165628e+03 1.009296054588116647e+02
8.621545191556177087e+03 9.868769827742464429e+01
8.621745259901188547e+03 9.995073892908121138e+01
8.621945328246200006e+03 1.039001406797976017e+02
8.622145396591209646e+03 1.022357722463128340e+02
8.622345464936219287e+03 1.021593781435854567e+02
8.622545533281232565e+03 9.671844561882024038e+01
8.622745601626242205e+03 9.868125740781209743e+01
8.622945669971253665e+03 9.592628616208401127e+01
8.623145738316266943e+03 9.677649576491450034e+01
8.623345806661274764e+03 1.004656840450648474e+02
8.623545875006286224e+03 9.908608980242570397e+01
8.623745943351295864e+03 9.814356016406982519e+01
8.623946011696309142e+03 9.530031109704204084e+01
8.624146080041320602e+03 9.414216074943580281e+01
8.624346148386330242e+03 8.829456782610293430e+01
8.624546216731339882e+03 9.112425434385872336e+01
8.624746285076351342e+03 8.842138700166016463e+01
8.624946353421362801e+03 9.350871006046416767e+01
8.625146421766374260e+03 9.568169647319466264e+01
8.625346490111385720e+03 1.022468303068489917e+02
8.625546558456397179e+03 9.985139046614074232e+01
8.625746626801405000e+03 1.034007549954723828e+02
8.625946695146416459e+03 1.007595325718099986e+02
8.626146763491429738e+03 1.005624380653103032e+02
8.626346831836439378e+03 1.005392159556652842e+02
8.626546900181450837e+03 1.007293864048355232e+02
8.626746968526460478e+03 9.723071287011508446e+01
8.626947036871471937e+03 9.748930695513820410e+01
8.627147105216483396e+03 9.459171248258610376e+01
8.627347173561493037e+03 9.698560722356758390e+01
8.627547241906506315e+03 9.751643765829608412e+01
8.627747310251515955e+03 1.011435628714879158e+02
8.627947378596525596e+03 9.648363266516921044e+01
8.628147446941538874e+03 9.896948568898682197e+01
8.628347515286548514e+03 9.805278264470233296e+01
8.628547583631559974e+03 9.497071392172117044e+01
8.628747651976569614e+03 1.025798682415750136e+02
8.628947720321582892e+03 9.692572086535055575e+01
8.629147788666592533e+03 9.722591359694784785e+01
8.629347857011602173e+03 9.757779835354772047e+01
8.629547925356615451e+03 1.001363290201526439e+02
8.629747993701625091e+03 9.634033309854834215e+01
8.629948062046636551e+03 9.523012961952292699e+01
8.630148130391648010e+03 9.524456538515076431e+01
8.630348198736657650e+03 9.811365378815938243e+01
8.630548267081669110e+03 1.001243291950300005e+02
8.630748335426678750e+03 9.976657548874008796e+01
8.630948403771692028e+03 9.952540330792315615e+01
8.631148472116703488e+03 9.813971726236088955e+01
8.631348540461713128e+03 1.010574756540058274e+02
8.631548608806722768e+03 9.859079682387138632e+01
8.631748677151734228e+03 9.962845019365745713e+01
8.631948745496745687e+03 9.663312112699206580e+01
8.632148813841757146e+03 1.011481203360022363e+02
8.632348882186766787e+03 9.843073355658705736e+01
8.632548950531780065e+03 9.895207277334505136e+01
8.632749018876787886e+03 9.731444647841898643e+01
8.632949087221799346e+03 1.024085547552997042e+02
8.633149155566812624e+03 1.011418119242384250e+02
8.633349223911822264e+03 9.714032158942940498e+01
8.633549292256833724e+03 1.027915771983437310e+02
8.633749360601841545e+03 9.742439020339698175e+01
8.633949428946854823e+03 1.043261365443564870e+02
8.634149497291866282e+03 9.703096959356516038e+01
8.634349565636875923e+03 1.008127413999572184e+02
8.634549633981889201e+03 9.552325328371979651e+01
8.634749702326898841e+03 9.300504875028886431e+01
8.634949770671908482e+03 1.028556283558372968e+02
8.635149839016919941e+03 9.750498951725946029e+01
8.635349907361931400e+03 9.250244323586868234e+01
8.635549975706942860e+03 9.669986725909521397e+01
8.635750044051952500e+03 9.497461194342564283e+01
8.635950112396965778e+03 9.732548648138042324e+01
8.636150180741975419e+03 1.000735206819773708e+02
8.636350249086985059e+03 9.527719790394434085e+01
8.636550317431996518e+03 9.909797428590418633e+01
8.636750385777007978e+03 9.922157596912046529e+01
8.636950454122019437e+03 9.382756646491300501e+01
8.637150522467030896e+03 1.010311944066679075e+02
8.637350590812040537e+03 1.000279898605559765e+02
8.637550659157051996e+03 1.016067281613072453e+02
8.637750727502061636e+03 9.929811902473281293e+01
8.637950795847073096e+03 9.886390720403817056e+01
8.638150864192086374e+03 9.899611309865770181e+01
8.638350932537096014e+03 9.622500220811186011e+01
8.638551000882105654e+03 9.781255234452439140e+01
8.638751069227117114e+03 9.857128355964519528e+01
8.638951137572128573e+03 1.029377269680825151e+02
8.639151205917140032e+03 9.860320770534283952e+01
8.639351274262149673e+03 1.002390066868427994e+02
8.639551342607162951e+03 9.487411840077034242e+01
8.639751410952170772e+03 9.439040355723795983e+01
8.639951479297182232e+03 9.770283253200013007e+01
8.640151547642195510e+03 9.761036149931757677e+01
8.640351615987205150e+03 1.017331073711168870e+02
8.640551684332216610e+03 9.807738627826361721e+01
8.640751752677224431e+03 9.991060341380885745e+01
8.640951821022237709e+03 9.997920842356171534e+01
8.641151889367249169e+03 1.024391160652265995e+02
8.641351957712258809e+03 1.023230763471937053e+02
8.641552026057270268e+03 1.006125666108047483e+02
8.641752094402281728e+03 9.918297433324808310e+01
8.641952162747291368e+03 9.261134075494371132e+01
8.642152231092302827e+03 1.000149411397851651e+02
8.642352299437314286e+03 9.834485606563093540e+01
8.642552367782325746e+03 9.978864900982935637e+01
8.642752436127335386e+03 9.977714589729460215e+01
8.642952504472346845e+03 9.443553410591830755e+01
8.643152572817358305e+03 9.667163694344857561e+01
8.643352641162367945e+03 9.944534911536008792e+01
8.643552709507379404e+03 9.819786494622735518e+01
8.643752777852390864e+03 9.733848527312648002e+01
8.643952846197402323e+03 9.901034908674817814e+01
8.644152914542413782e+03 9.885297683878069108e+01
8.644352982887421604e+03 9.543763041819902071e+01
8.644553051232434882e+03 9.816463995573793966e+01
8.644753119577444522e+03 9.923419427326606979e+01
8.644953187922455982e+03 9.699947472853695274e+01
8.645153256267469260e+03 9.713638832308298277e+01
8.645353324612478900e+03 1.000565601599846133e+02
8.645553392957488541e+03 9.739459274304932990e+01
8.645753461302498181e+03 9.950519754980786047e+01
8.645953529647511459e+03 9.853532423788702488e+01
8.646153597992522919e+03 9.748375224010679574e+01
8.646353666337532559e+03 9.612917301435092554e+01
8.646553734682545837e+03 1.014492688161580816e+02
8.646753803027553658e+03 9.630574573481433731e+01
8.646953871372565118e+03 1.003498653731773231e+02
8.647153939717576577e+03 9.889033365242875107e+01
8.647354008062588036e+03 9.691139061708814495e+01
8.647554076407599496e+03 1.004575845709768203e+02
8.647754144752609136e+03 9.928248450546446691e+01
8.647954213097620595e+03 9.720168450421688533e+01
8.648154281442632055e+03 9.787970648965264786e+01
8.648354349787641695e+03 1.037084516629144275e+02
8.648554418132653154e+03 9.614167779736199293e+01
8.648754486477664614e+03 1.000330190443847158e+02
8.648954554822674254e+03 9.577010255025938079e+01
8.649154623167685713e+03 9.843211743662459412e+01
8.649354691512695354e+03 9.736603951759799713e+01
8.649554759857708632e+03 9.479946723120994534e+01
8.649754828202718272e+03 9.839332781154352858e+01
8.649954896547729732e+03 1.006293242322487345e+02
8.650154964892741191e+03 9.816220941753545048e+01
8.650355033237750831e+03 9.965979086290521138e+01
8.650555101582762290e+03 9.527991845684429961e+01
8.650755169927771931e+03 9.206440463140953057e+01
8.650955238272785209e+03 9.056658497757736370e+01
8.651155306617796668e+03 8.700508196784473114e+01
8.651355374962804490e+03 8.952275312971406152e+01
8.651555443307817768e+03 8.610813694531495344e+01
8.651755511652827408e+03 9.219238362004843168e+01
8.651955579997838868e+03 9.247638431843301987e+01
8.652155648342850327e+03 9.807132751992298836e+01
8.652355716687861786e+03 9.955455722750508585e+01
8.652555785032871427e+03 9.880117027847829547e+01
8.652755853377881067e+03 9.773046561844867597e+01
8.652955921722894345e+03 9.837991256172618648e+01
8.653155990067905805e+03 9.309140063334865545e+01
8.653356058412915445e+03 9.627020246091257150e+01
8.653556126757926904e+03 1.010249576631637751e+02
8.653756195102936545e+03 9.901873115603457620e+01
8.653956263447948004e+03 9.505208408863666136e+01
8.654156331792959463e+03 9.809709960781580662e+01
8.654356400137970923e+03 9.803487195537461218e+01
8.654556468482982382e+03 9.964847474761604929e+01
8.654756536827992022e+03 9.431364783803179819e+01
8.654956605173001662e+03 9.663861023611001144e+01
8.655156673518014941e+03 9.816841099915772872e+01
8.655356741863024581e+03 9.930781202917503947e+01
8.655556810208036040e+03 9.656656613699314562e+01
8.655756878553047500e+03 9.476170343382348449e+01
8.655956946898057140e+03 9.721838677909778426e+01
8.656157015243068599e+03 1.019487783024057137e+02
8.656357083588078240e+03 9.663692145300183256e+01
8.656557151933091518e+03 9.640063099188080287e+01
8.656757220278101158e+03 9.855261103227883268e+01
8.656957288623112618e+03 9.708218880518829508e+01
8.657157356968124077e+03 9.396700752245774879e+01
8.657357425313133717e+03 9.556001183026057788e+01
8.657557493658145177e+03 9.933253899286185629e+01
8.657757562003154817e+03 9.938768425199032208e+01
8.657957630348168095e+03 9.437342898969104965e+01
8.658157698693179555e+03 9.534726320709215486e+01
8.658357767038187376e+03 9.181156409512742300e+01
8.658557835383198835e+03 9.923929721456086384e+01
8.658757903728210295e+03 9.140699175597364956e+01
8.658957972073221754e+03 9.247925639676971343e+01
8.659158040418233213e+03 9.662585397124247777e+01
8.659358108763244672e+03 9.518643467006094738e+01
8.659558177108254313e+03 9.271602688633203115e+01
8.659758245453263953e+03 9.239867370901203003e+01
8.659958313798275412e+03 9.116784896599973820e+01
8.660158382143288691e+03 8.981316329863621206e+01
8.660358450488298331e+03 9.301787176553614245e+01
8.660558518833309790e+03 9.218669682622609685e+01
8.660758587178319431e+03 8.782297682247173043e+01
8.660958655523330890e+03 9.046695558726663933e+01
8.661158723868342349e+03 8.607236781601999098e+01
8.661358792213351990e+03 8.497778088570213129e+01
8.661558860558365268e+03 8.994976655766011220e+01
8.661758928903374908e+03 8.348857125309800153e+01
8.661958997248384549e+03 8.148333502282292784e+01
8.662159065593397827e+03 8.520115453636094571e+01
8.662359133938407467e+03 7.949479000235358228e+01
8.662559202283418927e+03 7.955135428741965598e+01
8.662759270628428567e+03 7.521583297991215034e+01
8.662959338973440026e+03 7.515521782338836942e+01
8.663159407318451485e+03 7.376550049662100150e+01
8.663359475663461126e+03 7.286569327394433060e+01
8.663559544008474404e+03 7.132033893159645288e+01
8.663759612353484044e+03 6.647860108585793171e+01
8.663959680698495504e+03 6.742999142326293338e+01
8.664159749043505144e+03 5.715512598762055063e+01
8.664359817388516603e+03 4.861837826808324792e+01
8.664559885733528063e+03 4.962825579739229198e+01
8.664759954078537703e+03 4.496279643819959659e+01
8.664960022423550981e+03 3.439509682795695511e+01
8.665160090768562441e+03 2.604352667800717924e+01
8.665360159113570262e+03 3.319093648436719235e+01
8.665560227458581721e+03 4.345913316846392149e+01
8.665760295803593181e+03 4.899562780631697478e+01
8.665960364148604640e+03 6.033289984475286616e+01
8.666160432493616099e+03 6.799252163583953745e+01
8.666360500838625740e+03 6.466293401686239406e+01
8.666560569183637199e+03 7.047662784180920426e+01
8.666760637528646839e+03 7.078093373030608859e+01
8.666960705873658299e+03 7.015420981293412694e+01
8.667160774218671577e+03 7.380920802863981578e+01
8.667360842563681217e+03 7.645461061765435318e+01
8.667560910908692676e+03 7.710592177239158218e+01
8.667760979253700498e+03 7.870659144982563760e+01
8.667961047598713776e+03 8.180985559485493752e+01
8.668161115943725235e+03 7.998020219358362226e+01
8.668361184288734876e+03 7.709786737860137862e+01
8.668561252633748154e+03 8.851213308254752121e+01
8.668761320978757794e+03 8.801999612321144184e+01
8.668961389323767435e+03 8.764578886973072258e+01
8.669161457668778894e+03 8.764703182267835757e+01
8.669361526013790353e+03 8.655513512334837856e+01
8.669561594358801813e+03 9.087695939961108138e+01
8.669761662703811453e+03 9.261178470787420736e+01
8.669961731048824731e+03 8.910147430877330521e+01
8.670161799393834372e+03 9.106612497455023458e+01
8.670361867738844012e+03 8.841441272651815098e+01
8.670561936083855471e+03 8.969401336423234739e+01
8.670762004428866931e+03 9.105764275457522672e+01
8.670962072773878390e+03 9.357831872913597238e+01
8.671162141118888030e+03 9.304807979941980989e+01
8.671362209463899489e+03 9.196834218660272597e+01
8.671562277808910949e+03 8.893817195472112758e+01
8.671762346153920589e+03 9.472329343126814649e+01
8.671962414498932048e+03 9.242974504627693477e+01
8.672162482843945327e+03 9.118716798901117215e+01
8.672362551188953148e+03 9.234748865323327038e+01
8.672562619533964607e+03 9.858550816423453966e+01
8.672762687878976067e+03 9.844295340053517407e+01
8.672962756223987526e+03 9.533071418194697344e+01
8.673162824568998985e+03 9.217421614864099411e+01
8.673362892914008626e+03 9.571057228852227183e+01
8.673562961259020085e+03 9.368955320342153925e+01
8.673763029604029725e+03 9.283823571577718781e+01
8.673963097949041185e+03 9.159735036235559846e+01
8.674163166294054463e+03 9.245725903560379777e+01
8.674363234639064103e+03 9.534787223127847255e+01
8.674563302984075563e+03 9.237535722970910967e+01
8.674763371329083384e+03 9.558071310391713382e+01
8.674963439674096662e+03 9.444966026696774009e+01
8.675163508019108122e+03 9.415435325460525462e+01
8.675363576364117762e+03 1.004534659741037501e+02
8.675563644709129221e+03 9.742843775427277819e+01
8.675763713054140680e+03 9.893947634479305009e+01
8.675963781399150321e+03 9.684709853303898797e+01
8.676163849744161780e+03 9.788092570376073809e+01
8.676363918089173239e+03 9.956439027652169216e+01
8.676563986434184699e+03 9.970323824115993716e+01
8.676764054779194339e+03 9.732638926672532875e+01
8.676964123124205798e+03 1.002745368113886286e+02
8.677164191469217258e+03 9.624613476579938265e+01
8.677364259814226898e+03 9.216962357150089247e+01
8.677564328159238357e+03 8.447614741996704879e+01
8.677764396504249817e+03 7.892726824377321293e+01
8.677964464849261276e+03 8.589969818392131629e+01
8.678164533194270916e+03 8.651626407040744482e+01
8.678364601539280557e+03 9.019489403662781513e+01
8.678564669884293835e+03 9.625222523415547471e+01
8.678764738229303475e+03 9.551708068486814796e+01
8.678964806574314935e+03 9.813649047392154046e+01
8.679164874919328213e+03 9.396617572621110526e+01
8.679364943264336034e+03 9.968954973050792034e+01
8.679565011609347494e+03 9.577449269334749715e+01
8.679765079954357134e+03 9.623043052412330667e+01
8.679965148299370412e+03 1.004105729339681687e+02
8.680165216644381871e+03 9.617068343911267903e+01
8.680365284989391512e+03 9.543799152533271979e+01
8.680565353334402971e+03 1.008297521230938969e+02
8.680765421679412611e+03 9.808530282233478204e+01
8.680965490024424071e+03 9.768561798216521197e+01
8.681165558369435530e+03 1.009585219130085818e+02
8.681365626714446989e+03 9.764350783139460077e+01
8.681565695059458449e+03 9.534637429434478406e+01
8.681765763404466270e+03 1.000778103448623142e+02
8.681965831749479548e+03 9.517651569052060267e+01
8.682165900094491008e+03 9.486309239838145402e+01
8.682365968439500648e+03 9.653448555577348600e+01
8.682566036784512107e+03 8.411241776253042701e+01
8.682766105129523567e+03 8.725541896847124690e+01
8.682966173474533207e+03 8.779763707493370362e+01
8.683166241819544666e+03 9.121669826369593181e+01
8.683366310164554307e+03 8.497666357617008259e+01
8.683566378509567585e+03 8.978839464065009679e+01
8.683766446854577225e+03 9.112672884982471544e+01
8.683966515199588684e+03 8.797535131474677428e+01
8.684166583544600144e+03 9.422574258996704089e+01
8.684366651889609784e+03 1.021302966375508845e+02
8.684566720234621243e+03 9.552483982314781485e+01
8.684766788579630884e+03 9.934651976578452093e+01
8.684966856924644162e+03 9.548096622266810130e+01
8.685166925269653802e+03 9.712874005310703751e+01
8.685366993614663443e+03 1.004525145639621542e+02
8.685567061959676721e+03 9.636469360139808771e+01
8.685767130304686361e+03 9.565413524286950064e+01
8.685967198649697821e+03 9.558361252818038167e+01
8.686167266994709280e+03 9.595672144270496062e+01
8.686367335339718920e+03 9.658578492431998086e+01
8.686567403684730380e+03 9.613131952687318460e+01
8.686767472029740020e+03 9.662905611365431469e+01
8.686967540374753298e+03 1.020721570607956039e+02
8.687167608719764758e+03 9.864618380378205131e+01
8.687367677064774398e+03 1.003624566426806268e+02
8.687567745409784038e+03 1.018714576641714586e+02
8.687767813754795498e+03 9.814679756386988174e+01
8.687967882099806957e+03 9.827031199131108963e+01
8.688167950444818416e+03 1.008353536478440873e+02
8.688368018789829875e+03 9.914403547824471730e+01
8.688568087134841335e+03 1.031472455958966634e+02
8.688768155479849156e+03 9.718697487752574204e+01
8.688968223824860615e+03 9.667289844275698840e+01
8.689168292169873894e+03 1.002269563314034571e+02
8.689368360514883534e+03 9.107466791616468527e+01
8.689568428859894993e+03 9.644857700240561371e+01
8.689768497204906453e+03 9.687130402333411894e+01
8.689968565549916093e+03 9.733291173670589558e+01
8.690168633894927552e+03 9.864459840740147456e+01
8.690368702239937193e+03 1.014478945461238339e+02
8.690568770584950471e+03 9.845268488860493505e+01
8.690768838929960111e+03 9.584456978223390422e+01
8.690968907274971571e+03 9.615540361838722561e+01
8.691168975619983030e+03 8.705886901954922052e+01
8.691369043964992670e+03 7.469022169935351485e+01
8.691569112310004130e+03 7.458017971756810027e+01
8.691769180655013770e+03 8.180633007264420087e+01
8.691969249000027048e+03 8.892130580314173471e+01
8.692169317345038507e+03 9.052039428841443680e+01
8.692369385690046329e+03 9.734582866844435500e+01
8.692569454035057788e+03 9.057244254544667683e+01
8.692769522380069247e+03 9.807636771833821854e+01
8.692969590725080707e+03 9.895958593737661602e+01
8.693169659070092166e+03 9.769108814624966897e+01
8.693369727415101806e+03 1.035145249751060419e+02
8.693569795760113266e+03 1.040512518974155398e+02
8.693769864105122906e+03 9.863319919804330027e+01
8.693969932450134365e+03 9.968148304641064783e+01
8.694170000795147644e+03 9.996964813794809857e+01
8.694370069140157284e+03 9.890746057217984344e+01
8.694570137485166924e+03 1.002437143277068969e+02
8.694770205830178384e+03 9.965833721350152530e+01
8.694970274175189843e+03 9.510500441612971656e+01
8.695170342520201302e+03 1.004261127084506029e+02
8.695370410865210943e+03 9.897902891967507344e+01
8.695570479210224221e+03 9.998986313647753832e+01
8.695770547555232042e+03 1.007895250207921265e+02
8.695970615900243502e+03 9.648717557674399359e+01
8.696170684245256780e+03 9.535360686760559190e+01
8.696370752590266420e+03 1.032171400431229387e+02
8.696570820935277879e+03 9.411147627081427913e+01
8.696770889280287520e+03 9.992457713484337489e+01
8.696970957625298979e+03 9.414584098396893808e+01
8.697171025970310438e+03 9.858782537222634801e+01
8.697371094315320079e+03 9.607686323600366052e+01
8.697571162660333357e+03 9.125227573606085230e+01
8.697771231005342997e+03 9.657226159706725355e+01
8.697971299350354457e+03 9.875998700332654323e+01
8.698171367695364097e+03 9.617212953544884613e+01
8.698371436040375556e+03 1.021771621150669489e+02
8.698571504385387016e+03 1.029889490229862616e+02
8.698771572730396656e+03 9.688424667858657813e+01
8.698971641075409934e+03 1.002777627149710611e+02
8.699171709420421394e+03 1.027854900048242826e+02
8.699371777765429215e+03 1.017614965046191742e+02
8.699571846110440674e+03 9.965493208200001618e+01
8.699771914455452134e+03 9.723942277119783739e+01
8.699971982800463593e+03 9.936214967534708364e+01
8.700172051145475052e+03 1.027466023192099840e+02
8.700372119490482874e+03 1.014517290666050542e+02
8.700572187835496152e+03 9.885209670262437953e+01
8.700772256180505792e+03 9.815488219207766463e+01
8.700972324525517251e+03 9.502439689903643227e+01
8.701172392870530530e+03 1.002107365709396589e+02
8.701372461215540170e+03 9.831878034723152382e+01
8.701572529560549810e+03 9.633689260610167082e+01
8.701772597905559451e+03 9.246420174729507835e+01
8.701972666250572729e+03 9.258190596348063650e+01
8.702172734595584188e+03 9.095173089110693354e+01
8.702372802940593829e+03 9.417034576119139899e+01
8.702572871285607107e+03 9.079087199032295530e+01
8.702772939630614928e+03 9.321710724244910296e+01
8.702973007975626388e+03 9.681199263051543369e+01
8.703173076320637847e+03 9.554574851426762905e+01
8.703373144665649306e+03 1.003014117724618046e+02
8.703573213010660766e+03 9.623808978710279405e+01
8.703773281355670406e+03 1.003447864128654459e+02
8.703973349700681865e+03 1.000860565983957287e+02
8.704173418045693325e+03 9.942378167018046042e+01
8.704373486390702965e+03 9.631359902822114805e+01
8.704573554735714424e+03 9.627671061517534667e+01
8.704773623080725883e+03 9.550034965696849554e+01
8.704973691425737343e+03 1.023579246878452693e+02
8.705173759770746983e+03 9.750010390101658686e+01
8.705373828115758442e+03 1.075400012529213001e+02
8.705573896460769902e+03 9.893170324810081695e+01
8.705773964805779542e+03 9.682998725480258884e+01
8.705974033150791001e+03 1.004854344375741135e+02
8.706174101495804280e+03 9.481767482847963890e+01
8.706374169840812101e+03 9.648481034891800334e+01
8.706574238185823560e+03 9.915451497219784471e+01
8.706774306530835020e+03 9.838221218500277132e+01
8.706974374875846479e+03 1.025187915104852863e+02
8.707174443220857938e+03 9.714277639912619122e+01
8.707374511565865760e+03 1.003104828505717023e+02
8.707574579910879038e+03 1.022009286998102056e+02
8.707774648255888678e+03 1.009352479733841790e+02
8.707974716600900138e+03 9.970330859459130579e+01
8.708174784945913416e+03 9.982923757710931056e+01
8.708374853290923056e+03 9.607954163256297875e+01
8.708574921635932697e+03 9.837833572592977305e+01
8.708774989980942337e+03 1.029940461053612069e+02
8.708975058325955615e+03 9.960360714577058161e+01
8.709175126670967074e+03 1.017344176427174034e+02
8.709375195015976715e+03 1.048351439354562729e+02
8.709575263360988174e+03 1.026837099687920016e+02
8.709775331705997814e+03 9.789828055847760879e+01
8.709975400051009274e+03 9.704751378272489148e+01
8.710175468396020733e+03 9.917790708660696453e+01
8.710375536741032192e+03 1.022678088020467584e+02
8.710575605086043652e+03 9.929504684380509616e+01
8.710775673431053292e+03 9.829027124245502023e+01
8.710975741776062932e+03 1.001006711973116410e+02
8.711175810121076211e+03 9.593114699133455758e+01
8.711375878466085851e+03 1.009077931191753947e+02
8.711575946811097310e+03 1.019543675936605638e+02
8.711776015156108770e+03 9.095866338411447316e+01
8.711976083501120229e+03 1.001739332393581918e+02
8.712176151846129869e+03 1.003084269022351123e+02
8.712376220191139510e+03 1.008607011688277879e+02
8.712576288536152788e+03 9.198345132291004234e+01
8.712776356881162428e+03 9.646788582844475002e+01
8.712976425226173887e+03 8.772409774314714070e+01
8.713176493571187166e+03 8.547428951494710248e+01
8.713376561916194987e+03 8.253802074014977563e+01
8.713576630261206446e+03 8.771556688998168738e+01
8.713776698606216087e+03 9.068912937055236512e+01
8.713976766951229365e+03 9.537705388955316721e+01
8.714176835296240824e+03 9.861864127151802961e+01
8.714376903641250465e+03 9.526491629045861487e+01
8.714576971986261924e+03 1.005710638853996812e+02
8.714777040331271564e+03 1.004914661709684793e+02
8.714977108676283024e+03 1.042393435978278546e+02
8.715177177021294483e+03 9.787735865676293656e+01
8.715377245366305942e+03 9.481969725176276143e+01
8.715577313711315583e+03 9.132736757294820507e+01
8.715777382056325223e+03 8.774730843468678643e+01
8.715977450401338501e+03 8.690261916881088666e+01
8.716177518746349961e+03 8.804535917761005237e+01
8.716377587091359601e+03 9.172354611420398385e+01
8.716577655436371060e+03 9.808662844728901575e+01
8.716777723781380701e+03 9.730883079766981325e+01
8.716977792126392160e+03 9.790061521210830620e+01
8.717177860471403619e+03 9.801550487561608804e+01
8.717377928816413259e+03 9.841371934613881933e+01
8.717577997161426538e+03 9.954544375918645471e+01
8.717778065506436178e+03 1.014543916441104869e+02
8.717978133851445818e+03 1.024223449819869387e+02
8.718178202196459097e+03 1.029452107203332361e+02
8.718378270541468737e+03 9.712976317286634753e+01
8.718578338886480196e+03 9.774000805257770708e+01
8.718778407231489837e+03 9.995903456401968867e+01
8.718978475576503115e+03 9.567793814088004467e+01
8.719178543921512755e+03 9.321984337139642207e+01
8.719378612266522396e+03 9.707186342402467005e+01
8.719578680611535674e+03 1.002037837653879109e+02
8.719778748956545314e+03 9.727883182038587506e+01
8.719978817301556774e+03 9.705617305565831998e+01
8.720178885646568233e+03 1.015021203129006153e+02
8.720378953991577873e+03 9.320544456911945019e+01
8.720579022336589333e+03 9.095095018208147053e+01
8.720779090681598973e+03 8.854491476573413422e+01
8.720979159026612251e+03 9.077732299648691594e+01
8.721179227371623710e+03 9.321158924174703486e+01
8.721379295716633351e+03 9.495735167311839575e+01
8.721579364061642991e+03 9.963113747475918558e+01
8.721779432406654450e+03 9.722677682000933430e+01
8.721979500751665910e+03 9.520346285838969891e+01
8.722179569096677369e+03 9.911447946768012685e+01
8.722379637441688828e+03 9.890161543249288911e+01
8.722579705786698469e+03 1.009553869123838012e+02
8.722779774131708109e+03 9.985698060535862908e+01
8.722979842476719568e+03 1.006595052830728463e+02
8.723179910821732847e+03 9.887640562862080174e+01
8.723379979166742487e+03 9.960088766457680265e+01
8.723580047511753946e+03 9.892123185426152077e+01
8.723780115856763587e+03 1.013033278107320285e+02
8.723980184201775046e+03 9.701502305625140821e+01
8.724180252546786505e+03 1.000787541827698703e+02
8.724380320891796146e+03 9.803144676865191798e+01
8.724580389236809424e+03 9.988851532046955128e+01
8.724780457581819064e+03 1.001802221760614628e+02
8.724980525926828705e+03 9.795759291368518973e+01
8.725180594271841983e+03 9.498797851656105706e+01
8.725380662616851623e+03 9.686932564046959726e+01
8.725580730961863082e+03 9.826764067946452030e+01
8.725780799306872723e+03 9.895125742445677020e+01
8.725980867651886001e+03 9.844534077347132950e+01
8.726180935996895641e+03 9.764814033435747831e+01
8.726381004341905282e+03 1.007851812106336666e+02
8.726581072686916741e+03 1.021135091864199609e+02
8.726781141031928200e+03 9.924548401045888113e+01
8.726981209376939660e+03 1.002640223286054209e+02
8.727181277721951119e+03 9.908812376096190633e+01
8.727381346066960759e+03 1.027035473106650301e+02
8.727581414411972219e+03 9.590446736188101795e+01
8.727781482756981859e+03 9.849425631154257132e+01
8.727981551101993318e+03 9.519536107943673642e+01
8.728181619447006597e+03 1.011872801428299624e+02
8.728381687792016237e+03 1.014227908159334959e+02
8.728581756137025877e+03 1.024714142607218150e+02
8.728781824482037337e+03 1.022489732097806581e+02
8.728981892827048796e+03 1.008067555211414970e+02
8.729181961172060255e+03 1.037676113793151558e+02
8.729382029517069896e+03 9.994585494367444767e+01
8.729582097862081355e+03 9.620261391593264477e+01
8.729782166207090995e+03 1.000818127230583769e+02
8.729982234552102454e+03 9.567262505032336151e+01
8.730182302897115733e+03 9.678991297154585993e+01
8.730382371242125373e+03 9.605561246530695030e+01
8.730582439587136832e+03 9.425793592005062749e+01
8.730782507932144654e+03 9.251786086465664027e+01
8.730982576277157932e+03 9.110345683049659726e+01
8.731182644622169391e+03 8.896347347440838860e+01
8.731382712967179032e+03 8.895981685273373785e+01
8.731582781312192310e+03 9.620139279691254330e+01
8.731782849657201950e+03 9.858132759922017385e+01
8.731982918002211591e+03 9.574281147131542014e+01
8.732182986347223050e+03 1.039345221859995547e+02
8.732383054692234509e+03 9.883398409755436376e+01
8.732583123037245969e+03 1.022575366724419865e+02
8.732783191382255609e+03 9.816005220942061271e+01
8.732983259727268887e+03 1.011164365941429253e+02
