6.39000 36.1250
0.32300 38.4807
1.46900 39.1527
7.07400 51.1237
7.08600 50.9857
3.16300 19.5739
5.73300 40.8224
4.59900 27.6929
7.89600 45.1337
6.12400 51.4717
0.60300 36.3262
8.58500 64.8605
7.60000 52.6966
0.89400 43.6362
1.39200 23.0762
4.01100 17.8080
7.43300 54.2165
8.86400 57.2509
5.55100 43.7977
3.06400 26.5983
7.36400 42.4817
8.12000 39.7960
8.77300 51.7252
3.90600 21.1408
3.72100 31.4565
3.44100 29.5419
3.30600 31.8023
0.63800 42.0009
8.28400 56.0458
3.42700 31.9012
6.65900 45.1017
7.17100 45.0734
8.97000 62.7382
5.83800 32.5544
7.51500 39.8614
3.54500 25.7501
3.63000 29.4760
3.29500 39.8885
5.84700 35.5470
4.05900 31.5690
6.24700 38.4373
0.89800 27.3928
5.53000 37.6855
7.80800 46.6647
0.61000 31.3722
8.57900 56.1681
8.03100 57.3413
3.47700 30.9412
4.21200 36.4767
1.57300 22.5222
0.03500 35.6078
1.86100 29.6992
4.56700 34.7537
4.94500 18.7389
5.54600 32.5036
0.58800 43.5084
2.46100 24.2703
8.03900 59.1260
0.89800 35.9948
6.56700 41.2731
1.83400 23.4906
8.22500 53.4720
4.05100 26.3022
0.92200 38.0837
6.05900 35.3218
3.72600 32.0009
7.42800 51.1304
5.15800 39.1224
8.36200 60.4088
1.50600 24.5008
7.97000 60.6305
3.03600 20.6078
3.67200 30.6852
2.45200 29.5313
6.56800 39.8399
6.71500 47.5485
8.80100 61.0475
3.22300 32.7685
0.49900 33.5456
1.99100 38.1264
1.62700 31.4085
2.83900 38.2621
4.85800 30.6469
6.38300 51.6561
7.57300 48.4889
1.22400 36.0244
8.56500 41.6345
5.35900 30.0010
1.31600 22.6922
8.00700 57.0456
7.17900 38.7491
2.76900 43.0338
8.60700 58.9216
8.44600 60.3022
3.13200 32.6640
2.93400 34.0842
3.47700 27.8603
0.96400 40.0710
0.06100 31.2820
2.58200 25.4879
1.46600 38.6536
4.32900 41.8975
2.65000 27.7069
8.48200 57.8615
5.95300 38.8751
7.36300 49.0856
4.30800 36.2519
2.19300 30.0187
2.21600 23.2794
7.29500 46.6894
2.05600 28.4968
3.27500 23.8010
2.07100 34.0200
7.52100 44.7448
3.11200 32.3466
4.51900 21.7808
7.49000 47.9627
3.29500 28.0499
2.94800 41.6144
4.15600 18.8646
5.95500 35.0073
2.23700 28.2101
0.97000 28.6580
8.97100 58.8826
4.75500 31.9676
2.83100 22.9912
0.94400 31.8182
8.21300 53.5989
3.19500 22.3572
8.88800 68.0856
1.52400 29.8208
1.77800 32.9609
8.24500 47.4043
7.92600 50.9699
8.92300 61.3851
6.38300 46.8049
6.65600 41.8488
2.91100 22.0142
0.73600 33.2312
5.24000 31.6124
4.01000 29.9986
3.92000 32.6066
7.38700 40.8384
2.64000 28.7988
7.93500 48.6994
6.39600 36.2781
7.45300 52.0437
0.22800 33.1139
7.40200 41.2200
6.32700 35.4693
5.02300 35.6957
1.83500 33.2526
6.56900 42.2151
1.80800 24.6008
8.88600 65.8612
